27.846898723953885
-35.211588546128134
-56.556719185236005
-56.13999999182928
-40.73225421677835
-29.872027142030632
-43.74991175817001
17.629802909958414
-48.04795244821255
28.2429851249982
15.792928094586912
-28.929708805676484
-5.936039197678056
-14.758050164091514
43.588130578068444
26.388672907796803
26.722142691312328
-29.79644406117754
48.59957766250923
49.30165383840645
-30.884083607803134
74.44484045466834
51.07255344543705
-32.43840714701393
12.497934191713512
1.1511334078723223
-41.02701010618325
-29.00688751655926
58.13817214749463
-5.960247853225965
86.90212558252264
-8.108006442078917
-13.258434045748857
78.94987731129609
-29.375775537000493
36.382381803448
3.163910407268446
-69.23093582837274
-26.123172971057073
51.21221479711838
8.779196164984938
14.913140782436997
-35.17075546658929
-24.81524826906896
30.222377321970896
-83.61757293165432
75.96490044658205
-59.541393555235
46.13171936718129
-14.600463188774953
-1.4614554330205607
4.477310560918269
64.69141407430436
2.439616911386352
10.616596166774443
15.763957482010966
-20.526123531144663
-73.06844028033343
-1.2946578534600661
-1.0989882592266156
19.46125480184105
-31.523593010820193
36.57748048047313
-0.6312370769770723
-15.610197587454337
-14.383597720364747
0.01968105346240634
40.05406463347586
-6.758601259719356
-10.069902909063941
33.3246895275943
44.99176790771625
-50.412850138567734
-44.964221058733656
-20.234242976546895
29.03611079338455
74.53292566256195
-36.31664284088295
-55.699341931271874
-38.87937265644833
-14.829077899370617
3.6275003275302424
31.633495003125375
-14.591092831097114
77.3157478327723
9.427061143702588
37.8276926712947
64.85693094191626
-54.45176863540549
30.622352958491064
-51.88576685420171
-26.783134305990203
82.683599399256
38.34350512432377
-34.659191561908656
62.76823384615986
-63.46825651271292
-29.724449467749565
24.910603023691905
-16.468926787597454
-1.5384355667503087
87.07074085176856
-9.261146850597854
-64.54782357829691
23.94635419661347
-7.594417081371731
-63.58026173176339
67.98516423752187
-60.70450750120953
43.65583820192589
-1.0663032782220796
-19.389033488976494
8.485535842997564
-9.575742469191752
-72.00106046717715
31.005025660215836
24.438983599107814
-3.4075756866722458
0.38872177703272826
0.6894604891976854
-27.107128460998112
-49.283231840774825
-4.5038460909472775
-30.51727868066159
-28.570398961580096
4.132444541474769
-51.783415120523465
-51.910393188261345
62.15359288145706
-54.3767877399608
10.35692634863949
9.934128200535653
-29.136284253383295
24.691681590201753
-17.08901811201632
-0.6922110321943933
-25.579065623625866
-58.2702032338168
57.01640705440735
-48.89163874590179
-48.35181985125641
-19.153413124974392
-36.315017723165454
-46.1540490648321
-7.890317207199402
6.335077633163394
-40.36734971410841
-27.46691799230544
-69.76682100308477
32.36267395494161
-81.73821845816828
-2.338563977215344
-4.804019318010617
68.7334965176334
-3.5778366069209113
33.5388355614804
17.78468211273477
-29.969816678324776
-28.474366575759262
-48.288752797669005
-49.061399102500076
21.434703982840517
-34.41146375856147
-59.18791202497924
65.56658618740923
58.45156850990773
6.5084167094695005
-62.59657929012292
-39.66896292802912
-27.755998928140016
76.32490030744847
-6.162070461429437
-0.4041682293060376
19.47879742621855
45.69074723069684
-10.645285826570174
5.311632580060419
78.58578953967003
-6.107002036149211
-12.74350839026512
-17.12415984930105
-58.77618363151437
27.64676532468046
43.96583135740218
88.54206609163683
1.8436556350270195
25.313710498009
-28.53514962297224
-34.30538366548091
-41.83473362099754
-14.104583131356733
-83.90289759443543
35.79532583981518
44.111029586683856
-44.32702826562981
62.413258961063804
-46.00031544761071
-14.99641986451691
0.49651865372347004
70.49931994403704
59.88530975495718
-49.27096284958785
-54.62754021989705
15.58310583140674
-47.93104595180202
19.721161717227318
30.169563380059643
76.01313622715361
-41.46524604041533
-11.38259167286489
1.938913127230677
28.012375610995633
25.179082018668808
81.22693386039657
33.319440954236114
18.35190925004011
40.99401724995147
-28.90408873662892
77.23283954711874
4.848084751484777
14.05445140614384
26.924391057192054
64.18956019298224
31.131661240227487
-3.8063209933770565
-37.950528452062976
-73.34032207827502
-36.424458535111135
6.008283769210195
-28.667094366350298
70.81773814714276
39.74817829783146
-20.41336842096156
-74.56011412178277
63.509908307462155
49.114874759475185
2.6207881732147484
35.759927741070044
-76.37678158107198
-30.86943034903949
34.09925647871469
-39.37639714250758
6.930723884897361
52.75036681171997
4.629044710507898
-64.62980807282106
14.637236768898745
72.54421481276759
67.67759812336413
22.386481229680058
61.80620672142962
18.665739092182108
9.901287394793926
-51.25297490956236
-0.5989091930937889
58.96841132883418
74.2457220192691
-12.995679956000913
-76.51290057882045
-48.68938579005524
80.09970802290707
50.44598282725093
-27.84516207689269
-41.2225509046052
-22.95868904299695
1.0534468684539746
57.77592396004661
-23.27111349490839
-58.81436052215039
-2.441230183462764
-5.4893369748355525
71.36277763650719
2.3054687644464025
20.546477784131824
-26.41220884411399
63.84379252309151
-9.412769852506187
-33.89411311587379
45.24840257952505
-80.73809792961589
4.256941637013284
-41.01958081522801
-10.493511655066385
61.90429078090929
27.62764855369531
-32.592673342354274
6.222058136564712
-0.9394287769344629
-2.8399500002478106
-53.51037269650553
23.59423573106767
50.89924752178703
39.626998333045094
-62.89713774996544
-40.32922174343998
70.70406401054248
13.745258294725147
-25.139834428245507
44.12171769252001
5.579017980269057
52.50715348615742
75.76614099772596
-4.667674479093648
-67.32161970506728
32.980968109428375
26.572652667381774
-3.5147758041539134
81.10195763262843
-32.13350652813217
0.21856269680716878
-36.36616187632307
61.266554119571055
-34.12643919463148
43.00622628401746
81.93359401987925
-29.878479491069214
74.23635662717075
-35.606540066911684
24.418148795746063
22.383403271363463
-12.099187417671402
-72.15055899256548
-83.07560983730419
34.358378792140854
21.483606986088915
65.84454583482741
-37.667928574545876
-53.99173797965473
-70.26582632673365
76.46346963790529
61.94052039131253
-3.455110289195133
80.8446383375242
80.57883344825612
1.6033990638582338
-7.867882321062567
2.4467959170240476
-28.50047334645984
5.502672195114542
62.314734172173786
52.140468069826085
-58.111949958149985
-79.24342867277699
-19.858620153635457
0.7087713307575143
-51.9044809893872
-7.327662070924404
36.12308775432396
-52.15292049818647
3.4109803419310083
-57.964293006641014
-4.938743382732525
35.02838982508098
-34.13142007829111
12.095027498060603
2.1479015440654337
41.92314605889459
-12.715669834784904
-19.602275142522515
-11.626520090050477
-0.36445025774493445
-34.10622744035994
-13.234455932348794
-29.234500384465008
3.546370946698005
-52.664530922728574
15.46670500135778
80.56641982539054
0.484264677362674
0.7897376145569552
-14.694053218237144
36.55305344387969
10.14229714462789
-50.26493609509575
49.66688263829755
-56.65375499202537
10.112177445364082
-35.729105795221116
29.189577347478192
-69.67893945105622
9.806402393652704
-29.443892605158425
40.54416717728475
42.278222356594824
6.328876440878275
-26.27625256193845
81.48570140832484
37.95347435613078
37.58117382238731
-20.144073495595137
-19.44276127674418
64.19651208932046
-21.10108642788525
48.92036492875471
49.867961094433866
74.91362034430327
-17.212708848583503
-67.34862348803631
20.188204975869
-60.67308357754293
-62.965545309830205
32.610143270931474
-18.5777987838309
-3.3553464560406923
-10.041399854757728
-34.89563767393795
40.402145772871734
-23.80151270515519
58.35402804547326
-43.31762321642022
36.79033045702991
-18.235192045741144
49.9153895334091
-16.38281616601232
13.286594493643037
3.4350902512383925
26.61154297702909
-22.983407459307614
79.82862832277743
23.074059963044036
32.54909250693129
59.373699522394816
-0.22150921041087202
7.26442348380489
40.515911281724726
-57.81953948074276
4.185365393774404
68.33281839977684
-79.49375815939959
-9.832607927168112
69.39173352290354
-68.97718713846861
-43.59920396288684
-11.078560083600081
-72.50503682643546
-38.07660679021975
37.281627799965435
-52.477134025987255
-23.33199421233536
-7.476523914229659
14.459691978931033
21.882913244428536
-62.93720843043392
-60.57845618284452
-75.78908806733212
19.935423553732633
-31.20334457258525
-62.07959064663143
17.778684012921772
2.984454560370409
-18.97506754478077
-24.450140807344383
-9.083868052619522
-18.5657303410497
-51.83038092241547
-8.744035932587352
24.1825662947618
7.529006667966399
57.343970302024815
11.952312124541521
-6.7394058122688705
-65.89627423760314
-83.48844159804109
-50.01072557245814
-41.353700376611826
-76.83875897549976
-18.13469718755283
49.29009157995202
36.51921893964075
11.205519331047967
-32.822858784354196
3.548139973997408
-46.43052411270722
67.59668343646618
-51.89249521617283
-12.496769256534378
44.75810337967337
-46.45980787270491
-8.755246985353637
78.52015008538578
12.66261769877724
-0.2277271275830799
-4.109443734645524
-13.094935960585062
52.53072737924782
18.469071541948054
72.18541583638998
5.47748264482054
-26.145506215541133
-20.726449848584892
-52.018537753189754
-21.353695919950795
-3.057943519094394
39.2417284170545
2.110068157816002
-71.70192799429549
-23.068498126062366
-43.86628919432299
44.45857095677948
-11.333695190868937
-40.267581611021036
10.898710210768456
7.384257271082845
38.43920168340156
-52.15522725858688
-80.62702999092565
-2.986008220174952
-23.389545329871723
-47.24548936672292
-62.31334856535134
46.590083181798576
-61.617133500327014
-4.42656775932592
28.632435370668503
-24.869808861015613
3.00847071383906
4.545046482082967
-5.851498702250623
-5.286435249105963
-46.78630797101484
-45.34069472641551
-25.523309970985636
-1.8602298856652197
-45.797909281708044
20.38788208730753
-48.41555490507925
35.56712114818521
84.81418015979614
-5.263104625614119
8.503645642778153
-1.9769078175482093
31.85443757450912
-16.088791841524127
-79.7680613357754
59.050833270618995
84.77654423322682
42.01191368474127
26.82143116979975
4.0626707337799814
-15.071118169682421
72.33544751167128
-24.374568362656078
-82.44801468675789
-5.939581499038525
-14.155097029680931
-0.8207211332242252
-19.359273158190135
-13.796675985576428
1.0771250788174456
72.36437145318484
-4.573608007377729
33.112933485390215
54.01710036848411
51.736958751935134
-71.46960886983581
-26.839413015311237
-6.763689943123197
-43.60952014305673
33.077124747952666
1.3014775632070723
-57.504400480004215
14.02868291110616
-15.723711047631511
82.79887341000622
-47.5847016277908
-10.400276919692487
-0.8775703313608432
10.614834476452359
-29.99651707694231
-64.43723304786661
-59.913004556426685
16.905261504793188
-22.11749756447584
18.59546581034259
-16.374418697335955
-11.854049721661056
25.74817247398923
37.16783143327535
-6.985951543248447
-9.173683810130711
74.0309502331697
-44.126918369490355
30.584540980439783
-19.365544736754245
-13.35655625570979
17.920786449055015
16.56007986332652
85.2612482081285
-41.77182365916324
-31.164928571031183
-15.734124540560572
7.945199964707001
-13.03031686042091
8.291228024766312
-39.26050308080304
-3.004699025999045
-57.826363509941444
30.038356271419687
10.833487018943543
-1.786486234730205
26.16049035789578
49.22717644743901
74.39790640853934
-23.821744277349197
37.93750612093527
41.826423894064135
33.37560591325956
87.51201760877751
-23.062843905506767
28.815166284066137
26.597692883612623
73.6217858893076
45.87274125765097
-1.406966118425018
32.358082440436306
-12.411041180453125
16.798974804420695
35.31726514427447
-32.789469600218496
-62.988417551146576
9.722628720649084
-45.39065188395893
29.535052500446668
18.962147829597157
20.698907454392028
-5.208270764130248
-38.18189726629756
-1.4203441965593129
15.27337147918297
50.31447077596391
-19.028978861145887
70.49046821462483
-57.4916294769827
-29.633822601454966
-44.5739630191776
-4.561783924078867
75.48330318373539
-47.44429989019101
15.156780531798205
-47.50784157216204
-19.886940063965298
-5.397955798612401
-66.54156181240899
-58.62698708600799
69.87820606660199
-4.351084200476734
-43.66100746216448
-53.673106189634154
-11.366596580630713
-1.9906487933057946
-10.80881651259223
-72.35275222638849
-9.573574068461667
0.5118235084407985
45.13499444662412
-50.80813650295347
-17.300459797524255
-82.94499447888691
-9.247270772488847
-69.99858177738494
57.18814320837032
-44.030819461416606
76.59101707326755
-25.606830485527155
12.195074391536139
-64.37690587277542
-38.794465771919036
56.17368032490512
-30.934011208189844
22.355033118467745
-4.753172355983708
-55.237137411264335
10.418051055357736
76.26449179565549
68.20843792145689
-69.87029409340686
15.038416883977817
-55.87173942344033
38.06516096817808
39.61449756021719
-2.0000517524208448
-3.956915624217018
-44.12035930460005
11.371786327744758
-11.2356005479661
29.24159209690032
-35.141846626537884
-17.32511501419239
-43.18739484682921
-27.302700073422812
-0.18826421367477053
-13.639769507978727
6.337059477878455
-18.320516099813275
17.94071602056158
-38.17040210651113
3.9280510993733913
-80.16998775531957
-53.02504991683513
-13.807955241044311
68.94947081297539
-70.29995584162381
54.673416980359434
53.55869511082793
60.49683897983451
7.172875307872516
-71.08758855714447
50.99377060469939
-67.15555184407813
-7.32560958282032
-17.112584276541213
-18.71150750525929
53.38695873805898
-7.0554775745091405
-37.35263941685456
-53.837251058626734
-8.036016015946572
-24.641041430977495
-8.209956943691623
31.49347194779594
-2.8962858781522414
57.77257986326589
-13.482377926197842
-57.01032052389516
53.52018131616646
19.207936771607024
-17.362864985547503
-0.398164714955044
52.4404661387847
14.526306606579539
60.81167542960978
-0.04323419154459884
18.31218830191378
-23.967453629301502
-27.18688417101322
-23.768171547026398
3.909547913000253
-21.141241898534375
70.88129545297437
-12.482882627109731
34.90807104918824
-11.453402663173364
-66.59181067670596
60.89633837019127
-57.07804178773402
39.149631059183065
-49.9934679191611
3.512294146965118
-17.519691832514596
-61.890097231110616
15.09637872878578
-11.556191068363844
-47.61305899870781
50.353713662438366
10.386242756715035
57.02145296488047
24.99447448487865
-40.961122895379376
-54.42429426657141
-43.46823690297899
-59.95755327129111
39.738821906712445
24.93186697400465
-22.147405124398688
-28.73691171387553
49.66266841254122
-10.963737216415936
-69.53145194052111
7.08541597284507
-65.46960363373739
-23.368928645748497
15.696127160132036
-39.705462287732075
8.068549893581675
20.411798301786817
-46.104213691204315
-56.60880011795349
10.869497815605271
0.2939461997090689
-14.114006836443508
-2.564060368345551
-3.3851631827155444
28.867707307264652
-29.665946198883688
-21.212289398513207
8.481971762208417
28.92604693485582
27.005762993879614
5.533840765144703
-69.69803328976633
-0.35152689527691905
43.2221996717806
-31.323942584859253
-18.621901198260304
11.235946403303771
-41.92418667374741
84.66243021637149
-4.931758404545619
-19.432061137520762
-34.348329972546026
3.3882968815815673
-23.51665574685478
-46.24584602478762
77.34377978451388
-28.571379171263573
-33.290017509654334
-9.478948940427244
71.85288034461828
-4.093168501307673
-38.895972980014
53.87736735853258
-40.95599196949495
-12.763259186751995
-37.17734483680976
41.651428504604695
-1.5576320833310717
27.742158274771185
-0.5093878035991679
6.8833888808098465
65.67607364829692
-32.632829376277655
70.12871582660611
48.167353338191504
10.90271417104853
-29.357052567403855
-16.955656290734836
30.35540025691421
-10.239929329304772
-53.19379360242064
-23.524664823245246
85.0571126004196
-21.595926593204794
33.03037242031678
-56.20696790302032
29.906488462235103
38.289389088395126
39.49709234878799
-14.704984970919725
59.09118659863262
-5.710061040950407
-7.664037489155589
-36.35070643161369
-7.233193781530176
-31.405327377484483
-17.663486605141344
-10.276426761761869
0.6837101112628403
46.45530195255057
-63.96586318823776
16.489040468777006
36.28855229045263
71.71632020264553
12.140139033512114
-61.09052599433835
64.45639187803135
33.47521252852687
-13.38236940373244
20.610085877402938
3.113133120238601
2.580710350721432
-46.07611382491425
-79.45662081324579
-70.01565509318458
-17.40227438396022
17.680687842986387
-15.537698525174093
-69.58203131785166
-0.814463140124829
-44.13640357285589
-76.32056412928614
28.78453752807937
1.0779677324764663
-27.825125777750543
36.92176135122833
44.13846956347905
-59.47743946332922
27.659257975470027
-10.7928969291615
-32.1860384333599
-29.379979601863127
-41.509149864796484
-32.467166924652574
29.49795957980838
49.492949257454825
-70.05229959152783
-14.633285447398464
-1.1709817883793505
-2.4505102729557677
-15.592210738896028
-47.8607081606457
-59.98113696604072
50.87543530123219
37.5001256319469
-0.09658237365211164
17.08639591053091
23.43044326608782
13.059210771680938
73.3546088501804
21.423756036558515
-15.492392199411285
37.030410405081966
78.60294446531574
-57.012090757870475
10.121335909498114
-60.49059368686367
15.90267339658412
51.568103673811066
-4.907787351294374
-43.61523165796012
-18.403532158191595
52.809503483853945
-5.990382432608783
-21.25592097291768
37.768489911407045
14.466637091918628
-67.01455607536121
-26.835796253193905
-6.639638361275587
28.435797148064694
29.341311909573918
-5.065516778771695
45.76740761404025
33.78282990144396
-29.011920724284437
0.07551512922634629
-27.751004967099917
-14.389480757261822
-1.7945397107456103
-30.519591414073304
-15.97716425092672
-6.875146379524608
-70.36379762074436
56.034901565159004
0.7871195923367367
25.932945989252133
18.007739713662417
-14.903626898129701
-1.121038672663957
17.82618850482507
11.609828860590284
-25.159746383595007
31.47161146473124
16.04417187258099
-68.9401163690428
-48.267809873967735
-11.599158606235065
33.08041179018355
-25.110090957449856
49.706874801531455
36.74367374579376
59.15008563778056
48.63749936057968
69.79126885573942
-70.72231190772813
26.530153276534946
14.630449759386764
-16.47529898399486
-48.594263495382094
67.5236850576373
-5.967580898370784
17.107538894993056
-51.63651474875065
-9.789484927999723
5.407892201040255
75.32399816080951
-61.15529102503945
-12.998970229562502
-21.878504642592475
-19.68675530309993
-58.979969722565365
16.074595850482993
-7.3539686217554845
-50.95976653087937
-48.15279756261515
62.38523830941679
53.53819028852109
-22.870422936588398
74.41561570166095
-61.12972057587809
47.85745487105035
81.47203713197393
-44.7603717217049
74.157691514416
42.09020247195397
4.381589098982857
-19.50957891598287
-18.259002478289446
-62.66310325017187
56.36566959536316
-12.909290568844199
-42.64320401795353
12.274908689787011
4.688690453882884
-3.9676497738722105
-22.408519730070026
-36.786938926976454
-25.0019337727433
76.26292813082691
34.48944260486377
19.965631398104478
