27.909385593511786
-35.19685111972262
-56.546530277035025
-56.13624174879385
-40.73342517318258
-29.88572107525418
-43.71453259021921
17.659021596294068
-48.01423849144054
28.271313617500937
15.79071760690708
-29.018191465208716
-5.975495607305405
-14.843384894676731
43.5864972333427
26.456992507839217
26.751310037670237
-29.761706565229787
48.600733420769416
49.29745983720301
-30.84806255724841
74.50097990190088
51.07060909879874
-32.41212095964622
12.50675289614405
1.1131986627333958
-40.98394405356839
-29.055547198569215
58.20607979498888
-5.98130731116774
86.96096137033112
-8.201091239717101
-13.361757619284276
78.99809068399983
-29.363727599868113
36.38494934775832
3.1639672842159143
-69.24045877771604
-26.131576618452016
51.26704684108722
8.78325214339435
14.930783624439329
-35.130927532100465
-24.894783903202764
30.204152738356328
-83.59894151396475
76.0044436274083
-59.49773101266319
46.12608394805457
-14.628868248049756
-1.500572887990728
4.4504183708130824
64.73581073177732
2.4339566397350723
10.552003987487879
15.714981894308906
-20.503180988503672
-73.05701191276938
-1.292248278792826
-1.1207179512381202
19.484307776570205
-31.555042356632725
36.62349361148563
-0.6600812783547667
-15.623447871256005
-14.438667787678057
0.00018669459716136316
40.04169039000169
-6.853620892407108
-10.11679262681939
33.34709883267877
44.982912579611565
-50.38134285554555
-44.94450804180034
-20.271893397892896
29.014884284372002
74.5708452535045
-36.322427423035464
-55.688406384722946
-38.896886361611514
-14.824986772516155
3.6054269295970442
31.643064628222845
-14.626427830611249
77.37464404373654
9.370569157090443
37.82700397240126
64.88146978660788
-54.45338015503676
30.592104679867447
-51.84313794595324
-26.850205831590443
82.74145277124072
38.365831793722606
-34.636843840928016
62.861037607432564
-63.440378250165075
-29.70777681869353
24.89259199431214
-16.45062053258792
-1.5392343400753958
87.12944951910293
-9.262284724153375
-64.4990404268056
23.933935703838102
-7.622399124581406
-63.59425912846422
68.02216805227135
-60.6961043742924
43.64859591719258
-1.102327852947539
-19.383814860280125
8.489686293171289
-9.570154362831317
-71.96826579293626
31.078183866389026
24.427603843703935
-3.429530413866871
0.34729785756859144
0.6677691198716218
-27.18966678992433
-49.235868152623866
-4.506023343148172
-30.481707480718924
-28.53739925929564
4.100921040773301
-51.820362361306316
-51.86641163177487
62.175101219044194
-54.328897406929606
10.362587106809343
9.937754112716604
-29.1282852958973
24.67062998758432
-17.07022362472395
-0.6898730617340192
-25.643441927780742
-58.23676007772652
57.10162502009496
-48.84467191444832
-48.363597630189716
-19.21197633466447
-36.3296761996086
-46.135328800996604
-7.948923049476619
6.335800011841513
-40.396276179288236
-27.445402088732166
-69.73011178740843
32.425193813829765
-81.73608260097106
-2.408612576534793
-4.811739302840053
68.82811397506674
-3.5962814537698193
33.60213931950875
17.785521993667274
-29.939606995883523
-28.442341012513083
-48.24638557670157
-49.0409852493093
21.40770693188162
-34.48252353442831
-59.14832648064054
65.64796801303828
58.46170760486598
6.484476362240471
-62.56998701459332
-39.67913397780988
-27.826071138552734
76.36261213780972
-6.217026332085155
-0.4018844847449259
19.495712739131974
45.788186125725616
-10.67834177869679
5.298763161630859
78.63744978028745
-6.149955293308679
-12.773167230953149
-17.158981439653573
-58.74366090545501
27.704120724024506
43.9625755806039
88.6161951919108
1.7973845154465522
25.338442138041657
-28.535443175609544
-34.27376306419523
-41.79787232390878
-14.127980885379586
-83.89714262844225
35.77922610367139
44.14233032408055
-44.392410532562735
62.43885163544914
-45.96311328599939
-15.052194203003879
0.49671521132566454
70.52736992387489
59.94916099766746
-49.23488778231296
-54.58083138522012
15.56543442092601
-47.8863573515174
19.700620874845868
30.19507458822534
76.05084028408479
-41.508786413456015
-11.397926048071469
1.8875419695935278
28.01538888962976
25.157292116221527
81.28639134858003
33.35174858899097
18.356595252574436
41.02677679437329
-29.00759689240249
77.27762597094534
4.755962168581391
14.022103469689128
26.98348483948594
64.21373344917919
31.113886779745087
-3.801537863649287
-37.98264712562073
-73.30533953093752
-36.43993489339304
5.9871273334706245
-28.66270752937207
70.84965504650157
39.73953654003907
-20.460926442479078
-74.53463114559693
63.53315840590969
49.11355963055942
2.570421858102577
35.746624677925496
-76.33703527895503
-30.89640929569859
34.18673361588776
-39.33308909077134
6.933151530718476
52.75260994164199
4.603840026249088
-64.6006746380039
14.651897737830964
72.62078987807948
67.70535101805453
22.373358548253833
61.819602890533645
18.700135975937513
9.896671399021713
-51.281746375270664
-0.6184962429399263
59.032057402251695
74.28147024096779
-12.992713022224052
-76.51929640210808
-48.73355679183987
80.15823388196623
50.5003320379482
-27.864815017317795
-41.179352836354354
-23.02951281053825
1.0061227477772832
57.7888586571994
-23.348997213610048
-58.76395843971279
-2.499154304130826
-5.484593860407756
71.4546907761667
2.2133439393615078
20.534849225734874
-26.392236480017402
63.93487538304623
-9.515097688955564
-33.89631308491698
45.24070335049606
-80.71687908341627
4.228215138609315
-41.07735653451799
-10.558587649333674
61.920826871286096
27.670948359332172
-32.58153795337006
6.210541020153343
-0.9749149291198194
-2.897171553841332
-53.521099519690786
23.572528517682883
50.96746426801002
39.68410182214319
-62.914236099082096
-40.3749727836858
70.73736932531455
13.714115412482684
-25.17318083915879
44.112476974297124
5.573264428527494
52.511170647111356
75.80588080585167
-4.662164714400319
-67.32430722769527
32.99882606850221
26.5542476970832
-3.5153852186254255
81.1730769612034
-32.09830763550693
0.21424121598111867
-36.390145911474924
61.33831094629693
-34.09404530339787
43.02774250948423
81.99658692854766
-29.848046620951237
74.27227953149799
-35.56922541820936
24.46790089299799
22.357534611196343
-12.100474844423914
-72.13485304875665
-83.06717961008574
34.34189955643103
21.529147687322094
65.89826930784216
-37.66085904353789
-53.96459355787813
-70.26997958604977
76.50108483936552
61.956484332970405
-3.4987753375648083
80.90335900857369
80.64454455648826
1.542881923440504
-7.916427078710811
2.39120543130646
-28.497133329258702
5.419993821618263
62.33159771211197
52.15211742615057
-58.10192099538087
-79.2295738776529
-19.87332649973571
0.6560352187418204
-51.85535829753367
-7.37992680651503
36.17232253401056
-52.11185975787974
3.366203193420233
-57.92228506261878
-4.946799350152574
35.0526970129263
-34.1381734232828
12.10669017619253
2.092355365440852
42.027847855985186
-12.791178895869777
-19.70326234227811
-11.7043321628354
-0.40370154332795494
-34.074535103732295
-13.337735004292753
-29.257841689167705
3.5261070329252107
-52.682696682166046
15.422298774163451
80.62279309484254
0.4334134981601636
0.7593689234963961
-14.703704878870965
36.54159447852359
10.077772209975166
-50.24733462599511
49.666341025820884
-56.60811563825549
10.115536083312207
-35.711206646954
29.258232578012084
-69.6497108967401
9.801542528013599
-29.44277576839235
40.53246237711949
42.306037366354815
6.326977936833387
-26.29229183467588
81.56446469467477
37.93826481395337
37.59681574681031
-20.124274089294005
-19.42066120488768
64.21433139775817
-21.18039812861558
48.959100945016814
49.9482071767068
74.94898757644523
-17.255135085523946
-67.31227986253472
20.222977636734342
-60.69117055598815
-62.93806539197805
32.672447918643456
-18.557548091106284
-3.395010014332968
-10.05182911040687
-34.86981298138341
40.396170106168086
-23.78198581769135
58.365490399705976
-43.27285469132166
36.81037980567379
-18.215417570553257
49.96292503481277
-16.408231134916733
13.273075338361465
3.431404562600221
26.670264452973242
-23.03374186445791
79.91276873353036
23.07615005064993
32.549478058520776
59.39580194973874
-0.2719560963254679
7.257128191189054
40.50884793419874
-57.77386464621491
4.16978331218661
68.42652567936489
-79.48037221363506
-9.855397975746982
69.41744837752307
-68.98171057866699
-43.64492033040975
-11.182084116696558
-72.46415401554268
-38.118061003205966
37.26775980455548
-52.4356834818136
-23.30709089180239
-7.498372618174301
14.43042280403428
21.885986226795964
-62.8911409564412
-60.52851887200825
-75.75498038394058
19.9797412903348
-31.19179287662972
-62.038709136209015
17.774351941804582
2.940655163114968
-19.02984778666483
-24.421191676705064
-9.147403843762945
-18.618561503147234
-51.78155423063426
-8.734181967123831
24.141126358173622
7.516876416824019
57.45219061096981
11.90720416793613
-6.753399016256694
-65.8487354780036
-83.46260506197159
-49.995689253960364
-41.3469830040642
-76.80035722829659
-18.11516918153137
49.28704897733718
36.503265107932066
11.1983594339613
-32.81350859983668
3.5100656246935245
-46.386503282993985
67.67470864452736
-51.85912643950233
-12.483736180706003
44.82146910605957
-46.4875462848382
-8.768052556879951
78.58469791965936
12.677011123795253
-0.26468330932318906
-4.138488061594927
-13.080916858342547
52.53310814945894
18.45196139314153
72.25172654252958
5.4503419972180325
-26.23716529320626
-20.799414192490985
-52.00996329256164
-21.37881825776263
-3.058221313085596
39.23350977300299
2.069755573836531
-71.69091562238772
-23.175054547841327
-43.87398065698199
44.53102173802665
-11.369588044910515
-40.287286458126786
10.896311768956977
7.334162860664222
38.424144013508595
-52.20023812048729
-80.61859256017759
-2.9851482532489086
-23.441582617902256
-47.21174083680396
-62.30967003824571
46.67940855293111
-61.586897367236446
-4.489836245298704
28.70027899559149
-24.84145117729105
3.009143165284911
4.544412459221263
-5.849252041253038
-5.28007002124933
-46.79084827528638
-45.31979051026785
-25.5350209812991
-1.9033744421641359
-45.86577737827762
20.366650493202982
-48.407624464228746
35.64363224054773
84.88463743675104
-5.3409436255722795
8.507127391648325
-2.0051266196714153
31.838943807636582
-16.16700790814609
-79.77009756677774
59.07076814333709
84.83006391681462
42.00611459809346
26.86214464136252
4.060315136473349
-15.103876311238082
72.36679262244536
-24.447537077559076
-82.42610876717627
-5.945775654888735
-14.227479647873395
-0.9013842818785207
-19.357374768543394
-13.80812296653248
1.0767736317544205
72.42590646007994
-4.639358918556766
33.16973386094398
54.06143571004108
51.74217629484542
-71.43821383128454
-26.852589153502237
-6.798752885661429
-43.56768536347753
33.153313130589595
1.299747653506742
-57.47353061947742
14.041589163451576
-15.745298034374386
82.8653101585665
-47.62402239000105
-10.441004703239926
-0.9037911654359192
10.600688078750267
-30.08372263617136
-64.38894860894976
-59.87745310138954
16.893641094026293
-22.221612189489548
18.534511113790572
-16.358747106221458
-11.840540331768082
25.72563387012839
37.18178180526559
-7.062009101418042
-9.226992348976239
74.07626252196349
-44.07996948935362
30.552345942774338
-19.351913469544215
-13.365207890999812
17.900633912229736
16.540860628705033
85.3218635114481
-41.77373613481092
-31.129227253374395
-15.813419408447672
7.931417146422987
-13.017368253304568
8.279599375667914
-39.31535440477836
-3.0523418997785257
-57.819691525318696
30.021724850032072
10.804498769157703
-1.849773649010345
26.14360137602013
49.22592559805611
74.4860671726704
-23.819639006358457
37.99991485974871
41.874652299335764
33.360385208172005
87.5794137261696
-23.054735260247142
28.795575949318916
26.572513947692883
73.65564470193593
45.87905435134829
-1.408201835570182
32.33818460526933
-12.413373114592275
16.829750617653872
35.372155374283295
-32.77390708625485
-62.94967125965703
9.724078734393672
-45.363395186163174
29.614710450182272
18.968598814596092
20.69471510920755
-5.302603976080562
-38.20256797543105
-1.472249594461033
15.282908138034259
50.329704542960116
-19.008796746431315
70.51850233452191
-57.44126915495165
-29.59985583399765
-44.54259122855761
-4.5923773834944654
75.56119357196539
-47.47668164502419
15.12083248950519
-47.49572363208143
-19.98442129924379
-5.491931692210315
-66.49853673868526
-58.57666431427385
69.96862554110618
-4.420611600885508
-43.7288327896717
-53.625556643256424
-11.380716234791961
-1.9870946557957154
-10.853031908210724
-72.3581328755431
-9.654657523430146
0.4680212906882133
45.12947434641143
-50.75835638044437
-17.28368366325695
-82.91587751087273
-9.245926932781373
-69.96086047002947
57.28719920358026
-44.02071481170412
76.67183146932976
-25.612629979260802
12.208159861697595
-64.3758655323013
-38.81330667096289
56.19965349538137
-30.904072266607102
22.37168508819994
-4.813628233848732
-55.215840633825984
10.423995098180868
76.31526106357742
68.2560408174306
-69.86273755245983
14.987412237039493
-55.82250640328699
38.10342609005815
39.63311028299074
-2.053157278956448
-4.018761191941252
-44.07791527252049
11.364449129286967
-11.233373644468813
29.276914606295605
-35.18578954286665
-17.323950741345016
-43.141089515860486
-27.2706032830055
-0.18580229281307936
-13.694316848272166
6.318324753914226
-18.43164926504417
17.93195199326263
-38.237434745134045
3.9210626561771136
-80.15662291284897
-52.97558779447487
-13.903810541843228
68.97565417977978
-70.255514217898
54.68825742114484
53.55999340831957
60.523528038486546
7.175102609514994
-71.05301241573218
51.0069312582234
-67.12181775698974
-7.372286325812411
-17.104023912774366
-18.797808365241224
53.41281193465289
-7.090161365206129
-37.3121826626213
-53.7937184083142
-8.026289319826006
-24.69748880444625
-8.215427856823695
31.476108309324076
-2.970058008057606
57.877137252734485
-13.58292308326287
-57.00689783517803
53.579088279469744
19.250223244011238
-17.35138043529048
-0.4223468148592957
52.51973780955535
14.491512951213068
60.825116630132044
-0.09702798043883831
18.350016539104217
-24.0110231710091
-27.15758164053345
-23.865504422314345
3.90912903514203
-21.251089643350497
70.9094997514083
-12.471297197537211
35.00113714927687
-11.542683526576866
-66.57636422443244
60.917864760104976
-57.04801273104163
39.21034489529919
-50.03535162102312
3.4960748788096936
-17.555102485594873
-61.855784494602624
15.086564947785448
-11.637638774334363
-47.56552380114233
50.36102626593916
10.363975782097583
57.028290075611636
24.983962547825158
-40.964931319260394
-54.38613472252722
-43.50259794768974
-59.91624567998579
39.834723456652995
24.954233679266764
-22.232904842031175
-28.751746799139184
49.741396699627586
-10.962084414457038
-69.53182212437568
7.071476846030279
-65.4235648467332
-23.43752778105261
15.707834029096915
-39.73457212916849
8.072225625646539
20.391698982116537
-46.05723071181039
-56.58559980048498
10.844015763069677
0.28644692029197927
-14.118109818128403
-2.5634699493497095
-3.455482256631484
28.847402577660063
-29.66671195924245
-21.284555459384862
8.472804571643948
28.991458978468955
26.99122954452774
5.4532111212919006
-69.65485394125886
-0.3921195119181107
43.21139102282723
-31.360033496792582
-18.67640046286658
11.236149017731975
-41.96006080496557
84.72639059876136
-4.962310367311943
-19.492625303074476
-34.43855171410974
3.379370447354873
-23.616394171635633
-46.24657953278666
77.43156319594806
-28.614894498816497
-33.29576810534013
-9.510201164027364
71.88918975200866
-4.181129482878461
-38.86811534072523
53.92854832073428
-40.95221228426094
-12.761905124737211
-37.179742717820154
41.645275149959446
-1.554061645903758
27.721163822857278
-0.5874672425887297
6.885710788966335
65.70808970263425
-32.61292312374579
70.17948923330951
48.17198551115257
10.911240163868428
-29.423675123048028
-16.97364308486482
30.336465724805834
-10.308300992686313
-53.194152142545136
-23.534283553028516
85.10953401399613
-21.68969360142941
33.01892638994525
-56.156376729533434
29.91296529187531
38.387967326769484
39.49901970635372
-14.696550240335071
59.11800174221338
-5.73457272604999
-7.763682882940273
-36.34675996455424
-7.240376653303457
-31.488685287524262
-17.73284715076072
-10.292657350672755
0.6709823614977779
46.44830923213476
-63.92675910364108
16.472263307395593
36.27763444306669
71.7461997309818
12.145898909920717
-61.04058093179469
64.50841786284414
33.55591629174617
-13.414037988303164
20.604534383238246
3.09048054469838
2.5625126148233335
-46.07613995291964
-79.42095876438125
-69.97451286458525
-17.474670961766435
17.715564692389194
-15.52192840160167
-69.54908553355378
-0.8681515280444785
-44.09798353548433
-76.2839471317288
28.819335377388313
1.0167883493605672
-27.818092858660634
36.933964342578946
44.209207092786585
-59.44302498544883
27.66631883754586
-10.810965421131797
-32.25698264937387
-29.390510666751553
-41.51110674706927
-32.5260479740364
29.467382662548303
49.50042799600371
-70.00794945176807
-14.677934506559566
-1.2210679840748924
-2.5302635674526215
-15.681023284352818
-47.92144937716836
-59.95785059874918
50.93410135477245
37.48994311185049
-0.17178231998607885
17.117323404288413
23.48495470865086
13.041436464648953
73.41946322200158
21.45890033067147
-15.521609873056434
37.082270291454904
78.64614107788051
-57.035467604927874
10.058948949351176
-60.480416025233026
15.931827475194382
51.573508255555595
-4.903523722090668
-43.64327868333491
-18.43040372312649
52.8115468118265
-5.9905831521302275
-21.2613097333998
37.76387981802836
14.458281480871506
-66.9811433054868
-26.933383956399496
-6.735385051953045
28.47999298884011
29.400098255799065
-5.0782507019433325
45.764572018143724
33.76799746226959
-28.984274016349048
0.021744723070867167
-27.747429226276935
-14.373799302491449
-1.867520983628495
-30.560733870239204
-15.977083763405986
-6.899357279987655
-70.31846917013048
56.04400891671469
0.7769668514034151
25.96985940156847
18.007198741482654
-14.931285500941087
-1.1240603792908672
17.80905302443999
11.621068744867998
-25.21606684022477
31.45236943605576
16.016534495944995
-68.90623422749812
-48.32090728280911
-11.59316773835232
33.059459404862395
-25.14996263560886
49.70473394413776
36.77867647823561
59.15972694585429
48.632748411518065
69.8244222088916
-70.73650574335065
26.508455603246958
14.65339862337234
-16.500572555556232
-48.62457074436565
67.59743621861318
-5.986057324200942
17.077283294587986
-51.58647984123113
-9.813660329288439
5.396152897525795
75.35970964936467
-61.14409981470038
-13.001505832379564
-21.877792494680605
-19.725281910842753
-58.9298874172538
16.104059723205935
-7.349955854301399
-50.99254485014905
-48.16473332274421
62.42858291357993
53.553924943107916
-22.936768682696112
74.45381196959224
-61.1067192508564
47.89410191371405
81.52449589854473
-44.777079717888384
74.19490151561232
42.07860855278912
4.319887164648961
-19.488944049425086
-18.28575317784727
-62.62785121313391
56.372242753618224
-12.986375321389033
-42.652409644207374
12.270074390173875
4.689171761668419
-3.988040113100652
-22.454255380151096
-36.82566714133772
-24.99343787789921
76.30319352771784
34.51852322595107
19.95638779854434
