27.912436302159577
-35.19626923823544
-56.5456534173325
-56.13565544844946
-40.73320904700143
-29.886499715381774
-43.71292806491656
17.660470925950378
-48.01241266312255
28.272776637007055
15.790681632745716
-29.02251098412573
-5.97735779327941
-14.847447318077272
43.585979151249546
26.4602967667075
26.752807352645036
-29.760059281619334
48.600800297455294
49.29712261030102
-30.84633828623035
74.50364508023029
51.07040568554052
-32.41095002782728
12.507240240432225
1.1114369736525163
-40.98191284445766
-29.057988387134813
58.20946020901576
-5.982305382681261
86.96353161807687
-8.205469550286068
-13.366647830350217
79.00025446304957
-29.363254251885067
36.385164163025934
3.164001806172621
-69.24100131213198
-26.132081164306783
51.26980975574688
8.783502225366249
14.931688493096956
-35.12903686090423
-24.898651827930266
30.203251528973112
-83.59784385221691
76.00597335024864
-59.495643386188775
46.125784195032594
-14.630158156639254
-1.5023985976037437
4.449053018895327
64.73798900408715
2.4337214896256967
10.548777362407662
15.712434886323535
-20.502069352635743
-73.05646620257735
-1.292115417060998
-1.1217922579787398
19.485488071297468
-31.556304364332533
36.625820109942964
-0.6615081746649878
-15.624126860001638
-14.441203875451976
-0.0007115076827801659
40.040905266033036
-6.858081601032879
-10.119026217632694
33.34829130500489
44.98234054858875
-50.379589399908944
-44.94370213599921
-20.273756656581583
29.01356888451778
74.57252093263969
-36.32285374398757
-55.68750408606351
-38.89788978917808
-14.82475232922647
3.6043116995795685
31.6436314698972
-14.628146255755667
77.37741045989483
9.367728376998755
37.8270481462439
64.88228270610364
-54.453050541772754
30.590312302341403
-51.84091100701491
-26.853501950402517
82.74407006966217
38.36702428696353
-34.63588088215602
62.86560371775431
-63.43867198669091
-29.706861656296383
24.89172445467932
-16.449765925315575
-1.5392529229337981
87.13200699060428
-9.26235327540104
-64.4965595090496
23.9333863856736
-7.62373140207454
-63.59506888647102
68.02392433068079
-60.695827215810205
43.648238668303264
-1.10400705482364
-19.383626414155003
8.48993531981418
-9.569899983235231
-71.9666271805255
31.081749843800964
24.4271104103575
-3.430601953227864
0.3453703815987694
0.6667697224871745
-27.193693168797694
-49.233608186618
-4.506121684988756
-30.48000048804883
-28.53584501225606
4.099465674482289
-51.82232684196759
-51.8643438573912
62.17576088798853
-54.326453465985686
10.36289715576605
9.937988093581168
-29.127764653288708
24.669550617841736
-17.069348173564336
-0.6897413051829204
-25.64628493948598
-58.235227531345075
57.105841868613254
-48.84231126471776
-48.363786701815485
-19.21481746223543
-36.33053175619422
-46.13457337254358
-7.951691821723102
6.335880659931007
-40.397834445735874
-27.444449268192244
-69.72829398412722
32.42827659255619
-81.73587193684267
-2.4118882225593126
-4.812101252405185
68.83273793409549
-3.5971450558078857
33.60526525764078
17.78564141648495
-29.93822064613967
-28.440781821144355
-48.244201692662216
-49.03972509911589
21.406189673237236
-34.48605929791125
-59.14616342231569
65.65196933256436
58.46211810757802
6.483377962322535
-62.56834219446551
-39.679785100241574
-27.82951559975504
76.36419446739458
-6.219614917586483
-0.40175131387532304
19.496606794606095
45.79296752501068
-10.679886630943798
5.298129445443948
78.63981237619558
-6.151982164671011
-12.77453297109524
-17.16069135470336
-58.74217326971973
27.706934008089505
43.96209708809198
88.61956527225706
1.795233110896163
25.339725332358014
-28.53556834822659
-34.27232568785505
-41.79597354557828
-14.129132956713534
-83.89670838903683
35.77840779335048
44.14395814388382
-44.395724754490985
62.4400774116244
-45.96116025842721
-15.054756404101695
0.4967522254833199
70.52845178739702
59.9523374011182
-49.23295151845973
-54.57860031806813
15.56456883190603
-47.88425391791312
19.699585467894394
30.196409389430727
76.05244395869971
-41.5110490057765
-11.398626404215108
1.8850127575910562
28.0156305236777
25.15612164403298
81.2891228733518
33.35341517629627
18.356903520927972
41.02847634434653
-29.01262181972895
77.27963509872592
4.751531372481381
14.020382327966743
26.98637257656665
64.21452061632365
31.112775853146843
-3.801297340911944
-37.98434892330927
-73.30355942010158
-36.44041295023896
5.986161610970527
-28.662354717997133
70.85083195918043
39.738710170851334
-20.46325845780143
-74.53334144212612
63.534237584085105
49.113248639006514
2.5680792380901636
35.74571226155555
-76.33484546239873
-30.897829942091192
34.19098356416754
-39.33102564538254
6.933318275428277
52.75266667691167
4.6025595582996175
-64.59931839405373
14.652665143970736
72.6245030665252
67.70660134754303
22.37277001103844
61.82007688619501
18.70182799285608
9.896496107307186
-51.283316728433206
-0.6194011268775199
59.03522767578767
74.28301760754943
-12.992601815785108
-76.51959569911844
-48.735867305808966
80.16093605705515
50.50307254102955
-27.865571328807093
-41.17731497379072
-23.032957547508303
1.0037930040451783
57.78915600973335
-23.352775815670185
-58.76143169341184
-2.5018639141845114
-5.484362324940719
71.45916517446776
2.208936239949395
20.534338776911667
-26.391203186811737
63.939354471661915
-9.519914687109662
-33.89621071495355
45.240283973326314
-80.71570402287819
4.226891745432042
-41.080296477541154
-10.56167457936401
61.921546875253085
27.673111018611337
-32.580844835741885
6.21003325138534
-0.9765684029208757
-2.8998499664220105
-53.52179157049569
23.57139579935361
50.970871593497606
39.68696253718463
-62.91520196301403
-40.377336605659345
70.73858508933677
13.71245981173763
-25.174871244566646
44.11197549148585
5.573031852507867
52.51134315860514
75.80741031991616
-4.661889604008721
-67.3245307567566
32.999798133051456
26.553352534266224
-3.515406713569689
81.17641473442563
-32.0966647967725
0.21406179759448207
-36.39145054953138
61.34186622634496
-34.09256659015143
43.028891631001386
81.99949241720984
-29.846533856005124
74.27383888517238
-35.56737447739818
24.47034090764511
22.356069009948925
-12.10050643403828
-72.13410234307806
-83.06662450133068
34.3410767205784
21.53137020131618
65.90090718775869
-37.66030094287785
-53.963403845434755
-70.2702462147484
76.50263029370942
61.95697571337624
-3.500822464781791
80.9060583218571
80.64761331427519
1.5399286487031674
-7.9187252973794955
2.3884734365552447
-28.49682957378411
5.415985590178977
62.3321232043746
52.1527189716505
-58.10103739257542
-79.22881039639094
-19.873929350538006
0.6535784382676724
-51.852985681677616
-7.382395988160269
36.17480001676921
-52.10969305201077
3.3641236220942687
-57.920033959789144
-4.94717785511709
35.05398331988212
-34.138276081832835
12.107280980349032
2.089769244767666
42.03294989153693
-12.7947679180553
-19.70809351336014
-11.70794584178131
-0.4055295313573737
-34.07309306143281
-13.342622963428596
-29.259079419430222
3.525182376048008
-52.68375222448962
15.419970518586567
80.62537222517196
0.43104447563199244
0.7579615699176259
-14.704113468061863
36.540690570292185
10.074552889945565
-50.24618710019222
49.66606369176557
-56.60593603797592
10.115757853474605
-35.710469778131696
29.261577217211737
-69.64829424147842
9.801354305031978
-29.442836879558328
40.531870452346226
42.30749647807099
6.326931233636529
-26.293163707468068
81.56818332101136
37.93712796539967
37.59768114917662
-20.123367708416296
-19.419627961574633
64.21495281955961
-21.18422708952488
48.961085038414126
49.952187800560324
74.95039619238045
-17.257204094382104
-67.31019641492274
20.224700601726525
-60.69219742828618
-62.93680902427402
32.675522122746116
-18.55656477005202
-3.396934583889646
-10.052344674711037
-34.86844875113086
40.395523062442265
-23.781114166647512
58.36575925669604
-43.27073429462501
36.81146103896327
-18.214499329001413
49.965336155137265
-16.409364652543132
13.272439433774068
3.431266629204643
26.673132631973075
-23.03596653971975
79.91677715934395
23.0763407036212
32.54958788389189
59.39688088847603
-0.2743081387806541
7.256821181499703
40.50853615501569
-57.771675811086226
4.169004228531065
68.43110811161995
-79.4796284683163
-9.856497593549932
69.4184737704133
-68.98200897578886
-43.647294169300245
-11.186967976460764
-72.4618866017943
-38.12020990213901
37.26687897610111
-52.43375257803378
-23.305940131236568
-7.499415483861796
14.428859852616924
21.886223197695315
-62.88870780196034
-60.525989221010555
-75.75320269822642
19.981890755377464
-31.191093685582103
-62.036753673074855
17.774214020312186
2.938474464029298
-19.03250989477185
-24.419811597894466
-9.150388033733066
-18.6211291529127
-51.779201600322644
-8.73371305529487
24.138860024828986
7.516337534771097
57.45750299949748
11.904875770897206
-6.754064713567118
-65.84633483732784
-83.46111551098116
-49.995116908228525
-41.346405116876724
-76.79829177361673
-18.114219740992638
49.286706170974554
36.5023428137886
11.198057369344227
-32.81318285333833
3.508301392766626
-46.3842740882578
67.67853360622217
-51.85728073975561
-12.483102745020332
44.82463944874169
-46.48906355500438
-8.768674465700173
78.58773763158806
12.677746988105895
-0.26650662812326686
-4.139897977648133
-13.08026192112196
52.53317949396535
18.451139986377683
72.2549335849194
5.449093404978001
-26.24161258610667
-20.802942723926222
-52.00970938067335
-21.38009487060893
-3.058221249036137
39.23278817583292
2.0677499236416708
-71.69040838108903
-23.18017465990272
-43.87402885610089
44.534622294805246
-11.371313125099903
-40.28840050228721
10.896252786157504
7.331641321431093
38.42330298397195
-52.202590202901646
-80.61808207377553
-2.9850967832116027
-23.443881530925125
-47.21022321432412
-62.30961764675448
46.6838117416587
-61.58510471116177
-4.492804251771403
28.70358186192105
-24.84012471613768
3.009212393517501
4.544423961160447
-5.849134551721519
-5.279758271281366
-46.79072470324246
-45.31854358452524
-25.535681221787172
-1.9053903707892061
-45.86921425101767
20.365566235164792
-48.40692399310623
35.64738452029715
84.88788265495694
-5.3445956223796856
8.50734961412563
-2.0064431022252194
31.838206197195092
-16.170747635692734
-79.77012993068949
59.07131565259786
84.83237474379737
42.005400011888185
26.86418275242555
4.060242621035073
-15.105476199097197
72.36801142604435
-24.451093148054397
-82.42486122062601
-5.946067050031473
-14.230932698257519
-0.9051512289657069
-19.357347114661295
-13.808706338160164
1.0767772580027781
72.42887191083884
-4.642443524224177
33.17255417775695
54.06367998931725
51.74210920425355
-71.43665820869705
-26.85332685031112
-6.800427849821929
-43.565569221222304
33.15703414756405
1.2996958133149832
-57.472135569897034
14.042272657725448
-15.746373650536484
82.86838072783235
-47.62609871001221
-10.442951354046428
-0.9050093464559978
10.60000429714026
-30.08799001323939
-64.38652295660673
-59.875799912589876
16.893122812023023
-22.226610216239067
18.531385490196953
-16.35797638398236
-11.839902796517961
25.72431888832014
37.18256412157885
-7.065587209363656
-9.229521047959068
74.07836601178528
-44.077697147677725
30.550461788593452
-19.351312734996696
-13.36565576160622
17.899620813943812
16.53990352242795
85.32457688973963
-41.77354327943868
-31.127498555384207
-15.817206938767214
7.930798165757366
-13.016736100210082
8.279082105538052
-39.31814743598902
-3.054573157110923
-57.81951500319684
30.020927571138216
10.802981596085615
-1.8527314262123724
26.142800153972786
49.2256190797558
74.49033253269647
-23.819624232401907
38.003019833408445
41.87709612444374
33.35965431232242
87.58244789975242
-23.054424578001374
28.794586231527006
26.571018829143966
73.65696290659733
45.8794243444398
-1.4082513869708322
32.33688242810112
-12.413514056880288
16.83125760748507
35.37489625673879
-32.773014084446686
-62.94782328984439
9.724185631382113
-45.361870534306114
29.618562306652223
18.968993817862085
20.69458957078338
-5.3070247526717935
-38.20372090894144
-1.474673877824685
15.283439853997223
50.33050852380606
-19.007812489334015
70.51966917592244
-57.43878164751272
-29.5982107454401
-44.5411950479779
-4.5938170321069975
75.56494204188596
-47.47842410042785
15.118918006802204
-47.49529723053907
-19.989090966673658
-5.496336723225113
-66.4961987691329
-58.57413347796521
69.97303834689922
-4.4238714124615655
-43.73226097062882
-53.62327959681785
-11.38135912442496
-1.986906537877502
-10.85509946286976
-72.35843649380234
-9.658485598083203
0.4659826597569321
45.129199595590165
-50.75592573751719
-17.282914208111578
-82.91421048698548
-9.245846160666432
-69.95871083516849
57.29207634935065
-44.02038514539787
76.67571273788397
-25.612770022517793
12.20883079014311
-64.37592925735689
-38.81437379454997
56.20096659490031
-30.902705765173692
22.37257651364098
-4.816466490505334
-55.21448586300021
10.424318752722456
76.31761805951473
68.25834578184347
-69.8624254788012
14.984776616495992
-55.8200091185915
38.10538728816496
39.63412051025358
-2.055639875028163
-4.021660546620666
-44.07577026072341
11.364138450746282
-11.233243839431822
29.278711149965687
-35.18758791599065
-17.323836489972436
-43.13883658687042
-27.2690659021917
-0.18566191334215887
-13.696931738709154
6.317376895613847
-18.436943535883216
17.93158742577272
-38.240801192533254
3.920768385925413
-80.15586828800352
-52.97319065861202
-13.908356734398424
68.97676450006938
-70.2531339376489
54.68900311251909
53.55990711949474
60.52483665371159
7.175257660881172
-71.05129135307772
51.00762261292644
-67.11984148368349
-7.374494082446148
-17.10357021486081
-18.801946029080582
53.414138602658994
-7.091815717410981
-37.310193464898035
-53.79166969120526
-8.025819681428345
-24.700268975547814
-8.215698552860331
31.475002075580306
-2.973509643648356
57.882275573462124
-13.587685479238132
-57.00631862634105
53.58204459209429
19.252272152385274
-17.350791906250194
-0.4234673030303213
52.523673628139534
14.489662608413795
60.82566914012119
-0.09953620185476098
18.351855654759035
-24.012924578100396
-27.15622456224301
-23.87019866857524
3.909142827258094
-21.25634744841527
70.91062736279304
-12.47072862664281
35.005651248503796
-11.54682251514393
-66.5756890141461
60.91850023536466
-57.04626481263458
39.21337459934813
-50.037553392678355
3.495341446838836
-17.556842685468723
-61.85381857887602
15.086137467877066
-11.641496968372394
-47.56316067500372
50.36099481813562
10.362827825017561
57.02841497132587
24.983515335898062
-40.964832371782784
-54.38437313751645
-43.50442723917669
-59.914284583641695
39.839402869150604
24.955403882337663
-22.23703189384915
-28.75257430875041
49.74530494487297
-10.961982761489253
-69.53190903571746
7.070852631853867
-65.42112613473606
-23.44087100604135
15.708469329484345
-39.73613674896698
8.072452560951831
20.39069500856104
-46.05498541000985
-56.58460081049385
10.842686772896457
0.28608402221833273
-14.11834417471178
-2.563431047456959
-3.458774694349259
28.84626439465184
-29.666584470816716
-21.287809307713644
8.472383508126782
28.994652484018317
26.990562872320496
5.4492958601817065
-69.65250668968304
-0.3940103374293642
43.210784216110085
-31.36151138924275
-18.679046914951087
11.236220550033948
-41.96195794224549
84.72929750390236
-4.963749860832678
-19.495562395277986
-34.44299166960707
3.3789826397833167
-23.621198992263317
-46.24628928744818
77.43578029678679
-28.617089001550298
-33.296180043692615
-9.511671318292159
71.89083894237888
-4.185248094554041
-38.86688791661843
53.931128282975834
-40.95218751929193
-12.761809255884643
-37.180007779930875
41.64500475581147
-1.553871239993157
27.719904468820772
-0.5911126996347775
6.885872415730077
65.7091659186541
-32.61207444997619
70.18193414997927
48.17182501473255
10.911704376524824
-29.42696810667624
-16.974424084793142
30.33534803412948
-10.311496058004622
-53.19377797911035
-23.534832496253742
85.11175026425562
-21.694203371268543
33.01841559406756
-56.15386319826049
29.913379131255297
38.39276147967439
39.49919327639316
-14.696181634087921
59.11933204312524
-5.735732135131286
-7.768364214287956
-36.34671265138564
-7.240724254049027
-31.492781649507307
-17.736184061994194
-10.293449284601792
0.6703531395903042
46.447902812535204
-63.9248822497361
16.471454653263237
36.27713635411183
71.74737272604813
12.146241511453297
-61.03805682188537
64.51098246033604
33.55984885645856
-13.41557635496828
20.604339906766242
3.089442312776953
2.5616835569136214
-46.075819463891
-79.41898591650404
-69.9722351393678
-17.477973167888507
17.717264617272804
-15.521158373817116
-69.54747354565647
-0.8706571448430367
-44.09599824243952
-76.28183350854825
28.821105481699547
1.0139367858095625
-27.81762746655106
36.93466053873118
44.21272574647321
-59.44143436984282
27.6667594169149
-10.81179973858248
-32.26049874917325
-29.39083249129139
-41.51136384221452
-32.52899526827473
29.46558457859244
49.5003811053316
-70.00556929995044
-14.680091407620154
-1.2234062533799914
-2.533992778860906
-15.685254313304426
-47.92455131026549
-59.95682979122557
50.93704979108327
37.48912516309085
-0.1752922597113269
17.11884178710315
23.487602522735514
13.040554276897353
73.42258459028247
21.460649346801745
-15.523045186269329
37.084874827676515
78.64784475669293
-57.03676695334204
10.055828420164318
-60.47950512335125
15.93324146172273
51.57377574759124
-4.903312981146129
-43.6448048036634
-18.431745560880174
52.811588539692565
-5.9905837840759375
-21.261468718636152
37.76371865638447
14.45792870685655
-66.97953830497424
-26.938114803784416
-6.73987899172306
28.482201538200854
29.402989205191474
-5.078851441297445
45.7641442058854
33.76697393871706
-28.982885926828814
0.019237921344256392
-27.74712143580247
-14.37304027869466
-1.8709317092018694
-30.562827591875745
-15.977126601591877
-6.9005083704682875
-70.31609757926898
56.04415261822629
0.7765127709111113
25.971716092065307
18.007250574118103
-14.932537628752002
-1.124183256171463
17.808228043732427
11.621653276817014
-25.218543908175334
31.451118335220542
16.015046381010237
-68.90458069353977
-48.323644768072654
-11.592860161377132
33.058093635356386
-25.151962402977816
49.70458040452107
36.780479200619766
59.15999462075817
48.632432041362705
69.82593660356542
-70.73726243690382
26.507186249886914
14.654519802198337
-16.50182719313527
-48.626214498844725
67.6010524492198
-5.986933632329439
17.075640231421062
-51.58401848750528
-9.814825063711169
5.395579941558097
75.36117903477358
-61.14368088274529
-13.00165945401092
-21.877835193449982
-19.727183040159005
-58.9273556518822
16.10549383269465
-7.349767839553266
-50.99430864279563
-48.16548724207131
62.430728593577015
53.554218537562264
-22.940002314219328
74.45526255255646
-61.10570556937127
47.89598586982842
81.52684061307565
-44.777529111421856
74.19631710045402
42.07790139090673
4.31685185964038
-19.487990136321812
-18.286931614654677
-62.62619252974436
56.37233355202602
-12.98994177860827
-42.65253886620375
12.269896412371182
4.689237480158511
-3.9889971765239665
-22.45651483044061
-36.82720814471701
-24.992930081940756
76.30496036691781
34.52003819355491
19.956002271250682
