27.992700083535098
-35.18661381199755
-56.51321325801145
-56.109819085281686
-40.72031663718014
-29.910453647704585
-43.67714245861051
17.70061818279133
-47.96193693094097
28.31467361945613
15.793922263081072
-29.13376187433272
-6.022248774863328
-14.948288717226006
43.56027608097588
26.546206655284976
26.795465579111266
-29.72033640807811
48.60306972906852
49.28462668070449
-30.804294070027282
74.56674955519438
51.061913842252835
-32.385383823679575
12.523570009685201
1.0702912025804068
-40.93363323290811
-29.123087954173556
58.29674880380185
-6.005994106675033
87.01666197017255
-8.312282060627965
-13.48721609337727
79.04691278204328
-29.355358556476574
36.39472447221945
3.1672651191757097
-69.25862896703998
-26.14832830389426
51.34287757441331
8.793438765674068
14.95843689697847
-35.08355465991968
-24.997677370315813
30.181237583096674
-83.56514440083835
76.03084307685603
-59.44547234208977
46.11782213467433
-14.6596081974414
-1.5454974932797256
4.4136700342621396
64.792306786106
2.430552106780368
10.466827280523049
15.644829658421486
-20.47425207537053
-73.0442971473156
-1.2871942324547518
-1.1488009005804543
19.519662331929638
-31.58014043205283
36.689228204361655
-0.6975244043718902
-15.642232083046139
-14.499877407769972
-0.02071988395232438
40.01607221047644
-6.966615489640532
-10.173993737767418
33.383461608199696
44.96393933192718
-50.32991634598842
-44.92930719933174
-20.32231508837856
28.972785460121614
74.60761886888011
-36.339163202867745
-55.654746620006875
-38.9291840595965
-14.817690156304309
3.5756723017467493
31.66288415370957
-14.671653910010207
77.44183903385954
9.29496499675406
37.83175538450075
64.89031595555247
-54.43348032201413
30.536754034429066
-51.781384802457154
-26.939067409068585
82.80142046683946
38.4018972206629
-34.61619975041281
62.981572388352504
-63.386360626576206
-29.68123256346837
24.87145729490257
-16.429052384873202
-1.5378105459450921
87.18461571663684
-9.26378378132327
-64.43205229512918
23.92282051612021
-7.65601141472203
-63.62110881307902
68.06536426408388
-60.694404837218535
43.639657037807154
-1.1434388557323274
-19.380872500687218
8.49970357189612
-9.56329276755342
-71.92522048955836
31.174823926539602
24.418146857442025
-3.457192409189787
0.3000464633920785
0.6443734424793206
-27.297252943992007
-49.17919351212709
-4.507743959177361
-30.438237721390735
-28.498659319627293
4.066128230236316
-51.87888672470647
-51.81568108401675
62.179962286671895
-54.26266844650293
10.37389914877744
9.947672891939632
-29.11120638072859
24.64176956655041
-17.048234438690642
-0.6847064228698514
-25.708297481048817
-58.200862004685284
57.21430587458539
-48.78170498316515
-48.35780086022543
-19.287094120688224
-36.357681984253894
-46.12156085845694
-8.019201414831912
6.341180900381374
-40.44329112508719
-27.42370168629313
-69.68275568106466
32.50994527869233
-81.72823672895679
-2.4906885889119224
-4.819841394567106
68.94853754492408
-3.6170021304960898
33.688084253401485
17.79313257070089
-29.906321108979256
-28.40192051387878
-48.18661735549071
-49.00102492111239
21.362747534712113
-34.579474898014354
-59.08575881818473
65.75302068462267
58.469320199907145
6.45891900338529
-62.51754477390273
-39.70230078664617
-27.91898880017598
76.39437747995379
-6.282326899382198
-0.3963675435840628
19.52380778829483
45.91639224924242
-10.716435586457848
5.282886352754147
78.69242225723045
-6.200943875548845
-12.806268861649002
-17.20465285956014
-58.70895007383009
27.781514725964996
43.94067302070795
88.69437836177107
1.7445371313366422
25.377016295722
-28.54277344840311
-34.239897465058526
-41.745938518746776
-14.158573734693704
-83.88186167013401
35.757622213137836
44.18930516866527
-44.4854835900021
62.4694200202093
-45.908726007523384
-15.113837831963266
0.49996579331543956
70.54563517461207
60.0340368632848
-49.179852284247495
-54.5249161446011
15.543827187667816
-47.83456681391493
19.673555749815065
30.235178226940604
76.08381585114878
-41.57427175421935
-11.414674497456062
1.8216214492829295
28.026551223749493
25.12423346830022
81.35052099010429
33.40047383201082
18.369320237797254
41.07600376476617
-29.141119513635005
77.32288893954694
4.644028020713733
13.973542070654531
27.06259195502753
64.22172624167808
31.078095636831677
-3.793887153995371
-38.033008319333966
-73.25747486587261
-36.44468568044032
5.9650480689158485
-28.649754840209866
70.86772699429557
39.70638960018903
-20.523397165778405
-74.50046794418844
63.55878293868881
49.09795537152638
2.512701561342695
35.71532469431517
-76.27295539999392
-30.938054057166426
34.30084334924351
-39.28125015357349
6.940894229222323
52.752358026756184
4.569392665457144
-64.56837197832559
14.676109274778725
72.71586984351282
67.73363425813125
22.3610533814942
61.825736501861314
18.747902907131703
9.895240061487442
-51.32995651092973
-0.6396843706644972
59.11700201532784
74.31424558214306
-12.99035640701129
-76.52801294166062
-48.80102000583151
80.22215081707716
50.57569967182599
-27.878833801936338
-41.12886737468056
-23.12109241019408
0.9453629727777724
57.786120144872484
-23.449169445850046
-58.69678288830671
-2.5668102540847713
-5.477489965956025
71.57035138703478
2.102663920172205
20.5248205430466
-26.363732354851763
64.05288499639818
-9.63771354463546
-33.88792185677868
45.22874959550211
-80.68265964454824
4.196839393013974
-41.16029622353204
-10.637591071084486
61.936196683839796
27.732068231368643
-32.55946991766977
6.200415372495613
-1.0153464684295983
-2.9640988659321295
-53.5461235968228
23.54156390635694
51.06013542240146
39.76351340391872
-62.94537432426619
-40.44290692015506
70.75565705204704
13.667446365834891
-25.220432118461304
44.09821407080122
5.570323755980354
52.514896378140435
75.83201686338609
-4.653851429676607
-67.33452982999279
33.02938981931922
26.532071739628762
-3.514956838125528
81.25426526699562
-32.057979678502946
0.21187174588968105
-36.42989015328279
61.432817745190846
-34.058970270600426
43.062084374298706
82.06528258783717
-29.80799247464769
74.3054712736313
-35.520439418330575
24.53544519948578
22.313809417872903
-12.100173195213543
-72.11686888840651
-83.04905164542595
34.32069180774883
21.590623800146446
65.96689619760159
-37.64056061965342
-53.93879788221131
-70.28040052767393
76.53095184598541
61.95989076174803
-3.549719348873097
80.96678014438334
80.7185402169745
1.4667598268796667
-7.9747328334101155
2.3201917873810345
-28.485398202197757
5.317744680312316
62.335587490014944
52.168964148340564
-58.06800265616281
-79.20785021580141
-19.885783912603486
0.5952566320008259
-51.79495247932324
-7.442455045444319
36.241927862483124
-52.05120187825118
3.3152793295267315
-57.85830899224189
-4.955356799310238
35.091462693435545
-34.13461724290629
12.125175083108331
2.028355647556083
42.16403832554397
-12.88351149012125
-19.82907470325918
-11.792092258785559
-0.4485091616165846
-34.04050105951103
-13.463129868085872
-29.294375237218134
3.5050008831714337
-52.717358598115624
15.357615370479806
80.68290952057646
0.3748608714746382
0.7255098304564456
-14.71249359216013
36.50815496171836
9.992894689704727
-50.20960102306654
49.6514664588116
-56.55355504326945
10.12515290458424
-35.696870877572756
29.34907100912646
-69.61403205380205
9.79972271102362
-29.448605329861365
40.5169821277745
42.3487690578971
6.3289798105586215
-26.31864614430073
81.65588641615977
37.89746436877354
37.624215885059186
-20.102206339032108
-19.394777948130155
64.22213188116555
-21.281217971793808
49.01478015184111
50.05578394156828
74.97461401647661
-17.310016442403054
-67.24940459133288
20.2719367499341
-60.72433584361202
-62.908999793511754
32.75700818694659
-18.531802950869306
-3.444484710317326
-10.06506719320842
-34.831586485281214
40.36897654172381
-23.76171981605627
58.36322886866958
-43.220087482125486
36.84361806732815
-18.192524789475627
50.02972754076865
-16.434642521425346
13.258468035258034
3.4306809237964586
26.74882611710578
-23.084712127630894
80.0127677504453
23.085933572016344
32.55676073371876
59.4235193154924
-0.3301558204044426
7.25226328422427
40.50251000665722
-57.718839984580605
4.149552026025589
68.54598539290717
-79.45906214663287
-9.883591958243358
69.4359804540299
-68.99342492383951
-43.71357872593353
-11.306803594466473
-72.39747850429266
-38.18004447075333
37.239028322301664
-52.38897988226415
-23.278926040440908
-7.524554042836755
14.386197121661482
21.89698648572535
-62.822861432896495
-60.4604950897035
-75.70588420616991
20.038884560428812
-31.169948755152333
-61.98982472976734
17.77487629953204
2.883071990489867
-19.100351590686316
-24.386120602124976
-9.22103993101581
-18.686542520074184
-51.72184178586639
-8.721449930616984
24.075697334759326
7.505891213358339
57.59299166056513
11.84347548571833
-6.770001025729954
-65.7844386990786
-83.41729307682053
-49.986960977189206
-41.32514198007375
-76.74129360332819
-18.090252970432488
49.27218223816104
36.4753416159939
11.193462188949695
-32.809726698593025
3.467277740963013
-46.326570542778626
67.7744941701863
-51.80525733670237
-12.46677974555152
44.90862784917931
-46.53417468928962
-8.783730080879593
78.65891235919662
12.69978962486148
-0.3124113294582713
-4.174762241207205
-13.064091131098522
52.53350370276536
18.432143124555424
72.33334240398793
5.420916599814049
-26.355192204908292
-20.892484162826264
-52.00979262687128
-21.414450122049686
-3.0566236031339713
39.20540855960806
2.016808924818932
-71.67981295335736
-23.30924942722956
-43.86620106248013
44.62923303913573
-11.414146493604164
-40.32268489878705
10.898336473663349
7.266905186308691
38.39946895463805
-52.26887199721992
-80.60312962782649
-2.9826651946101492
-23.494200916944678
-47.17697500370938
-62.31372915889364
46.79800129003877
-61.531476311656654
-4.564429714579916
28.78997848468913
-24.808539324418405
3.01369274643136
4.547748050175201
-5.845284760940743
-5.270839082722915
-46.778106152422055
-45.28122833975413
-25.555695805105316
-1.9532281532691513
-45.96218473779087
20.3377927900342
-48.38080775991972
35.745492323556846
84.96135165751161
-5.433096649433665
8.516549702118795
-2.0371201526041176
31.82131357510616
-16.264104568133305
-79.76996309132895
59.071886192817686
84.87909274950712
41.97506710351101
26.920038749535124
4.061388700157664
-15.146194532609584
72.38782436130828
-24.542358587389813
-82.38872378779757
-5.952642291998998
-14.316755998363973
-0.9958318922354152
-19.3586557048029
-13.823999310622114
1.0786835059464863
72.50088296354633
-4.7169479987407215
33.24793826633049
54.12299876351585
51.73060361518671
-71.39781635305135
-26.87558250982218
-6.841095057230589
-43.510847381449395
33.254115224714496
1.300872838743956
-57.44162359873806
14.063596520927476
-15.77433260749072
82.93819936784249
-47.68532371622903
-10.490979528179835
-0.9330650258680038
10.584123421436061
-30.198258592262974
-64.32435195873532
-59.83783216412749
16.883109881472564
-22.35241983455944
18.44975174297717
-16.33818326915717
-11.823880553530216
25.68544557669938
37.20698813368682
-7.152640499666987
-9.291478268372217
74.12629862943535
-44.02184777951098
30.49473751908991
-19.338001996519978
-13.377476723735242
17.87425459292345
16.51629780229142
85.38305414417513
-41.76086759256485
-31.084762845078487
-15.911627989099827
7.918286544968055
-13.000410505081248
8.269105552711082
-39.394203541093
-3.107896409393817
-57.82115011185754
30.00243761998445
10.762394228060927
-1.9236611580036254
26.12459687776844
49.210472477436525
74.59513023571981
-23.822266468371055
38.08555586223744
41.943239322821
33.34265347117886
87.64860418305528
-23.049378822164627
28.76963217347155
26.526185488920135
73.67852347479456
45.89127569518848
-1.4082783126526834
32.29495019182082
-12.417462850695799
16.87231729513215
35.448462932245775
-32.7470916929727
-62.9037176702296
9.729984556246862
-45.31852504674603
29.718129004030104
18.983669314019906
20.695743777729263
-5.41429279432316
-38.23866606728857
-1.532462429232183
15.301229892147006
50.352943743232345
-18.982934339516305
70.54148008524078
-57.376247409048865
-29.557489496233856
-44.511121183493756
-4.6280461953153065
75.656057178145
-47.52926464072996
15.066779671920386
-47.4909076092314
-20.10622474520335
-5.603253433475942
-66.43112739700872
-58.50913972395001
70.08315959651466
-4.502617072218143
-43.82475781354777
-53.568266757492594
-11.396014256138642
-1.9804707155361143
-10.90396571356166
-72.36876747990763
-9.752237277767449
0.41793676885728814
45.12255960507255
-50.69561701964395
-17.26471772630603
-82.86540451716448
-9.24296687807184
-69.89623929386008
57.416869356663426
-44.01831265896027
76.76979977333974
-25.612339053246387
12.229154222846859
-64.38258793543768
-38.847258460057354
56.235273128781614
-30.871563550443838
22.399962855196023
-4.884983688511625
-55.17192701272748
10.43566712674047
76.37139320333392
68.31461087820566
-69.85765049798131
14.915289563490973
-55.75525577991984
38.15968948137356
39.66417736759803
-2.1149495757574925
-4.091517997392714
-44.020357533682294
11.359326568870543
-11.229055166522983
29.328875045922103
-35.22258407141851
-17.319265303396065
-43.083089181017485
-27.231438388715844
-0.18025070886052674
-13.762152632660943
6.293223074721482
-18.568806958679687
17.92603903996917
-38.33085048938987
3.916344528502705
-80.13463342833944
-52.91431217432836
-14.020707574462051
68.9982680571855
-70.18774071364525
54.708302910675854
53.55294214633946
60.557365909637724
7.182539420001518
-71.00795309675854
51.02676544996376
-67.0611563451011
-7.428161444610112
-17.091020459691606
-18.905765677721575
53.44969143525802
-7.131913156700463
-37.26027475834505
-53.743433634109735
-8.013344376837964
-24.77257482743873
-8.221928103768576
31.439980420916527
-3.0567029656116347
58.01341614705524
-13.705206212151353
-56.98038991087042
53.65958322103296
19.306643973092108
-17.335059408750496
-0.44903191708408485
52.625868378531834
14.439333724060845
60.83568102887122
-0.15920291091195793
18.401081762931142
-24.05390460337118
-27.124459363909352
-23.98910278816406
3.9119946097051326
-21.38818436694153
70.93003534581214
-12.455910798168446
35.12192882771822
-11.642818819617219
-66.56242035169382
60.921462465796
-56.99479533498002
39.29408065382347
-50.100038079776134
3.4799138902121456
-17.601653579784767
-61.79658542319149
15.078533532788413
-11.736488563077387
-47.50322682733118
50.348534056780295
10.332822969298988
57.02475826924612
24.975858217440674
-40.95453561227256
-54.344193159071196
-43.557086057986176
-59.86767770575436
39.96017423169769
24.989877999109794
-22.341609963320124
-28.777505567957263
49.84713429683947
-10.958500853061622
-69.53766088462251
7.058280202022971
-65.3549112729525
-23.52663709211295
15.728870120636273
-39.78165253642145
8.0816585637358
20.36580175366157
-46.000745422785386
-56.56481671258255
10.807351639863597
0.2778131657135674
-14.125020687729943
-2.5612715003171616
-3.5381485783076982
28.81387784609126
-29.658897435284743
-21.360615394322778
8.463870644942574
29.07850681826949
26.97644348218732
5.353132950519509
-69.5871023055354
-0.4385337658327302
43.19349581842377
-31.39038402643851
-18.746406916181556
11.24183792317136
-42.016119794071464
84.79359103868737
-4.998055532570149
-19.57026695818091
-34.55862733059573
3.3721524000463603
-23.7427243848675
-46.23005766061823
77.53819103061858
-28.675983281599102
-33.31158886525979
-9.546733858647798
71.92702974533182
-4.284946584450736
-38.84080937256945
53.99905972340096
-40.95766266204224
-12.758312150149749
-37.19236370704237
41.6398561838501
-1.54732240460865
27.681818401251974
-0.6787826660598455
6.8933079959944905
65.72093349047168
-32.59504965897425
70.24111035687716
48.156277575994864
10.927147788637583
-29.51314784680092
-16.99120158468891
30.30201482515656
-10.386600715683898
-53.17357311921146
-23.551595921878928
85.15489921161335
-21.80795470630369
33.00823573418674
-56.09021417301723
29.92873611228302
38.516159676781655
39.507138518430054
-14.687793783189804
59.15303231503421
-5.763332015561559
-7.882465245777425
-36.35097931441652
-7.248643454442131
-31.599234335997778
-17.820162361905133
-10.313063662242726
0.6549037119436747
46.43593798463735
-63.87968894389971
16.452640982163075
36.266681252500746
71.76681293544348
12.158943176783922
-60.97288144627849
64.57555308485016
33.66204283387401
-13.454346841114898
20.603627176898854
3.066399184389411
2.5437731904467853
-46.05895490504946
-79.36300209652819
-69.90768745853424
-17.553162435277784
17.763063591625396
-15.501481878806388
-69.50783301932645
-0.9303559924620544
-44.043522613509694
-76.21959023720774
28.870593999275513
0.9459186257357288
-27.802660222099533
36.956871248139464
44.30533673772135
-59.40527151739958
27.6828643152175
-10.831213901569697
-32.35289249630482
-29.393589595362073
-41.524104872837185
-32.60743923178566
29.41217910997834
49.48690782269739
-69.94005378910765
-14.734369185138505
-1.2790459923989914
-2.6239223406044943
-15.790439129640646
-48.009389669575505
-59.935962927387735
51.01483974123542
37.45937241344333
-0.2595992062929753
17.160321361219772
23.55733630128624
13.018935668158178
73.49827110505493
21.50876885530613
-15.559821129298342
37.15513445217843
78.67678631383171
-57.07630058000882
9.976434261031656
-60.445195308670804
15.971447000050517
51.580671907628926
-4.8968470222200295
-43.68987550478347
-18.466963435958235
52.810732118045394
-5.989755782062716
-21.262545524313182
37.76272670034007
14.452366889884274
-66.94102837610032
-27.0588252304765
-6.84919969057411
28.542352880424204
29.47968640023761
-5.0925496460543656
45.74480484701701
33.732791819330146
-28.94712969304649
-0.04038046262512296
-27.735788382930636
-14.353745785811682
-1.952970090803717
-30.619699030027476
-15.979434914824793
-6.928169182002662
-70.25248647425533
56.038318512106855
0.7676233325413477
26.02308095339903
18.012983864024392
-14.961012239167246
-1.1252379316016459
17.789053493819893
11.639851740220237
-25.272361109956293
31.410983154992465
15.97412075380899
-68.86402542373047
-48.39943618450396
-11.5843248552938
33.014256308561045
-25.205166315663334
49.69929698167593
36.830871934501346
59.15996363648634
48.621995140638035
69.85947267267468
-70.75987725621943
26.469583956021708
14.685483075020727
-16.53439873446031
-48.674636066221765
67.69171723835424
-6.007626588600431
17.030044948799045
-51.52239304144261
-9.843511646874248
5.382092578549489
75.3881510907054
-61.138474181320824
-13.006060055607477
-21.88149414325396
-19.776529033352332
-58.861956425230886
16.144385818910592
-7.3443648693994845
-51.04581809729512
-48.19139602106188
62.48503851107972
53.54735309110194
-23.02294220124186
74.47787768021288
-61.084810256622895
47.94730566534923
81.57711607889945
-44.77857985485418
74.21843435847617
42.056186166926636
4.240995362688324
-19.465381359672037
-18.312767949080836
-62.58746503282202
56.367230602260946
-13.07260077351485
-42.64693013556116
12.268918253073636
4.693940020744165
-4.011238332985499
-22.515409357584332
-36.85577594545498
-24.97765868393448
76.34153883605225
34.56329330645934
19.94999598879089
