24.775858934133154
-31.28624559995096
-70.54010104203692
-71.44854051912542
-49.6929860551201
-25.311993649953962
-41.0949866944072
15.772636209990793
-53.546536230546735
25.25619960799483
14.32265946517127
-23.30325648623635
-4.202227640683546
-11.45977678442
59.699165495601505
23.422015736204784
23.88103650692905
-28.40495187575604
46.4678652578593
50.03534734812277
-29.896648698097053
72.76436438624879
51.26586021348487
-29.341620471830637
11.458212182866205
1.3538108867005576
-39.54713458647579
-23.863532500678346
53.93263744628368
-4.191862909411242
89.99483999291203
-6.392035959430643
-10.34057264910183
79.98032286616711
-25.681249899373583
33.297432860837176
3.0508984521222544
-68.38991676648462
-22.020361503656815
46.988318902579636
8.261466959465963
13.494919872029286
-33.848319833241895
-19.825827194863237
28.89460073763712
-93.2066577201629
84.38490563828063
-59.996621794646046
44.686021712832684
-17.766538365589696
-0.6404069574560225
4.646383651084804
61.85086738518018
2.882771385953319
19.879455643896293
24.840749937857026
-20.04272477069935
-75.07825502149616
-1.1673930012702414
-1.7972914219551939
17.462038537089953
-40.8324715458926
32.821479381561204
-1.0191781271631584
-12.578963909113128
-18.100308014257877
0.7872075078460057
42.047406295465265
-5.444747103795521
-7.606936200903618
29.968593951983237
45.908944280035854
-57.194629053378506
-41.23845102191496
-16.271491529093637
36.70264904086969
75.71034079134168
-31.58175041261171
-69.09277975133955
-33.72254401966043
-15.931270939416024
3.3322483923005706
28.561323206751823
-11.437834804702334
76.11706147219539
16.225893285215633
34.87901549235764
73.1617319618652
-70.14243136763655
46.6115093447269
-56.57892080337986
-21.653343746572006
83.49740237585246
34.72938850728778
-31.161657092938682
58.409839928622034
-76.12668461654931
-32.47792298334693
23.436428943826
-14.814895415564322
-0.6251520697437485
90.36428428981216
-7.311307242740398
-69.2107037286231
21.99389028464391
-5.552259510911995
-60.84702897391955
66.4342993758612
-58.341317438178855
41.876696058128715
-0.2873595991937776
-16.392203698909483
8.007348287360088
-7.856207874146946
-75.76654114211716
27.619587920958395
22.401536551587256
-4.359960205381739
0.7156351265663403
1.3013724172272987
-21.775525052960404
-48.74923038024044
-4.982848037739473
-29.638671362129784
-26.91752962794324
3.645635922995723
-46.390923099045295
-50.89596393179924
70.76498396489012
-58.15797997822733
9.337949185330913
9.231876290013659
-32.85894294889384
24.146477186238528
-15.360498749424849
-0.5358696230250359
-35.132626363003475
-57.11119779024785
52.54853576710386
-51.2525557088474
-62.95195771016676
-15.159078627425913
-31.326764467252616
-42.42604436086555
-5.889789432739889
6.1850680289092
-34.88273578468176
-24.452542233222786
-72.99910484947351
28.87686143988742
-87.88171850075828
-1.8652396178733
-3.305012885256957
64.69394111338906
-2.1890279745065158
29.95095926328159
16.07664217233166
-27.482858834531953
-28.205046497857168
-51.88570298850934
-57.56887894987036
25.863186043848444
-28.434183710265998
-67.10893713146737
61.56452044127087
58.067322557906465
5.482353643392244
-75.24476427394912
-34.702052163097036
-22.47341578542398
79.78991471829087
-4.496768191392661
0.16779936370151916
17.50462580829604
41.28498727038502
-12.958418211044801
4.671489270025944
78.73611791289139
-4.360681070929218
-15.49395321233537
-13.612451798342576
-57.64373240918827
24.611274345211513
50.592770500030525
88.91695665027163
1.6311887760683703
22.639573310449435
-24.450059126615585
-31.5440674289557
-44.66444944908467
-11.128351557436162
-91.95460250029619
34.665374712275934
40.22284964293024
-37.99859146177364
60.58339760446262
-50.08229629344213
-18.971678912146302
1.104359768332003
75.22026958260795
55.85336358029315
-54.678932813191864
-54.55703358316495
14.63102820561268
-46.68125538321154
19.009740558361216
27.02621441076404
78.84101944645673
-35.62288084177679
-13.315042547146376
4.25094182150869
25.303518621173993
25.694342148661335
81.18102167947677
29.876568296110435
16.560145097441833
37.14088399359497
-23.132867954680478
78.14337858654017
14.988133140411406
17.244290052846466
23.952110258498053
72.83509622775728
35.77002624775838
-2.949698623493049
-32.46690159658826
-78.27352923065688
-45.75981862209767
5.270909423234286
-32.70210059622457
78.76831057514451
54.882783605151275
-16.323914805324023
-78.72291861623299
62.36132312804878
52.86170733730202
2.0241601630999924
40.70733215924446
-87.18532812365936
-25.934201102108517
30.43411177215515
-38.30859233492007
6.66217932373408
51.7660877204614
4.654517194473669
-64.80309164726722
13.284201117015542
69.37752754304645
67.48693959494946
20.574647155281014
63.64677355222608
16.64291850021256
9.052082687256643
-46.04941286639903
0.28164489335615883
54.88436671759146
76.08185117245398
-10.697573228239904
-78.95452733995333
-42.915588870344244
79.78751881687191
46.2184557761708
-34.33075723946254
-39.75798523530954
-18.308194295362483
2.5689508219174826
64.31867663488859
-18.519866957220245
-61.97297804385762
-1.6972422937954832
-4.329010576658561
67.59253923511676
10.51005118594044
18.798524632572594
-27.889711519249616
59.56173296417563
-7.453123155621
-40.393066225406145
44.165448922083755
-88.3988992563463
3.82128519145094
-34.896257823646934
-7.9977587985659255
61.51814901675033
24.639011889210664
-36.88789055072972
5.7647007194288875
-0.18067061912951488
-1.9798717329961164
-49.10875565457676
23.455074885456952
46.51826864835189
35.630651289581124
-59.87163644132405
-34.467527787484784
79.7982483316552
16.452764697678475
-20.640913933398096
43.18146462238485
5.452089884440539
50.94722286740367
84.58935014906595
-4.350883686875733
-66.18340500789134
29.70079400718052
25.147598746156376
-3.8191257506414757
79.73806629366294
-30.123895647409412
0.9770809741614102
-31.140433787333308
57.16261309730535
-31.461515384709713
39.32212519019586
81.64730854454402
-30.46645353887247
75.97470824178055
-36.36463380325046
21.72977233192387
26.70446094621849
-13.27241641430885
-74.08266877385573
-90.80158279112614
33.02777727652125
19.09508389544591
62.71457789080395
-44.17900111422736
-51.531145913019685
-70.0816081490405
80.93803272244023
66.85348566270204
-2.254251380473775
80.76706015620712
79.58342111458524
4.918237517940682
-5.8138001330906945
5.511943000413595
-32.614305734443576
14.553978696912338
67.53837912491383
49.49482177855114
-72.9026563096214
-84.8958335219734
-23.500240904719917
0.6718054080667741
-52.19858400623178
-5.399796507739026
32.38119920199213
-57.345157480552245
2.723069223287311
-64.79574651821811
-3.4164064007205894
31.5445764475476
-41.32711447711601
10.72565031041455
1.5494272336103592
37.703314276886346
-9.808757600229654
-15.350331034470727
-13.629527856866076
0.1966184781068705
-31.367527484945924
-10.321994510071676
-24.51140401243839
3.5480195123528944
-47.915343455593224
23.03488572238936
80.74156373945675
0.5638405860089648
1.2399387881972501
-16.869285317282262
46.353146956882625
19.062441122054736
-59.810394365786266
53.53290379059055
-56.760906223239004
9.379893298177578
-31.93727901237247
25.976810082693135
-71.81813546486083
8.962494444401798
-25.332164827459664
39.117107380883226
38.471290144795034
6.132189115424353
-21.9797670173471
79.61701834653016
55.62212969804847
34.11351636422975
-17.93049549356735
-17.73892399818787
67.88481394754592
-16.676459731962268
44.924868910474686
45.403909757598
80.40094148273889
-13.622030499759802
-78.9384287460053
18.026242321740853
-57.12100360940985
-62.46941522706813
29.103287592048716
-18.176302323020792
-3.7610384244618444
-7.7869037500548615
-37.69456882445612
49.594388742513985
-21.049018264671915
63.390463771672984
-42.1081882220137
33.27376308064947
-16.392931680536876
45.78110153882682
-19.86102304956148
12.217143295658857
3.7258611485547988
23.670317326953608
-30.21716354310952
77.35020353852514
20.80010999520357
29.643360177053808
57.1561956628955
0.07149202352039197
6.653576826058099
38.19463046254373
-58.20914993796871
3.6085189267407713
64.2827319206163
-85.25844641642921
-7.4702165080507825
72.42566570152417
-68.30261250797138
-37.68493810650779
-8.693950690597319
-83.44891327603872
-32.386853109718686
39.99441655660547
-51.16229825321859
-21.192415109768675
-5.472036122219052
16.785158396672742
19.715735597332056
-69.79621921116758
-64.58585372942972
-82.20013942711104
17.656240357623616
-35.042454086101195
-62.833925557844466
16.11206077708337
4.744281439507105
-15.033275337093869
-23.31523194058667
-10.389856109843933
-14.698780926716978
-51.98625186959633
-7.582742952301942
37.874521293342724
6.632198904627074
52.71062583947668
17.644172726444026
-7.9692193739738855
-70.19763268679439
-94.58944227707028
-46.353407216100244
-49.28361419879792
-85.8210851309954
-17.776261136990627
51.54000362133465
37.61856387104447
10.213184418101875
-28.783128760587275
3.0376473477359696
-48.95968055485928
63.841812347650944
-58.800207546599864
-12.134745333500945
40.506209898210074
-41.027152425633126
-6.642062918957407
77.1083970606227
11.47452976692773
-0.03420169251386085
-5.065185434831022
-11.54615642154873
51.390624041413304
17.23444960043483
69.41352060661231
4.696535977664354
-20.863748255156423
-16.398535390387067
-48.24214880509875
-17.4191415762226
-1.9615415466689967
46.52625290606383
3.203153732563308
-73.06251552114057
-18.17041392649631
-55.341608887441375
40.16957173312082
-8.67418878430118
-35.01999454894761
9.97785112521153
11.850802339158733
38.6661478991864
-46.577783855215046
-86.62476037208093
-3.1344503794861964
-30.92471513254165
-44.59177611258761
-60.080999627365884
42.16659254889353
-72.91423172912255
-3.261242643618786
25.472472383651038
-23.03602672160669
3.2768820772751326
4.663921448879577
-6.069221093048512
-4.361376363463904
-59.09487187333268
-52.345295404305155
-21.397419373057147
-1.0093917021268908
-39.4224500287385
19.88917497401357
-59.069357924555405
31.794121893191857
84.49631606585521
-4.10189153081059
8.015223875304784
-0.9133427565183467
30.02928816379098
-12.533849946451156
-84.31396727227451
69.41572435403114
88.40950472265166
59.4338636794578
23.92375419332612
4.25800545673772
-11.868410082437151
77.75103492687558
-19.50409586539331
-91.6210337634483
-6.764201729768104
-10.9635713694705
-1.1152126400753843
-16.249853498932907
-11.029480373989898
0.9509988108303133
69.87695181681354
-3.40800643960209
29.576072374179574
50.08080821204075
57.99036012167099
-74.74635653535928
-22.553982667620346
-8.151434597075252
-45.8238119064717
29.50744279709484
1.8703960480110169
-55.94964452934819
12.765905377992965
-12.550841299582785
82.3571848287097
-41.88676111281774
-7.88093734925728
-0.008136815161122968
9.768171891203295
-24.25365425595494
-68.26561266162665
-59.35930928040006
15.462341749892914
-17.396733714057504
33.3227382224685
-16.341763571170475
-10.561856570571962
29.897234565513315
33.748406639031145
-5.353772956130058
-6.8901360622283505
73.39600411161655
-44.04683084850318
47.478670876766756
-16.770088554894173
-10.698312524204894
17.21209316122159
15.754900628362108
86.74349314231421
-51.29307457944595
-30.695875371041723
-12.244427744887787
6.819786676046974
-12.794229615590751
7.132905764517261
-33.25535676978697
-1.9554220640416276
-54.79020867362433
28.335328453562184
12.227817020026606
-1.3302210220504804
24.49065516594979
52.93161672261584
71.03681914240644
-20.24094036506831
34.022309732223334
37.78333208671472
31.597322153871914
88.62738462374077
-19.776629615560125
27.865494400209244
34.6242296788717
79.75902876456692
42.883149622545005
-1.6627879572993862
44.188901814112995
-10.019172909439106
14.929401160086186
31.61065046429178
-36.5318642327898
-63.72395933851474
8.687788359823585
-51.24905222682879
26.262833804938865
17.091199136935458
18.741731149726405
-4.3482145368628835
-32.96376563117809
-0.8320236106408458
13.8558385300516
47.18463764780867
-18.766712058502435
72.68427583500949
-59.583929435882
-29.155449991733477
-41.59205050256424
-3.035493064496876
72.66221662643679
-41.92031869890726
19.971971830237194
-43.522655410058086
-15.591940290259018
-4.472518086189794
-75.50972236357846
-61.9712076768551
66.01730523925266
-3.3019482316114477
-37.29023007287144
-53.649646063102715
-13.238167068114137
-1.3156933777105166
-13.219770667077754
-72.93048588073228
-7.371947968966154
0.7527354971863929
43.35542114984449
-51.641668351281275
-15.251948258704957
-94.61388463081623
-9.865932921380733
-81.88670011909116
52.60909742210191
-39.8079815744219
73.795411842399
-29.93849441399955
11.045646252159173
-62.54778762728185
-33.604670196470465
53.105762239289476
-28.30208528129171
20.043722130152076
-3.4686020528126136
-66.08149011854134
9.393946420287804
75.66942769047239
65.80381066421609
-70.23538557278196
24.159204006629764
-59.46134701890039
34.27485163831031
36.03169706838702
-1.2832381080736894
-2.88803808021342
-46.33644832009575
10.364067655998923
-12.008651005765529
26.125790744888562
-48.007336066654126
-19.111763825816553
-43.34279977542521
-26.338774929152407
0.03382217162136669
-10.552573561689101
5.912959677300563
-14.305453895746467
16.328684552334707
-31.998562551520436
4.1095740228073225
-86.38268480273466
-53.5964009403826
-10.733899241477957
70.30308886592158
-78.93178969054793
52.17937341595581
54.685198497182256
58.100108553219656
6.899206617461374
-74.64682281825283
48.06974040350772
-79.51307515141708
-5.366161840056122
-18.129611539266946
-14.66262645251669
50.01380400283131
-8.516375786126929
-37.78143714164526
-53.02896359811828
-7.283374572770342
-19.89784060249707
-6.2902906838595385
36.84820955398854
-2.3351000366059367
53.16456988241865
-10.499747875825292
-72.86353014075871
49.286171757696394
16.98810441802725
-18.08849318052893
0.39971311585523495
47.96852709934129
18.675558603882834
60.82100800161646
0.11999118033499201
16.219872120612024
-31.157451373667683
-24.999137890255284
-18.80637637975991
3.7190927868820864
-16.57482900131116
74.41816268963942
-12.371980998916655
31.17556323783262
-12.83062692443768
-66.30264049313001
70.65498307015895
-66.6659308781604
35.164928037599196
-44.34510056041252
3.614489312079769
-13.947320868431078
-72.20062462614685
13.768813596548966
-8.913160648166127
-49.25090358542293
59.65924955253871
10.376971667866925
59.644326981137795
22.880968296301546
-50.447865827357
-53.005485704183315
-37.8184848705452
-60.14359893938361
35.65430931899485
22.30988226481078
-17.518657374738552
-24.243377251157796
45.21018212034653
-11.753022552132009
-69.28423407057635
6.266565196039323
-72.84637463381652
-18.678047757905645
14.218893728537708
-34.23243761902453
7.6631279060539015
19.541941857459292
-45.45867529630584
-54.30063076153787
11.495054289195465
-0.26505843013202934
-11.460808090202505
-2.714839248105463
-2.6137618917518353
30.255077516291408
-34.60744294149081
-28.644447946609276
7.693332670132364
25.74598595736353
25.056057087825096
14.259620721734223
-79.15138458334502
0.18126959366722417
42.849546390254176
-41.10504525970477
-14.735074054900267
10.308795586157729
-36.24733320976364
85.21555908201674
-3.3394983846539077
-15.382194817465034
-28.108980773430645
3.6449139838478857
-18.58102360352298
-57.56585010050109
74.3463969891603
-23.550324148206684
-28.706245111739932
-11.4976818049022
71.85547170247418
-3.457690888249502
-35.61344839785838
49.78699687510189
-36.44314632299002
-13.811530438728738
-32.51775322427879
39.34723698536342
-0.9944704297121092
32.54969073280705
-0.8428852729871181
6.613142373883164
78.63978030668531
-29.105111835134096
67.89447883265777
57.66977769733296
10.073613051410248
-23.93069779627804
-20.13725929382653
33.07030261792244
-11.890050313200831
-67.91150158781836
-19.64928909778483
90.13662693782442
-17.013791316073423
30.745010303417246
-58.546900485756936
27.00064108262083
34.30349281331905
36.44333490534092
-12.42653214441998
56.41544320498164
-3.9757134582129083
-6.157260972969951
-31.938216791910463
-5.411410110828456
-25.547938834023313
-13.852089785626987
-7.910993305315586
0.021781993718050785
45.77416239782434
-65.0897441627215
15.372990926341089
34.072666077825204
76.32952290929916
11.144061869652887
-64.99798893704693
61.21292739911243
29.866989549663145
-10.433701541576184
18.685487099501216
3.1655534771187774
2.8515502205961383
-57.184322914781205
-90.16359491822733
-80.51370962760217
-22.676955377085577
15.677824022284483
-15.311745301113092
-72.14595280617125
-0.42730652944818814
-47.351525848090056
-89.82339828388055
25.71438755260077
0.6803097008667152
-31.315335717680114
33.54832120155925
39.869054435311625
-58.69525741872997
24.911765936337346
-12.744770190803322
-26.409700290310738
-35.37893506087726
-36.78801516320941
-26.83950791799849
44.252444148822946
60.2708123970321
-78.78353199177481
-11.417204563070754
-0.6126862937805129
-2.160410745715893
-12.130241539287965
-41.67292267339336
-58.372425942450626
46.59668711254773
45.176793547095144
-0.49608888742004353
15.215882434041319
20.79855234259992
12.305606420018492
70.85350534040242
19.129583332926387
-12.262905396218912
33.21535385476838
86.9796173197507
-52.62834662644205
18.580437842081892
-76.4429550909098
13.948468478370572
49.50012091695635
-3.8008429261030443
-38.12465752043075
-14.810478034750133
51.93102088639813
-6.430789874005939
-24.440523983978665
35.049691837176596
13.17534161307799
-68.52368277617424
-21.405102678536437
-5.371651833653857
25.36377202820576
26.139458590500823
-3.474750457281459
51.04091295258161
41.06694937877472
-29.904548119856145
0.20410183769240575
-31.631368751585413
-13.906251534430496
-1.555440672871498
-25.35074112818664
-13.20939633028766
-4.955220908699133
-77.44324582300179
61.43706234596726
1.4837089218478638
23.14166986595572
16.283455725483634
-18.11473900219889
-0.20280220552595551
16.642400574380474
10.573093226452826
-33.880024191172105
41.11387375129843
18.232993265722627
-71.33639821850873
-42.26437733724967
-12.059060495358978
46.905616886525166
-20.517372271831817
48.68031337473826
33.05395794212933
61.60930227011258
48.331405867992316
69.45846976244454
-70.19305054962298
30.304830887474623
12.846733652826558
-13.15579160340711
-43.17685302462431
63.87908707847393
-4.207658367977174
20.80099791730703
-52.97446047853795
-7.42411261028694
4.756687663969657
79.35209873646829
-59.05004974161257
-10.526773322037343
-18.453804964110418
-15.786961664791065
-62.688853975119834
14.17806882961321
-5.864854312190104
-45.61941147507615
-43.26519155397611
59.25252402492765
67.72360717671359
-18.269512781770572
83.47226751333406
-59.777905534114964
43.88474464531774
82.87221279227202
-58.38150223087669
82.70481196729278
43.062082233336696
9.281467147729416
-17.5174602943639
-22.315737431559313
-62.85069709293064
59.5756237478557
-15.653598421400687
-53.803455694111214
11.187132140465678
4.770619099864831
-2.516072072737785
-18.07090173159301
-49.81890698389244
-27.618214243182592
77.93082070954608
30.990683257767245
18.184356700614927
