28.504853180583723
-35.34329098672606
-56.24765682771169
-55.834984537631584
-40.561649003014665
-30.137103332875952
-43.76506892361791
18.08210711410588
-47.814205947724496
28.696834765573527
15.993439244970077
-29.576559517374562
-6.076336085607409
-15.235949289588177
43.18199633458846
27.07859358268334
27.183409378445603
-29.723783280299187
48.660293741085354
49.184434589305
-30.796179595395643
74.55103396302181
50.98271204196533
-32.47393559974799
12.786600826445095
1.1099930773249298
-40.95404723569319
-29.452076105671296
58.59090395108828
-6.011238756758175
86.75878165882074
-8.540957963814705
-13.806326793851667
78.8858083003289
-29.48633123849973
36.606535617171915
3.2781942911442172
-69.43491463455013
-26.327753527139762
51.67398801123218
9.006943458741361
15.279942350972789
-35.08971302038005
-25.377986129534634
30.20886614271427
-83.38780499203168
75.69693264890807
-59.4408293194594
46.12958932760597
-14.655639433222717
-1.5420157309795428
4.335012592626455
64.88667765094266
2.564834583993317
10.280833068428024
15.42756582675392
-20.450977948660395
-73.0849651929739
-1.2135726893933878
-1.1945806726051416
19.877064708255773
-31.45521062126788
37.113131070881565
-0.762633361008028
-15.736115298683174
-14.48722305539522
0.05265738192859715
39.8763863426112
-7.184223945711636
-10.299590683952957
33.72312899299922
44.859518246738105
-50.15905759288106
-45.09777076285127
-20.537183704991662
28.723530797742413
74.45433370195815
-36.5793555036913
-55.3976134463661
-39.22208033752888
-14.797023601164284
3.5203052225312916
31.94336710419313
-14.81848595003359
77.38783750725688
9.12457958474036
38.00892122202126
64.58024694984553
-54.16249705929913
30.203937158911174
-51.63881498208343
-27.302543084226983
82.63409292850278
38.71268982552195
-34.73689302505714
63.29918176302465
-63.109069163231716
-29.61552505224897
24.92767055799915
-16.421388887714954
-1.4443333303914585
86.92070045626349
-9.253955984259306
-64.29435967899957
24.055233588514994
-7.699683658528585
-63.867106588243146
68.05619293649119
-60.872392936979715
43.67793282890395
-1.1266330033532768
-19.45342477071391
8.725571613229846
-9.538125606908011
-71.8620895434928
31.716329529663824
24.56159573284762
-3.4976050583478013
0.320661023894516
0.7208593197850348
-27.70739027700867
-49.17766707750121
-4.486881394321813
-30.426876855781828
-28.50975323563914
4.16022106661876
-52.257792180255144
-51.84471711545196
61.86872926154152
-54.136285159076216
10.636995233668799
10.16079490677646
-29.040183722827535
24.618732775192996
-17.0442798982926
-0.6033428926539841
-25.58960687841609
-58.27330609769392
57.58432894537182
-48.68888726279719
-48.12049835292275
-19.550428960404943
-36.62860553419224
-46.29565091985734
-8.149994805933716
6.534325589568311
-40.78021320226837
-27.50013200342211
-69.62340370354426
33.01228492243888
-81.67561194739397
-2.5838563101454923
-4.777332808234036
69.1843592812875
-3.5862429337111195
34.18891319294332
18.02325922745422
-29.95527945525268
-28.375911141986492
-48.06866166860918
-48.81465580388829
21.175098803499964
-35.014254657089666
-58.878932803492084
65.99055084568309
58.40934787493555
6.602265582566346
-62.24298781473945
-39.973150779338646
-28.29966843689114
76.16463492682675
-6.38145249743738
-0.291686804186682
19.851843207430775
46.44880355403339
-10.735906787412048
5.293638756302059
78.56768641885287
-6.2666473202002635
-12.813049716831543
-17.378260169768808
-58.78359958165875
28.27641183221266
43.686950172537564
88.5136235241431
1.7697446823110567
25.74650817828899
-28.713597021810827
-34.31091725647989
-41.65119725770718
-14.265792090606155
-83.77168684169568
35.761719893318286
44.49539782304382
-44.94916389029231
62.486847310724414
-45.786277989524535
-15.095842149312418
0.6161254958349929
70.29803783911109
60.28856010345305
-49.03054079301497
-54.520887992922866
15.572715486733244
-47.86089316921697
19.66762097040703
30.600472294134164
75.87273963154703
-41.96206776862555
-11.420336636784157
1.7133640452697847
28.278648665167637
25.04337502327965
81.22417849394907
33.78463989811004
18.62657286250287
41.415651602911225
-29.62535930033347
77.1718767488683
4.509001418872188
13.818161675670922
27.564117148680566
63.90681648556941
30.87541569768581
-3.7182152000857087
-38.36972310399175
-73.15693124823846
-36.30052027649226
6.110010043499074
-28.578389302024334
70.55332321588133
39.34804869821767
-20.768825902448015
-74.44564471374605
63.53252348928996
48.90252514989203
2.5356557875408896
35.50222309236784
-76.01376962789342
-31.215043731142742
34.87735223568973
-39.282766235964004
7.129246143029135
52.7293311266331
4.497426133932322
-64.61643340126629
14.980668009521551
72.82576379028157
67.65169414800326
22.48399036657051
61.67314041874269
19.15281496120207
10.032910639982234
-51.68219930235365
-0.5744068892663989
59.38354490990099
74.13868800302907
-13.007384018500716
-76.59789514120148
-49.204951680168676
80.1124005737883
50.91367317988525
-27.794157884726502
-41.14897844081921
-23.458689803722322
0.8459322376621543
57.518949734329965
-23.809666984672432
-58.58963964606952
-2.6272621130260063
-5.415539887280133
71.75615044734519
1.9925132921513864
20.65973726584923
-26.31673595642998
64.34940867398689
-9.907892076356774
-33.777765308198326
45.21903409513919
-80.54657556195949
4.3000885583992385
-41.59039472759011
-10.818368426693297
61.87217537173774
28.17604202986324
-32.47188408086467
6.372641745825987
-0.9954884425930999
-3.0276018004804683
-53.830986130917864
23.493932990228032
51.444849785109994
40.21018626144124
-63.20797268465657
-40.83329897457143
70.42182313727969
13.521007533748076
-25.470130462821814
44.081323020323765
5.746407127604115
52.52646286442041
75.49179375225074
-4.596603591014286
-67.50369584602674
33.34837484438256
26.577426747005404
-3.481777372766814
81.1939767692362
-32.087540793827685
0.32051773049524
-36.73215306515918
61.69796105337127
-34.124164572623904
43.33083889002705
81.94659649982063
-29.766266155435616
74.13321548074163
-35.470661952943594
25.004918317594857
22.126693956204193
-12.088043436902879
-72.14927531867495
-82.94110947386582
34.34103661451809
22.04255194241665
66.0881690031479
-37.51529033697735
-54.06419629324517
-70.42377901965077
76.2751827889401
61.72226764763752
-3.583840709529923
80.84341381511709
80.64052266687412
1.3579985908128833
-8.077695927333195
2.20617061284959
-28.41416331287634
5.175129183257567
62.09033890270027
52.26376411862486
-57.789522783154545
-79.14131986858278
-19.853532090973573
0.5884005219757995
-51.767274722026464
-7.548843828739905
36.68057375579164
-51.899656581955156
3.3635712902427173
-57.67063022318747
-4.915224343155984
35.43187865082075
-34.01789365217994
12.42371735974774
2.030832627135794
42.7483512850535
-13.119940736106983
-20.21456330011071
-11.7831212754119
-0.43147721802085925
-34.10985392175987
-13.781834115568302
-29.547506369676114
3.6215979390955653
-53.03081981406515
15.15116919106839
80.5497446893882
0.3705453234862972
0.7809360333088051
-14.702384105085898
36.2159300211992
9.811197451172603
-50.008495100255914
49.45254445237998
-56.5502278681251
10.336819555143023
-35.84293983578233
29.879768105715755
-69.60571220519498
9.934115974926016
-29.621158309952506
40.53481965652631
42.65516139938933
6.5214172549544
-26.524368214905863
81.62382913563485
37.52274714968925
37.90611089244268
-20.12330792199387
-19.394853616004127
64.01151289127034
-21.623338953287487
49.304861443453916
50.49312056821569
74.69967832740974
-17.506409897739275
-66.97574938509477
20.68082017109265
-61.00550398948388
-62.98088133593824
33.25778324618682
-18.50671399600097
-3.509865079852773
-10.089572372208934
-34.75173206059679
40.07810930479204
-23.81726290888166
58.12741512345309
-43.233304099288944
37.15340321627906
-18.194842267670694
50.346297271501925
-16.420477345253772
13.329126865083254
3.5807394974264213
27.24928765764389
-23.007442267801537
80.03144196457063
23.335394628608952
32.776220570292594
59.472603138078796
-0.34208398486201474
7.447756384573438
40.59293114664197
-57.708277015621036
4.133246607841144
68.78482595702053
-79.39065012236478
-9.939957954858528
69.23435534438826
-69.15273283803681
-44.11484969239868
-11.600387212194775
-72.13002538546701
-38.54692364242902
37.07889178791095
-52.43586854908358
-23.301825297077258
-7.550274107202469
14.24674822153338
22.15155171696739
-62.630744341604526
-60.33263462397909
-75.5690674818218
20.484143856454892
-31.09085037609485
-61.98654268356989
17.96646609885873
2.773707709363393
-19.351082309258942
-24.37752661490832
-9.24476090333603
-18.927318723140203
-51.699284232433854
-8.677467973654899
23.788207590546534
7.692966511427073
58.03177308627323
11.6659777072135
-6.786004546717379
-65.6620483471783
-83.18760406180512
-50.17658415557823
-41.172975362257006
-76.52891293115303
-18.064590071143584
49.118906319849
36.36811749096128
11.31768326946117
-32.974287334778964
3.5361357013789387
-46.23143030482183
67.96880294249311
-51.628842761047096
-12.435348863263755
45.3376583684454
-46.88268465875722
-8.800124581032478
78.61265455524048
13.00292091903475
-0.3933555701724174
-4.22506502630668
-13.044322770184039
52.519514605445835
18.48814441648382
72.40635936543612
5.543257463529542
-26.78187497935076
-21.21300592143814
-52.223477262803364
-21.60336151005903
-2.9786915654661357
38.94554293118259
1.9174358492619632
-71.74042671547679
-23.74661935946736
-43.67322912239277
45.09246419826641
-11.524618255200565
-40.62861781531256
11.065360564963356
7.1188308149516075
38.32737308200436
-52.673564781212946
-80.54005009368733
-2.9378118872575385
-23.411579568197283
-47.27807267924188
-62.50028303987091
47.29722178790209
-61.27467050169411
-4.664611238098374
29.318881581795566
-24.82156899999896
3.1573011488820697
4.714528932146607
-5.813205995956679
-5.205915979883159
-46.56612773588527
-45.12335116715117
-25.740948706484176
-1.9657026635718609
-46.436543579038464
20.31455371098292
-48.176419419610866
36.2814765857413
84.82999151240705
-5.584267177277042
8.722472661705964
-2.011301222073598
31.889717946534745
-16.547729581087438
-79.77008719177093
58.73688240693298
84.6163790481285
41.5890120488601
27.354976866023932
4.221148348709633
-15.291119487307455
72.12047085166145
-24.899986141898694
-82.21369898080259
-5.949660896942518
-14.561750926220085
-1.1011150559109382
-19.44235746362922
-13.892998192632149
1.1572358619398102
72.54916575583829
-4.825857343145003
33.72774142261744
54.37611552514829
51.476087637519356
-71.35188412885236
-27.076725221490662
-6.883548461995929
-43.42474118518983
33.79916073232798
1.4256742307394887
-57.53265641838376
14.356598322501739
-15.894161728321322
82.82263594078844
-48.073047100912795
-10.60362885481645
-0.8880859411243733
10.623400619986455
-30.64640962906003
-64.2116905812423
-59.88733181388242
17.002317491288267
-22.773324256239164
18.19039507355329
-16.31060899717623
-11.794485796918465
25.497702368937112
37.48253776697942
-7.320240084340185
-9.423687498091994
74.05222780265262
-43.99434933524762
30.15597903355065
-19.37915511051706
-13.433445129757857
17.870318365364056
16.52418004249958
85.1805566904491
-41.59314268286142
-31.063107357015937
-16.19411726827761
8.106043443503893
-12.970338057211634
8.466637373025591
-39.807979860838834
-3.1471268832761154
-58.022826001318805
30.064579785966103
10.647215925635592
-1.9909573776339187
26.198176654929995
49.01604383806017
74.71905395265935
-23.946117149978875
38.561813099447505
42.34046110552404
33.402020219420535
87.44717421873418
-23.144973503662257
28.77041120947274
26.2779454333223
73.39289404929269
46.03611161220874
-1.3628800370867395
31.99014495217105
-12.444547221717016
17.259612876909898
35.91203782982788
-32.6635458051223
-62.90771481684941
9.9767700297744
-45.17336083959249
30.283196718336484
19.25341090960619
20.897583104729947
-5.611171660159599
-38.53905333088702
-1.5634183347404473
15.578053734811732
50.50115686488664
-18.95691061720703
70.36292182611194
-57.29913885652477
-29.535894365013235
-44.622920601799954
-4.641126023642542
75.72258819917747
-47.894181100445465
14.886377383248899
-47.693810101834956
-20.48526293707262
-5.801414710699973
-66.19879863753603
-58.39641156240406
70.28692743369112
-4.619253384468223
-44.29401706175252
-53.55865031961846
-11.400570733852689
-1.8907757334788329
-10.922625944216676
-72.49181942003625
-9.965725377072076
0.43356071739925994
45.1585842478861
-50.646571117271236
-17.273193042046884
-82.61498394854311
-9.225220161779404
-69.61455816742524
57.82946969468679
-44.2258379537096
76.8295730568355
-25.551566147612334
12.526017095230756
-64.56371552834338
-39.144268141171764
56.364610056314035
-30.92968924668459
22.73074231682655
-4.981490457980783
-54.94018534636022
10.700077612488627
76.28885434873524
68.36545349300258
-69.9562257256088
14.701710911185515
-55.6335064146679
38.54378324491063
39.94689701728143
-2.156504556871866
-4.181862493830607
-43.9337034667656
11.483216351494363
-11.211781102763425
29.738582326703266
-35.0484111317002
-17.295536749053127
-43.04741491688014
-27.2206423352999
-0.0891470184366483
-13.95178874195524
6.259474683971192
-18.967665934533997
18.079708451083988
-38.7758530249517
4.067930557436796
-80.05443001827763
-52.87906022605357
-14.325928683684694
68.85110170220588
-69.9635764295839
54.78578271446915
53.434292095820496
60.61902847765708
7.387363108497894
-70.94559936183681
51.15085394207054
-66.77789012694357
-7.51926088554076
-17.0647153069623
-19.241283756544334
53.6196485771535
-7.172499362850573
-37.21662482374197
-53.77058380359547
-7.96553027965092
-25.085749604956007
-8.212362071790139
31.22310826419519
-3.1672449183097626
58.435633317489675
-14.019382259008182
-56.697675665396034
53.9790557712013
19.743264244903884
-17.307497442183916
-0.3927217339575577
53.03154557496265
14.268837155654609
60.75468361410603
-0.17827772741594572
18.819259839434892
-23.97597930905583
-27.155046476897724
-24.408358835725622
4.027311851784347
-21.814376682382402
70.71147067482795
-12.426023528070417
35.71206199368342
-11.624003802663836
-66.66067105076502
60.59319295850429
-56.77078499942512
39.7568603084442
-50.49655383209043
3.606051302819793
-17.781265539393175
-61.55102699639799
15.205899145160899
-11.975211528451837
-47.42813114581652
50.04176193376102
10.273010080366518
56.85322299416006
25.12788819914698
-40.790428900895805
-54.40684200389845
-43.921739922940105
-59.87842880607094
40.533322090993266
25.348730864713232
-22.71178950283624
-28.999304367289056
50.28157369051462
-10.942055457997228
-69.67394656184243
7.23529881957343
-65.15277659811932
-23.86207443169475
16.019705299088457
-40.116530268515426
8.298405544214049
20.372894423373367
-45.996485315310785
-56.69923292985268
10.716933577706683
0.29642629908489937
-14.175394491430495
-2.5144621488693275
-3.644994681540112
28.698134303399783
-29.577600052556278
-21.27101174650737
8.54013988568559
29.59896331299784
27.081747037114965
5.210097238519211
-69.34588309976517
-0.42497608555659383
43.14685412071475
-31.261193233227416
-18.99251055341098
11.433861430200196
-42.3811177144615
84.62711649413686
-5.015665100476028
-19.842242387946087
-35.04786450851767
3.512914057835502
-24.166041421064634
-46.02863723376834
77.61250798817969
-28.986040843886272
-33.53448039919938
-9.572135620712942
71.82791720340032
-4.450286187638355
-38.955152352208366
54.283212920881766
-41.18219271760131
-12.742257959667867
-37.42469902478471
41.725616995772924
-1.4559664269849435
27.47930080674402
-0.7729022044294425
7.0791341898345905
65.33871645610995
-32.714908362010064
70.27487315031772
47.849419354832605
11.186542964275773
-29.897541114732164
-16.973943691511025
30.14481453085628
-10.397630554424865
-52.91550240981937
-23.71239336296796
84.85717686483474
-22.19512670937783
33.12284116753932
-56.00263573580115
30.19725371958836
39.10600410610971
39.68937278408234
-14.703974569105682
59.24012960671803
-5.774613654611869
-8.124003054687037
-36.555882459776555
-7.2326272707176855
-32.04775610925758
-18.097247892412256
-10.356415037870818
0.6452581737275125
46.40253342972801
-63.871792708601845
16.50204459946346
36.35976793754301
71.51922008332022
12.399136094813727
-60.8486790489739
64.71131328522915
34.21995612483258
-13.576959195623616
20.794491863539292
3.171412304960967
2.6531352474969907
-45.860034265787256
-79.11772380819383
-69.64780970200543
-17.498265790592995
18.168577319575263
-15.473729533228905
-69.47748553764436
-0.9586958276408524
-43.938492295534815
-75.90993762428474
29.279091838986346
0.9194741442126002
-27.737834833517468
37.224382102369844
44.76548194027325
-59.46454809259024
27.960147840379264
-10.841512742628154
-32.77182456201433
-29.306073284531706
-41.7718605850485
-32.993216274116676
29.092974142141884
49.1595192033642
-69.71346690144743
-14.907972371830255
-1.3018406663324242
-2.7460266741984753
-16.09737200291916
-48.46481233489251
-60.05130862502803
51.364623979631006
37.19552916735395
-0.34049986021855716
17.548482034119928
24.04307008928086
13.028263503598609
73.54487308840996
21.92083053960134
-15.699293052366045
37.59865860187131
78.33690648367696
-57.3950298372779
9.796083606068436
-60.14777620768585
16.35260567942666
51.628628530905274
-4.830372175987165
-44.03420099621093
-18.631058944866098
52.781848848793715
-5.967478817118177
-21.224652277120015
37.9078878896467
14.590303876334488
-66.93902213215092
-27.50829721546505
-7.067399306479501
28.988542406668216
29.977005962291713
-5.065492543495594
45.51631971016289
33.48053770531931
-28.90202416990833
-0.057925293883712925
-27.668863920635616
-14.325093980041032
-2.047811055594792
-30.938009788580004
-16.035889454760465
-6.952930322143374
-70.06526465432644
55.79701961827104
0.8723462878105153
26.443759906021015
18.234164204560045
-14.955288496033404
-1.0303113836172741
17.84110707258256
11.924748080288666
-25.169060901834825
31.131864731414396
15.836731378677442
-68.83576800678985
-48.831446498830395
-11.561100690545231
32.68871424139948
-25.47418936060538
49.681732801960834
37.20935928567306
58.99098176772952
48.56770665645868
69.78029264128855
-70.93733051344306
26.28887282020375
15.03907942046601
-16.673198511526124
-49.0332244160473
67.8708905343712
-6.006182334129107
16.861358992864098
-51.45845436519626
-9.903190725633067
5.4035865097682745
75.1463993340156
-61.30151792449663
-13.039955864612025
-21.992826976345057
-19.988265361812637
-58.73978454248671
16.526216878953704
-7.301478620917294
-51.411812860961724
-48.48647177016993
62.61187677088472
53.16915763913863
-23.34704086394092
74.13691052015812
-61.19374304663666
48.239767653178376
81.39358504311105
-44.563851912179395
73.88655970781221
41.95131358051228
4.109643147574118
-19.475798513204595
-18.287152853440105
-62.61739188160762
56.179511648044354
-13.052862824962858
-42.46164993998132
12.424516366327225
4.861140576670564
-3.9902538791796474
-22.775879992521837
-36.675270361264154
-24.92732393686184
76.16619451475154
34.928143568876095
20.1068676121981
