28.15162655689454
-35.205536533140545
-56.439126488003396
-56.04020321311096
-40.67992460738099
-29.969876669445796
-43.662571752682865
17.80393647650257
-47.89079992853766
28.420746384046907
15.837198247508582
-29.306338437006232
-6.066260677899621
-15.081932123707404
43.470019175034025
26.712382722137377
26.903262011362727
-29.683540423681038
48.61195125108776
49.25098236298652
-30.763478838132528
74.60560092572646
51.035190829912096
-32.37730688365404
12.588587729696513
1.0442732356527245
-40.89473302325664
-29.23597772378254
58.41853480066433
-6.022613921581282
86.99767244442376
-8.441059003396745
-13.643379177347967
79.04319455945415
-29.369803262312047
36.44177695738804
3.1956326906360175
-69.31261872954886
-26.19175748033021
51.46139755895129
8.844789867301003
15.04125165102566
-35.04318885349939
-25.147682022407594
30.16798053543127
-83.51111044513779
75.97878100615623
-59.404585823664135
46.1100158058876
-14.68158042013168
-1.578650858820609
4.3713132811443245
64.84754846754402
2.4562032651242873
10.37065218797774
15.55291276171944
-20.441688112272146
-73.04782715399571
-1.264165831757282
-1.1775663938944092
19.615267612895465
-31.577097949007992
36.81931918379473
-0.7376989898475586
-15.670180426201284
-14.54442338051777
-0.020971646421742207
39.966609341537264
-7.095246451840822
-10.239230791042885
33.47582221268891
44.925484901694915
-50.25572573419827
-44.9487114469609
-20.398776041377033
28.893168861601154
74.59711567490629
-36.39607026039944
-55.58166182513098
-39.00926576924736
-14.803917402542822
3.543582616422512
31.73166115133003
-14.730920315684628
77.47364932355052
9.207559086520575
37.86793838951684
64.83191590408876
-54.3700294151622
30.435472111223987
-51.70393142277583
-27.075048501863606
82.8042203468759
38.48785516818157
-34.6196636678452
63.13016154885645
-63.29312875534685
-29.644281294557686
24.86619063215167
-16.404989280312464
-1.5144623207451104
87.16402608313871
-9.258080605625196
-64.35416956625949
23.94058848690638
-7.686959489494072
-63.694323896314934
68.08931376897485
-60.73073311265825
43.63696446110325
-1.171054278056559
-19.38738822409519
8.552069876434459
-9.547767195486642
-71.88357374057664
31.34932335963674
24.4392697139603
-3.4845843165400794
0.26720073955387136
0.6422711775893504
-27.45698097614087
-49.13264195819898
-4.50091769385304
-30.396999793118155
-28.46531135466438
4.0551552228711785
-51.99997656683248
-51.78067203583859
62.11898426281289
-54.18508594973462
10.431111072390124
9.999004129359562
-29.081406751768853
24.61474369176679
-17.02456614500329
-0.6601255132993629
-25.737531661939713
-58.18817991509268
57.36780699111921
-48.7120660398974
-48.31144054706035
-19.392363182613366
-36.42950717864359
-46.14351686689906
-8.096413622348777
6.384294567798065
-40.54394772285217
-27.41661807771817
-69.63778363426664
32.66879737915974
-81.71900639987071
-2.5725755461603086
-4.813813473736374
69.08014203166013
-3.624008068091385
33.8476105513237
17.8452238730913
-29.884894419013193
-28.360184472239624
-48.114741318107065
-48.93370832429345
21.292393009847288
-34.73699422768657
-58.99712032961486
65.87367325127485
58.457591553437425
6.463066690710036
-62.42602768969754
-39.77103743137043
-28.061615658735292
76.36504431858486
-6.349961104476193
-0.36732119064993185
19.60896038836735
46.11353781430043
-10.748617428005815
5.27550108465941
78.70061737409173
-6.250578254878121
-12.832092663859285
-17.269350742205575
-58.69780322099867
27.93305859371482
43.87284643422905
88.70719987129428
1.7068179390600875
25.47733588723044
-28.577355950664696
-34.2229643127358
-41.68380827030333
-14.198572712235404
-83.85580281882302
35.73977597871712
44.28187468997544
-44.64815121840332
62.48986977118702
-45.84011219608586
-15.157776256221737
0.5289230109312655
70.50406555926756
60.143391554354736
-49.10631887992857
-54.479847851688014
15.534284755365178
-47.79716472628428
19.652093768783672
30.335529635510767
76.05899985726029
-41.69968471357412
-11.426492773615976
1.751837428639746
28.083886129992962
25.082464851657463
81.36488143655922
33.51055910502967
18.43025311034981
41.17716067325213
-29.335757323584687
77.31877258058134
4.539562888523122
13.907034321829087
27.21638102662085
64.16202184244344
31.01066458025042
-3.768254448400185
-38.135673858714334
-73.20486372056165
-36.4216486892425
5.973191381901586
-28.623407976952805
70.81409241494495
39.61486063802687
-20.615273484801605
-74.46826892516701
63.56662777922432
49.04434774675579
2.4697562711634617
35.64877061320888
-76.17686093297604
-31.020777607424435
34.494986417108635
-39.23708622607528
6.986059287705999
52.74277586581721
4.530183797324895
-64.55550167968889
14.753737257948771
72.80252738859633
67.73184908499894
22.376330827668696
61.79441800687576
18.85979495613138
9.924102961279019
-51.437532348229034
-0.6414632753313043
59.22889310394956
74.29644309453616
-12.98653438955445
-76.55507661259503
-48.933154441907654
80.23985535046847
50.6952891713556
-27.873175080546005
-41.08980550527861
-23.253804106312018
0.8808840421214938
57.727879177413115
-23.593071390688138
-58.62323579303325
-2.630514515902888
-5.454878894840633
71.68802224986314
2.0030861087783904
20.544565615559478
-26.32804642603675
64.19527619636082
-9.78315887163636
-33.859226555177784
45.214033537988286
-80.63578829319415
4.190489020308561
-41.30755218210126
-10.730779947355188
61.92903410585836
27.86260454877103
-32.52281521552524
6.22443414449917
-1.0418722161063698
-3.027584209694723
-53.622769361469025
23.508179863998322
51.20189013292847
39.90799103898189
-63.02507623232452
-40.570455163336476
70.69891996356515
13.60398402503759
-25.30148367142641
44.080503426499234
5.602414714820952
52.51520317188064
75.77874014545293
-4.631162754925626
-67.38035040714509
33.11347559699479
26.523542863980452
-3.5037990046721035
81.29483813836211
-32.027399678687914
0.23436946803560943
-36.517108766755335
61.551437390980425
-34.039893707230114
43.13793233585238
82.0845124657109
-29.763857242841212
74.28862402968389
-35.46831874386047
24.674649517492014
22.244342378910886
-12.093877082792403
-72.11433658085971
-83.02102350321239
34.306601903211686
21.721324141261633
66.03660340539082
-37.59938895790435
-53.94356937780667
-70.32199262542323
76.49529484827659
61.9106956911711
-3.594169270632804
80.98126329261652
80.75017123790408
1.3898275770619506
-8.036968830644867
2.2458164356984582
-28.46010859139892
5.2180554550393765
62.28538739563001
52.19583027812109
-57.99142743573699
-79.18436323737785
-19.887517633160385
0.5455697918725235
-51.740838495930966
-7.508893128267644
36.37771840602076
-51.97304337012111
3.282266532627716
-57.77178478475926
-4.950141836517744
35.185573673581615
-34.1089598262193
12.19349731886588
1.9765802954134273
42.37680433819796
-12.997611436620517
-19.99777005460946
-11.856416067720119
-0.47954268186653337
-34.023073002810236
-13.619168664982496
-29.368169467581097
3.5108003411508832
-52.807019311830445
15.271035336668788
80.69298401535889
0.32768816181604166
0.7104019365011283
-14.714739410216936
36.42677045124441
9.897626693467643
-50.141809443604146
49.59768338395568
-56.51027000549875
10.176026411088074
-35.71054248475056
29.517042993847696
-69.58859875970505
9.827666638095309
-29.48245906887277
40.505757621106085
42.438411473757185
6.368376793644359
-26.37479997134666
81.70986048883523
37.79878253926222
37.69812342442367
-20.083450076334557
-19.368866010515816
64.18074548253051
-21.42195184446406
49.110237912261994
50.21907128711601
74.9326170020571
-17.38640158925209
-67.14982555972581
20.38617872880289
-60.80870553339898
-62.90300852995441
32.915449516006674
-18.50139517763077
-3.494167815073368
-10.075470783524693
-34.782741521891694
40.291684091234174
-23.751350476900825
58.3107751646331
-43.17825437642292
36.92744965885217
-18.16938285704566
50.13869686040354
-16.45123727738006
13.263213282508715
3.461350983979088
26.901952569384918
-23.110279563597842
80.08374990788278
23.14252112040036
32.60405816596699
59.44853627115435
-0.37801947633005284
7.284548442368461
40.5126402709524
-57.67405689344267
4.133144410716241
68.67750823632525
-79.43558588369147
-9.912244356032588
69.403370490486
-69.03888578358806
-43.844692615537234
-11.457942054723887
-72.2968204699167
-38.2977675516926
37.18378200898164
-52.360922916828606
-23.25584251506669
-7.54603632481728
14.325785931584576
21.955644722454224
-62.73297331618443
-60.38264764426394
-75.64572720687357
20.165675868106163
-31.134833401255776
-61.95264963191223
17.814265846191745
2.819033655699826
-19.199550647072428
-24.351553176851922
-9.281134250758157
-18.781829104454147
-51.669287075598575
-8.697502855890122
23.975272458088796
7.530480503348613
57.781155336560545
11.762611631581507
-6.783407130619253
-65.71213726646803
-83.34376707876703
-50.01701711593517
-41.278402252355505
-76.65846333749715
-18.06040251122876
49.22690664001223
36.43080975419025
11.216799395791469
-32.834909284654174
3.4450756189304457
-46.25850512254168
67.88228284954721
-51.728229165724024
-12.4420827438732
45.05525725370231
-46.63841118990956
-8.79468673434333
78.6974212070975
12.77444069452261
-0.36370343452625775
-4.211150690777899
-13.04144992027534
52.526227118949265
18.428987594422793
72.4024011289386
5.418743358151872
-26.52616910813184
-21.022947918118362
-52.051972588184086
-21.474256440936998
-3.035871223863026
39.132697952437496
1.958057063637213
-71.68825509361484
-23.494650691441393
-43.82495204220268
44.79073986350724
-11.466166913987962
-40.40809608864405
10.935310042313276
7.188962962985215
38.36390911692067
-52.40308131001716
-80.58558844448194
-2.9674207600177454
-23.520146766519886
-47.16795340520585
-62.35677956208356
46.98161030825895
-61.44034771005895
-4.640471486249552
28.95667191916688
-24.779868857834032
3.0485297966621516
4.584985880459868
-5.831353571985872
-5.245858147633825
-46.729720174936645
-45.21959675094456
-25.603298766555483
-1.9933372968211813
-46.12997228406728
20.311363498167168
-48.32167455265283
35.92338299807844
84.98362325511508
-5.532806607034573
8.566103012235018
-2.0549937018843707
31.819933003185724
-16.39069068149685
-79.77687625831054
59.004872474935695
84.85464130984809
41.88069190668074
27.046525057711932
4.095297452448193
-15.202757009745653
72.344340731188
-24.681605682283248
-82.33202904323596
-5.953888912708038
-14.429894707250867
-1.0912708549716683
-19.370706759304127
-13.84486678897126
1.0999076247528023
72.559895747555
-4.797036883758935
33.397846180895726
54.21504186061725
51.6690522276248
-71.36158086984705
-26.928255358744664
-6.880903361153798
-43.446535431524374
33.432630504512304
1.329302975048364
-57.4356349243054
14.137598107011826
-15.815462515836785
82.96108624356688
-47.80911934990116
-10.547884515318543
-0.9454480755998418
10.58140108173454
-30.371245644665848
-64.25332927865085
-59.81804381245439
16.9000556568257
-22.53193071273806
18.3419141462941
-16.311573383818754
-11.799525609099788
25.618076775095318
37.27806211714966
-7.253579352159534
-9.36399862002628
74.14158170153829
-43.96783945445098
30.391169614193245
-19.329640358813464
-13.392951040034689
17.853994354479113
16.50004370668792
85.37934160406485
-41.7192541800965
-31.04085024140015
-16.038898359857825
7.940472499036488
-12.976050378982492
8.295153666589954
-39.534608746667686
-3.157306225821131
-57.86388007353205
29.9988624893236
10.708446991022768
-1.9941782923023368
26.12421028579226
49.15714348243529
74.69497912734565
-23.84345929146565
38.24033504258327
42.07000110671339
33.33913460073663
87.65070550895081
-23.05865821863425
28.74894302467301
26.44408717053652
73.63284691128831
45.92547738978368
-1.39512834842796
32.20547694072559
-12.42081080693255
16.976114417774937
35.59395333937127
-32.707090319134835
-62.87061667395602
9.779356479142095
-45.25375658370865
29.901350430578788
19.048605574137113
20.736972836494317
-5.538621302834088
-38.323050029620816
-1.5849260870818824
15.370034286014857
50.39554963236256
-18.952325835910358
70.51639666673202
-57.31003304997802
-29.51511281327079
-44.506216989661866
-4.65553107181988
75.73342080195707
-47.64168672020316
14.991822762739048
-47.52603779063508
-20.2705287558571
-5.727434484863423
-66.33517231516846
-58.434162977631004
70.20375658871109
-4.587882184845142
-43.99056032610992
-53.5207205994823
-11.406380014688892
-1.9531435849873873
-10.946200689247206
-72.40698591421483
-9.86675270961075
0.38167384820575023
45.12073054717041
-50.63511405031858
-17.245882577427594
-82.78357154880314
-9.232976075738904
-69.79419043921597
57.59153245331842
-44.05538695608179
76.84800332400152
-25.59849578801834
12.301018609086924
-64.42723619861556
-38.92943051229763
56.28273955601293
-30.852682318231786
22.485688973399817
-4.957546932395829
-55.09417411779309
10.493419763783194
76.38925806837148
68.36223503223835
-69.87796141717766
14.822744897211336
-55.67806801811531
38.27499605242008
39.740735068256186
-2.170433647137628
-4.1643865810916765
-43.95543641407141
11.382394890698123
-11.218152849226584
29.446395972426075
-35.221138556744926
-17.30749653922065
-43.027394807890914
-27.19342653956801
-0.1535353142624416
-13.847696743496641
6.26917133238473
-18.749019260025506
17.953124130321655
-38.48848286629399
3.9432902934478733
-80.10842882886728
-52.858273875757455
-14.16733368471543
68.97922595979256
-70.09388125656243
54.73379707083916
53.51947418083557
60.58939269468638
7.229438152761645
-70.96459432728228
51.06189180420736
-66.96171126896985
-7.486294967589828
-17.0714411667378
-19.050801320474946
53.50657045474364
-7.170904334579717
-37.20699592087225
-53.70891722677071
-7.988538953522763
-24.887761797990663
-8.220457782143598
31.369773644588264
-3.145342550215034
58.19490619163548
-13.857868070814874
-56.90951138042925
53.77911949717375
19.42949399178613
-17.312352957703283
-0.4572746327628039
52.7817495229707
14.36748187086748
60.821712494606004
-0.21187120770595413
18.516668543560456
-24.0729966392783
-27.09925157465655
-24.162758196727964
3.9407711302738306
-21.573606337408236
70.89546417649203
-12.432919463940493
35.3235853605116
-11.713825619573086
-66.57476493229814
60.85699029350974
-56.910647966531286
39.44486453498419
-50.228912828279725
3.4919332126966935
-17.668203639263623
-61.70426181047679
15.099359214522991
-11.856407185066445
-47.43728248069412
50.27773906868347
10.298363783628488
56.983371111581334
24.999600951883366
-40.91558086350575
-54.323634073348096
-43.66985775834289
-59.832961021116006
40.16272678789966
25.08608762093469
-22.493998993323544
-28.836628781229948
50.008487914933426
-10.948377724098492
-69.57404105644906
7.079430982009228
-65.26339121665325
-23.657024079422385
15.802125022178728
-39.881797274212246
8.132316587574138
20.347762675375066
-45.95306179234571
-56.57611984150895
10.762417791438637
0.27830615529153135
-14.13508507271193
-2.5458853195787157
-3.6225553300983933
28.764507598433696
-29.635327801178036
-21.402926913299197
8.474986437816668
29.241853056890207
26.985450491123515
5.254734649443222
-69.48987686237876
-0.4715855656849186
43.16732638563022
-31.390940514355165
-18.844319004750275
11.286216401790185
-42.12978490485258
84.80166817939627
-5.026364944904557
-19.679194747153872
-34.7448028596164
3.395068944346889
-23.919283772747946
-46.180098092413004
77.62579495610018
-28.78006457359139
-33.36380269287366
-9.578721791425608
71.9284370747227
-4.397432797536609
-38.83849656334123
54.104037444724526
-41.00358002415129
-12.74844358910093
-37.24465486938274
41.649577502077506
-1.519573501098705
27.612223615522282
-0.7697279445315388
6.937978805854215
65.65360911626223
-32.60022394482441
70.28736293688104
48.08349336086047
10.990166522078766
-29.654043910080475
-16.9998088348094
30.24392655574553
-10.447788444466738
-53.11148889160564
-23.591600236042495
85.1210563720272
-21.971091924685552
33.02112115721198
-56.020671174418425
29.99241477374899
38.72369980822302
39.546608513959484
-14.678623859731843
59.191234445635104
-5.784503028515772
-8.019968740233935
-36.39106592148948
-7.247490318264326
-31.76943649625531
-17.937704136874117
-10.332874151831334
0.6434066018266407
46.416063403069245
-63.84358956683364
16.448647327716472
36.27453040497002
71.72674930648398
12.217354354952704
-60.89614944921561
64.64720377794342
33.846858216122484
-13.50510976734995
20.64127802363174
3.0676914129433897
2.5509271314020765
-46.00882112575568
-79.27530721129442
-69.8078029498955
-17.603101491051333
17.873730710665242
-15.474811656187825
-69.47350556757786
-0.9843271883795239
-43.97775016986093
-76.1137834022147
28.987383439098522
0.8837245994866976
-27.77524355102574
37.02467759361028
44.46470510663184
-59.388812274045975
27.749155804445394
-10.846857690431179
-32.506048672434005
-29.378254492514984
-41.58070062626801
-32.742836641644374
29.31307842391344
49.412211110669034
-69.84557087262237
-14.807695393710844
-1.3282337398590727
-2.7207968510695935
-15.931272699197635
-48.1674393427207
-59.94353738516963
51.1407607633528
37.38445916663687
-0.3454319712802487
17.264964549206724
23.7023112560298
13.005089178949035
73.55971996290162
21.624614611222384
-15.612050058179719
37.294238600476405
78.62615393760089
-57.17311144091451
9.882890326737154
-60.36462354690189
16.070226421191236
51.59094523981162
-4.873763008632764
-43.79249126131472
-18.522604981450385
52.79956115023958
-5.980504029236542
-21.253728079328454
37.78810716985598
14.477019373844797
-66.9125607416385
-27.240102334232304
-6.978656108278514
28.674245257695304
29.63353637110194
-5.0945914911366685
45.682668683950595
33.65696432868634
-28.904724212348455
-0.09279474766444196
-27.711268070542857
-14.327068650301555
-2.0382901846927126
-30.724025908180877
-15.986995279969761
-6.951721527668482
-70.16726414217165
55.98273487090398
0.7830284947396535
26.143515124290005
18.06197403629298
-14.98183726632594
-1.1039762029255655
17.78507377143275
11.708163463950186
-25.297678745533062
31.326801994690868
15.915316825039284
-68.82916973305969
-48.5456398387721
-11.568321676770069
32.92032083712337
-25.29622178983223
49.687308878460584
36.942174089700785
59.12154037011075
48.59893053766885
69.86303523603306
-70.81855144803927
26.404355058123997
14.773593163953407
-16.582987965551496
-48.784159249879906
67.79230715188459
-6.020403247600711
16.961835250781718
-51.4580612734797
-9.874143780837173
5.3783732174445475
75.35427737960262
-61.16883700194343
-13.011076594883079
-21.9009653065107
-19.853019214154443
-58.784888746369795
16.24443669232923
-7.326580532570091
-51.16000049599154
-48.26984160388765
62.54704586304456
53.46913307703852
-23.14879492870375
74.42329388518158
-61.091414041308795
48.04147897886713
81.57139196988999
-44.74181441674289
74.1650567347267
42.01546478371938
4.1582232534309895
-19.443324314528994
-18.327883648220833
-62.56393134465596
56.32182462038108
-13.134012074885618
-42.60881906982758
12.301055101146375
4.732715038942288
-4.022071639830472
-22.609259202137224
-36.84796076034356
-24.95222368027858
76.3276102472696
34.66664141299697
19.976957595068242
