24.835671602610688
-31.374376779106953
-69.7170263059009
-70.55074966451227
-49.081164206889724
-25.438541821369782
-41.14813518619723
15.763261886488735
-53.12854244125155
25.35506765681812
14.371466597310913
-23.55504757405707
-4.282828520434123
-11.606605965305448
58.6850346719479
23.447468703509443
23.967955588996787
-28.321628614292123
46.57486808174889
49.94008662889249
-29.792036002555406
73.2355707853929
51.225644049242845
-29.36045799686947
11.477012873702762
1.2422525582098842
-39.496815996630424
-24.051443249456142
54.332550436816916
-4.239734843063289
90.37685497679507
-6.542713403529689
-10.503853627502252
80.34523328254468
-25.73644314157383
33.41526443491
3.0866457497763236
-68.92364625059008
-22.108639086342222
47.298741492568865
8.276290726565989
13.496928700135456
-33.7652161799507
-20.02504577846034
28.863901742099713
-93.46688760186899
84.20624420408433
-60.071946114039015
44.72056906378887
-17.58637832531727
-0.7357110875617394
4.538439768198359
62.232678954158615
2.859239472210618
19.2930708805754
24.207385743490875
-19.938809841677767
-75.49648560060214
-1.1265734990090976
-1.815138137392296
17.498013633792453
-40.23472094387198
32.98733866296891
-1.0735364856821832
-12.62725977813416
-17.89561348519561
0.7293062151695437
41.80167467153984
-5.601287602345963
-7.696762626163505
30.101900518898375
45.76571592978598
-56.7194995207031
-41.39158825474951
-16.378821113120168
36.08711347467005
75.9763878698283
-31.74420794156788
-68.29417769217396
-33.94296207754976
-15.804055767882787
3.270144987475703
28.674499077648832
-11.519134985687018
76.60723568484269
15.742115614085918
34.98882719960827
72.7824832704157
-69.21196273761004
45.60649083835406
-56.23540301562133
-21.851346963677102
83.9490028109646
34.89454419874545
-31.215192783790954
58.90178418745455
-75.46706613339435
-32.20050187370235
23.425738340830605
-14.772436100106717
-0.6215726250165403
90.73674827883511
-7.319079109974425
-69.09027704709746
22.03179235479881
-5.612284426199992
-61.35127743885606
66.77230809058935
-58.70625195936567
41.91947925607559
-0.3785067395861432
-16.41432929469302
7.994254658828822
-7.845195335117424
-75.97241367909943
27.709202183158652
22.445403068889902
-4.353232421754029
0.6027589322805511
1.2340280833971065
-21.999862495962674
-48.71079433619547
-4.931337855332089
-29.52869485559718
-26.84844370523956
3.5170140737536286
-46.831274578101976
-50.931087020924615
70.3249318273688
-57.89863780415978
9.266448241831696
9.258474355582166
-32.54102277982045
24.056274953062925
-15.319379686150867
-0.4969043807026168
-34.5394041084528
-57.29152873571
52.96156531016118
-51.0214378016108
-62.0519844649887
-15.290935266053268
-31.513027770167284
-42.5951630645206
-5.9965094014682165
6.1713182421621156
-35.14989456754276
-24.460858785715445
-73.16200230373114
28.994042860248484
-88.35280019501248
-2.010273815822032
-3.323925337492355
65.25675964148374
-2.2337915850990413
30.08132417415385
16.131186518377007
-27.459941348440594
-28.06813582002154
-51.57662539418888
-56.991971503944235
25.435379887686537
-28.719877809041833
-66.6617051829302
62.06708234018987
58.15901059083288
5.339096008631699
-74.57115383643423
-34.91052071829991
-22.685034996030296
79.9367379748123
-4.601178531745674
0.1896929353199397
17.55267630091926
41.561781607483596
-12.852925492765166
4.669466371819269
79.15474100194135
-4.446679317227975
-15.348690773023165
-13.70146720272453
-57.834948928033825
24.676258179893182
50.079291672229516
89.49466857562314
1.4931344712124002
22.719161484971963
-24.53490857858189
-31.545880277899073
-44.36858738941277
-11.189802589376967
-92.37066888653025
34.625455210052905
40.43920269126548
-38.40728854381646
60.84468341052278
-49.732533875912026
-18.74859008530285
1.1136101202206987
75.16737386765064
56.26250434481659
-54.273218210016715
-54.56736505073516
14.607759395777961
-46.67719304778064
18.944824174728026
27.139403164434185
79.02409498118843
-35.940027766975305
-13.200728322525151
4.026344480605204
25.393400203576874
25.5210694008166
81.6634867899464
30.013187665463278
16.61579925872182
37.33622330467307
-23.406754582391386
78.48229970380515
14.48623022269129
16.907216922871655
24.004494292548458
72.42449047327037
35.32790176145181
-2.9232356189546636
-32.71373225898874
-78.43367374163353
-45.139826773725474
5.147347374867053
-32.37276201227347
78.51650345115223
53.90448454660651
-16.447025031802298
-79.00613317969938
62.588781315353344
52.56450531358712
1.8669080007857701
40.25660176276523
-87.0027863640193
-26.097662896567414
30.553452824412517
-38.223880380801596
6.677721073305307
51.82860193588158
4.559010361999242
-65.05324163103424
13.297679296481661
69.93074214795683
67.71739521325287
20.606405169397433
63.632728419076955
16.629850261706082
9.089913377270364
-46.456652610358994
0.22620631584776163
55.28437696116174
76.29648432367281
-10.7037133395296
-79.50322528109277
-43.33342002036348
80.26729170343233
46.520915320807916
-33.89445552797354
-39.70788709334732
-18.480557640489494
2.388745063186164
63.942442505330604
-18.704317347026773
-61.827940514762766
-1.8215560575010414
-4.309319700380485
68.17680314002047
10.107537593401318
18.834915720543933
-27.68214630688405
60.06351432535243
-7.612649196518248
-39.92318655573602
44.16654041652242
-88.67327932436675
3.699395928432182
-35.240632709923084
-8.112294919429033
61.662541954897335
24.72156643639437
-36.52811301367107
5.677167671778065
-0.2714023876656739
-2.1006530685159532
-49.481817326270026
23.333469165711676
46.84200592302142
35.82795425620691
-60.382304754516106
-34.775268811615476
79.47415488228603
16.14553064140486
-20.77105661015041
43.16435253165017
5.402287623746133
51.049854877415214
84.38169047323706
-4.304183768250354
-66.66580468746844
29.828995098408072
25.12871733734228
-3.770923124502744
80.30883752074664
-30.075217756265417
0.9658587804706968
-31.35045214303433
57.601534714184226
-31.45658281413769
39.51416047805475
82.15901271234623
-30.28663628802684
76.19588786616731
-36.17010624955485
21.764628968180887
26.281505265183895
-13.163467302764289
-74.46578455606642
-91.19977392064393
33.000428660827595
19.09374127221578
63.14159024094337
-43.69601998615626
-51.72608422986175
-70.59267938531312
81.02103982330394
66.63877122303919
-2.348751769238433
81.24458799713992
80.11941744400707
4.656765423050686
-5.906174087800949
5.250343639274476
-32.28238717680513
14.059213512877832
67.30966550318504
49.6775417096066
-72.05074547764198
-85.27484842219621
-23.25023706892864
0.5318882646190559
-52.13718009504202
-5.498170208011089
32.54298391951036
-56.97473911828513
2.5683727180929594
-64.39662963804277
-3.436194507966775
31.69019358129583
-40.82238373617011
10.642092482948087
1.3867481290349133
37.927220359049926
-9.938833954140904
-15.538455074087935
-13.497613771848123
0.09418740186063701
-31.36728148078666
-10.485173836004165
-24.65356023333969
3.4618460976293335
-48.305294771283016
22.468106313566153
81.19655040852791
0.43003792437336585
1.1495832201953817
-16.715284218722687
45.631252016058966
18.49374294862811
-59.183388800877395
53.233144069110494
-56.797655283288115
9.408497025457805
-32.01748370519857
26.046463218157058
-72.0753373295394
8.999906753706554
-25.419584051496912
39.11640754838538
38.66961785775956
6.096031571265058
-22.085202973960804
80.22912676392943
54.53135687264398
34.264870006154666
-17.904011862194707
-17.689569099813895
67.78584078619738
-16.84729110950923
45.18946219665668
45.72641885202472
80.38614238920442
-13.72256697532211
-78.42191000449336
18.0388757321778
-57.61045597727867
-62.72612468392672
29.22352072093406
-18.076861209017096
-3.810134551334997
-7.816787072348319
-37.399196406104
48.91688852724005
-21.04457360577922
63.115764216966
-42.05597990143732
33.42664329740032
-16.35351036834132
46.06873282424826
-19.65061242772437
12.22753804508092
3.706546491227172
23.71889101538271
-29.772441094592267
77.97788171381961
20.871579499485833
29.743596639941586
57.399798582864264
-0.05514177207430748
6.568458066528365
38.2630735704723
-58.24897253409034
3.589733714710121
64.8394497763758
-85.64033012811
-7.52260315627457
72.46322724501815
-68.80734288748678
-38.0358022584972
-8.8544808576235
-83.11776133832392
-32.65679153071504
39.68921321908849
-51.23060381230454
-21.15502311969398
-5.521208270801168
16.49982995198718
19.78371663832631
-69.48457476310719
-64.41754968999533
-82.34065304545432
17.62439587288803
-34.709532205605804
-62.952385429998735
16.16309548107904
4.538250989635216
-15.159055350868073
-23.227057715158452
-10.339283030975949
-14.819871990704428
-51.93357730873715
-7.547903671969209
36.994561667278674
6.517233171795098
53.15160333700294
17.186221491957568
-7.9112465367779095
-70.14212362796609
-94.71315936798656
-46.578091517805724
-48.723524985415274
-85.79685943835499
-17.677069181963844
51.34188554995157
37.41885923338606
10.248063935641198
-28.87119020577134
2.8986066462947946
-48.70013933176026
64.35677691815036
-58.32876390669768
-12.059684829870093
40.75968484351381
-41.367363738157195
-6.674927200280337
77.63645020518723
11.441564037966273
-0.133772157291844
-5.068722909949841
-11.510869221003148
51.46217609787095
17.226797407774256
69.92750923305397
4.560890116107757
-21.092018275029304
-16.558626613483128
-48.51781224057341
-17.51200688489007
-1.9572596782244744
45.95052495516953
3.0385127085234984
-73.4814157492717
-18.390906586079296
-54.59864955260618
40.424087088161144
-8.749332683574679
-35.26170117051688
10.018133672392963
11.482913626229774
38.53480663139075
-47.047936464547796
-87.04671901240243
-3.08767723470865
-30.4607891731589
-44.685674199436434
-60.486204149280525
42.45318878718933
-72.30358849568248
-3.383803669119416
25.53521105651214
-22.98044578592784
3.2884621191406325
4.656820066163689
-6.011484523836359
-4.331081381865161
-58.31100771752198
-51.83591819162737
-21.489027717162443
-1.1104093627016596
-39.858933232545134
19.803396459048912
-58.37586609911286
31.941586699529296
85.05970332496835
-4.241893040074999
8.033588821277021
-0.9835592645099922
30.039339322952202
-12.67686666957772
-84.82907168415083
68.82948181923089
88.71723997403663
58.35628811837509
24.00106728732524
4.242318664208767
-11.947264319129232
77.68892978046821
-19.690356369108443
-91.85344485721605
-6.706771330462345
-11.093118722822538
-1.2906108373331762
-16.280169929819124
-11.069227703879804
0.9895981357804828
70.37133290754909
-3.5336687745756308
29.70533642776249
50.39635001208376
57.56208001411321
-74.97366544420065
-22.657259793185958
-8.12238464687701
-45.5674866343795
29.62246978900174
1.8687829968773997
-56.14569239346776
12.780512149934168
-12.61404447927869
82.89467387667585
-42.27542760271978
-7.962139146314257
-0.07855303481088072
9.7660817394558
-24.515110105783265
-68.20449093903844
-59.529896737795355
15.491999766826623
-17.6064479785244
32.457847687733675
-16.239182460636215
-10.52039428075149
29.48182704481073
33.89485713497021
-5.485660160720215
-6.988733464256271
73.78139347209566
-43.928286669563676
46.438323420394596
-16.766731575940454
-10.731532124655146
17.152886615515655
15.710688393445068
87.19834082571498
-50.65149808873585
-30.56486918654703
-12.387407981998251
6.687738656826838
-12.71324084806892
7.002857327582092
-33.569847235096304
-2.0588835690252694
-55.1361027233769
28.335719665762994
12.01332895576519
-1.4681120489556747
24.49428744653862
52.63814268245645
71.63945549567998
-20.291509145540772
34.20211745587892
37.998450714348195
31.604309322085157
89.14373783642148
-19.807505826501085
27.804508742933947
33.99192206374627
79.67625610489878
43.0359638927834
-1.6209542481701504
43.36206285781364
-10.036696456761959
14.885671740335937
31.763805453060343
-36.1972361938823
-63.87081995027995
8.59872074121715
-50.80058234034263
26.320866580361425
17.148265976026266
18.799500098485055
-4.510319740889173
-33.1849064883386
-0.9522977596537032
13.891777722404626
47.38748828626001
-18.660303016411092
72.79989329634427
-59.488658161128996
-29.026542108758136
-41.67912621068541
-3.103078325881455
73.24067992115528
-42.28717951130168
19.540427368591352
-43.73509477736103
-15.777658063157148
-4.633241463426458
-75.14188635442656
-61.80956264029222
66.58341179537146
-3.4342225715182337
-37.69477060198584
-53.63935608163151
-13.124795533470504
-1.2897261630219816
-13.112804446052863
-73.46010261755508
-7.506454509656265
0.633613877722496
43.407943868454964
-51.528259722465144
-15.225407081104251
-94.66261060580118
-9.78604316598252
-81.41825875785725
53.039483340943264
-39.993369540010264
74.39153094203692
-29.61514913089289
11.004579067786892
-62.98565445787728
-33.827694631406004
53.37270169326305
-28.28873024190129
20.11021053596012
-3.585559259504265
-65.41820941283495
9.323199217558425
76.09566603373037
66.21336744572585
-70.67195613408954
23.530162916221826
-59.23564894241393
34.451294896151836
36.19904800800708
-1.4018816316538647
-3.0105299391569105
-46.08227707966985
10.398755685214041
-11.91342593594355
26.229309216818677
-47.20804564604531
-18.946688693270445
-43.20374845977174
-26.236813950081483
0.07005075646060277
-10.658153414408048
5.864311211550643
-14.497685640814225
16.370894389319943
-32.32439032710481
4.070540977188756
-86.75911053733954
-53.53215487107158
-10.890136300360979
70.44727989607739
-78.69168067956781
52.379883460103486
54.60716443783119
58.37532070919249
6.889858242092245
-74.83325531600336
48.26262907412482
-78.94458838195291
-5.456255554029596
-17.98987543705924
-14.827762040690516
50.271029247357006
-8.481179174855967
-37.60570312638881
-53.081837163192326
-7.236643589072116
-20.06184193518041
-6.306782341913433
36.36387901910419
-2.48208664180126
53.60795832992511
-10.66045317134251
-71.94405012477615
49.624946017463714
16.94553972651957
-17.95644020197389
0.33185868921555084
48.32078230234379
18.282383028870484
60.91950965488934
-0.014837570433911651
16.176593401276918
-30.710929394934283
-24.959363530710633
-19.020905979292337
3.754916650883331
-16.784129261212698
74.45068365221022
-12.289993946537422
31.302050025391594
-12.69881731152671
-66.66884555484094
70.12886405890595
-66.0922392215765
35.35776319066261
-44.77497482844952
3.5424344428469965
-14.038781538075298
-71.65281317982897
13.802391070513849
-9.048704208894662
-49.05297789629308
59.03875450517677
10.273871645817962
59.50813243047514
22.92963766145597
-49.80897304265545
-53.11937511541594
-38.138331961563374
-60.251857635897615
35.84932437238959
22.38848328869561
-17.704861516091015
-24.36374972013371
45.529134292820345
-11.659326029259702
-69.76873158610171
6.152422073654208
-72.55839771498256
-18.85031396348475
14.252102777583687
-34.4922391739866
7.657996785813481
19.48948809313417
-45.392856170824416
-54.54298196482195
11.336817756289364
-0.23863046175499392
-11.486687687316348
-2.669309281540947
-2.752368627518237
30.01989851967167
-34.23169354198431
-28.178012183056893
7.716738027429841
25.816542549493235
25.08268220936509
13.771950276852138
-78.8359348293536
0.07589197835402217
42.78538840562405
-40.48366027448082
-14.85873001303976
10.348053568673649
-36.55134997337937
85.71989877309309
-3.4063236284455627
-15.518226122418369
-28.427904427034065
3.6016471338126905
-18.796560169252558
-56.83256329358411
74.97096485795797
-23.725261917972247
-28.841463439199757
-11.413730663274592
72.15166941322923
-3.617540544460951
-35.67341207598331
50.11568762632925
-36.62102962865905
-13.700176675528482
-32.6785892830585
39.419582945141485
-0.9653017931282477
32.09481378407585
-1.017256393833776
6.630688845773506
78.00164208314945
-29.154140629906493
68.32635226906203
57.02024998660556
10.070038460242145
-24.15241421695336
-19.931085697743285
32.74757397050803
-11.805761637187075
-67.02460092587715
-19.72475356461956
90.35790837378522
-17.20659549424373
30.79345484649133
-58.410673997260616
27.102433554569686
34.4765699303926
36.56687579531416
-12.42227434854263
56.691652818945016
-4.03033776842868
-6.316691293265308
-32.07222236224905
-5.430659843345808
-25.819204018476754
-13.990818061869547
-7.952348076917701
0.028672376396627897
45.754809235101675
-65.23317848789844
15.363639061877606
34.1192587771053
76.30733274018598
11.173284217450188
-64.84784670052005
61.6251914399719
29.983471813840524
-10.506376262715804
18.740657419701904
3.076256072817415
2.7812014947893147
-56.4618065364165
-90.11993876965421
-80.13688745172384
-22.34792169235348
15.63371427257404
-15.219242434594733
-72.3607322859965
-0.5554007353125883
-47.041782290668245
-89.44787286827511
25.814369352272877
0.5191564292710069
-31.014630133505264
33.690540530917986
40.11923650998304
-58.87413916117981
25.00465137399901
-12.637597550902413
-26.668978538293587
-34.95595437154192
-36.99068767747857
-27.080434208555445
43.30200631332164
59.561017822835396
-78.52874180792608
-11.511992477811091
-0.7312835636317914
-2.3197564392480103
-12.2839905851923
-42.12291520463559
-58.641190390754396
46.909073795004474
44.57264846105221
-0.6700037526072293
15.181691348814127
20.80537420634336
12.27250936778698
71.36758097746684
19.158020563418972
-12.337640719200095
33.38597582392296
86.85862675518032
-53.09332509826825
18.027708047524186
-75.55449214771315
13.863911817676922
49.631252526592164
-3.7816017170897
-38.429275124024144
-14.892260793687996
51.98643585675637
-6.3713641372294205
-24.196242172891047
35.14054025523188
13.212443267265286
-68.73615563854986
-21.648480328759263
-5.5294826982533465
25.45354089813833
26.223977746679935
-3.5055830489270363
50.62094038238098
40.47570587087452
-29.7130404668264
0.06823274259990342
-31.314027667925785
-13.826947267094639
-1.7093845429098735
-25.53898785883969
-13.231604049529466
-5.008696892655323
-77.31808283465166
61.10927580888256
1.4501418720158625
23.214735612173413
16.338232108776225
-17.929624131174407
-0.20780365803382495
16.63277025757668
10.536864825145244
-33.3403928861393
40.39498428326425
17.952816588902266
-71.5412387102145
-42.70049383156379
-11.96782712212233
45.98593538792571
-20.65842515381337
48.71432004009165
33.21811701144935
61.51337876003396
48.303269482806485
69.73914169326272
-70.76209948755817
29.912195875745283
12.759076587497816
-13.227556230330109
-43.55301326584352
64.38244897781226
-4.250445520591043
20.42546163456923
-52.83780708675222
-7.478808046188064
4.76160523511065
79.44100512535852
-59.40350981564168
-10.546236304449621
-18.49803737995606
-15.89285622521686
-62.50883520877782
14.107715709977398
-5.853351969714467
-46.03536041675181
-43.576785498827235
59.61959308810373
66.86683406070026
-18.434963033125243
83.22282692474016
-60.05694930298723
44.13747619765047
83.26163499163255
-57.52774332552267
82.48152439130627
42.89644595596744
8.927090507025
-17.481543287368297
-22.064532055011043
-63.035634142263135
59.39216431017127
-15.47659584389858
-53.07716742638461
11.227766659950873
4.772704055816291
-2.5644671767493037
-18.203054935696017
-49.00664320814244
-27.370667319683903
78.19786815033632
31.13515545793345
18.22888080224125
