28.05229279672183
-35.18788073532491
-56.48441492188526
-56.08412748394701
-40.70571092068742
-29.931444117022878
-43.66247285264321
17.735317015579767
-47.928519834241214
28.351101665103485
15.804479728204385
-29.20745944281927
-6.0463115199204225
-15.009723727045554
43.53049027718362
26.608894605821504
26.832453583526515
-29.699024638131363
48.60549448634674
49.27232267008992
-30.78126051376833
74.5955887941264
51.05254485897041
-32.37536823832319
12.542825581244813
1.0510586872039198
-40.90921072273765
-29.168999585443558
58.35184094428419
-6.017251091321384
87.02866418279396
-8.374562238229004
-13.559812161388322
79.06057672770129
-29.356091878989005
36.40809652532283
3.174701824077829
-69.27668566870128
-26.16322282355904
51.39254703840277
8.807760315976523
14.984643320853792
-35.05960065377279
-25.06238184598314
30.170807575854496
-83.54182620496621
76.02585623503609
-59.420107896119816
46.11309526251472
-14.673475945114902
-1.5667609155719617
4.392583534470916
64.82207085587291
2.435002922130323
10.418999691453394
15.602140149514653
-20.457610876905292
-73.04123796018273
-1.2803297250638224
-1.1639192622477879
19.55112924597968
-31.585951785441182
36.73788671051972
-0.7181437734258509
-15.654156800922351
-14.528093886532744
-0.02737876853399257
39.99605627182018
-7.029445849370674
-10.20586886349983
33.41492322000596
44.948606071092286
-50.29595868844333
-44.92931070686014
-20.354705527619842
28.94076013176152
74.61601848440884
-36.357299122175355
-55.62609334012778
-38.9573446790469
-14.8118571679682
3.5591323336426512
31.6841194382051
-14.698578394161359
77.46946371078258
9.25187172609084
37.841148470652826
64.87843107553982
-54.41120842071074
30.496115984581422
-51.743788722609644
-26.99649063375864
82.81998536434713
38.43195794807079
-34.610736068722666
63.051818454255226
-63.34694139367206
-29.663818068307208
24.86349007640777
-16.416825239785254
-1.5321780269461414
87.19606687403834
-9.262905895595296
-64.39316123774377
23.923230174089824
-7.6731467737409105
-63.64630574215939
68.0838617758215
-60.702503082230734
43.63592491748912
-1.1623285318570993
-19.381373284560254
8.513995307395135
-9.55761654317726
-71.90236729925633
31.24194993007282
24.419821358495795
-3.4717899180494385
0.27802378915045267
0.6364956300225799
-27.365615705470546
-49.151062948026436
-4.506522593489436
-30.41517930617428
-28.478984013104665
4.052453887000084
-51.924543556093354
-51.79216486846721
62.16623098109383
-54.22387029756112
10.389173936759306
9.961974524467507
-29.09824768861297
24.626318206062763
-17.035971344628507
-0.6774775715818322
-25.733712976886565
-58.187170806543385
57.28309117295538
-48.745821545826175
-48.34385317930814
-19.33333164228715
-36.3826125084075
-46.1226036432637
-8.057713199955359
6.352093937200166
-40.480594028392545
-27.415412647312536
-69.65783640393995
32.57030051943613
-81.72335010320694
-2.534017439769201
-4.820984574803163
69.01507070492872
-3.6249633854838947
33.74901684075252
17.806948147648328
-29.891168206448796
-28.379578457370613
-48.15099354397617
-48.97200214377203
21.332161232447007
-34.64442549546408
-59.045110371165165
65.81238443943283
58.46853069498266
6.451166482881604
-62.4789891037879
-39.7251435298835
-27.979148943296778
76.39668841754727
-6.317247693413179
-0.3881451634872377
19.550914071529505
45.9989039227836
-10.735027355731063
5.276311428933553
78.71078507804779
-6.227535922913361
-12.821808354252411
-17.23294183975308
-58.69598031808381
27.837778596946123
43.91726621542625
88.72074150516406
1.7195951842838895
25.410678925912748
-28.552847600936786
-34.22565728478044
-41.71497005521018
-14.176771486738843
-83.87070560938051
35.74647268633109
44.22426412222089
-44.550774755411155
62.48322883668112
-45.87539566613836
-15.142021040576012
0.5073909164662069
70.54083302855841
60.08462845271282
-49.145074411184794
-54.497418123994656
15.534831894639893
-47.81012387530578
19.66003380811958
30.269441283678844
76.08759874895108
-41.622770209503365
-11.422091440768298
1.7855908514948169
28.042603558561368
25.103968672002836
81.3730970059203
33.43953991572701
18.386605258218054
41.11347321632459
-29.225126515231864
77.3353865379853
4.586878509998954
13.942975019656444
27.119771645669786
64.20925609296276
31.050750180464235
-3.785704819746485
-38.07170868575565
-73.23051579240271
-36.43958506656892
5.959350466644253
-28.638833967584432
70.85982942523435
39.67428408363509
-20.562864924782644
-74.48249348196384
63.56813777214205
49.079909632336324
2.485022987240569
35.68947547178777
-76.2303796916259
-30.96943293552087
34.37762142211565
-39.255057104931296
6.953166666726801
52.74966588777838
4.549734216693679
-64.55569539000217
14.700248496468305
72.76459236943305
67.74153391455312
22.36054685651939
61.819774871999385
18.78626190002899
9.901264990559184
-51.36942506091642
-0.6467388306329269
59.16816296092571
74.31967359040328
-12.988696460726842
-76.53676763915907
-48.85181919209671
80.24545946168556
50.62544327755796
-27.880805025377384
-41.10435464499217
-23.178485300813293
0.9120998002130989
57.770788937543614
-23.51164726179742
-58.658866958180774
-2.601721899415381
-5.470162153925202
71.63233551894027
2.0470102101052987
20.52604442680436
-26.346179947713793
64.12101013637889
-9.707101935883145
-33.87763785285205
45.22126095315599
-80.66101306190527
4.18523894271992
-41.21896213030153
-10.682247788688386
61.93886964781265
27.779034000778537
-32.54332737742861
6.201999275664832
-1.0337933086850342
-2.998719455137504
-53.57156444941745
23.52396728091381
51.12004425653933
39.81955216076591
-62.97335971658313
-40.49259103405133
70.74703637432566
13.638160347215546
-25.252989325149116
44.08931024391177
5.576091768926176
52.51575284631656
75.82664137136601
-4.6460130963580895
-67.34834703738127
33.05727378478335
26.523008354189272
-3.5121173497519464
81.2881471062201
-32.03851855018786
0.21605658912282877
-36.461852631884206
61.4884407655789
-34.04385624515325
43.08945841901598
82.09038181874496
-29.785073112446796
74.31125652880934
-35.492998947067505
24.585913123378802
22.283775449618517
-12.098245133767264
-72.11082548443562
-83.03661352488868
34.310559090783954
21.637204353056376
66.00367081616764
-37.623722411083925
-53.93226038756485
-70.2932346306194
76.53112973523935
61.94867909755834
-3.575231661478469
80.98917373592363
80.74816381035097
1.4261331309370888
-8.006302348974629
2.2816046654922104
-28.475089417235225
5.264387504726301
62.324300663110364
52.180005414060815
-58.03842329997397
-79.19554643403983
-19.889272426100945
0.5653316280614007
-51.76386272320374
-7.476244431747887
36.29297138236063
-52.01371762342905
3.2918069579197606
-57.817813185395316
-4.956819462302249
35.12407133165206
-34.12647660772567
12.144893807094448
1.9968415061023421
42.2520649907359
-12.936816903569948
-19.904660992315925
-11.832769349010789
-0.46933012337990476
-34.0260916491205
-13.535679172095328
-29.322159876046825
3.4993734092675766
-52.74867578194063
15.317701387147167
80.70326298221701
0.34619309122211916
0.7115083599450713
-14.715181952040979
36.47819870202636
9.945364933020443
-50.181088094775895
49.633596279810746
-56.526908678771036
10.139274849162334
-35.695692543494204
29.412926774575013
-69.5973004358573
9.80542633176367
-29.458072813336727
40.50924960757146
42.3817493067252
6.337907641414091
-26.339319447027066
81.69597128022892
37.861607460104494
37.648962012607456
-20.091072022502516
-19.380784890161706
64.21419936523591
-21.343122886119417
49.05313729926388
50.12490156466356
74.97193322265315
-17.34369245092715
-67.20598661959706
20.311333383199994
-60.75401863246729
-62.898936452670576
32.817234668306014
-18.516638804517697
-3.4708168041264003
-10.07138882301929
-34.807837569049816
40.341777708431835
-23.75308960547511
58.349488424065726
-43.19423059773562
36.87232234950051
-18.18010841386436
50.07449768597945
-16.445896521739087
13.25496016239454
3.437048665148737
26.805675226854277
-23.10519410629871
80.05938378301755
23.10139154283398
32.56941201694153
59.43750233289293
-0.3588147817719829
7.257223396918576
40.502557715879504
-57.6916948557119
4.139567226189811
68.61220236676328
-79.44687654087939
-9.89854350621934
69.43347677456339
-69.0075741620499
-43.764381741289
-11.378066735763639
-72.35288944747177
-38.225650836684146
37.216677738866
-52.36835142568388
-23.26491510817081
-7.537323023187668
14.35833402412645
21.913265718825656
-62.780422900854624
-60.421251818790424
-75.6766933506297
20.08371084727274
-31.154279062186745
-61.96637030559431
17.783748091138634
2.850775663370939
-19.143844882599637
-24.367214502622033
-9.256702631150247
-18.728397533782513
-51.69134516778759
-8.712011451833376
24.03237267432455
7.5071304344010485
57.67795012920541
11.805222802627199
-6.777895996505293
-65.74776500437666
-83.38584392191649
-49.9914464683645
-41.30644412116921
-76.7035501658609
-18.075469134276062
49.25641591961735
36.45585288246491
11.19717934671786
-32.81435334040424
3.448700930034775
-46.29189993620603
67.82939389770416
-51.76990667872801
-12.455693135785793
44.96769833378846
-46.57232013322267
-8.790931856598036
78.69022036653868
12.722535844524714
-0.338713357670386
-4.194026113848466
-13.0536706570375
52.53155496184908
18.4251438904995
72.3739576675371
5.410698461874091
-26.429162952344257
-20.9497647937298
-52.019686917613704
-21.438666264464274
-3.051486565362012
39.1790165853339
1.9871383345548423
-71.67842283631634
-23.39117151920047
-43.85292120367415
44.6948797121793
-11.43925361365092
-40.35302452145084
10.907190101692862
7.228431325679608
38.38313051931661
-52.32055632380386
-80.59405486597934
-2.9782866963591914
-23.515252311973896
-47.16443896962194
-62.32511252156901
46.87472576034571
-61.49217739927888
-4.604086842623673
28.85317324915772
-24.791751166664085
3.0227784616719475
4.556839499107113
-5.840688700744124
-5.2622860574096535
-46.76161513826397
-45.25403909842211
-25.572710522566425
-1.9775185361704644
-46.02967600259709
20.322537629666243
-48.35757400922721
35.815260933855825
84.98955824771113
-5.483279796980668
8.530279558074128
-2.0510110193506677
31.8152657767192
-16.321642013344643
-79.77124356459596
59.05553672520239
84.88777690643346
41.942985062358815
26.965135308721415
4.069019941550536
-15.171639846260817
72.38338200235566
-24.602225042100343
-82.36373015377016
-5.954799662386563
-14.368935201020676
-1.0460378652042834
-19.361696284379747
-13.833451858954291
1.084154028967646
72.53717663676386
-4.758403613919029
33.30446388130798
54.16249435634174
51.71180004442243
-71.37706292212332
-26.89446462686648
-6.862876254508365
-43.47798991072255
33.323510801128776
1.307458404314076
-57.43071856525345
14.086305613541967
-15.792316344638337
82.96541846303765
-47.732353837552225
-10.518816213562388
-0.9449528785068964
10.57833175850692
-30.2717797780452
-64.28790095179464
-59.821330637271174
16.88358740884732
-22.431983482183796
18.39935775243194
-16.325451056854916
-11.813106010815076
25.65688944908584
37.23043234131947
-7.202579135204871
-9.327180141172875
74.14485157089183
-43.991368436519636
30.45296585551776
-19.331764487043685
-13.384623248722576
17.86125053550917
16.504811796344725
85.40040824886057
-41.746023343655814
-31.060717614316516
-15.969646923032613
7.918234140686266
-12.989374915816384
8.270690900968987
-39.450037737321786
-3.1359307047201668
-57.83169046512194
29.99538455351282
10.73678668512305
-1.9620165758863095
26.118403421832653
49.192541016112955
74.65109798255003
-23.82781825745461
38.14562486655785
41.99222778276865
33.33606778468689
87.66972903997205
-23.0497914326872
28.756534051821347
26.49239252289908
73.67408958464827
45.90254259286539
-1.4051837587347649
32.260354231606584
-12.419394134646396
16.907161414576322
35.50358455910194
-32.72877397922204
-62.88212158882467
9.741819289003075
-45.2887842385542
29.788955875247453
19.002531705926074
20.70515697731676
-5.475837999517552
-38.26893260369683
-1.5626757452659064
15.321836296162957
50.369530314581596
-18.967662618953526
70.54216830839661
-57.34081504729935
-29.534438811918577
-44.50052720398988
-4.645103237275947
75.70259750172823
-47.57108481132435
15.032607875161759
-47.49772227277162
-20.179639600271116
-5.664646344974784
-66.38741165391687
-58.47075038457832
70.14544733053998
-4.546566814298558
-43.89159197648936
-53.53974429886987
-11.402657896703829
-1.9722480857376183
-10.928722397507727
-72.38082720919215
-9.807229755671159
0.3942788033455287
45.11964887387231
-50.66221805306391
-17.25451729516108
-82.83040005794504
-9.239480093372975
-69.8517694223415
57.49548095110569
-44.02625866496342
76.81747178919963
-25.608194279052768
12.250707619800622
-64.39512400737964
-38.87639067979989
56.2568088296951
-30.85725313890302
22.427324361936186
-4.9228759249115654
-55.13917847412387
10.45117174480643
76.39239919868791
68.3432788353845
-69.86088391164628
14.871909814818238
-55.71631065858639
38.20231650683405
39.690657755779
-2.1462796761432372
-4.129934972483866
-43.98714710975001
11.362912320000348
-11.224890823076322
29.37038717732274
-35.23222773185141
-17.314584773508543
-43.05220011874185
-27.210452155762
-0.17245125086293456
-13.801743162530897
6.279916929697592
-18.650323442580472
17.93020397925659
-38.394903685077345
3.9205563393151834
-80.12157681583177
-52.88249577632053
-14.088619159443923
69.00031055081811
-70.14458072956896
54.72002226106744
53.54243861715466
60.57484726601393
7.194913825541917
-70.98409650975788
51.04060857289414
-67.01837370762863
-7.4580944476366255
-17.082077134701464
-18.970712621149573
53.47372347613478
-7.153316872386426
-37.23168058097306
-53.72018155892934
-8.003598060206613
-24.821144427202228
-8.223546832711634
31.41187156970321
-3.102881136042569
58.09555506794243
-13.776072854279079
-56.954367868117366
53.71096077748041
19.349731564597207
-17.324411417169244
-0.4592280853780437
52.69302731410011
14.406445415083155
60.8352619680486
-0.19015486692786965
18.441002636971277
-24.070427481622048
-27.10844604657464
-24.06525633228776
3.919380890866975
-21.470916967825545
70.92765712680156
-12.445661973837616
35.20237259177668
-11.688619623778848
-66.56118468584322
60.90648155368683
-56.957837702570735
39.3527708229112
-50.149287995113774
3.4772195138189943
-17.630625655537926
-61.75594271558325
15.080676344569738
-11.79304628333469
-47.46849164203744
50.32720472519043
10.315135121508831
57.01338316087924
24.978535435747744
-40.94106986398116
-54.32680046361564
-43.59946682526894
-59.84491172256231
40.042613444439695
25.02176751359201
-22.408506777842277
-28.798715585773607
49.91526227410111
-10.95474419324404
-69.5479260691389
7.058121880623375
-65.31200260615478
-23.58278087329616
15.751232733091342
-39.81884167990059
8.095468151747525
20.35343584375029
-45.972361143154245
-56.561330954793
10.785505741242105
0.2753703414538933
-14.129318919700793
-2.5569561177646563
-3.5821548613268135
28.791591673437026
-29.65011273926173
-21.392499350538472
8.463629604377118
29.14023755949222
26.973701355879697
5.300679403871101
-69.54304513992646
-0.4602951414493077
43.18146492398398
-31.398623219319887
-18.789457659427754
11.253409284478693
-42.05913547719319
84.8155742519163
-5.0153087463922645
-19.6180841791752
-34.636940360723855
3.3747133591902525
-23.820335288780456
-46.21207652917453
77.59063269574503
-28.717963769301633
-33.32831997258312
-9.564855785480887
71.93859884909602
-4.341543812212095
-38.832026498678246
54.044168576594046
-40.96996531886008
-12.754553191106197
-37.208221413992874
41.64009066519955
-1.5389579895639685
27.652953216687408
-0.7270666182923975
6.905443794971077
65.70802349011802
-32.590801065509496
70.27039810412444
48.13351962883175
10.945556355367401
-29.571941160690855
-16.997920203233363
30.27732304753812
-10.423841298210348
-53.15143106936292
-23.565850058599423
85.16017345065754
-21.880095414187295
33.007600956581655
-56.053581799315054
29.947601150419572
38.60037264323077
39.51831122020005
-14.682953625686224
59.17229102403445
-5.776849801400189
-7.948978598745484
-36.3614941498369
-7.2508874962272785
-31.67099237599784
-17.872773519464744
-10.323670917152043
0.6474069112466765
46.427093206503855
-63.85703333251439
16.445533200367677
36.26479546119825
71.7630974654314
12.175708630703383
-60.934029061469914
64.6123026943088
33.73440093696124
-13.4778860052525
20.61165617004208
3.0588826523890305
2.5392685258496925
-46.04073821771055
-79.32436120261765
-69.86318931405097
-17.587634452904865
17.80085529937982
-15.488810036073502
-69.48730529759618
-0.961549879412587
-44.01091570362947
-76.17439305979603
28.91172056346832
0.9100994610275279
-27.790787655452718
36.97888666041172
44.36987311092065
-59.390124541789326
27.702525123263186
-10.840593501237507
-32.4164681392452
-29.389980598532446
-41.54114320327435
-32.66267929380055
29.37204942511279
49.46435078191257
-69.89668990036768
-14.767809395774933
-1.3078669852015707
-2.6740814421912233
-15.854835401432553
-48.07219321547296
-59.93126862987845
51.06762944924313
37.43174348394646
-0.3057216332722277
17.195546038321538
23.610302487907617
13.00869708975462
73.53629002585456
21.548884628005084
-15.583060280584334
37.20791748856416
78.67344126635206
-57.111143388386644
9.929964768521529
-60.41426686777875
16.00402725504682
51.58490730818011
-4.889552408005386
-43.72757876816701
-18.49048967980859
52.80749117260373
-5.9871709920774805
-21.260175495150932
37.76786044021526
14.45602580535278
-66.92227148592394
-27.137343656361566
-6.912464467643915
28.590022315180434
29.537224199779345
-5.097396500632314
45.723414155121844
33.703611799417274
-28.92545453380346
-0.07127012585331727
-27.725712479073906
-14.341245518902952
-1.9981205319451334
-30.661151069517487
-15.981778393597054
-6.942210053676959
-70.21208025486794
56.022762559416805
0.7680052556319481
26.065448731069253
18.025567363374392
-14.97429819791678
-1.120907475880685
17.78181568952337
11.660016751657622
-25.29431845135754
31.378105294533754
15.94713600669482
-68.84309154860543
-48.456741341090826
-11.577628781799547
32.978117064254036
-25.242362730793417
49.6944462891972
36.87135299478817
59.15046425166841
48.61287928341514
69.87070337995888
-70.7805398874479
26.441913537213054
14.713493249582129
-16.555504737710592
-48.715061865872634
67.74331911359943
-6.017075220770863
16.999389248330957
-51.4876334710717
-9.85940821918588
5.376921859463664
75.38833958178205
-61.144000584589115
-13.008506459454324
-21.88696524717585
-19.809166237120877
-58.822913308753776
16.17755724257924
-7.338589357939895
-51.08831073577327
-48.21767495066988
62.51631566861931
53.52606076791656
-23.077178382186375
74.47154550804618
-61.07987777531001
47.98459947540755
81.59143450512488
-44.76913092967212
74.2122488999604
42.039263105809425
4.198149337492666
-19.45301551735865
-18.323792602144053
-62.569833484927685
56.35441270166919
-13.112121015069192
-42.63509825348512
12.275724775065285
4.70386106824472
-4.020799892733081
-22.554961866908684
-36.86188147652488
-24.966247222705377
76.34958776957629
34.5997284807909
19.953966153791043
