27.935086330318086
-35.19239673585793
-56.53816488553894
-56.13024642784915
-40.73088751570288
-29.892601767099137
-43.701467283790535
17.671344537469267
-47.99847259396177
28.28390032204129
15.790693366543763
-29.05450903117554
-5.990931616534283
-14.877226912409668
43.58097690015691
26.484738605181406
26.76416934045497
-29.748051102598296
48.6013382359333
49.294271809582085
-30.833723925839024
74.52306325720934
51.06860606582944
-32.40264563476018
12.51108553733016
1.0986911999764999
-40.967150807431615
-29.076266643046267
58.23460835743123
-5.989573644322235
86.98160547002584
-8.237406899466947
-13.402416885059353
79.01564402946124
-29.360107525709623
36.38705626239849
3.164400364340622
-69.24528661260717
-26.13610192392116
51.29048126634396
8.7855723782383
14.938589493982477
-35.11525498360759
-24.927257472453988
30.19660862334848
-83.58922556324639
76.01611794764389
-59.48039949414939
46.12352043766225
-14.639411214158471
-1.515638753126069
4.438847901658747
64.75407692864908
2.4321556790175265
10.524825277512065
15.693256624178758
-20.493888283663253
-73.05251507691622
-1.2910500933292042
-1.1297466745830889
19.494460235854433
-31.56487500347224
36.64330869873774
-0.672078305564483
-15.629234963184373
-14.45947846808501
-0.007160324488040715
40.03462713784867
-6.890595313628808
-10.135384175094657
33.357451604085526
44.97774394722407
-50.366086046252825
-44.938241956136245
-20.287623532254884
29.003119427540454
74.58435420909922
-36.32645780640239
-55.67985850248132
-38.90578010508271
-14.822925871868577
3.5959937869907606
31.64816976764314
-14.640837274238606
77.39747825434279
9.346584590706286
37.827640680134806
64.88720131129739
-54.44952049173194
30.57626295788876
-51.82410505462908
-26.877980859802165
82.76275668638635
38.37618028671483
-34.629162733939886
62.89941412260882
-63.425152419694314
-29.699848260929414
24.88540173051433
-16.443554986364944
-1.5392847007685333
87.14996838038911
-9.262871554316888
-64.47800482773012
23.92955096179945
-7.633468530565324
-63.60147510451362
68.03671477171946
-60.694216916987195
43.64561552934879
-1.1161732710368284
-19.38242391791229
8.491981457797678
-9.568046340222907
-71.95446068868242
31.108187863519362
24.423703428237914
-3.438500577567922
0.3314076808138111
0.6595890331058314
-27.223509467857454
-49.2171115580418
-4.5068048741352555
-30.467500137063254
-28.524544261739493
4.088972792495582
-51.83737464743956
-51.8493451106274
62.179539660955214
-54.308156473124576
10.365357501240652
9.939953791229868
-29.123583476139075
24.661477354613368
-17.062993128444617
-0.6886746011043812
-25.666415519071535
-58.224244332036406
57.13715356959338
-48.82473447093583
-48.36414394617372
-19.235800639042296
-36.337299887842036
-46.12949344141284
-7.971907306874655
6.336673437780604
-40.40982535173911
-27.437704286808938
-69.7148401862682
32.45123631474925
-81.73404216888906
-2.4357104210642575
-4.814698699857516
68.86686918243495
-3.6033921234920285
33.628554016533855
17.78682366040728
-29.928251734286548
-28.429299827862366
-48.22779687755233
-49.02972921469559
21.394468370550598
-34.512451977893484
-59.12959246291097
65.6815749004106
58.46490043400797
6.475493647959809
-62.55527317218053
-39.68508779389749
-27.85509975720727
76.37510779029932
-6.238486812085441
-0.4006554174483199
19.503497403870995
45.828417927632415
-10.69109225929789
5.293468463230141
78.65675507148629
-6.166759615655565
-12.784383787580879
-17.1733723820915
-58.73152188905103
27.727864296576087
43.95769684716723
88.64369354596451
1.7796453817422702
25.34951180464114
-28.53683510701765
-34.26203883176848
-41.78171529965481
-14.137675753991914
-83.89308827427863
35.7723109142363
44.1563048436129
-44.42064686735472
62.44903936084174
-45.94639982014996
-15.073200644060236
0.4971569171426182
70.53560518278172
59.97595383801246
-49.21820985413459
-54.562311223351465
15.558215324057713
-47.86898566218038
19.691891576497156
30.206605811882838
76.06357452282913
-41.528227142705994
-11.403662296214478
1.8663217926690834
28.01775462823521
25.147217049891665
81.3087542568648
33.366058051848825
18.3594878627286
41.04136708252918
-29.049763807933232
77.29392040977876
4.7191065594361845
14.00731370672969
27.007826235251997
64.21922941711532
31.1039283462039
-3.7994592201630155
-37.99736349836546
-73.29024768978022
-36.44319713353409
5.979253616737324
-28.659388355799408
70.85843492147734
39.73152919099542
-20.480554058990407
-74.52372604520897
63.542023721824876
49.11027556910233
2.5510969080679473
35.738272309568885
-76.3180055060035
-30.908665974300533
34.22242909407913
-39.31596599425376
6.934757028126128
52.75294009420733
4.5929880109591465
-64.58953934044091
14.658571264389124
72.65180925647655
67.71550524980881
22.368630863510717
61.82305560165088
18.714469261643373
9.895405601323588
-51.29546271257931
-0.6259066754625024
59.05881333749059
74.29384295942603
-12.99185981024705
-76.52181237194043
-48.75345514220887
80.18039683425619
50.52358495843066
-27.870607471970203
-41.16250346263756
-23.058432210992308
0.9865736725466263
57.79042003377472
-23.380692843862093
-58.74263427690652
-2.5215617676652613
-5.482614291839823
71.49213449132549
2.1767429488446055
20.530793254918677
-26.38343091389413
63.972509127776675
-9.55506904969593
-33.8949002297414
45.23708511829966
-80.70665893200807
4.217365013352719
-41.102436923582026
-10.584258245724499
61.92659767953944
27.689326270909078
-32.57534059341421
6.2064875635675065
-0.9885453085948654
-2.9193254943707245
-53.527448938853
23.56286668194582
50.99628355981699
39.708370878643166
-62.92277659682328
-40.39524348951996
70.74639813170015
13.69989208120866
-25.18757525148125
44.10815315786573
5.571509980000457
52.51255433289796
75.81752776296938
-4.65980753959559
-67.32650160833562
33.007333458146064
26.54680022861602
-3.515516210135061
81.20062756513659
-32.084769127993326
0.21287619968710203
-36.401523815561745
61.36825775108221
-34.08196381105086
43.03769947978054
82.02041180995687
-29.835311264569256
74.28476222505728
-35.55365660677153
24.48850929616634
22.34471895320793
-12.10065043495058
-72.12864850021079
-83.06214113511793
34.334988619234736
21.547898597405236
65.9203993033106
-37.65562165203638
-53.955053914971394
-70.27245099339265
76.51318408342954
61.95978808797213
-3.5157048151603334
80.92546267365253
80.66982536294299
1.5181811766012174
-7.935512075515646
2.3683006168306946
-28.494219445159047
5.3865617309172364
62.33516003880439
52.15726014806583
-58.093458359663735
-79.22295649691546
-19.878070629646402
0.6357548062341039
-51.83558315643019
-7.400418606602543
36.19338958766829
-52.09328646377125
3.3490644653401063
-57.90289744586801
-4.9498986674897765
35.06383614032228
-34.13843037853072
12.111786313854282
2.071007254146622
42.0706953699671
-12.821054822254297
-19.74358785115571
-11.73405161700417
-0.41877351890622094
-34.06276805800138
-13.378375084772628
-29.26854343012718
3.518572873376584
-52.692098848682576
15.402387815521266
80.6438737763157
0.4138597861949904
0.7478007328299583
-14.706960286526538
36.53309507913704
10.050665021298798
-50.23695423651748
49.663326876094516
-56.590025478476235
10.11763554687954
-35.70545047488942
29.28637859452533
-69.63790609214388
9.80016473702969
-29.443645423119662
40.52747210485481
42.31860667563225
6.3267816534240495
-26.29988732785769
81.5952312511439
37.9276921961349
37.604417805107204
-20.11684246952491
-19.412123531808888
64.21882717305778
-21.212458623814953
48.97602780738404
49.98180429761089
74.95987004966955
-17.27250978902164
-67.29398857930704
20.237606351047305
-60.70026087661546
-62.92782337390423
32.6984229936929
-18.54931888686683
-3.411089292548823
-10.056154609983011
-34.858119248641415
40.38978812736306
-23.774915210174555
58.366929137289276
-43.2552992417159
36.81979886501142
-18.207845157081238
49.98342475865894
-16.417437675553728
13.267863329516146
3.430425320469965
26.69443834444874
-23.05173321991633
79.9460446420508
23.07807716282538
32.55071712085868
59.40483336131419
-0.29137469669272775
7.254749337904329
40.50636149631481
-57.75567592222811
4.163227284392107
68.46494181063039
-79.47391090435971
-9.864576178922789
69.42536865168401
-68.98448936621259
-43.66531210362554
-11.22264270933428
-72.44441844823027
-38.13650864268854
37.259833828044464
-52.419803039960264
-23.29763084759078
-7.507037088270536
14.416978283149334
21.888298953339145
-62.870269599400814
-60.50709810196772
-75.73979126734376
19.997841004963078
-31.185582587545525
-62.02247538747029
17.773475522979666
2.922289735909956
-19.0521830245401
-24.409723518252108
-9.172050663336421
-18.640103902077087
-51.761962230772575
-8.730255510712254
24.121516442995727
7.512556186761515
57.49683550445812
11.8873819332226
-6.758923403266678
-65.82842687091656
-83.44949048881872
-49.991403288536645
-41.34147951345655
-76.78253351338833
-18.10721941449151
49.28364261510879
36.49516106924372
11.19602121427188
-32.811180215921254
3.495548262680586
-46.367632260154686
67.70679416024029
-51.843092716436
-12.47842032699937
44.84832660979734
-46.500806182788075
-8.77324059520916
78.60981515757359
12.683364589078181
-0.2799987764875169
-4.150272000121831
-13.075489951541996
52.53358353455479
18.445164775454828
72.27848654535302
5.440113127105974
-26.274475383845314
-20.828975328067344
-52.00835996808265
-21.389692447251562
-3.0581385898618123
39.22659761730202
2.052866069620066
-71.68679527771295
-23.21786207250193
-43.873508565466096
44.56145511581701
-11.38398733082883
-40.297121560759635
10.896049818181439
7.3128612491564695
38.416825013867964
-52.220488686068585
-80.61406179080443
-2.9846595926055244
-23.460170091332003
-47.1994292950525
-62.30965173844374
46.71651082099564
-61.57102823139572
-4.514412160373013
28.72806958920772
-24.83050159121447
3.009887232820759
4.544692945829837
-5.848222996418542
-5.277415290917361
-46.78888863895574
-45.30874733726259
-25.540836176105884
-1.920023169331941
-45.89504893581631
20.357467462629927
-48.400920605000266
35.67524802117481
84.91124082677607
-5.371197896057907
8.509213249385539
-2.01597382948529
31.832858667084594
-16.198208780604432
-79.77021259391061
59.074178474928175
84.8485353733517
41.99897152556568
26.879482821958376
4.059888504055564
-15.117311218180788
72.37610720862702
-24.477413485909167
-82.41516689274683
-5.948174904845416
-14.256261577327962
-0.9325422849564404
-19.357330195429014
-13.813080200236243
1.0769070588020497
72.45061585635443
-4.664903013417813
33.19361642907788
54.08048823843737
51.740727517524846
-71.42514703663687
-26.859074818722988
-6.812677780536788
-43.549777883230746
33.18463226014492
1.299460254362188
-57.46220218142135
14.047562067379886
-15.75438855999947
82.89051029316755
-47.641960334418094
-10.457223645904051
-0.9138075044699718
10.595018965211636
-30.119632441962963
-64.36846334562165
-59.86387481347287
16.889494426219954
-22.263383945325486
18.507974769120807
-16.35226726297732
-11.835235818036296
25.714046103728407
37.188685975246784
-7.091679760050127
-9.248012097651127
74.09354416931154
-44.06101312301539
30.535746926960257
-19.347057009941267
-13.369028258545981
17.892100661951602
16.53282697537999
85.3438637202058
-41.77135804882543
-31.114796717160417
-15.845007890787386
7.926423045034099
-13.012057436473953
8.275451493475472
-39.33918671064494
-3.070791460321871
-57.8186951862836
30.015129065530246
10.791524132291585
-1.87423076126899
26.137000991405046
49.22268250470222
74.52167743465105
-23.81977959310707
38.026200560247304
41.8954578170804
33.35433515331715
87.60407470017878
-23.05238131572584
28.787227047250155
26.559282521704617
73.66572708280188
45.88235649656019
-1.4085543707857084
32.32639487526578
-12.41461711310859
16.84250465849125
35.39540183434656
-32.76607937249206
-62.93434804074517
9.72514548159721
-45.350113969272165
29.647031873512177
18.972222114479422
20.693958487982997
-5.339224269766859
-38.21270315957865
-1.4922794950139746
15.287641535157576
50.3366294424884
-19.00054933327904
70.52768268723878
-57.420378597969716
-29.586120773314477
-44.53131108108981
-4.6042858733755025
75.59242167050905
-47.491829297435075
15.104379269745976
-47.49267047959935
-20.023416627877765
-5.5284242541082165
-66.47831173727586
-58.55528357575594
70.00558823027066
-4.447603870167839
-43.75801088937274
-53.60663660533903
-11.385975871136466
-1.9854293919390358
-10.870093478961707
-72.36084624559766
-9.686446385723698
0.45120963631163136
45.12717795771974
-50.73802127447561
-17.277363285824094
-82.90122773235282
-9.245196774189282
-69.94201415272609
57.32822586937991
-44.018465508190275
76.70414381994317
-25.61342537741146
12.213963586229738
-64.37678447224818
-38.8227321106268
56.21078670952576
-30.892904220325278
22.37947423602887
-4.837134147248136
-55.20364861796347
10.426879372771126
76.33462835312841
68.27527583895107
-69.86033270736587
14.964974876546322
-55.80135231304862
38.120204387998854
39.6419211837358
-2.0736774254550454
-4.042761421020515
-44.0597685523846
11.362038792840295
-11.232220456982716
29.29227859563271
-35.19990617891251
-17.32284041863315
-43.12226145768562
-27.257812067582464
-0.1845210551794736
-13.716142699321878
6.3103127578285125
-18.475775984558865
17.9291398712365
-38.266022948685986
3.9187833459777437
-80.15003509298403
-52.95558513303049
-13.941635241189047
68.98445689921971
-70.23500514239409
54.69456835719694
53.55885219081915
60.53449844223064
7.176605597534248
-71.0385297361091
51.012876537694694
-67.10436905702119
-7.390611624319746
-17.1001248900467
-18.8323682519092
53.4241237052573
-7.103908224224938
-37.29549871180396
-53.77680458097606
-8.02233815156319
-24.720931593766295
-8.217682884586807
31.466147319101225
-2.9986205977693743
57.92033254792614
-13.622529695338713
-57.00093603341719
53.60412029258407
19.26747397964884
-17.346372111224753
-0.43154578287999357
52.55295449220199
14.475616546822337
60.829440540432984
-0.11774069833505507
18.365526932022107
-24.02633181399176
-27.146423706468056
-23.904801886133257
3.9093967519516895
-21.294987344956965
70.91822100568518
-12.466510950956533
35.03902350562623
-11.576693371955827
-66.57097832210592
60.92203607931387
-57.03261682452046
39.23601454480601
-50.05434561607077
3.490132448903026
-17.569753221059003
-61.83853423107622
15.083188236479401
-11.669718131459433
-47.54563537281804
50.359699285488176
10.35421113297231
57.02874823085145
24.980461295740483
-40.96334322841979
-54.371700100799195
-43.51844346481927
-59.900008160628055
39.87405232912798
24.9643614969621
-22.267461538824932
-28.75901609917537
49.77439205724551
-10.96116730713534
-69.53280032045873
7.06644704463794
-65.40262555657193
-23.465614791233634
15.713431678601282
-39.74816638341975
8.074337649715716
20.38326263540999
-46.03858345672366
-56.57765617942244
10.832665210800513
0.28344144964229656
-14.120163059194269
-2.5630838511164598
-3.482731667752205
28.83748365633994
-29.665209449290415
-21.311029536919875
8.469398677382358
29.018356423503192
26.98581547152861
5.420536027768392
-69.63454275428684
-0.40771278118195653
43.206104283698096
-31.37164239802601
-18.69859788461619
11.236996156307441
-41.976457334770934
84.75009780886884
-4.974223611940204
-19.517251927399897
-34.47598964051556
3.376306544900345
-23.656601398902097
-46.24327676659098
77.4666795883183
-28.633553069394893
-33.299635978507155
-9.522362508370364
71.90262597051236
-4.21523238548275
-38.85823522694812
53.95042265812435
-40.95250754844151
-12.761016483807396
-37.18243207493634
41.64312452725852
-1.5523725617815813
27.709987667918128
-0.6176159540475226
6.8872731189338765
65.71575686757623
-32.606183225858885
70.19985153935758
48.16958547225835
10.915351822005675
-29.451481451887446
-16.979926259924653
30.32658818752975
-10.334640365213659
-53.1899653609717
-23.539133103127526
85.1271011574658
-21.72740769104736
33.01482814981546
-56.135226554426005
29.916783186033427
38.428221725832316
39.500743006446925
-14.693568106148646
59.129202149026014
-5.744174477720918
-7.802499028666574
-36.34681752744478
-7.243256029724421
-31.52320755839574
-17.760747558078762
-10.299286398157562
0.6657077531384772
46.444736172733485
-63.91116078068438
16.465562308906044
36.27359901865805
71.75520105366243
12.149027025519516
-61.019223016061616
64.5299644009398
33.58898579215884
-13.426928041107828
20.603190741904285
3.081998883488012
2.5557674001376114
-46.07259568020128
-79.40379114411908
-69.95470083593358
-17.501662973361917
17.72991938108143
-15.51546682867388
-69.53560300195565
-0.8888495609597413
-44.08107395307004
-76.26534317107547
28.83447605231322
0.9932335324948269
-27.81387500843742
36.94014370884824
44.23895918713865
-59.42999176500213
27.670360764380433
-10.81782491327155
-32.28670282021311
-29.392695997595638
-41.51377443529601
-32.55104605493102
29.451519763907726
49.498910494930584
-69.98742965314246
-14.695983726282904
-1.2403818258529782
-2.561121656949169
-15.7162809021427
-47.94794535377781
-59.94967375093959
50.959089754290375
37.48222450996434
-0.20080490812880214
17.130185003322183
23.507240950011678
13.034041189621206
73.44546109563493
21.473769387293487
-15.533686127383746
37.10439786363284
78.65925643991781
-57.04688735419121
10.032651304037884
-60.471668211325394
15.94375749403082
51.575768059703535
-4.9017096175553405
-43.65659245969522
-18.441761480738663
52.81173623337011
-5.9905442905876924
-21.262366879884922
37.762752852007395
14.455542852504095
-66.96780631388013
-26.97306184792859
-6.77263267363756
28.498760527456014
29.424511815532767
-5.0832005989697535
45.7601974740883
33.7586179654856
-28.97255167019445
0.0010447300382310232
-27.74450137743146
-14.36744439447996
-1.8957329556565128
-30.57859212003335
-15.977569912335511
-6.908909937398633
-70.29817828446171
56.04437565549199
0.7733227059854215
25.985686718643223
18.007931517807464
-14.941508778435676
-1.124973491460949
17.802219182735158
11.626156591817363
-25.236058461098622
31.441055846967714
16.00370382403551
-68.89241569272352
-48.34436678965337
-11.590538839141004
33.04710766614602
-25.166930199978353
49.703319070722245
36.794130897703894
59.16139328458752
48.629871092391426
69.83678638968783
-70.74308955012273
26.49726224596168
14.66289563919679
-16.511166643125236
-48.638897590927485
67.62777047590023
-5.993312362838836
17.063081986933298
-51.56583636093682
-9.823378619312521
5.391385489128709
75.37121917090121
-61.14100616551825
-13.002865791662813
-21.878380766060687
-19.74131513419293
-58.908463319105465
16.11617430449911
-7.348368656598993
-51.00787941847526
-48.17160738475605
62.44663578899056
53.55508913167185
-22.96393482907972
74.46479066743132
-61.09858262303428
47.91019781416256
81.543490163337
-44.77985928706233
74.20562229701463
42.07230765253297
4.29443746964553
-19.48109330990141
-18.295281187927614
-62.61416901681328
56.372358380489544
-13.015668986574894
-42.65263535701251
12.268812493418565
4.6899073501541295
-3.995933218944529
-22.473323926360038
-36.837624439986136
-24.988941059761984
76.3173992092774
34.53157223932354
19.953406746650458
