27.880213574231632
-35.20308485557227
-56.55318799985706
-56.14000748216811
-40.734247114560056
-29.878798066476506
-43.73049431253825
17.645287602471782
-48.03091441593724
28.257710378594908
15.791427381865375
-28.976869727841944
-5.95736836088733
-14.804032576656823
43.58946250980213
26.425249493306254
26.737348864725234
-29.777723545403774
48.60015123029521
49.30008587266596
-30.864751601830136
74.47509716226003
51.072063011962655
-32.42387446882192
12.502383790756042
1.1304881708256858
-41.00375123298986
-29.03250508035829
58.17400873969319
-5.971604390331947
86.93494609370211
-8.158425816339715
-13.314252307090769
78.97648171838406
-29.368810574517596
36.38333045400543
3.1638057350117776
-69.23564869542523
-26.127199427322125
51.24099472331014
8.781129571561692
14.922357059378612
-35.14930361714892
-24.8577111448417
30.212751347359557
-83.60857704307767
75.98794255195071
-59.51795387857953
46.128852437762305
-14.616067321073174
-1.482700009263496
4.463260720598683
64.71499418939803
2.4364206795286805
10.582611226812887
15.738688913138745
-20.51387381114813
-73.06231155564609
-1.2934345492979986
-1.1104866877116422
19.4732983280646
-31.541696102065018
36.60161510120187
-0.6464955390922427
-15.617098968996444
-14.413658850500923
0.009048252541433044
40.048386805090445
-6.810111824995033
-10.095155258070974
33.33616581752375
44.987756684561305
-50.397161280284934
-44.952981186263216
-20.254184744780744
29.0262140980346
74.55397783407855
-36.31904012619441
-55.695359225993094
-38.88799793998091
-14.827076750419465
3.615941470887634
31.63812792767709
-14.609951046176533
77.34763787937493
9.397427624537343
37.826962976202566
64.87191141866737
-54.45466177563285
30.607850366899925
-51.86381384171587
-26.818776497294024
82.71542279930526
38.35491125892878
-34.646681129158374
62.81746991596981
-63.45513600244335
-29.716089861748586
24.90097791693546
-16.458987012176664
-1.538943191932205
87.10352642196844
-9.261680810104963
-64.52236012492249
23.93948751365069
-7.609483090060252
-63.58712343879702
68.00510872479899
-60.69940690790105
43.65201429411468
-1.085876811583958
-19.38593273379236
8.487546474873952
-9.57266756804357
-71.98379994683803
31.04404946201467
24.432644897012054
-3.419263442306118
0.36619396985348374
0.6776268976869488
-27.151134853101865
-49.257781008603295
-4.505038973710725
-30.4982090981525
-28.552561957479014
4.115248734464487
-51.80233756069721
-51.88661030426099
62.1669880682698
-54.35183645554225
10.35980106387801
9.935809093289834
-29.13268518233241
24.680747339641073
-17.078804301047214
-0.6910363097359635
-25.614808863574282
-58.25192968241891
57.061505787638794
-48.86699108545034
-48.36001412780732
-19.184709532601218
-36.32216173075838
-46.14332857186492
-7.921993950027684
6.335265292600852
-40.382067321940234
-27.454993322102865
-69.74741977121906
32.395851093334215
-81.73760755912619
-2.3765956238945734
-4.808191651477216
68.78384633901436
-3.5878308659092255
33.572404532769724
17.78477534003656
-29.95330995205184
-28.457308631731507
-48.26678986227199
-49.05185447328248
21.421335207439625
-34.44901604636894
-59.167994935263245
65.60977323870148
58.4573865389998
6.495326969166655
-62.584150587860464
-39.67364700121703
-27.793231780125566
76.34625613222624
-6.1918106524433085
-0.40303916170915954
19.487505337835813
45.74253093573847
-10.663224295496775
5.304820112039451
78.61407754537944
-6.130224893509464
-12.759706307383055
-17.142665842476745
-58.75840022678025
27.677282454629648
43.965696893107264
88.58276877508226
1.8184796683418512
25.326542818345317
-28.534777084849225
-34.28804163966499
-41.815620619335135
-14.11699910611705
-83.90058604219371
35.78693167020606
44.127220942575605
-44.361287410998266
62.4269997012542
-45.98120746065426
-15.0268966962079
0.49650920743191307
70.5156779053141
59.9190139049378
-49.252643871103274
-54.60245347470127
15.573730949853768
-47.90689150320848
19.710405240766747
30.182740177761332
76.03437959262303
-41.48779472313453
-11.39099804243304
1.911689302590034
28.013544178794362
25.168025231626586
81.25943270295105
33.33623453915217
18.354046514552493
41.01098747673882
-28.959395023937034
77.25755634900258
4.798767268163118
14.037947963796896
26.95588610635066
64.20438609359047
31.12341956669252
-3.8037931088507406
-37.967005608020344
-73.32206563908949
-36.434084685158275
5.996695728230563
-28.66546005474872
70.83662440873954
39.74561144882048
-20.438663086645363
-74.54678347642036
63.52256087598619
49.115407884864766
2.5933845352245584
35.75416424125072
-76.35685718094881
-30.88331202518347
34.1459773826746
-39.35310926354807
6.931807228977192
52.75182835498737
4.615880705699851
-64.61399430563586
14.644824811022545
72.5851041107212
67.69288710564066
22.379263245329795
61.814231412217396
18.684031902045305
9.89860876382609
-51.267517270221354
-0.6095811367439126
59.00198801422016
74.26572926188999
-12.993930885481063
-76.51638294166823
-48.712188893862795
80.13163036996966
50.47450102902232
-27.856640859190023
-41.19922287170742
-22.99649749282422
1.0283644806662977
57.784475067450046
-23.312737538644
-58.7878744526794
-2.472669932718844
-5.486797528073311
71.41177341122443
2.2560327330943295
20.540030772785542
-26.40187748091904
63.89212613250078
-9.468178254133889
-33.89633845237238
45.24453068206873
-80.72748865749038
4.241259887082435
-41.04980016062017
-10.528627262596373
61.91352583258376
27.65050334602151
-32.587501849559274
6.215673294459037
-0.9587124973898682
-2.8709998346221255
-53.51528986828611
23.583056887425585
50.935200282671076
39.65707080754376
-62.9056285043369
-40.35298047364611
70.7238348550647
13.729362041704988
-25.15730489754364
44.11705969131103
5.575737828484549
52.50941534424962
75.78933714952842
-4.664759636113075
-67.32262169691151
32.99001167983272
26.56285860904474
-3.515132850439855
81.14048366856437
-32.11440900995477
0.21612535888779405
-36.37830431213779
61.30450150883024
-34.10870289918469
43.017213355107856
81.9679690682585
-29.862426118757284
74.25643964453812
-35.586837162278975
24.444628372429946
22.370651978010642
-12.100030972579944
-72.14213457317823
-83.0718274690148
34.34971433970654
21.507902609363157
65.87307016024417
-37.66523676892812
-53.97664571015684
-70.26774565049413
76.48493461514181
61.95045094331206
-3.4787826167083296
80.8767260316686
80.61450388534777
1.571202079225003
-7.894094720117479
2.4173137496546246
-28.49940634358302
5.458566224156613
62.3251924795257
52.14651490885856
-58.10857515801931
-79.23648693340826
-19.86702789702632
0.6800984554420069
-51.87822571687847
-7.35590936420401
36.14897001639278
-52.13188289896096
3.386604676387151
-57.942937723080924
-4.943094156176983
35.04086918632916
-34.13615424682372
12.101160127145505
2.1176899532864724
41.978972553041245
-12.756383209067025
-19.656579897505182
-11.668831282393683
-0.3857871079638642
-34.0888527761212
-13.290250858674966
-29.246468681863362
3.5352735269668614
-52.673409101215086
15.443885754805862
80.59728513530416
0.4566180740095547
0.773200635865507
-14.699507670133642
36.54868190176953
10.108327462998858
-50.25701029411493
49.66784775487332
-56.62924113082138
10.113711886509094
-35.7189217145123
29.22621208193675
-69.66334499926832
9.80359868993554
-29.442746189515745
40.538052318001405
42.29255270443417
6.327663408982687
-26.284373686019393
81.52826044213143
37.94736606718783
37.589024217650376
-20.133238554612575
-19.430772674102514
64.20723183488587
-21.14356498623887
48.94054212879047
49.9103906647978
74.93402454670553
-17.23532702554536
-67.3308150309469
20.206636393919524
-60.68203969293933
-62.950518990278916
32.64319592039931
-18.566995791449358
-3.3765127654594522
-10.04691740835598
-34.882419251703084
40.400744961954615
-23.790721567627656
58.36157793079886
-43.29348891857564
36.80052603567381
-18.22443281311088
49.940263916279605
-16.39688178628883
13.279299340526862
3.432943206833798
26.642846764050603
-23.011351189833604
79.87391486111207
23.074768362018773
32.54887504748487
59.385467789599375
-0.2489262490427393
7.2603155655016
40.51200431290874
-57.79504339376755
4.177169576014137
68.38266931234793
-79.4870811699927
-9.844807091598113
69.40656135200808
-68.9792377881043
-43.62288833707268
-11.134564382704625
-72.48462103923461
-38.09810020355454
37.275268524930624
-52.45463346961908
-23.318421764666994
-7.488271878434517
14.444786674597268
21.88415389071885
-62.91360974626206
-60.5523429326382
-75.77149259182512
19.959132784054688
-31.197880390956342
-62.05764854481904
17.7760450583323
2.9613616227284894
-19.00432000581705
-24.434573384342116
-9.118254607935157
-18.59394034864829
-51.80425599221676
-8.738719997426983
24.161746790472947
7.522298662949325
57.40145365550654
11.928946777632206
-6.746942373022833
-65.8713762810667
-83.4758074699134
-50.00195249376316
-41.3513793513572
-76.81926045665644
-18.124285539983077
49.289443508560026
36.51145017283591
11.201498199449446
-32.81725604730184
3.527397351903133
-46.40750578092435
67.63814366359821
-51.8758218498068
-12.489814764133712
44.79148339705114
-46.47381193960842
-8.762076599022663
78.55506284274577
12.670151583026126
-0.24729860938511194
-4.124943022995083
-13.08732210319522
52.53222331232388
18.459915090608504
72.22086439367612
5.462657965690653
-26.19449210560657
-20.765499042205192
-52.01319210639107
-21.36684093175903
-3.058142123521762
39.23895806877499
2.0888046832022553
-71.69593326357895
-23.125689076162786
-43.87201939260237
44.4968556992504
-11.352948467468124
-40.27735716729618
10.897175045742358
7.3579877140207515
38.43172402421018
-52.178475283748725
-80.62302706375169
-2.985586882870109
-23.41843875689912
-47.22690589245578
-62.31079244204299
46.63745581546124
-61.60261713338792
-4.460868944934859
28.668648958824704
-24.85443387235742
3.008673406842931
4.544524628019815
-5.850334951675634
-5.28303737015564
-46.7904496571962
-45.33070567306269
-25.529126035556487
-1.8836528963419568
-45.83348698517088
20.376831956867335
-48.41290121207543
35.60781286135716
84.85265442803268
-5.305308223444499
8.50527205453919
-1.9922300621222035
31.84611687152932
-16.130858760717857
-79.7694823192042
59.06357013633013
84.80653246166722
42.01099674454312
26.842900503135795
4.061230724353578
-15.088568039509795
72.35367864909281
-24.413488450984943
-82.4372283259708
-5.942931764408215
-14.194062935179844
-0.8645464821424724
-19.35794734224089
-13.802651536252569
1.0768525639399371
72.39731879610099
-4.609255229604315
33.142980465039216
54.040317384837465
51.7413430188646
-71.4530221350433
-26.845981912974594
-6.782534972573615
-43.587633928988886
33.117724788944116
1.3004171406516747
-57.487439150371046
14.035327376715202
-15.735105391934056
82.83509797821691
-47.60490778891417
-10.422177174434836
-0.8918307174064779
10.607287062130652
-30.042948026063513
-64.41188297289617
-59.89369486098248
16.898858433758235
-22.173400772965437
18.5638037590043
-16.366106560967722
-11.84674302001443
25.737252892197574
37.17478386705872
-7.027140900733258
-9.202446482029956
74.05560614934708
-44.10184789092992
30.568987800091264
-19.357971112195216
-13.361037172244053
17.910219726514427
16.54995872854461
85.29473603753772
-41.77427519836791
-31.14586634100087
-15.776790127627095
7.937606658323503
-13.023422471064322
8.284800123962526
-39.28918371095295
-3.030541387705469
-57.82210677805088
30.029450638772175
10.81857027956562
-1.8208530765639495
26.151406333878754
49.22773708513745
74.44503181024734
-23.82020082788705
37.970479656013225
41.85168520332729
33.36746236358914
87.54916901283147
-23.058115689821335
28.804920350585405
26.58562782613356
73.64147152883933
45.875810519290695
-1.407665789984108
32.349155446854155
-12.412146158794414
16.81537776734298
35.34622347338464
-32.78186101325612
-62.96759599440474
9.723245932120577
-45.37712099203996
29.57769512218684
18.965222649069474
20.69631566520691
-5.259447729465023
-38.19222655229797
-1.4485333472606925
15.278158669635403
50.32229265308737
-19.01823432943199
70.50638945122233
-57.46498283398522
-29.61568800289632
-44.556617545843565
-4.578338035828665
75.52503620160314
-47.4607852776047
15.138451669142441
-47.5006051191885
-19.939328933149596
-5.448933782613409
-66.51984335377286
-58.600582534236004
69.92635071697077
-4.388789907982471
-43.69659413040725
-53.6475961357801
-11.374347236820867
-1.9888105419318407
-10.83279995757944
-72.35543530648269
-9.617420321032725
0.4880031542096219
45.132094103549974
-50.7816589084943
-17.291283836108718
-82.93070015393693
-9.246629731046198
-69.98003213649014
57.24068634458598
-44.02466147792177
76.63435668580144
-25.610638863562514
12.201916057801256
-64.37581582700187
-38.803803408223644
56.18728903339064
-30.917616885911258
22.36354961102259
-4.785936893181585
-55.227375758922605
10.421077911708693
76.29211715165661
68.2338708395711
-69.86601192132211
15.012017283268122
-55.84601275192054
38.08510283298597
39.62392869157816
-2.0288820084716406
-3.99045422386736
-44.0981445114747
11.367670601326594
-11.234520881451218
29.26008102870165
-35.1669596620582
-17.324787177598196
-43.162725942165906
-27.285477594622407
-0.1870346781068406
-13.66906936046341
6.327259204889373
-18.380386338820415
17.935765654521447
-38.20567692498479
3.924119408731343
-80.1633794340684
-52.99865306763301
-13.859691591521923
68.96423886575357
-70.27734753152984
54.68121786040189
53.56013376368736
60.51101980683029
7.1738610080927
-71.06935819167008
51.00054420783266
-67.13923264303594
-7.350822331453884
-17.108210483796228
-18.757869047522192
53.40041066904823
-7.074131480680819
-37.33118958331151
-53.81372133888682
-8.030802578319353
-24.67100719210488
-8.212844106456274
31.485525872594366
-2.9363310558344295
57.82808849785931
-13.536676741646332
-57.01055220169499
53.55115528563314
19.230570387020975
-17.356894721531532
-0.4113290183506422
52.482359041482766
14.508552098443602
60.819345066158064
-0.07247146275173577
18.332408276196873
-23.991765509621786
-27.170931795169295
-23.82032722523644
3.9091783016835535
-21.20029900312508
70.89754435955558
-12.476728557495733
34.95781055449186
-11.501981104373115
-66.58322138352561
60.909869855366935
-57.06346701778363
39.181663052889206
-50.0150382947803
3.503384135550519
-17.53850463736798
-61.873283259665655
15.090925077536497
-11.600171387530665
-47.587983909566425
50.359548148964336
10.374700270133303
57.026132813565084
24.98857910301956
-40.96457677016927
-54.40350368195806
-43.48582336417093
-59.9353105840448
39.78993072174521
24.943427580692727
-22.19320188094831
-28.74432303171561
49.70428152078702
-10.962962436499367
-69.53133281605278
7.077729210193922
-65.44605280960488
-23.405517069241768
15.70208226909213
-39.72028994422221
8.070302330628252
20.40122891748237
-46.07898413061168
-56.5958171276699
10.856362624700466
0.289947050997327
-14.116023399511178
-2.5637848891476693
-3.423320886243772
28.857640094899537
-29.667184758531732
-21.252098422386723
8.47698059843161
28.96091893152702
26.997837839598446
5.490858726256391
-69.67623855412755
-0.3735919252430904
43.21684961344863
-31.344567704253592
-18.651013133277047
11.235780541291263
-41.94260805027517
84.6975491559559
-4.948281478720489
-19.464432569877133
-34.39624654028888
3.3833265145884184
-23.570127014204402
-46.24786694876322
77.39085263322548
-28.594233433634145
-33.2924565874078
-9.495861133610134
71.8728168007834
-4.1409047663184
-38.88050932608524
53.90422255153601
-40.95322021732875
-12.762689138363655
-37.177918730772795
41.648020101673524
-1.5557922928584986
27.732159370589684
-0.5518128968763847
6.884415610630015
65.69554656111498
-32.621641476144305
70.15590955073367
48.17175295725272
10.907050032200189
-29.3923652897455
-16.96571933919259
30.346292489991583
-10.2770121799242
-53.1959380739264
-23.52940895621647
85.08672028479555
-21.646231607260944
33.024063655716986
-56.180271338094556
29.909485335518696
38.34200481327986
39.49774593019302
-14.70027899536315
59.10535894471559
-5.723292606528361
-7.718039467658542
-36.34791323563693
-7.237024602263162
-31.44962627909341
-17.700689966307067
-10.285069420748883
0.6769795865494075
46.451911787321706
-63.94490668582174
16.48007774890428
36.28258682171159
71.73364254597652
12.142936265806128
-61.06437921797688
64.48396585450618
33.51826097592581
-13.399277762003777
20.606782563163947
3.1007471935839988
2.5707407702593628
-46.07773706602109
-79.43877992816637
-69.99509217263945
-17.441943260685846
17.699311400870698
-15.529305301872796
-69.56452565167159
-0.843631282151307
-44.116512648554846
-76.30268353968657
28.802751499148442
1.0447063074560674
-27.82200031129733
36.927787394789874
44.175833830963455
-59.45870065000858
27.662576411941302
-10.802755857545137
-32.22359648116618
-29.386551106788602
-41.50942525379836
-32.49819863506042
29.483228974339738
49.49899132583451
-70.02976160781796
-14.657186980987248
-1.1981872761773786
-2.4938158798844228
-15.640053024470859
-47.89242535222927
-59.968193817483694
50.906265610373254
37.496313085821896
-0.13744757163843246
17.102860579934756
23.45957917824498
13.04983594664823
73.38935395213656
21.442346390263907
-15.50791529442833
37.057694983593024
78.62795285096922
-57.02379629906796
10.088530203789716
-60.48723758831752
15.918277544945255
51.570970328371885
-4.905515369413337
-43.62942951942103
-18.41770495869733
52.81088462526944
-5.9905301416903
-21.259315587022357
37.76574011706438
14.46194312337694
-66.99665756483304
-26.88797094012024
-6.6915477320781775
28.459117911502048
29.372551111849617
-5.072390657283506
45.76734523683521
33.7764359965052
-28.997406484142516
0.04628887870642018
-27.74977516440002
-14.381099674898152
-1.8341752686446284
-30.541109142665334
-15.97689216117756
-6.88818749351006
-70.34046098003384
56.04124992767703
0.781525611460566
25.952371582344668
18.00709802512857
-14.918840654421075
-1.1227509096252675
17.817029737475295
11.615669091921959
-25.191071057642702
31.462935456019807
16.03015920604271
-68.92209221281088
-48.29541184819432
-11.596044503233102
33.07098686596191
-25.131083345658382
49.70598617464415
36.761875935394386
59.15622771511022
48.63539717018779
69.80942997507086
-70.72957895622628
26.519658296187174
14.642697551898294
-16.488663245638648
-48.609631359778106
67.56286976740304
-5.9775395222146415
17.092269426278037
-51.60999157982845
-9.802434660710631
5.401654841343131
75.34436562501406
-61.14873308470655
-13.000171042057957
-21.877752729116878
-19.707187474479667
-58.95375548733733
16.090341548024085
-7.351781683377041
-50.976454087934755
-48.15834403636775
62.408167149963106
53.5489412408584
-22.905808089637162
74.43800861598231
-61.11696212460384
47.87651203270008
81.50103331517064
-44.77109275297199
74.17949335949285
42.08474172581714
4.3488847894598734
-19.498331751562063
-18.2738800511503
-62.64405066715803
56.37031506083608
-12.951273944342958
-42.649704900026165
12.272076331469236
4.6887643367781635
-3.978688756672497
-22.43276467206482
-36.80929243383718
-24.997884229053014
76.28534520266274
34.50448671551575
19.960413674357568
