28.161465234786334
-35.20811916393234
-56.43469308656462
-56.03569528802639
-40.67729308736385
-29.973908420666817
-43.66384680032529
17.811237837996572
-47.8879977325152
28.428039605487214
15.84107661096354
-29.314927078805454
-6.0672942863655805
-15.087604071909269
43.46342333032774
26.722603831793407
26.910678882444756
-29.683131742774037
48.61280346159529
49.2489376188841
-30.76286924761527
74.60500173950106
51.033507820700834
-32.37852087842873
12.593701713804393
1.0448526876645445
-40.89468432725198
-29.242158749293253
58.42402614375271
-6.022572844206223
86.99248620188402
-8.44577789760612
-13.649792998313458
79.03982606436787
-29.371871575177764
36.44567058201815
3.1979812195375246
-69.3162986435734
-26.194846213616415
51.46760577097561
8.848998362226496
15.047437030424717
-35.042842647948056
-25.155020915175385
30.168408726481687
-83.50830576027558
75.97246955446153
-59.40434889876086
46.110031056225495
-14.68169581042389
-1.5786887891824364
4.369824900783442
64.84907999629627
2.458890415470151
10.367241201045658
15.548982398588649
-20.440845944299554
-73.04890793161987
-1.2624840203346537
-1.1784250992385523
19.6221352097879
-31.5752831525148
36.82739397226311
-0.7389728668128726
-15.671682343950096
-14.544569122844464
-0.019535209523183994
39.96393810913807
-7.099803223312307
-10.241613622904055
33.482243408751174
44.923398010807006
-50.25257580245535
-44.95160538705626
-20.402714459747685
28.888690858326854
74.59391733389003
-36.40036194996372
-55.57735282113923
-39.01465312868463
-14.803340746823068
3.5425613106875744
31.73693259518774
-14.733579384349227
77.47231247693446
9.204395144797658
37.87114981649373
64.82616245661154
-54.36564051555559
30.429660734503216
-51.70115401818723
-27.081991295826228
82.80072052072501
38.49367674330517
-34.62152076097083
63.13616488171411
-63.288320760908455
-29.642913524425083
24.86720404084511
-16.40439552569441
-1.5124284212329968
87.1587302400774
-9.257569978234201
-64.35156025653137
23.943067756267396
-7.687679562554209
-63.69922806260317
68.08883870975802
-60.73415585007904
43.63749037185056
-1.170821790310356
-19.388363810664487
8.556464437221493
-9.546919842679259
-71.88256148479209
31.35974410884799
24.441955778058016
-3.4853587135319373
0.26741006484338925
0.6437269875694795
-27.46490730306779
-49.13227398453747
-4.500316163102099
-30.396334364561454
-28.465038618020387
4.056714204879256
-52.00730479111198
-51.780925401837706
62.113249778070724
-54.18256114024379
10.436070960855872
10.003207452992314
-29.080053439191218
24.614269802012302
-17.02403823786014
-0.6582974675652906
-25.735990869469546
-58.1894168358248
57.37483237823437
-48.710075757547045
-48.30768209364507
-19.397360170293013
-36.434433739055365
-46.146540409095586
-8.09901669113492
6.388086479674726
-40.550255989711175
-27.41759790735813
-69.63677223840766
32.67844367861565
-81.718579451706
-2.574695378369725
-4.81277191247932
69.08453365847757
-3.623298145899895
33.857225486028966
17.849667177077635
-29.885333423770902
-28.359283244630063
-48.112355777504014
-48.93041725427651
21.28895967696714
-34.745354475226186
-58.99333853954565
65.87806994277176
58.45620498001401
6.465528080679988
-62.421276071184046
-39.775972429239
-28.06890615119717
76.36046433531376
-6.351968337233146
-0.36505244380849433
19.61526886978851
46.12380848602595
-10.749161795673217
5.275817560158984
78.69792888813694
-6.25185706340028
-12.832396667681891
-17.272499252650732
-58.6990966992848
27.942560946087426
43.86822191422925
88.70343839007259
1.707012354611237
25.484402555591302
-28.580243875621804
-34.22383878393715
-41.68181834728913
-14.200402775714906
-83.85432537736989
35.73972258420889
44.287582178283884
-44.657138937724916
62.48991270080944
-45.83768376357529
-15.157837236433664
0.5313752164074685
70.49925334229576
60.14809270213746
-49.103473646337875
-54.479519182129295
15.534866175123852
-47.797303507529975
19.651976316845406
30.34247775174842
76.05475086410814
-41.7070602116929
-11.426617036316728
1.7497023605299376
28.08863711262994
25.08092352795957
81.36215787578709
33.51785922628858
18.43521277989268
41.18354318365084
-29.34522726716301
77.31559949026092
4.537010182693962
13.90415364404386
27.226010824754
64.15620107630295
31.006956826396873
-3.766490928091855
-38.14196949284229
-73.20317215544469
-36.419388730426206
5.975747118887881
-28.62209002949085
70.80817903600445
39.6085988143455
-20.61985481570953
-74.46750893877514
63.56584025383066
49.04065182716229
2.469832384116046
35.64486788909613
-76.17232381647126
-31.02584948063449
34.50610923209291
-39.23667712405994
6.9898135158580885
52.7421047674691
4.528831549824503
-64.5564343983276
14.759615417062335
72.80440336788968
67.73000355655739
22.37864558577975
61.79134054418165
18.867536673798156
9.926868903153235
-51.44429594090606
-0.6401668316905074
59.23383155647849
74.29284358163835
-12.986486445544287
-76.55688851325155
-48.94094751244288
80.23744859922752
50.701633612739556
-27.871901298780926
-41.08975277553945
-23.260278199629212
0.878907778055634
57.722906895292056
-23.600024838378758
-58.62108028096476
-2.6319048705741324
-5.4533642457165
71.69142163835073
2.0009329438503585
20.547132872802862
-26.326920447287634
64.20085872671348
-9.788706192429615
-33.85737133164253
45.21365722094026
-80.6336725704872
4.192247972334599
-41.315811250154354
-10.734336496876836
61.92755171933422
27.87111251430248
-32.52117098997748
6.2276256898921645
-1.0415803046857235
-3.0290148025419796
-53.62818798152486
23.50725697349182
51.20917951933927
39.91651475488237
-63.03029900409697
-40.57787902811471
70.69270051304943
13.601263203342839
-25.306054296771322
44.08000291611154
5.605794158158631
52.51517607305345
75.77233228700521
-4.6297595091376
-67.38381330843075
33.11949190283812
26.524335534012067
-3.502935800388471
81.2933889102861
-32.02747390635356
0.23663010112562688
-36.522685728285396
61.556361254864925
-34.04065434568863
43.142904026269434
82.08193471014832
-29.762724278358988
74.28508400212334
-35.467031141573514
24.68365380791826
22.24091807233097
-12.093501849250956
-72.11521647249582
-83.01955476022685
34.3068611276517
21.729972876504178
66.03866882860564
-37.59719794066147
-53.94575779988715
-70.32504117816866
76.49026389304291
61.90616027827494
-3.59491011847264
80.97859667332042
80.7483752720307
1.3876711166160334
-8.038967388029008
2.24357835659832
-28.458804476933395
5.215365610234983
62.28072066977995
52.19738208954698
-57.98679252155234
-79.18355400337511
-19.88703235239869
0.5451372847597895
-51.74002156887012
-7.510994627619894
36.38608853608312
-51.970130889842544
3.282844882365552
-57.76829433065787
-4.949146617899828
35.19199878722296
-34.107048083928994
12.199103232648824
1.9762368005385156
42.38811354494575
-13.002267492386906
-20.00536199778749
-11.856663003574653
-0.4793564131969106
-34.023914355036204
-13.625574814886491
-29.37275786541977
3.51294049766625
-52.81300908339798
15.267279304685644
80.69013206660398
0.3273304445886964
0.711367384396894
-14.714539536248196
36.42156727409858
9.894284911375877
-50.138313992410346
49.59392370324912
-56.50999450166665
10.180202026481538
-35.71291210221402
29.527247114536493
-69.58858105811048
9.830370319498243
-29.485376352192432
40.50592400525494
42.44412982004661
6.372099527203716
-26.37843345526659
81.70896834682324
37.79227824139451
37.70337964418087
-20.083381960424447
-19.36840265235594
64.17663826625551
-21.428571162924086
49.11562167604734
50.227424682515334
74.92728403911565
-17.390032033293707
-67.14500250356909
20.394015088459327
-60.81423966091536
-62.90436385264825
32.925064487554124
-18.50053322188171
-3.4955326620319482
-10.075671267707236
-34.78106800728654
40.28648148800116
-23.751934319136268
58.306311654489264
-43.17809190949958
36.933259765539276
-18.168966492813823
50.14461063093566
-16.451157146799105
13.264627444675071
3.464339593252376
26.911560804059945
-23.10935256744328
80.08385492563684
23.147274578653438
32.60813121206564
59.44919108820517
-0.37849258202666647
7.288189352666976
40.514170364325224
-57.673667817136014
4.132919780489516
68.68195733843882
-79.43474962727197
-9.91314032947163
69.39935859114365
-69.04220936399282
-43.85236587917832
-11.463909139041775
-72.29209243580966
-38.304693226958626
37.180773306833885
-52.36153145970859
-23.25579307725407
-7.54637009164685
14.323194508818531
21.960511074199275
-62.72941117744979
-60.380150955587425
-75.64342068896741
20.174167657268086
-31.133316152918567
-61.95250209289685
17.81796438057502
2.8169023836448446
-19.204284551565195
-24.350933233878607
-9.281899776240238
-18.78636325420733
-51.668563824130146
-8.696285211919601
23.97020195714117
7.53387233552867
57.78959327591505
11.75933307295179
-6.783666331154592
-65.70983177205925
-83.33995720289789
-50.020417532162035
-41.275791338554896
-76.6547732113074
-18.059535380905487
49.22393051475254
36.428731843485366
11.219284483876734
-32.83765086083923
3.4461100235387647
-46.256477610151215
67.88582076797803
-51.72497557172932
-12.441130335670351
45.06342661040276
-46.64501749595392
-8.794761542326185
78.69623731327647
12.780236114060628
-0.3653154989248577
-4.212174693201362
-13.040651558602192
52.52572443542425
18.430060903443447
72.40353845163435
5.42082331403428
-26.534465833650444
-21.029117461948374
-52.055901033633475
-21.477621296106022
-3.034111892851655
39.128003309138876
1.956110702669605
-71.68968369931198
-23.50324850744488
-43.821846708326554
44.79959994055011
-11.46816841506461
-40.413760130684054
10.938629287927611
7.186167999182459
38.362445743047715
-52.41095429206354
-80.5849052410535
-2.966312594766819
-23.51914149653595
-47.16953419958508
-62.36042597761938
46.99120858236063
-61.43584361605838
-4.64260605691365
28.966839278923644
-24.779631535716916
3.051476294973938
4.588311778546753
-5.830487987539826
-5.244279946202042
-46.726284584265244
-45.21675067040397
-25.606515980181015
-1.9937034537271643
-46.139199741881946
20.31091535688273
-48.31822811672434
35.93369903756172
84.98080468714593
-5.5360056063039025
8.570176200435753
-2.054495763846319
31.82111420134663
-16.396223933916502
-79.77742068732601
58.99880394593524
84.84938894571914
41.87398658522528
27.054859412275192
4.098473561528621
-15.205359247552593
72.33917187948961
-24.688472412406654
-82.32922430072327
-5.9536897960570485
-14.434674227949913
-1.0937703277486719
-19.371912787587817
-13.845893586372597
1.1016487532296395
72.56054416937798
-4.7993536953821945
33.40704383364968
54.21969359353733
51.66434989644901
-71.36088595699445
-26.931786658101956
-6.8818485422593625
-43.444657608226244
33.44312475286367
1.331883412523922
-57.437221109625476
14.14326274765456
-15.81751060179191
82.958568969199
-47.816557362608236
-10.54997258610031
-0.9445940259013383
10.582233529862876
-30.37993209336561
-64.25117126152699
-59.818870330330746
16.902365230736052
-22.540203066726107
18.33732094512729
-16.31071020831753
-11.798556720966218
25.614637992605807
37.283196135218816
-7.257033685906109
-9.366567122924465
74.13986092568356
-43.966941612575454
30.38526685817905
-19.329976674322268
-13.393714499514559
17.853928313416816
16.500213595387265
85.3751770000186
-41.716487511662486
-31.040013636436427
-16.04442067725556
7.943826613680628
-12.975134034449823
8.298702194757965
-39.54251897284534
-3.1581892449164144
-57.86770272808005
29.99994120499045
10.70629047462208
-1.9957660653268618
26.12554138722581
49.153463542069574
74.69715332693792
-23.845427387359123
38.2494538441542
42.077530787004434
33.340132535966006
87.64655346037648
-23.06005589462626
28.748881424754302
26.439632116100313
73.62735594420568
45.92801740796742
-1.394030848621611
32.2000936725899
-12.420989798504493
16.98348372942712
35.60282278099234
-32.705461438621626
-62.87063495689313
9.78396255823634
-45.25105036385125
29.91222783633752
19.053799078289416
20.740831880802673
-5.5428224673304385
-38.3285904679447
-1.5857344323331688
15.375397421620164
50.398138299476585
-18.951456987908244
70.51277785214626
-57.30839650951354
-29.51427838850968
-44.507972651697685
-4.655739200977635
75.7344497392757
-47.64864785621854
14.988505145698326
-47.52966509819194
-20.277973375147454
-5.731651505199096
-66.33097810440918
-58.43190642109943
70.20750663959362
-4.5903826343968746
-43.999659318006415
-53.520269031717206
-11.40646969131322
-1.951135413178676
-10.946810738750898
-72.40970364498702
-9.871062972859406
0.38176127458261533
45.12120465392317
-50.63389338741891
-17.245591424312607
-82.77935632434176
-9.232427204821875
-69.78923293908483
57.59943067674487
-44.059060990276656
76.84890532864688
-25.59745853496419
12.306681623676496
-64.43083949853049
-38.934902815145584
56.28495016202365
-30.853299031804866
22.492027698849682
-4.959580449159148
-55.09015621671844
10.49840636766902
76.38737306017487
68.36292101251885
-69.88008576753157
14.818875810354584
-55.67562838487565
38.282272667612375
39.74599647874581
-2.171436231380511
-4.166334992288711
-43.95354800851152
11.384871113776953
-11.21762227719529
29.454223871297458
-35.21862838797323
-17.306936154269607
-43.02634682060396
-27.19276957961121
-0.15152188983010717
-13.85130773139278
6.268590062775104
-18.75694201956074
17.95608677894772
-38.49704798091034
3.9462469194425864
-80.10738697523007
-52.85733367096993
-14.173423645043869
68.97618090330243
-70.08985125827624
54.73500842492689
53.5170680034617
60.59028705535721
7.233453521844169
-70.96356697580919
51.06401129265245
-66.95675441519252
-7.488063208560092
-17.07072527778294
-19.05735321286211
53.50957730430619
-7.171815107338219
-37.20579928102381
-53.70916994561332
-7.98726611042882
-24.89368046475242
-8.219990752500564
31.365825375957883
-3.147806075786633
58.20300743584494
-13.864165390789736
-56.90488392438347
53.785100453580725
19.437807076110047
-17.311573296864452
-0.4561979450847389
52.7894718632308
14.364334795642037
60.81992595711529
-0.2125175733927449
18.524627615061434
-24.072021577983804
-27.099340226668943
-24.17095106109825
3.943193590616886
-21.582020739192885
70.8911419977477
-12.43202261327508
35.334983022269256
-11.71390720368926
-66.5767648127378
60.85100381470721
-56.90666762958286
39.45371192617222
-50.23657347483582
3.494303492338659
-17.671468077800967
-61.699901328617386
15.101850676337293
-11.861165498225688
-47.43558217107178
50.272207944814824
10.29726495286198
56.980009910567816
25.00244605509232
-40.912890618653435
-54.32458897048518
-43.67676573909514
-59.83303147878655
40.17379991729163
25.092949983628912
-22.50118758442831
-28.840569495470945
50.01678139510474
-10.947867785202078
-69.57691699283117
7.082632286302825
-65.25968066888788
-23.66344247269447
15.807749542074816
-39.88805986234609
8.136558286945174
20.34788611982009
-45.95260384094463
-56.57855032317366
10.760730879671087
0.2788229091888468
-14.135709144650434
-2.544741578826134
-3.6249042091229455
28.76232054773442
-29.633911974791857
-21.401868134338272
8.476571595544016
29.251856211442686
26.987377666849852
5.25203502337564
-69.4855556356171
-0.4714782757575193
43.16628890536646
-31.38909264636341
-18.848964901841413
11.290010714267865
-42.13668748148497
84.79817974391426
-5.026652027341953
-19.684367529713057
-34.75431483316736
3.397811209211767
-23.927569678202147
-46.176789000031995
77.62699528978999
-28.785852901829827
-33.367739433211526
-9.579349127196807
71.92625247928163
-4.401017507494657
-38.84024726575795
54.109309555830464
-41.007571362694065
-12.74796619118699
-37.24878656888806
41.65101149426107
-1.517536636710787
27.608528481763855
-0.7720048298714346
6.94168896091422
65.64672317925536
-32.60206159535045
70.28771912638669
48.07797999338655
10.995194346758907
-29.661389052994707
-16.9996004708905
30.241002881213518
-10.448354152736172
-53.107288026071
-23.59433724462137
85.11519130758938
-21.97865848981202
33.023169406721735
-56.01882795389455
29.997467606743015
38.73510480082953
39.5499067435843
-14.678522275555366
59.19262178000085
-5.784607959365175
-8.024992527157238
-36.39463288664258
-7.246922178977499
-31.778113032897352
-17.943041520672253
-10.33347167009515
0.6433284650930347
46.41524398954289
-63.84340356128051
16.449614520748852
36.276142259673406
71.72192087474369
12.222048913451644
-60.89372431720727
64.64955120703067
33.857609031796954
-13.507293384943225
20.644925728317318
3.06960064777698
2.5529878955416194
-46.005543990231594
-79.27108641528308
-69.80318249822386
-17.602602444689367
17.881446723851056
-15.473928960253417
-69.47305235565814
-0.9851216025129332
-43.97558893958062
-76.10840116820287
28.99519020446931
0.8828239712129005
-27.773996604920427
37.02965537847683
44.47350208589236
-59.38982006395054
27.754401327850303
-10.847092480051217
-32.514091233179585
-29.37684465020166
-41.58517241595306
-32.75017742253664
29.307484487000437
49.40636201175937
-69.84149672957346
-14.810925344403103
-1.328878536741911
-2.723546129628133
-15.937325250610996
-48.17629651296406
-59.94567446845303
51.14734415470181
37.379709141139216
-0.3474487121621763
17.272363628392426
23.711615897558076
13.005315567263466
73.56033965679481
21.63251705177231
-15.614522573382487
37.30270370800747
78.61969985223368
-57.17931534639892
9.879568233326793
-60.359689121203324
16.07741017939722
51.59160712083235
-4.872169682974189
-43.79897765800669
-18.52551620714344
52.79878172719927
-5.979860228677552
-21.253044292333257
37.790702178019444
14.479724468958366
-66.91258020886093
-27.248870086209152
-6.983232920857503
28.68279369870548
29.643086358740405
-5.093881613547396
45.67844652164527
33.65242076061378
-28.903558796680798
-0.09341617024828963
-27.710028225530294
-14.326149369021962
-2.040485972611478
-30.729965693235727
-15.987701858895349
-6.952063201012223
-70.16387912856496
55.97820601213664
0.7851394174068957
26.15157512946753
18.066241727697275
-14.981916833289532
-1.1019423760778437
17.78607802255199
11.713610931341933
-25.296358803625523
31.321831501315415
15.912766528817102
-68.82873654024918
-48.55401288426804
-11.567628349459739
32.914608342783964
-25.301199448192847
49.6867580135783
36.94934443814947
59.11820250281562
48.59771539038161
69.86123120679113
-70.82231381010463
26.40103577150272
14.780242571984957
-16.585416546823282
-48.791006670735406
67.79553907667884
-6.0202143983911185
16.95872758534705
-51.45658391350906
-9.87511315338162
5.378904959870326
75.34950148496503
-61.17196998664058
-13.011383176950943
-21.902701730108376
-19.856905270073995
-58.78247135486463
16.251658922067847
-7.3254200766454005
-51.1670439279601
-48.275367019669396
62.549211066742686
53.46245701549893
-23.154984347445975
74.41689847610931
-61.09345532514262
48.046910398739186
81.56759631677025
-44.73845590691116
74.1588094058122
42.013391044359025
4.155696664207227
-19.443054434936514
-18.32762962271903
-62.56444786516356
56.31819213249929
-13.134084708290928
-42.60584972917188
12.304133808454566
4.736068544906843
-4.021557556440598
-22.614110634650274
-36.845317976112845
-24.95117964849733
76.32399837744089
34.67355272905175
19.979955988806395
