24.831326044151382
-31.34453388578686
-70.15077529998926
-71.02323928517784
-49.41392447038405
-25.387981119990442
-41.13403330185605
15.78866495221537
-53.35982050010805
25.32386243164727
14.354704246640793
-23.435197350598344
-4.244384184041834
-11.53962976846978
59.2265839675444
23.462742222017837
23.94310519731114
-28.384100333988286
46.528308365958225
49.99617168315038
-29.865760042867123
72.97356715701977
51.25264809742973
-29.36842178068339
11.4787590781266
1.3055493209921991
-39.53958684976326
-23.967022232594346
54.1314906745487
-4.219202846473735
90.1419466229732
-6.468921039531523
-10.427145400686001
80.13167431686313
-25.724741906670786
33.36871632769896
3.066568758963257
-68.61929148811699
-22.078445207809608
47.15072359900037
8.276208353366385
13.51204143984279
-33.82722580724112
-19.933574101696195
28.88851902455511
-93.28430641206269
84.28380076691414
-60.0307713281268
44.71159864852581
-17.690954808944824
-0.684437300902232
4.5905647756967625
62.03128688471057
2.874952576853886
19.6131362576577
24.548745486723604
-20.010224669849862
-75.24853222616265
-1.1535447060209805
-1.8132150265657145
17.49747302189529
-40.556965219341244
32.92277724505291
-1.051200171750736
-12.614290156209222
-18.005326885566703
0.7617223291351252
41.937136417813576
-5.5231880381709715
-7.657133158692616
30.05141011178422
45.84776061100567
-56.97871249326255
-41.32253239930251
-16.336208370737808
36.41625941028781
75.82122379488507
-31.673553524708083
-68.71602629453348
-33.83977982760688
-15.88524938723046
3.297324809281946
28.63222513072546
-11.487533540498774
76.33077538372115
16.0038095588112
34.945469749750174
72.9774318024991
-69.7023540562878
46.146785033462294
-56.425095664835226
-21.760993347868165
83.6840660628852
34.826350642053484
-31.204198694435817
58.64797989438239
-75.80877944607546
-32.36350717539821
23.438875339588165
-14.809379183823765
-0.6257118900394545
90.50663114374274
-7.323701507296633
-69.14664612612745
22.02154550792993
-5.5866388058874605
-61.07135281447337
66.58884921786279
-58.50638504220176
41.90720890209022
-0.32903327452133624
-16.41770732915296
8.01078501594263
-7.860539240079419
-75.84123406989937
27.690197002980497
22.43260168667709
-4.3650544239767015
0.6658089881515963
1.272468692628678
-21.894985012534875
-48.74187161958236
-4.967779735232213
-29.605235111534938
-26.903298921171654
3.593557222539758
-46.599351329169934
-50.92034844906598
70.55403502645464
-58.04183884081687
9.319255773092067
9.25214526974736
-32.72433781942476
24.108860100970944
-15.35590178676486
-0.5221562676575644
-34.84947214564942
-57.195270953324325
52.7560481877168
-51.15481486108693
-62.529418450876214
-15.23442781130953
-31.429287621511293
-42.51663024543055
-5.945869559477913
6.185742561425883
-35.02041520354842
-24.4742527890821
-73.05792147882785
28.958542906205807
-88.06017110271829
-1.9333918278042148
-3.3183773426901553
64.95718531373004
-2.2125907131049303
30.03870061837661
16.11363164366226
-27.490321930029936
-28.158659273629112
-51.75121614678313
-57.30446833564986
25.66316568220161
-28.581308909401855
-66.89795657800798
61.8032378163029
58.11322812081639
5.42699692721925
-74.9212604793612
-34.81367389571296
-22.58731829934335
79.84170526425177
-4.5501155225168475
0.17573434070071414
17.544045766461508
41.43968659253352
-12.916538490611345
4.666609172302529
78.9135992324689
-4.405481443722195
-15.434369465598195
-13.667245453704155
-57.73215207062059
24.66827978383884
50.35442371460991
89.15414258909999
1.5716859715175673
22.69710372238363
-24.507004251529793
-31.56279875047666
-44.539850723795354
-11.16866553372276
-92.10356963438406
34.65550778388243
40.34303230981132
-38.19763283455085
60.70779834361994
-49.92972790567267
-18.867782692431177
1.1081298252707086
75.18484243541519
56.05424448741738
-54.49732498748039
-54.56710970353512
14.622330697522841
-46.69098851871238
18.982387962387804
27.10018720117415
78.91040661687319
-35.78245197556115
-13.272405282785257
4.1456561187595895
25.361572188295654
25.616230690749674
81.38471585450799
29.96262521337856
16.599162138145218
37.25278270022355
-23.274603634344686
78.28498858021581
14.77156951386499
17.085104215975434
24.003602597334947
72.63652822760852
35.565064265885155
-2.9428829932215024
-32.59620398297014
-78.32470505534694
-45.47597088497026
5.223683899713237
-32.561646242337375
78.63857010644509
54.42765331323983
-16.395869462307232
-78.82856242916958
62.467996680689936
52.72532255638964
1.95685859252508
40.49886181756372
-87.07160663002213
-26.02687932467741
30.519799228704102
-38.285595638686324
6.6751226179396355
51.802068894502696
4.6044448258058
-64.91033967740256
13.305367576064555
69.62954161856666
67.59002450012059
20.598422040396258
63.63873925057621
16.65878507340983
9.07332784975658
-46.24346567631342
0.2565515867078716
55.08199915577117
76.16867130397964
-10.712043173585414
-79.17833370701777
-43.116250805791
79.99175258969655
46.37769498274827
-34.13548077735439
-39.750451474245764
-18.403356552012283
2.482878581539893
64.14077923487281
-18.620559652182223
-61.90553912331365
-1.7558029910674264
-4.326368537744671
67.86177926555388
10.339231588520605
18.824139731188765
-27.808876414584347
59.802978687224254
-7.5352872488364255
-40.18386012062417
44.17478337749861
-88.48870998252322
3.7724192869858086
-35.068079962395636
-8.0597123311763
61.58633232685611
24.70174292138006
-36.733273952845494
5.733725172944261
-0.22200649653218818
-2.0372521208486347
-49.28551867659238
23.401530646193407
46.68844448006274
35.74719268982503
-60.09977473840977
-34.62330491088755
79.634597021328
16.307225057097043
-20.71771248342789
43.182131937868206
5.436698927889893
51.00306981038153
84.47487182255432
-4.336796097754046
-66.39242743996827
29.780400010365867
25.146454226108986
-3.8047502784215936
79.9841953980127
-30.119318824798953
0.9720767100495067
-31.253607045747685
57.376413113784736
-31.47714273846634
39.4299499807361
81.86379791768132
-30.399600312698666
76.06465462347217
-36.290486561011114
21.77143076993076
26.506863211204987
-13.233840190052746
-74.23848393572965
-90.94391725637298
33.024072531634374
19.119132095272562
62.91551900220034
-43.96380637051209
-51.62679513935063
-70.29901619225608
80.9594725573495
66.74949640389204
-2.3001766148096436
80.96901881908124
79.81375008629553
4.798947850187986
-5.86322650942499
5.390977958686818
-32.472499666685735
14.336441336498623
67.42743587350157
49.590666989747774
-72.49801532849901
-85.03672812424945
-23.394679891357384
0.6099243920394741
-52.17812430236699
-5.4514850441746745
32.4811445339337
-57.178223455225236
2.658073248528382
-64.60916564494849
-3.4302835360388286
31.633335877873776
-41.100492934521384
10.704080620430148
1.478930917585643
37.8363183148677
-9.879570533709312
-15.451390668633437
-13.559115569152638
0.15063969795961896
-31.38533211438478
-10.408505490131759
-24.594377904330003
3.514220839924434
-48.10046154138352
22.77224802806238
80.93322781869458
0.504500059420991
1.2008445756047763
-16.809313595209034
46.017283607050786
18.804157224460553
-59.52088525978032
53.39512313552524
-56.78088080478972
9.401032152784538
-31.991850948604167
26.037722360443013
-71.92049312470465
8.983342220421164
-25.39037376862005
39.12660628205714
38.58335573379941
6.1235112570633135
-22.045670598678313
79.8823745232981
55.11588418497732
34.20301361732254
-17.934014393294547
-17.731577211201838
67.83400576780903
-16.770279875366526
45.065752881056085
45.57541060127514
80.37823144831026
-13.682124614978633
-78.6832464037288
18.054042239846737
-57.342401999238376
-62.5821168147355
29.186322608252524
-18.145212252844075
-3.788914408182194
-7.809818020589233
-37.571711267694624
49.279056353735484
-21.064014803848238
63.26048383204858
-42.09860045130302
33.36492014384194
-16.389654302098634
45.93307860949244
-19.771938782169073
12.224519254512842
3.7209356652470547
23.71999190573146
-30.010102525772425
77.6259166919323
20.847876470552265
29.706105196298495
57.27536503151623
0.01456516356819293
6.625009348543983
38.238918150670855
-58.229115828104256
3.594524488785936
64.54365019484743
-85.40018184878268
-7.503116467369168
72.43445376998534
-68.51920684338936
-37.858633314353256
-8.777822815957592
-83.2727028479419
-32.526430268580455
39.85545143465782
-51.201443560180394
-21.192002051380243
-5.501396639710137
16.64986156229125
19.76167044414224
-69.64468673917305
-64.50515421628995
-82.23767488029561
17.666195828529
-34.90089939073586
-62.884459698576435
16.14565590238169
4.645585219532435
-15.105779525842422
-23.291318856253696
-10.36377953145464
-14.76895266827944
-51.96993771479381
-7.57607503042945
37.46879715249909
6.590880197091948
52.932361671564195
17.431135976974403
-7.952032249647374
-70.16174108655747
-94.60421628669785
-46.46631539595012
-49.03011751828968
-85.78024414683469
-17.74511734411014
51.451127037510844
37.530390563407394
10.23309811426607
-28.84166643376915
2.9800250688878407
-48.85014489719666
64.08331158808127
-58.58494266707588
-12.112388122844166
40.6473218585227
-41.19459831328781
-6.665231734149302
77.33831872824001
11.474888420996336
-0.08569469534430141
-5.074219838945368
-11.542057533472786
51.431177022252285
17.23546646345929
69.64703728577379
4.643146742857581
-20.984774268406483
-16.487359621634425
-48.37638231324703
-17.477777071868474
-1.9632551681399946
46.258817375462826
3.1226259625405532
-73.23547610016118
-18.287210720418415
-54.99737489213877
40.31228744187749
-8.718687411408737
-35.14632469946571
10.002153389186972
11.67979414498285
38.61135018954846
-46.79921791243779
-86.78275556088548
-3.1200530504158195
-30.707917307200063
-44.647245095773386
-60.262203365801454
42.32454305533321
-72.62212475481778
-3.321232151152657
25.530111265491385
-23.02752993140325
3.2841249975737696
4.665302057393816
-6.051675627962169
-4.354156826060546
-58.72996546083808
-52.11562218341442
-21.45687363550161
-1.0565018175251026
-39.63310006835016
19.851799680681566
-58.748327766627945
31.89109912992592
84.7327402695532
-4.170974618735684
8.030962652809293
-0.9465840602713627
30.044183112370007
-12.612711762573937
-84.51637749912209
69.13779814042795
88.52487794400014
58.93244630408648
23.983531789115887
4.255301025090759
-11.91731026352484
77.70912597231461
-19.605922001284313
-91.68812543212313
-6.747288634442057
-11.035096752191123
-1.195851400301919
-16.279086429053933
-11.059711193544103
0.9652427051021135
70.1006651009013
-3.4696065097457023
29.662453065151695
50.2420915509617
57.79060132908225
-74.83186465715838
-22.61902549347363
-8.144433937782523
-45.71742605260906
29.589897306368243
1.8705412506994605
-56.04184951761695
12.786751702487834
-12.593026761318612
82.58456287206235
-42.07513994136543
-7.927450966798105
-0.04022731036988603
9.767115529398211
-24.389993119881055
-68.22940344530755
-59.43680110384574
15.482481546009083
-17.508412671348225
32.92857649358433
-16.3083078433136
-10.554254232409718
29.703848161560416
33.83537215575777
-5.420755889857119
-6.943607927582974
73.56462767583
-44.005645189890465
46.99810282616491
-16.78391003035408
-10.72527291148495
17.186629274398214
15.736178663304713
86.92758419702179
-50.999225868914245
-30.65244990739245
-12.323074651732526
6.7714782778977565
-12.769404021736491
7.085970775763045
-33.41444489208372
-2.0049678075713047
-54.95018267506283
28.344968250552384
12.124451166640839
-1.394341322674066
24.500917875509757
52.796982400336276
71.30977630079698
-20.281216803796667
34.131911668871595
37.90622918066643
31.61083463129691
88.83704754957535
-19.80764434194181
27.843857853299156
34.3300375867442
79.70583643169454
42.968291944321464
-1.6498148295025743
43.804791604735726
-10.038358467347095
14.930543039533575
31.707518588242777
-36.389703242902264
-63.7862504249763
8.660727926184435
-51.04902354562623
26.320030359776027
17.131697652166494
18.78015709558379
-4.427763318834721
-33.081519076706996
-0.8874887102427351
13.88572181918083
47.2921131068276
-18.732495185210198
72.72890445692849
-59.541467837824904
-29.112977299700503
-41.646198801455625
-3.0703245104631236
72.9215406009065
-42.09905923018894
19.769827639255695
-43.63195536628616
-15.692021281371694
-4.551603263314632
-75.32622791881562
-61.89621510608769
66.2801817180682
-3.366409199034223
-37.4877219647357
-53.651186940552705
-13.19612896766462
-1.3075689871497076
-13.174208423354784
-73.15287211986671
-7.4424570018566385
0.700200820355434
43.39030035172283
-51.59789953968738
-15.254141452123278
-94.59497720741395
-9.839984897241052
-81.65006786693087
52.82547866236479
-39.90724506292378
74.06141024608061
-29.799628259164294
11.042082550765699
-62.74094376155526
-33.723099340254194
53.239920708577046
-28.314016519412505
20.092610458482298
-3.5263270216034357
-65.77073651624016
9.375653113206468
75.85418357006444
65.99274274961866
-70.4194969910044
23.869625278523444
-59.35950501110466
34.37963138779048
36.128710783856576
-1.3386419209471967
-2.9474802398664934
-46.2308311786521
10.383962866224152
-11.97636857946516
26.196961919727897
-47.63131889571825
-19.04824228759746
-43.29245968420603
-26.308878018964535
0.04709966999777748
-10.612738404738408
5.885755474025615
-14.40786679121625
16.356600949818528
-32.1629373933164
4.096839020437159
-86.52061210027675
-53.573493312874106
-10.817532299391573
70.36324602181301
-78.80221086630014
52.2819202043666
54.65235493812369
58.23355449524934
6.902640224141265
-74.71418196667896
48.171618257149845
-79.23349021960036
-5.41402948384922
-18.0785943607776
-14.752884984070292
50.146005520327265
-8.506628141757687
-37.71593500403686
-53.05958445531331
-7.271171393711569
-19.989750086162715
-6.305679619418612
36.623394038483156
-2.4048430941358703
53.38672772843907
-10.585257991350744
-72.42702359144488
49.46025740978499
16.992788934521926
-18.041337000192485
0.3693192448160403
48.15167426423574
18.490827614693146
60.8680738212401
0.05949211576852065
16.223123816565717
-30.951642237766464
-24.99847413461663
-18.920697244060932
3.73538071828996
-16.686008167350693
74.4228002139084
-12.346450984118476
31.265024829374852
-12.754511494658658
-66.45990734292896
70.40427107721624
-66.39668368406677
35.27999661654994
-44.55022464736181
3.586894830185088
-14.003452222278284
-71.93824503084605
13.790228929751976
-8.98568735558429
-49.169887520175116
59.36896267911848
10.325785839571282
59.58139230477258
22.91482402995706
-50.15536364963975
-53.06357851089165
-37.978428107684266
-60.19238078330157
35.774095473746826
22.366378656620213
-17.619776868004365
-24.31646201722495
45.380051597264554
-11.721336392588483
-69.49073663779593
6.225005249763825
-72.70223677254641
-18.773296870353974
14.248439926724188
-34.367047833349744
7.6692939171096555
19.52117680774397
-45.44098108331364
-54.415016233410206
11.41792695053175
-0.2591844889952881
-11.484967508632622
-2.7007185538626572
-2.680119069437808
30.148249018560776
-34.444076195309464
-28.418520182963107
7.704407905170058
25.80682830061815
25.078557566585218
14.044459022134092
-78.98744034685309
0.13396006052242626
42.82726713134568
-40.81710041008114
-14.806439945363579
10.334078976119912
-36.40088228298297
85.42409931741065
-3.374365810434
-15.459568586897305
-28.27080975535634
3.6297275795963913
-18.695726077323727
-57.22601017058311
74.62491063826789
-23.6479499214566
-28.786157402827314
-11.466190098209395
71.98453843068879
-3.534941429473335
-35.65787976125177
49.95528377612234
-36.54050167863017
-13.772183140106165
-32.6086355917825
39.3932066777642
-0.9847481796934829
32.33814859066456
-0.9226113140142047
6.626779820649702
78.3330598918165
-29.145804807443227
68.09138270120107
57.366404530513165
10.083714093470121
-24.049316263808876
-20.051665542734227
32.92187529343926
-11.846218919349553
-67.49344049051979
-19.70082434919155
90.21093576035949
-17.117694299778137
30.779811511244787
-58.486801848712496
27.065393929772043
34.41399245120121
36.51646861034277
-12.437423214213666
56.550988336799406
-4.005847268356078
-6.237915445104846
-32.017148605147895
-5.4271681373654275
-25.688714234389977
-13.929831073470226
-7.939271086180511
0.01812314214730293
45.77304374871997
-65.14900273945955
15.371995137503106
34.10644622904843
76.3072270381661
11.16782576601824
-64.92510273054134
61.4086508323733
29.95063316835231
-10.478622477502299
18.722197907767125
3.129817751384408
2.82357042642478
-56.84983318529858
-90.10864566974121
-80.32031673034557
-22.516196208268283
15.679931927731744
-15.282679139954467
-72.2289795750748
-0.4856544191054013
-47.21922247002143
-89.61940320569431
25.783793478459742
0.6090216365407031
-31.188896331560898
33.6330127007343
40.00975224214895
-58.777125229422325
24.972134355448716
-12.70499386963067
-26.545179967361392
-35.191541206893184
-36.89632586460159
-26.96683509928708
43.81274589096671
59.93873600778116
-78.647492283254
-11.473095354887377
-0.6670728171130236
-2.23548378180152
-12.213751873657316
-41.88841845017036
-58.49471365957883
46.76066643973272
44.89600905383381
-0.5750315592825075
15.221278643271177
20.828269824466147
12.290342464646756
71.08516106225883
19.164904135313307
-12.310199283394553
33.31956717050767
86.90232533945161
-52.84291874308913
18.328734419583768
-76.01838060312927
13.93149560368255
49.570700146333934
-3.7979100521245215
-38.2777357317543
-14.862683096624679
51.96348824760878
-6.412765670801107
-24.339208060204157
35.106164248867
13.198538134641908
-68.6099206377144
-21.532987923942144
-5.450595009884481
25.430046228724024
26.205690654646446
-3.4936192224213585
50.84670412474392
40.792128420714704
-29.831968845149376
0.143272622212109
-31.496584565609552
-13.882817987396322
-1.6271341081125286
-25.454516156186543
-13.23308437927983
-4.985961670178185
-77.36735222057162
61.2831702957686
1.469750486570618
23.19867678908605
16.32022827680538
-18.037006827359136
-0.20655304163425114
16.642034896109266
10.57080514032262
-33.625542126951444
40.77960433548347
18.100498333415302
-71.41594383260062
-42.47345311901777
-12.028855342024215
46.478832442785915
-20.599082988790627
48.704049890373426
33.15282526092648
61.56418623514665
48.325174834044276
69.5829284784893
-70.43609320509464
30.122337060894637
12.82677227383732
-13.202342290039851
-43.358988687886104
64.11497996937251
-4.232724871843288
20.624499434198157
-52.91900064788981
-7.458023276789476
4.755428522848547
79.37784443019675
-59.209323043130595
-10.547256127878654
-18.490501033582674
-15.850774129178774
-62.60477490800309
14.167270253916172
-5.867234106537282
-45.81759070015441
-43.41872460771144
59.42885601405672
67.32126635472662
-18.36153576210232
83.3397337266556
-59.903359417730314
44.02053131863039
83.03128391744744
-57.98224693816665
82.58485119997292
42.9904537794545
9.120043133486789
-17.51635890463305
-22.207169102072783
-62.93095969095288
59.490448123500414
-15.562363362844025
-53.4675385940717
11.21169075335763
4.775880203034163
-2.541655725630193
-18.147747487716572
-49.437707312203266
-27.51724669806056
78.03969400970567
31.079770626148303
18.21440343133132
