28.0364454084163
-35.18678753520645
-56.49200096446063
-56.09106533033879
-40.70973119847773
-29.92568445117446
-43.6651845976592
17.725555816890505
-47.93661390858643
28.34094086320782
15.800871682564832
-29.188975845431514
-6.040910240884585
-14.994845523695119
43.538996430889256
26.592292069478518
26.822133490953163
-29.7037845043629
48.60477096507165
49.275716858311085
-30.78645401482764
74.58988861986265
51.055201087348166
-32.37715461272697
12.53698885653155
1.0549546003653063
-40.91447025063908
-29.157223651406895
58.33843080161904
-6.014944847187621
87.02817082402595
-8.35979613140735
-13.54230993856747
79.05906484140283
-29.35530794864954
36.40396428116864
3.1722320771661856
-69.27148785493553
-26.159089908086287
51.38001515851528
8.803253667050697
14.977015342576607
-35.06488573550943
-25.04624117102209
30.17287734658595
-83.54760269294249
76.029258547051
-59.425542465046995
46.1141639528135
-14.670558773541472
-1.5622556292424292
4.397506040879023
64.8153961800989
2.433105647187759
10.43014167114022
15.612408111811177
-20.46154331603759
-73.04140565852525
-1.2824632609701183
-1.1604876941254219
19.542155726792245
-31.585353548437126
36.724903638561244
-0.7133995833086288
-15.651207238508903
-14.52212372917505
-0.02648415018677497
40.001259449996894
-7.014606104135666
-10.198368591040833
33.40610808746885
44.95263855122704
-50.304273554484666
-44.92833650318344
-20.346579853626352
28.949042026002047
74.61553933123386
-36.352032136154314
-55.63361301506381
-38.94956330454477
-14.813393020504222
3.562926869133207
31.677842039474143
-14.692047288046467
77.46428922556527
9.261963066972982
37.83809600542659
64.88304385430777
-54.41737611576363
30.506577544593142
-51.752752383796825
-26.98202243007657
82.8175017225104
38.42365486355928
-34.61132529487661
63.03505071983179
-63.35691199714664
-29.668069520087997
24.864814799149457
-16.419734356039925
-1.534144560136454
87.19572837308127
-9.263360419162737
-64.40227707173963
23.922271898536025
-7.669336753514088
-63.63919412667424
68.08027679493452
-60.699545841274976
43.63659676525984
-1.1584179260942307
-19.381031526120665
8.509462237601909
-9.559211712588223
-71.90747244521795
31.224320816120354
24.418526562605237
-3.4684992168599535
0.28263133567739374
0.6376530785406089
-27.348493811146312
-49.15718605508449
-4.507086631857376
-30.42039846372667
-28.483351201234072
4.054878057328835
-51.91231766721192
-51.797075369071415
62.17121234059351
-54.232992225865104
10.384317286398542
9.957465882813239
-29.101538916288803
24.629744254771083
-17.038865031856986
-0.6797364757161546
-25.72887156820046
-58.1896148360679
57.26626547116496
-48.75416406091584
-48.3480529376139
-19.321909512182998
-36.37568599394487
-46.12135802125949
-8.048716314264084
6.3484669132732705
-40.47055065473024
-27.416926023603395
-69.6633918476921
32.55433893423216
-81.7243993711787
-2.524106796339268
-4.8211737508374455
68.99966031623069
-3.623574225669273
33.73294246389216
17.802470179202814
-29.89432247178219
-28.384731610780833
-48.15941899501606
-48.97930723037276
21.339782944575703
-34.62784976171028
-59.0550302416739
65.79847362654723
58.469299966366435
6.452064192738121
-62.48875908914055
-39.71864192121427
-27.96397940339473
76.39797783450157
-6.309205378160058
-0.3907512777512494
19.543032488621904
45.978071090037474
-10.73096311027642
5.277521020219353
78.70804302967309
-6.2215137754688925
-12.818473284871615
-17.22595636138395
-58.69824857885649
27.822736785798497
43.92384686129361
88.71673099375104
1.7248563137491004
25.401172000272396
-28.5498006762065
-34.228453727870246
-41.722293056575516
-14.172375714418422
-83.8734418943577
35.74888334710687
44.21498459330195
-44.53386029656628
62.480432849012175
-45.88335496718885
-15.136085620517235
0.5049051929656798
70.54367301978158
60.072444725060336
-49.15346929596305
-54.50336537361912
15.536490927939766
-47.81529147697651
19.66291000443222
30.2598529962751
76.08846291132349
-41.6099819702196
-11.42055345605172
1.7938703801781202
28.037582909928148
25.10878585901061
81.36948940311709
33.42882912189873
18.381226690626093
41.10342590356916
-29.204159307020262
77.33404534926194
4.5996348183333
13.95038887810972
27.104501695758998
64.2140100083619
31.057813925715408
-3.7881419329947192
-38.06138517507945
-73.23672403410967
-36.441455868103596
5.959759537466837
-28.641676942642306
70.8636863193203
39.68315783712805
-20.553019064747375
-74.48646192555736
63.56657548136715
49.085076492896235
2.49092538837661
35.69630478751978
-76.24088193611178
-30.96111046514416
34.357727730384454
-39.260825848860286
6.949235939358999
52.750567631062864
4.554307095745628
-64.55799640015448
14.69314449057515
72.75382522206417
67.74066275903056
22.359832726349566
61.82223257679115
18.775593322938136
9.898970039502416
-51.358708127704304
-0.6457183153593178
59.1557745693907
74.31995910944948
-12.989164846829908
-76.53416415175586
-48.838360659800074
80.2415816415836
50.6128471735486
-27.88086615993747
-41.10963398709368
-23.164192009002974
0.9197479470308565
57.775841085282224
-23.49611275516287
-58.6676490048603
-2.5938553202868064
-5.472332626001844
71.61823725290984
2.0593302713004675
20.524870276148974
-26.35038982968986
64.10483745891435
-9.690554183451127
-33.88050279147219
45.22304576515711
-80.66620674993035
4.187151658557923
-41.203719021081156
-10.671634884795736
61.938953922940044
27.766262129173967
-32.547387875178885
6.200621081589105
-1.0299960993631174
-2.99090595171441
-53.56427376890862
23.528000091935567
51.10498463220992
39.80486982062328
-62.965549844614216
-40.47954087634284
70.75114280806326
13.645251482481768
-25.24460501238343
44.09143294372933
5.573724485290583
52.51568048642619
75.83015520320293
-4.648263905896542
-67.34413121641154
33.04934770416901
26.524648189948692
-3.513116767183263
81.28170708032894
-32.04271028036605
0.2143386907642082
-36.45321140154072
61.475123332451176
-34.046878618732705
43.08202629609369
82.08619381706396
-29.790425009124235
74.31144607738898
-35.49935174977435
24.572262798163237
22.291281547748596
-12.098878766179098
-72.11170020361908
-83.03962096519744
34.31264063997912
21.62450804071821
65.99533480931598
-37.62809344636525
-53.93287517456598
-70.28935892459398
76.53302289888256
61.95273817034615
-3.569601226132889
80.98558307147871
80.74274160457455
1.435372525362979
-7.998987137112607
2.290450113312673
-28.477796763164577
5.27641718819433
62.328420875199186
52.177232213668134
-58.04623415754089
-79.1983091312694
-19.888767785752634
0.5718525919972706
-51.770759773000506
-7.4684188255565545
36.27938743391417
-52.02270176179679
3.296653330826686
-57.827608826530195
-4.956925107408409
35.11501770979723
-34.12889785330317
12.138905898916875
2.0036984980423824
42.22972840953764
-12.924002909560215
-19.88613536650277
-11.82416178329963
-0.4649821950010704
-34.02893621905185
-13.5181893840507
-29.314770487365195
3.4998568526242053
-52.73994621676576
15.327343841669887
80.70016640578709
0.3524161373747319
0.7141470839398636
-14.714762429048221
36.48630170895987
9.95642311470614
-50.18834385620871
49.63874958381257
-56.532645213834805
10.134811949058957
-35.69519036528022
29.396061961515812
-69.60076914560813
9.803220050943622
-29.45514206416641
40.51087977084114
42.37287775951697
6.334747009664611
-26.333773430720413
81.68802886797721
37.8713150130977
37.641969156745034
-20.09356408723329
-19.384023193682793
64.21743335673446
-21.32782647541879
49.043266262552635
50.107538517808905
74.97452254155527
-17.335399732877903
-67.21680654825579
20.30039681941321
-60.74575175328598
-62.90054344330501
32.801309924849306
-18.52026544715632
-3.4648348297421165
-10.070067355368295
-34.813533389044885
40.349320829894054
-23.754819190408924
58.354040908209925
-43.199825553317666
36.86430436797727
-18.182995476237892
50.06309584777793
-16.4436005255952
13.255158401893212
3.434644805837081
26.790483441794265
-23.10120164401593
80.04970756337784
23.096478979422642
32.56535603376952
59.43444560607415
-0.3525651991411394
7.25498430458839
40.502070456199505
-57.6975709610257
4.141689766888504
68.59683741926227
-79.44962265987316
-9.895147075972943
69.43555603884846
-69.00332933160797
-43.75099156919565
-11.36098890215601
-72.36390532252021
-38.2136469388939
37.222478111204225
-52.37252053781445
-23.268009155574788
-7.534574073508196
14.36508457670493
21.908138642949908
-62.79063320400137
-60.430425808491364
-75.68357820373383
20.07145851250492
-31.158200600600907
-61.971353441800176
17.780562417690774
2.858276598326441
-19.133094236976746
-24.371546855252618
-9.248966138565493
-18.718062373929328
-51.6980835122041
-8.714539045040837
24.04314389837576
7.505793132661466
57.6572357909173
11.814360311726588
-6.776213061169557
-65.75629493762338
-83.39369498094648
-49.989319645938686
-41.311337230083886
-76.712729464949
-18.079016896910716
49.2608597309264
36.460729426372495
11.195471820714332
-32.81250025833782
3.4523445737656004
-46.30000770888467
67.81672858794471
-51.77854834543533
-12.45848554833438
44.9525045656213
-46.56196387988143
-8.789462194816693
78.68421990675225
12.715793882526583
-0.33265119973766843
-4.189657025816302
-13.056265491663424
52.532240405833164
18.426218583213213
72.3651572088286
5.412231703260574
-26.410729781920807
-20.93560178074415
-52.01621832713009
-21.43246925168505
-3.0532602532370134
39.186227665933615
1.9940254829842416
-71.67812104373681
-23.370958401412537
-43.85679294479372
44.678068241960204
-11.433325703810482
-40.344679350672045
10.904114956413721
7.237446165948981
38.38713666614876
-52.30686369191762
-80.59608419971825
-2.9796982463438155
-23.511163903833335
-47.16657437124269
-62.32137250030258
46.85533669815183
-61.50203263502947
-4.594977850928444
28.836462035519972
-24.79549902449037
3.0197812894280958
4.553738804133161
-5.842065332879969
-5.26474318397122
-46.76627129849572
-45.260820807637685
-25.568084994731052
-1.9722597008467915
-46.01220506756455
20.32589866140337
-48.36368292840236
35.79709764755569
84.98481151236606
-5.471576747606889
8.525937921744045
-2.0482689975141852
31.81615356327731
-16.307639958166135
-79.77065434379705
59.06115733647994
84.88799485668056
41.951989452897465
26.952813463501613
4.066285004184692
-15.165442732793409
72.38627454781036
-24.587271186663912
-82.36986672753882
-5.954502263501027
-14.356322269485204
-1.0345082055602859
-19.36073563807085
-13.831188565631493
1.0823004892503434
72.52945940308547
-4.748851176506562
33.28945269404639
54.15265012335087
51.71746924897715
-71.38161370698798
-26.88933224986181
-6.858000211864137
-43.48567133735203
33.30537375092851
1.305119928994685
-57.43245268424014
14.079569715570628
-15.787893215096972
82.96076571432602
-47.71982218180444
-10.5122757413464
-0.9427493397279534
10.57920808756532
-30.253296249375353
-64.29634022314066
-59.82450655468524
16.88264566749686
-22.41238205090204
18.411408080530407
-16.328561073426513
-11.815835424864161
25.664101162164258
37.22375425493652
-7.190856956199482
-9.318799443224918
74.14171286504046
-43.998201032827886
30.463685234793388
-19.333075527378483
-13.382939849027338
17.863993139469414
16.507145789636667
85.39842368332364
-41.750134000754
-31.06620458122144
-15.955545951205735
7.917202275447707
-12.992143778602866
8.269247813316554
-39.435523310192295
-3.1297096206702975
-57.82809091691332
29.99651329166872
10.742905992105207
-1.9533399681628225
26.11924740725111
49.19767886654074
74.6387055818478
-23.826057562490078
38.12989460263904
41.97936756439117
33.337138922658596
87.6669553339728
-23.049319547426165
28.759333356865028
26.501025847310473
73.67709406824042
45.89935649835607
-1.4063160714540146
32.26945661583076
-12.41901932330532
16.89737932504157
35.488976455583895
-32.7332962201973
-62.88664659711171
9.73782254905062
-45.29606857663455
29.77041490184253
18.9967451487218
20.701812909960466
-5.461376155242334
-38.26065530056286
-1.5559967298973731
15.315627387342744
50.36522031362824
-18.971313906200663
70.54344435861427
-57.348893990244655
-29.53971712811517
-44.50220158750467
-4.64146641884615
75.69259718477645
-47.559822160519175
15.040920953658883
-47.495035121517574
-20.16162416065694
-5.650213664039626
-66.39809065210817
-58.479669570854206
70.1311582033338
-4.536418593443713
-43.87431628914919
-53.545957665174264
-11.401297199123874
-1.9747728884913158
-10.923328956567033
-72.37722262920138
-9.794160782319608
0.39927947473135816
45.12017077156355
-50.669753755024686
-17.256889473217342
-82.83914872683157
-9.240509954836057
-69.86284757437274
57.47628713693305
-44.02333239580406
76.80728133292729
-25.609497224691722
12.244267863585875
-64.39114448247483
-38.86837447037204
56.25160555011351
-30.860164017825625
22.41937857750301
-4.914180271984904
-55.14749330526244
10.446257167022665
76.3888090512092
68.33714266137105
-69.85936696639136
14.882297947170429
-55.7254267792812
38.19087336761177
39.683304081636095
-2.139303563447612
-4.121148603238112
-43.99490539346845
11.361236165962808
-11.22605791986416
29.35898200338066
-35.23101856819226
-17.315863327994364
-43.059176446978626
-27.21523475380802
-0.17489164731088636
-13.792197657024872
6.282874358356196
-18.630428236101764
17.92826274218065
-38.37842954490593
3.9186410197293924
-80.12457674581285
-52.8895848985878
-14.072222603164846
69.00109670366868
-70.15506583957934
54.717233207305526
53.54559282322694
60.57097252147091
7.190902318342765
-70.9894247988264
51.03704272273859
-67.02910133049782
-7.451202524770139
-17.084323573865504
-18.95479540999642
53.46770779057843
-7.148532540399572
-37.2382421907965
-53.72502607220982
-8.006212442971105
-24.808906902084388
-8.223451032020847
31.419175165047136
-3.092253685187913
58.07555022559987
-13.758977908178466
-56.961410124008836
53.698152827983876
19.33791179901938
-17.3270446967163
-0.4574573305659584
52.67629611336315
14.414433676883732
60.83610052038384
-0.18335370276628282
18.429963048227563
-24.067289872300492
-27.11191140631118
-24.04640174075348
3.916898582899762
-21.45059681837128
70.92982223203677
-12.448256347317226
35.18161735524953
-11.679007131471849
-66.56067430631876
60.911798607828956
-56.96703950651713
39.33742186741671
-50.136196086773474
3.4769917034169993
-17.6234557998593
-61.766039457234804
15.079313211809378
-11.77950284960545
-47.47649484017372
50.33366257147213
10.319211806373474
57.01706103528403
24.97697632239442
-40.94486223577418
-54.3301502814827
-43.588125074506934
-59.84968372940578
40.02153229061429
25.01270003144174
-22.391957688513045
-28.79294397830968
49.89812759977289
-10.955817129594635
-69.54465793593111
7.0571403976978075
-65.32235059089518
-23.56877052774429
15.74457190203593
-39.80884138506821
8.091077316069985
20.35598536213054
-45.97858494352639
-56.56119941191287
10.790668894698655
0.2756217670011978
-14.12828984623556
-2.558365953810622
-3.5720352445676014
28.797070492311065
-29.65252563652055
-21.386148872014587
8.463060544991137
29.123883630744473
26.973612283245842
5.312528179641717
-69.55382408141809
-0.45571909734808
43.18443113671677
-31.39751641790062
-18.778830880580585
11.249604932337476
-42.04766913028188
84.81237436271735
-5.011605813489211
-19.606267190254414
-34.61714155363799
3.373220750303261
-23.801140785846542
-46.217017173557814
77.5793348896031
-28.70715654555687
-33.323484906424724
-9.560863950098437
71.93708739934087
-4.328331230243208
-38.83334215756722
54.032926652000185
-40.966019230660486
-12.75561342155926
-37.2034892522915
41.63960165565223
-1.5415238964259999
27.660320323752373
-0.7160174469140799
6.901554307602339
65.71320756473423
-32.59114552289003
70.26425319344898
48.140261858541095
10.939943981954116
-29.557037171578386
-16.996636340940668
30.28356488430026
-10.41584240297614
-53.15751860396014
-23.56197865026452
85.16132055258697
-21.862307320995342
33.007048877412984
-56.061995624015815
29.941891717023594
38.578812632142075
39.514859528900644
-14.684118857153251
59.167864574920515
-5.774010305531533
-7.9332056161238285
-36.35809372053992
-7.25068967963233
-31.652880034923314
-17.85988407619874
-10.321302058324576
0.6489437611445084
46.429322727867
-63.861849802695836
16.44666075600776
36.264671813882245
71.76571967906264
12.17052362831221
-60.94309197935284
64.60386913756773
33.715557619218714
-13.47223392612527
20.60867557293146
3.05984380330554
2.5395211688380073
-46.045720381842834
-79.33390151528599
-69.87416168626282
-17.580562850626123
17.790342296403367
-15.49191489463908
-69.49173319521758
-0.9546580552616035
-44.01863785399517
-76.18573971428792
28.900403239194347
0.9180463971133719
-27.793814217076573
36.97256227950089
44.35331617646716
-59.39295154583214
27.69657558357663
-10.838598680858908
-32.40030201846487
-29.391279868564283
-41.536023880755074
-32.64851754431021
29.382339931341946
49.471159841806355
-69.90723492967315
-14.759700760798623
-1.3015375958315332
-2.662502368436307
-15.839201586960613
-48.05583057695698
-59.93147819797945
51.05431077883415
37.439224366452464
-0.2952150781333245
17.18566519075459
23.596048388259717
13.010735992469805
73.52822246864474
21.537766028814346
-15.57737620187548
37.193936858133696
78.67656023232888
-57.10156950824882
9.940799998679509
-60.42245216082245
15.994823096616997
51.58387841411812
-4.891741261790273
-43.717372659031454
-18.484595924649298
52.808546646589775
-5.988041399942844
-21.260990969614213
37.76591966494033
14.454266748630829
-66.92617111132407
-27.117784860764658
-6.897524400536426
28.577088280726556
29.521892904842602
-5.096681877673035
45.72944722593098
33.71133813469385
-28.93055376765193
-0.06448891415648461
-27.728350782785213
-14.344327307873215
-1.9877880264914296
-30.650397494003997
-15.981137838195892
-6.93918461706744
-70.22175571043891
56.027709254573665
0.7671649452263694
26.05378993811263
18.021408280283467
-14.971516809450065
-1.1225898678410005
17.782962624131102
11.653933435939507
-25.29013696946481
31.386725003859453
15.953691968570965
-68.84760205841056
-48.44170740965094
-11.579393704197244
32.98763680454044
-25.232855888303177
49.695750990830305
36.860394646929535
59.15374688841541
48.615311249758264
69.86912273884192
-70.77475560089047
26.448902278870264
14.705426801951191
-16.55028918325192
-48.7041276372028
67.7314552943921
-6.015205108082242
17.006905387955143
-51.49554453940812
-9.855785560438434
5.377757758058891
75.39013844468676
-61.141687555180894
-13.007979014499625
-21.885303970762052
-19.801006450797743
-58.832025885161414
16.168201303745732
-7.340309152514877
-51.076858009076204
-48.21019825381908
62.50909326334488
53.53287140962763
-23.063651131389875
74.47524841637139
-61.08016531156673
47.974933175442146
81.58994437092886
-44.77225112838199
74.21587203715924
42.04361623856701
4.207972831126867
-19.45584014483063
-18.321600740256912
-62.573343200339245
56.35848423233878
-13.103811104797643
-42.638619884418176
12.273166352306959
4.700566755721454
-4.019004706333277
-22.545003669984
-36.86146512763781
-24.96911530698388
76.34933336254454
34.589704102126035
19.952061530491974
