27.868859495859667
-35.2058228000668
-56.55489393015438
-56.14053505983728
-40.73393098498551
-29.87635693276343
-43.736979237323304
17.63998967709412
-48.03697707019557
28.252596602539953
15.791861657949909
-28.960794558594245
-5.950173015793993
-14.788487153369843
43.58959803932271
26.412822995515313
26.732080159342814
-29.784061204830763
48.599947666034694
49.30079990749246
-30.871317185815528
74.46486652163912
51.072377215963996
-32.42870118136828
12.500807316806586
1.1374169362221096
-41.011612999926044
-29.023692052498063
58.1616907854505
-5.967764783571781
86.92414226225083
-8.141448129598231
-13.295418942664355
78.96764902950596
-29.371049701902265
36.38290205924571
3.163810508272718
-69.2339517299385
-26.125712767216342
51.23106217705609
8.780416553680055
14.919171407118256
-35.15656934136878
-24.843255272124125
30.216063156050836
-83.61188597159342
75.98060576502908
-59.52591275208494
46.12987005409664
-14.610867202608816
-1.4755584585658
4.468129543399627
64.70692971522732
2.437467904624043
10.594333628642332
15.747538592373033
-20.518050307993406
-73.06439535431774
-1.29386503073367
-1.106542104039491
19.469134074962668
-31.535873934162538
36.593285545789826
-0.6412591957385558
-15.614704733239662
-14.403586350193393
0.012613260294457973
40.050569383835324
-6.792778168487587
-10.08661312334985
33.332134551893574
44.989315394115266
-50.40280862013029
-44.95663199843333
-20.247354758721187
29.029969443276627
74.54702081085966
-36.318050857208185
-55.697205386579725
-38.884879140943
-14.82780921392117
3.619939768716492
31.636431263620864
-14.603528240514066
77.3368941187205
9.407671664464573
37.8271217833377
64.86730722770108
-54.45421111396528
30.613235979881836
-51.87151034641817
-26.80660013916271
82.70483255581837
38.35089587957114
-34.650798483573666
62.80061490916191
-63.46007011621752
-29.71908532641048
24.90426004592412
-16.462331360359414
-1.5387879656077104
87.092743226659
-9.26147879179949
-64.53119198346499
23.941771122410827
-7.6043844782276295
-63.58463416637054
67.99836508673823
-60.70099212706084
43.653332262959054
-1.0792988631911982
-19.386909361168094
8.486813627133884
-9.57369021628719
-71.98974805911317
31.03075302821469
24.434741761023588
-3.415272873951224
0.37375842269062787
0.6815933498484981
-27.136138374504696
-49.26641674110145
-4.504640329273187
-30.504691038263005
-28.55858669821967
4.121009526572138
-51.79569255090353
-51.89464188643854
62.16293273025761
-54.36050496386489
10.35878749472262
9.935176357709949
-29.13409243059138
24.684557028731007
-17.082238693762662
-0.6914525968246892
-25.602986271665387
-58.2580534389544
57.046037658434614
-48.87550723784093
-48.35772444598965
-19.17406239875875
-36.31955814282503
-46.14679980179161
-7.911308684257364
6.33515485523327
-40.37687368559773
-27.45894623360809
-69.75408486981114
32.38450236295529
-81.73795133050353
-2.3638120716239257
-4.80678154279336
68.7666507955494
-3.5844632954335083
33.560915028328424
17.78465785701637
-29.958840086507053
-28.46313595284016
-48.274451018667996
-49.055466087301
21.426168958897307
-34.43613380589191
-59.17510368897346
65.59499215683206
58.45551311710193
6.499704287876028
-62.58885057307278
-39.67186517554201
-27.78051105221489
76.33930556369722
-6.18178767859699
-0.40344346060317093
19.484462015092845
45.724829873742834
-10.65718881592258
5.30715863930611
78.60462995692751
-6.122391912165014
-12.754283713278838
-17.136343304643134
-58.76435660898584
27.666866291914857
43.96616954479589
88.56920706561954
1.8269290197671353
25.322081463903004
-28.534771388472976
-34.29383593092737
-41.82228744736217
-14.112751773064474
-83.90156793768043
35.78984899673782
44.12157230340304
-44.34945978338849
62.42234024590485
-45.98792135968505
-15.016692888640222
0.49648670513249726
70.51047214007022
59.90743109297691
-49.2591375830008
-54.610968706093864
15.57694488419206
-47.91505122596805
19.714129247896196
30.1781419241414
76.0274386192932
-41.47994183045793
-11.388193447625937
1.921023451955449
28.013037602466028
25.171947559727556
81.24856422700341
33.33040043555377
18.35323043401307
41.00507429423712
-28.94057865562678
77.24935098379177
4.815552536460785
14.04377599722514
26.945149924817613
64.19984541032954
31.126560099524653
-3.8046582337539405
-37.96122670619114
-73.32839721437742
-36.43116576647263
6.000566598170465
-28.666207237856682
70.83068072527877
39.7470337682625
-20.43002693428876
-74.55139842383399
63.51831499409931
49.11555509348855
2.6025806760433454
35.756484518836174
-76.36398318858316
-30.87845415696279
34.13007177006483
-39.361006879058465
6.931388452190248
52.75140259752277
4.620443648891992
-64.61932010488195
14.642184462212171
72.57117769465285
67.68780436517636
22.381672914611983
61.8117296084115
18.677788749019115
9.899470971771933
-51.262360065456576
-0.6060001451435824
58.99044397697614
74.25915840448536
-12.99448389565741
-76.51521555926651
-48.704228539732576
80.12093704713189
50.46465677965
-27.85299155962545
-41.207108567672336
-22.983625149244986
1.0369627602486275
57.78199910988056
-23.29857819217257
-58.79701480870588
-2.462098739001732
-5.487658450144323
71.39506337264737
2.2728267701040608
20.54217091844626
-26.40548925350889
63.87558292217324
-9.449516419807935
-33.8958602964923
45.24591623723896
-80.73128873904483
4.24651090416954
-41.039353388906775
-10.516767523569484
61.91048845731197
27.64265604099664
-32.58947188916136
6.217788815068602
-0.9522325807602243
-2.860557404702419
-53.5134130203028
23.586977267062935
50.9228310629878
39.64672190896502
-62.90257767159947
-40.344723094422946
70.71762805456419
13.734973308507776
-25.151272641589486
44.11872287516161
5.576804565106912
52.50867828201331
75.78196095926128
-4.665757991873605
-67.3221735060632
32.98680848125076
26.5662090457937
-3.515018613503031
81.1275098256765
-32.12084139174793
0.21692536328546907
-36.37400350395587
61.29147887751043
-34.11463632270613
43.013343173266804
81.95645881083644
-29.86795193556324
74.24983834757171
-35.59361363158877
24.4355936619678
22.37527923565841
-12.099786689168582
-72.14499773934176
-83.07329996556831
34.35270615454556
21.499628644139207
65.86331194371849
-37.666442733727564
-53.98163896736262
-70.26701883967759
76.477989480639
61.94744165450717
-3.470814627841335
80.86599278978588
80.60251086744535
1.5822092795824005
-7.885245366659021
2.4274170826021333
-28.499962393237453
5.473618019461554
62.32201599029483
52.14441208603213
-58.110246001138684
-79.23896976824372
-19.864312184717477
0.6897263704093177
-51.88717051660519
-7.346379989806252
36.140052456846064
-52.13928784349813
3.394781585031893
-57.95049902582141
-4.94162308295391
35.03649314953822
-34.134841374064
12.09905074004827
2.127830678495684
41.95993875215609
-12.742625275806787
-19.638192797003214
-11.654607530690498
-0.3786197149529329
-34.09465962122263
-13.27142554839493
-29.24226948846153
3.5389822900124273
-52.67018046416613
15.451901910767617
80.58697630295947
0.4659020506993983
0.7787493612864722
-14.697731047924307
36.55063723032413
10.120039034886517
-50.260100744979134
49.66785279782192
-56.63756148179577
10.113128081309057
-35.72223415810578
29.21373380369735
-69.66866463738758
9.804504784006525
-29.442998893189284
40.54017515810128
42.28753855009717
6.328029051200332
-26.28149724137363
81.5139004419151
37.94998755555878
37.586223818404505
-20.13686330916414
-19.43480991892254
64.20390016030547
-21.12913828051434
48.93353863459828
49.89582935268939
74.92747764258957
-17.227617890818962
-67.33730147970893
20.200330134784835
-60.67881467287281
-62.95555218249642
32.63188702529473
-18.570681417058708
-3.3692968082806516
-10.045024471607647
-34.8870778959532
40.40169907798702
-23.794305934203763
58.35938586677128
-43.30165790059467
36.79692482089703
-18.228047561253177
49.93165965458232
-16.39222153942592
13.281769263465037
3.433632112953916
26.632177736102406
-23.002109527339698
79.85858736424737
23.07442758330626
32.54884429696136
59.38145179988197
-0.23971658262087203
7.261661944475193
40.513304231824236
-57.80336709077388
4.1799956375690925
68.3656402500456
-79.48947741270635
-9.840660393943878
69.4018016440574
-68.97844955518559
-43.61464216356673
-11.115688389726955
-72.49194615699636
-38.09062137702506
37.27771389521507
-52.462210229329116
-23.32297689306914
-7.484291569315218
14.450057571832346
21.883633856786133
-62.92191455174533
-60.56138836750135
-75.77764824043726
19.95107555116482
-31.199931645188272
-62.065100074363826
17.776865603207625
2.9693099265574716
-18.994362445101544
-24.439851973305593
-9.106654680354708
-18.584337149857134
-51.813149179871736
-8.74051558072047
24.169194518413406
7.524524339883129
57.3817933998445
11.937102757231415
-6.744393031132404
-65.87998940140061
-83.48041032003185
-50.00475551373831
-41.352506654742
-76.8261652244795
-18.127839181611165
49.28992466799073
36.51429785281147
11.20282175381584
-32.819011733736204
3.534352320055376
-46.415481597449286
67.62396828494724
-51.8818069161863
-12.492186160527254
44.7799967776385
-46.46884138730268
-8.759747772567422
78.54329121181112
12.667551777961435
-0.24058681247991842
-4.119660262855945
-13.089882561177305
52.53177556615853
18.46303402939421
72.20880174480084
5.467619381833856
-26.177828670652517
-20.752229297263384
-52.01482181016215
-21.362297583971255
-3.0580845549563946
39.24033271553475
2.0961202760580306
-71.69794915252649
-23.106297116397627
-43.87049620942513
44.4837124317435
-11.346415662452571
-40.27384175914062
10.897637650293234
7.367069509063839
38.43442329869086
-52.17036246095985
-80.62451995167285
-2.9857388822598097
-23.40888383291791
-47.233097455407986
-62.311516329354006
46.6212364497855
-61.607991668588205
-4.449325693085669
28.656317423027147
-24.85961454260179
3.008568393365607
4.544659457892763
-5.850740478922646
-5.284192809225161
-46.78949218299982
-45.334421371856116
-25.52703590538802
-1.8757772987463994
-45.82120821373629
20.38067557416494
-48.414223647955176
35.59391504263036
84.8397792442986
-5.2911074298250185
8.504663473978837
-1.987077213052558
31.848944181781093
-16.11661652932557
-79.76908434069671
59.05978774375441
84.79669410820406
42.01189283286445
26.835524072037543
4.061678239563648
-15.08261641055978
72.34786507025882
-24.400229176391733
-82.44113703655525
-5.941802374330408
-14.180879653203519
-0.8498250796963731
-19.35831999551192
-13.80058161828714
1.0769264826637368
72.38612104818321
-4.597259229070119
33.132677816305716
54.032290462246976
51.74027447798102
-71.45872183037633
-26.84362812010086
-6.776146575664654
-43.59521488851221
33.10388001323494
1.3007468649080778
-57.493099965955906
14.03300664597134
-15.731192138198793
82.82296097752447
-47.5978298692206
-10.414760077132911
-0.8870405177810881
10.609863618079117
-30.027109070896458
-64.4206364913125
-59.90019459192602
16.900993663580962
-22.154451241216833
18.57483731744081
-16.368955268328605
-11.849207696670561
25.741270179037826
37.172290818006246
-7.013268612892205
-9.192730924144442
74.0473307927873
-44.11039532715346
30.574729097563704
-19.360476208206663
-13.359475524749385
17.91387431070889
16.55344769455077
85.28362985441643
-41.77381910708285
-31.152366055469187
-15.762349952756637
7.940132295258024
-13.025777607678734
8.286933055407786
-39.27926654971205
-3.0218468959973563
-57.82338415232306
30.032483161004222
10.823801928456291
-1.8093025031583352
26.15448911296967
49.22787311363936
74.42899483863337
-23.820621133704037
37.95916093161938
41.84295564496156
33.3702373874998
87.53682753573821
-23.059625842275963
28.808471808000846
26.59010703652089
73.63519240023675
45.87468945719672
-1.4074360965202573
32.35265122011478
-12.411733418187097
16.80978905405516
35.33627306629705
-32.78464228896766
-62.9746605296196
9.722997992951534
-45.382004346848156
29.56320507031066
18.964085999015126
20.69711303796663
-5.242236598560851
-38.1885321011172
-1.4390589062294197
15.276455606224843
50.31954891360982
-19.021905957510242
70.50121890605118
-57.47413053731662
-29.621871793940585
-44.562379122797154
-4.57275674267602
75.510860452891
-47.454970318076946
15.1449284273708
-47.50287904650328
-19.921582636791626
-5.431788171207899
-66.5275730906686
-58.60970533897496
69.90991615931071
-4.376104360499653
-43.68432042137676
-53.656262300987294
-11.371764211706136
-1.9894489003972495
-10.824725891347768
-72.35447555759671
-9.60263666301691
0.49600148290022616
45.13309829781326
-50.79071300895215
-17.29435421410784
-82.93589272707476
-9.246869322737936
-69.98676874241964
57.22269673109528
-44.02656868864078
76.61964600649875
-25.609532105788105
12.199553350995515
-64.37605475069742
-38.80044296590726
56.18258676426643
-30.923100562700625
22.360558108889293
-4.774907483670489
-55.23112681385219
10.420012796069443
76.28284543715841
68.2252124570388
-69.86741079220829
15.021240079068633
-55.85493001492845
38.07818651357982
39.62058789335819
-2.0191893647727
-3.9791698217593705
-44.105836566690364
11.369026408347693
-11.23491910780507
29.25369272240222
-35.15883609123199
-17.32497918193036
-43.171151643377904
-27.291327466258892
-0.1874722246485021
-13.65913926249118
6.330652757113654
-18.36014315578504
17.937387547452914
-38.19353769123366
3.9254101045683996
-80.16576679541257
-53.00765635633151
-13.842223075203648
68.95941744123604
-70.28534446321343
54.67853031380065
53.559842725246
60.506172219935735
7.173477593451395
-71.07563221632809
50.99817289142109
-67.1452367229191
-7.342312605786574
-17.10975526282715
-18.742159419225388
53.395737812888086
-7.067811262730032
-37.33854328157429
-53.82167009153208
-8.0325724228517
-24.660762063539508
-8.211850703562021
31.488586028060098
-2.922868767434764
57.809095947955
-13.518351201130912
-57.01101496368275
53.54047963260709
19.222881661352787
-17.3589741084988
-0.40690989013852175
52.46797568031076
14.514821578910201
60.816864043127026
-0.06265113421017077
18.325532961102084
-23.98375727080868
-27.176290674551822
-23.802620781523572
3.909270658918004
-21.180299850693274
70.89232495193767
-12.478834706369923
34.94088547365595
-11.485656768959714
-66.58606402700568
60.90580194898814
-57.06881843710281
39.17065511887239
-50.007494759347445
3.506355893026793
-17.532075735704183
-61.87940905378863
15.092732917118965
-11.585326368754295
-47.59661340859379
50.358074047047836
10.378725620669627
57.02481238688645
24.990519754981065
-40.96377650638108
-54.41048555831227
-43.47964463425984
-59.94284592357676
39.7724997698177
24.93939709250931
-22.1776493935687
-28.741671598023515
49.68999681493264
-10.96325631715655
-69.53129581736943
7.080284753420074
-65.45434909243441
-23.393051799120883
15.699983814934114
-39.715061883700976
8.069656288807735
20.404876663895564
-46.0875491155793
-56.60009258043561
10.860963176804688
0.2913120828501121
-14.115291929434264
-2.563887548876167
-3.4104893581520344
28.861277081075244
-29.666984895838638
-21.238850060493732
8.47865998594547
28.949033026354442
27.000500217272517
5.505534947865556
-69.6839948174504
-0.3661798628777291
43.21878674934101
-31.33789709767362
-18.641105808707167
11.235771924999028
-41.936151842633166
84.6858464666011
-4.942708487356683
-19.453421225068084
-34.379870070476294
3.3849696610806745
-23.551980772577878
-46.24760925857724
77.37487384200904
-28.586356913916774
-33.29146799921001
-9.49015882749427
71.86617192336584
-4.124854878642267
-38.88563054858886
53.894951723730145
-40.953976055080986
-12.762925668137427
-37.177546707515035
41.649153328235855
-1.556432988353336
27.735888604497077
-0.5375626982916799
6.8840160765318075
65.68954577745816
-32.625312800593534
70.14666943301958
48.17076684434147
10.905522899539136
-29.380278308092414
-16.96241392453969
30.349662678076612
-10.264522614221008
-53.195721962556185
-23.527695043772496
85.07706598667008
-21.62916873261787
33.026166626018295
-56.189455302628545
29.90835024805834
38.32408138688288
39.49742966443361
-14.701829978737777
59.100494383041564
-5.718822908610676
-7.6998633341781755
-36.34869311765237
-7.2357172614610334
-31.43449327551741
-17.6880684567942
-10.28211964625197
0.6792903589628594
46.45316055584064
-63.95203153144632
16.48313459078271
36.28458844818027
71.72810498623642
12.14191761391865
-61.07342832776147
64.47451976168708
33.50359188289181
-13.393520527108848
20.607825928936634
3.1048910681223845
2.574072389995095
-46.07760969964789
-79.44516927574661
-70.00246612525586
-17.42868725432122
17.692974434798202
-15.53217380913938
-69.57051549380772
-0.8338308847884406
-44.123458718788925
-76.30921025882802
28.79645829318288
1.055874315462944
-27.82323501711798
36.92561169981107
44.163002733495404
-59.46499658084373
27.661334686440526
-10.799454258898137
-32.210729406898366
-29.38456487533348
-41.509139255698756
-32.487531563478626
29.4886777621859
49.49747845156088
-70.03774025372599
-14.649065413894476
-1.1890444124944253
-2.47926170636984
-15.623875328927724
-47.88144685282382
-59.97247751964241
50.89563546765396
37.49804466937948
-0.12372250225109838
17.097246037218895
23.44966962900905
13.053063602899485
73.37755071515818
21.43597575686357
-15.502610336676625
37.04829965002543
78.6199506310544
-57.019616067103016
10.099850485959962
-60.488927111397
15.912977254262202
51.569991561017275
-4.906287978956215
-43.62440026153946
-18.41283519361491
52.81049317478784
-5.99049055406185
-21.25829845864162
37.76660633698651
14.463487347069105
-67.00274482429063
-26.870228062210714
-6.674081144363782
28.451108484719015
29.361877719877242
-5.070067192790262
45.767752779057645
33.77902096788489
-29.00242132200843
0.056105033614997524
-27.750376955691138
-14.383954281673923
-1.8208560475639075
-30.533670092654035
-15.976926440364878
-6.883775105961078
-70.3486397868779
56.039482124507515
0.7833889892129946
25.94568757716722
18.00723143529497
-14.913775796223376
-1.1221900039041515
17.82015229140532
11.613643345991136
-25.180724851019107
31.46631833397052
16.0351315871534
-68.92825409735839
-48.285825850269866
-11.597129152787204
33.0746706405771
-25.12386168669532
49.70635894772613
36.75555317562484
59.15439975497182
48.63623087560734
69.8033658928517
-70.72702703143477
26.5235243851847
14.638528901505694
-16.484079854769078
-48.604194445774134
67.54947129489005
-5.974170938939949
17.097708037625424
-51.619084723168164
-9.79803524415442
5.403790291314735
75.33777274132214
-61.150822730719
-12.999722502153432
-21.877915258067745
-19.70019624038669
-58.962829499700476
16.08498725402056
-7.352513338939801
-50.97056785088071
-48.15624868118675
62.400300978165774
53.54590481697653
-22.89375235674676
74.43091155464191
-61.12119114524463
47.86988912854264
81.49141960811534
-44.767914561383535
74.1725804319826
42.086797750090994
4.3600988700752765
-19.502105635610576
-18.268969082837074
-62.650487539621224
56.36903459649497
-12.937178147463797
-42.647909254000794
12.272981654257677
4.688696517457274
-3.974967176566622
-22.424466473050202
-36.8021162878218
-24.999396026220083
76.27795318577395
34.49924134630044
19.96212375035016
