28.011318839397433
-35.18617702193386
-56.50420916858569
-56.101978347083616
-40.715953803467166
-29.91680014306759
-43.67126665804594
17.710882607765754
-47.95069122429745
28.325527716650527
15.796339146113482
-29.157964815480028
-6.0308448343549514
-14.969053063604548
43.55166979355721
26.565873826213306
26.806484673378876
-29.712710919106684
48.60374810648767
49.280947858711414
-30.79610758944297
74.57789921295256
51.059193691058056
-32.38130273954238
12.528800354439497
1.0629700621974223
-40.92467635983671
-29.13787599019018
58.31528292118284
-6.0102567092033325
87.02338251283933
-8.333677511067435
-13.511840479690449
79.05351070437456
-29.354941567153503
36.3982668710924
3.1690412472222675
-69.26381367223226
-26.152782697451542
51.35910725575141
8.797146254664767
14.965906604374922
-35.0749111715345
-25.019025255668964
30.177226880892988
-83.55743383629365
76.03160074415143
-59.436136012521104
46.11615516545973
-14.664788802489028
-1.5533812108064637
4.406354246136445
64.80294410232568
2.4311645843373384
10.450192571241402
15.630347469752579
-20.468539090899583
-73.04263536131684
-1.2853973840781379
-1.1541580256385515
19.5288293621406
-31.583021297704647
36.70436677988141
-0.7047589115502007
-15.646194990339907
-14.510367748443329
-0.023749418086978835
40.00973031723163
-6.988260929535258
-10.18500550609572
33.39278841451406
44.95913454656787
-50.318589633694934
-44.92823476226868
-20.332951272686685
28.962577736553243
74.61217478653947
-36.3443238737313
-55.64575671429433
-38.93763357777124
-14.815870075712937
3.5698598972014963
31.668820463777905
-14.68074116488583
77.4528340426923
9.28003925769427
37.83408130274697
64.88824191620137
-54.426856964799974
30.523730464457543
-51.76856821580395
-26.95785272008476
82.80990869875049
38.41093712142677
-34.61354943542978
63.0055670198299
-63.37356400959321
-29.675416034343044
24.86811196573622
-16.424873414238675
-1.5365679292854821
87.19117432873449
-9.263754739001556
-64.41861061514481
23.922022051948503
-7.662173149600733
-63.62849812144845
68.07259669824208
-60.69603659335743
43.63815364829989
-1.1505417237608953
-19.380802766080706
8.503370094870903
-9.56162094499328
-71.91704112042437
31.19603489036635
24.41774241563816
-3.4623919779193386
0.29182047935584876
0.6408981305860522
-27.319730883123597
-49.16894751975508
-4.507632529063301
-30.430064931752383
-28.491588978451773
4.060554976605559
-51.89301048623952
-51.80688374962652
62.17717958876045
-54.249295167007055
10.377818418768513
9.951364277081666
-29.107026018798692
24.63621916463964
-17.0440167646982
-0.6828266746592817
-25.718347418278313
-58.19527993241856
57.23736007732538
-48.769232181661536
-48.354037027564985
-19.30247340750745
-36.36512193505472
-46.120817011394635
-8.03257655766366
6.343799289230688
-40.45477495899212
-27.420363772110292
-69.6738237163885
32.5288898089928
-81.72645095472721
-2.505962027181525
-4.820738106476611
68.97177675002948
-3.620279888599228
33.7072518178619
17.79656322798526
-29.900644355907744
-28.39411021311014
-48.174397656975856
-48.991570785542805
21.35267841180452
-34.60048481837541
-59.07215646123362
65.7735793134685
58.46970137124339
6.455252781680386
-62.505049220745754
-39.70894493010349
-27.93865608295765
76.39720759500915
-6.294580048405692
-0.39426564366131345
19.531535701407165
45.9433554145385
-10.723203634261026
5.280246812576479
78.70050246550488
-6.210385667093519
-12.811997596324147
-17.214065028914035
-58.7036101250585
27.799004762835864
43.93380546789717
88.7058972751195
1.7352703503906213
25.38691914235217
-28.5455095343261
-34.23437682990422
-41.7353167281306
-14.164736059559374
-83.87814913697832
35.75355378001265
44.20022764169167
-44.50631795930852
62.47469006643644
-45.89738093866715
-15.124346934354364
0.5017213026367671
70.54588012373253
60.05119890177505
-49.16811515361517
-54.51485699636726
15.540225614630174
-47.825494148368094
19.668562803511946
30.245350920058826
76.08706551887528
-41.58949995948368
-11.417473117913133
1.8089669123626777
28.03073754832984
25.11731010028697
81.36019307117286
33.41231402040012
18.373858755114554
41.08760169514079
-29.16882184061987
77.32897013969256
4.623520056414691
13.963249927091113
27.080387365887802
64.21945459193793
31.069375915271394
-3.7916263835191018
-38.04503002514114
-73.24803244938792
-36.4436961786366
5.962082834264606
-28.646312248468163
70.86722737350775
39.69678483411741
-20.536418355555924
-74.49398430603398
63.56272148123813
49.09276640255416
2.5024894002502407
35.707252617769456
-76.25882313418577
-30.947857735294747
34.32539698809376
-39.27178671659408
6.943994483161177
52.75173606488818
4.562554596927086
-64.56324611407227
14.68290219625679
72.73345430618517
67.73745534560089
22.35996959230164
61.824856721529954
18.759384711235555
9.896358542391837
-51.342001685410345
-0.6428154967837258
59.134283705503464
74.31784998588947
-12.989871728413434
-76.53044025000797
-48.81689624929866
80.2319674381225
50.591904301544645
-27.880117937696184
-41.11987781032028
-23.140054297021095
0.9336859053961888
57.782447357238226
-23.4698392845887
-58.683562159979346
-2.5792456620794297
-5.475452102254309
71.59228385909722
2.0825799583340228
20.524275393501128
-26.357782598379913
64.0762514006916
-9.661446972653579
-33.884893165567036
45.226203701159676
-80.6753135025887
4.191956566659712
-41.178968211929345
-10.6529044404639
61.93791400231581
27.74642707966953
-32.55421536147031
6.199880865297814
-1.022306266737644
-2.9764175110828006
-53.55346302072817
23.53538641120244
51.07977419810709
39.78124219117049
-62.953679656181976
-40.45856430475469
70.7549969552228
13.657572798323912
-25.23088283208382
44.09518578056628
5.571223500602315
52.51534436605431
75.83266317370592
-4.651597271567169
-67.33823306860035
33.03753160403315
26.528411872585224
-3.514346293825227
81.26764704821147
-32.05084409104694
0.21251665947197296
-36.43969237870603
61.45177193795385
-34.053170803255966
43.0704556067119
82.07583959989253
-29.800055684894474
74.30918558321207
-35.5108741235359
24.550964654747844
22.303947438070054
-12.099717232781316
-72.1141823494636
-83.04486217010502
34.31687455598288
21.604847458127693
65.97993991880699
-37.635232334159596
-53.93552198246215
-70.28388607809173
76.53316039832143
61.957609392261475
-3.5589361981231633
80.97636058759406
80.7304704236322
1.4523813296123649
-7.98576200379965
2.3066144393942807
-28.482176070682144
5.298734533725678
62.33332848155044
52.172589878290864
-58.05877478401451
-79.20346781104261
-19.887354694768334
0.584361656429877
-51.78377296081472
-7.45426394907345
36.257848531469506
-52.03847683595752
3.3064494154159547
-57.84465981077986
-4.956354713664709
35.101219562008396
-34.132395401620606
12.130541689824085
2.01687461737275
42.19269126023991
-12.901632148142198
-19.854379890434785
-11.807211156614912
-0.45629640566860985
-34.034931278947376
-13.487739659512044
-29.303034439591855
3.5021506721349596
-52.72666510567404
15.344124617875778
80.69180196656819
0.36439720629792305
0.7199650745795196
-14.71366978867377
36.49900386370962
9.976347768193463
-50.20040188867088
49.64636874380841
-56.54377759572361
10.128785602314295
-35.695607344061415
29.369147905212586
-69.6077454314144
9.800744454957538
-29.45110242309846
40.514118107761874
42.35894570604427
6.330915504667232
-26.325037548154214
81.67136135443644
37.88650492733959
37.63148499344061
-20.09822796319814
-19.389895507250955
64.22091967335896
-21.30180465510398
49.02710194199605
50.07845751285268
74.97586468455418
-17.321246333169384
-67.23512358668735
20.28374667014974
-60.73316330259009
-62.90468742151548
32.77591485321875
-18.526645196366104
-3.453811132570067
-10.06743398530881
-34.823534713935054
40.36087719833287
-23.758414220862335
58.359964467244055
-43.21063367972695
36.85215255687396
-18.188207275322455
50.044240384334444
-16.438929562783954
13.25657152524839
3.431895178193784
26.7665082004833
-23.092713318234445
80.03027953705984
23.089879700154356
32.559952091569585
59.42860807027958
-0.3405867663693556
7.252823981979745
40.50201327560339
-57.708915179906754
4.145857740772158
68.56908377231892
-79.45473313762224
-9.888890456007857
69.43677289015113
-68.99729778545382
-43.72953573652773
-11.331088283083787
-72.3826998799602
-38.194390494396075
37.231934711161415
-52.381109211321984
-23.273873505457928
-7.529244482193761
14.376808889191608
21.901193245043217
-62.80849151865197
-60.44690595642046
-75.69584143610756
20.052541253391595
-31.164825624172465
-61.98114442108315
17.776739237519337
2.87181953100324
-19.114810921556668
-24.379478160399543
-9.234082071134665
-18.700468803026624
-51.71084526720167
-8.71853305722999
24.061387471264766
7.505199775321628
57.62154464743685
11.830431368434333
-6.772924779579867
-65.77168856529082
-83.4069579755232
-49.98732551085724
-41.319267632706264
-76.72861773987823
-18.08523810344049
49.26757117268235
36.46895641989545
11.193832713176036
-32.81048401064329
3.460082598035754
-46.31457382695111
67.79372436793668
-51.7934488117301
-12.463164198771679
44.92762024174141
-46.54581957390597
-8.78646491159995
78.67122291315269
12.70614730496122
-0.32162797465848314
-4.1815941591600705
-13.060656356983301
52.53309236068827
18.42910485038371
72.34819329109101
5.41645597097623
-26.37961817557111
-20.91152264813674
-52.01194699236421
-21.42226771120754
-3.0554694957105113
39.1974308565313
2.006467107153753
-71.6786413778554
-23.33652612492162
-43.862477675659306
44.65042283683192
-11.422798112856285
-40.331829823719126
10.90030750561661
7.253587934155675
38.3940264669215
-52.28502388622136
-80.59989165221336
-2.9815778896538205
-23.50244089628106
-47.17175205001211
-62.31648399401191
46.82305108583236
-61.518623964509935
-4.57836974685533
28.809825708424228
-24.80253017355308
3.0158909501130324
4.54984104519724
-5.844029564241239
-5.268377663590712
-46.77330792782334
-45.27230330585691
-25.56088948750967
-1.9621127179980817
-45.983735349685254
20.332287646732098
-48.37353576877543
35.7677043067373
84.97317122582243
-5.450546197501566
8.520079844344139
-2.042489874783371
31.818648193607515
-16.283476675018164
-79.7700963870962
59.06822749754869
84.884592836987
41.96561874921818
26.93376261937196
4.063002514201685
-15.154755310161534
72.3883453502408
-24.56208805831345
-82.38039678329011
-5.953624795005624
-14.3344173288681
-1.0134766380659386
-19.35943934815967
-13.827223073864317
1.0799472197250566
72.51431532866067
-4.731487407385558
33.26560968950048
54.13603400370431
51.72551317991787
-71.39029392225176
-26.881346467795055
-6.848892527000842
-43.4994764389439
33.276135944865956
1.3022855054466334
-57.4369423034383
14.06992865678167
-15.780335748581535
82.94952521535222
-47.699942885296146
-10.500606534267064
-0.9378150850612741
10.581592668916826
-30.222354008949537
-64.31163609938275
-59.83135915903648
16.88236809188645
-22.378944433976955
18.432565776334343
-16.333926244055718
-11.820380268365199
25.676154490262036
37.21381677270662
-7.169923440054944
-9.303833877310382
74.13405598467239
-44.01096896588908
30.481310699265606
-19.335680815686487
-13.37994500698818
17.86942650844786
16.511935805677595
85.39136219056158
-41.75646084742752
-31.076290513881276
-15.931182359998061
7.917153691564081
-12.996800561310579
8.268510744499395
-39.411967384402395
-3.1179868506564503
-57.8235498657075
29.999430003192643
10.753670574971764
-1.9372852997062182
26.12179393994181
49.20532051181513
74.61530330648563
-23.82368668526408
38.104571993059636
41.95870636640646
33.33986538513423
87.65832120960661
-23.04911255803711
28.764813510366437
26.515294363056157
73.67917385155025
45.894584920581224
-1.4076585286576915
32.284090703367696
-12.418219668093272
16.882653724607593
35.4657248933666
-32.741030582306706
-62.89565485284369
9.732772349231098
-45.30860990787331
29.74058169201126
18.988713201755843
20.69776053910313
-5.435574844879028
-38.2478427982289
-1.5433629377416764
15.306865995072982
50.35822843435105
-18.977739406816795
70.54331390385863
-57.36374942693194
-29.549388158730224
-44.50656411408994
-4.634348240048226
75.67316656839495
-47.54213205589494
15.055299226102065
-47.492063078732095
-20.130778419465784
-5.62447582911652
-66.41650537154595
-58.49578495968204
70.10506626133198
-4.518008150109068
-43.846127783940865
-53.55788266530147
-11.398540865320726
-1.9782809692951417
-10.912996003389225
-72.37208531351042
-9.771095771083111
0.40915550872381345
45.12138716693531
-50.68374891758101
-17.261171123650797
-82.85391164651288
-9.242002884787794
-69.88160586717102
57.44325824938423
-44.01988963519795
76.78738351813098
-25.611293040621064
12.235124317442043
-64.38577605665691
-38.85603670339413
56.24256232603835
-30.866127295516506
22.40777252159951
-4.898312237866591
-55.16133657561336
10.439661568038744
76.38013515692228
68.32517779138698
-69.85793267245681
14.900521284290022
-55.74178544755347
38.17287292926008
39.672096732592934
-2.1261993074248267
-4.105062687165486
-44.00885782799484
11.359652279221208
-11.227834419653504
29.341435096695548
-35.22710913666974
-17.317860768837633
-43.07212258945753
-27.22403619264381
-0.17822493393737204
-13.77557904791125
6.288443620888998
-18.596190865220038
17.926426104953464
-38.35142637030652
3.916796881112191
-80.1300585809623
-52.902905606087415
-14.043716597635722
69.00037902345227
-70.17323624786248
54.712320150681904
53.55008663855605
60.56366689892599
7.185618297454511
-70.99941317502687
51.03121155050897
-67.04715917097701
-7.43866672904511
-17.088104805894744
-18.927509283303138
53.457595958926674
-7.1395838040516395
-37.25024083542551
-53.73472278297562
-8.01033835498336
-24.788464265572742
-8.222801114099056
31.43106396954437
-3.0729110338544956
58.04104444593537
-13.729233235672652
-56.97246476700775
53.67653927097851
19.319726671737783
-17.331539276658418
-0.4532351955576388
52.64804922873634
14.428271214278624
60.83636238188939
-0.17041218701277216
18.413106709463932
-24.06045549383198
-27.11860627765303
-24.014386458269342
3.913726856868877
-21.415834561711264
70.93099873687066
-12.452584175697169
35.1477510094829
-11.65993141071111
-66.56110944989449
60.91829572455205
-56.98263657192139
39.31268038873384
-50.115380867996706
3.4780523302448643
-17.611275734468578
-61.783185276247046
15.078333482833258
-11.755772342359663
-47.49107178256431
50.34278824677088
10.32663254552368
57.021955341514655
24.975768922527436
-40.95061081704154
-54.337373605900325
-43.57020758926176
-59.859180242942706
39.9868331085608
24.999191720271142
-22.363835479755295
-28.78397209370611
49.869461044507005
-10.957422587655657
-69.54026281152206
7.05713442308182
-65.34040834768403
-23.54515499654846
15.735072252962524
-39.79311547347813
8.085187852971558
20.36114729962725
-45.9904583693122
-56.562562043691315
10.799847115313653
0.2766117397270449
-14.126488160704142
-2.5602201654645
-3.5536036279406176
28.80646495604894
-29.65627333173866
-21.372910616785177
8.463100721829122
29.09785992058319
26.974698381258634
5.334470994535749
-69.57238256528461
-0.446638250020186
43.18950879247359
-31.394171483862678
-18.76073510771792
11.24465087856106
-42.02948893699035
84.80335550619051
-5.004403810818729
-19.58616661201293
-34.58416782898824
3.3720718773462295
-23.768515255329717
-46.22467210790346
77.55743772432481
-28.68946149944628
-33.31637752018466
-9.553296546907362
71.9323616641316
-4.3046102950959835
-38.836952801487925
54.01394960707154
-40.960750451375965
-12.757220036566139
-37.19673602257953
41.63947031511472
-1.5450925404188638
27.672512931688203
-0.6957935916126559
6.89637048720536
65.71887271497152
-32.592864403815
70.25204168019988
48.14998156833502
10.932116578214476
-29.532279869811177
-16.993863315036307
30.293991395296445
-10.400309520156952
-53.16693956694692
-23.55595177810075
85.15936546093809
-21.831987361638397
33.00725508696516
-56.07736218492589
29.93386478022201
38.5433684688287
39.51010010464057
-14.686155441921201
59.15979999082154
-5.768373802516493
-7.905311377624031
-36.353589598095816
-7.249781340102899
-31.62267107247125
-17.837780384667482
-10.316867731194094
0.6520650489146078
46.43306335098697
-63.871307668394884
16.449594543088978
36.26541680954588
71.76747391944025
12.163381702036588
-60.95940525172146
64.5884749322264
33.6850785631309
-13.462354932720501
20.60520705743228
3.062932314521646
2.5413443540912652
-46.05347264626719
-79.35018430523678
-69.89291698744536
-17.566225172152173
17.77437964126922
-15.497254619664218
-69.50031051385619
-0.9416136028888786
-44.03235124096001
-76.2048113870707
28.88301792730435
0.9330319519858818
-27.798843670425583
36.96322549460345
44.3261356177573
-59.39923216491327
27.688210437253332
-10.834694732220086
-32.373524055592256
-29.39286667281914
-41.52876227922584
-32.62523772298671
29.39927560969214
49.480807050888046
-69.92549269943007
-14.745659044027875
-1.289489226290371
-2.6414885302258853
-15.812162284476472
-48.029325314300586
-59.93335400101346
51.03209026527449
37.450943819572785
-0.2758996257956454
17.170777426359265
23.57370843910924
13.015000494282887
73.51235995789762
21.52081081020259
-15.567613040126133
37.1716696659289
78.67822324377579
-57.086807252699195
9.960283935362085
-60.435565358512825
15.981058126668785
51.58210729139455
-4.894849065097233
-43.70142009390362
-18.474698183177182
52.80994813002553
-5.989158846306594
-21.262031131036224
37.763702590589986
14.452647114843913
-66.933992182536
-27.084761228778078
-6.8709971937846035
28.556957923432932
29.497625313186873
-5.0946895703966675
45.73855132695775
33.72369469755725
-28.939667309725053
-0.051573741183588595
-27.732630255744738
-14.349595335459554
-1.9688790991534262
-30.632915626094686
-15.980149271637757
-6.933323533273864
-70.23874866616309
56.03439260116323
0.7669388681603806
26.0358839700763
18.01602024537665
-14.965991122019162
-1.1244680463489516
17.785950409951184
11.645372675980695
-25.281047439257094
31.400632336049455
15.965050094794833
-68.85634836604095
-48.41751076644985
-11.58223241865268
33.0029213698173
-25.217185805837275
49.69781539504851
36.84329231975539
59.157857526710416
48.619180233864455
69.86452383605015
-70.76599193877529
26.460582763780636
14.693581147071455
-16.54141700131963
-48.687021720857544
67.70983664724628
-6.011276365274881
17.0198143840813
-51.510117989031976
-9.849132315028754
5.379889758040989
75.39026151200687
-61.13926162313275
-13.006960332589003
-21.882975227642177
-19.787276953384023
-58.84842084210222
16.154184598150934
-7.342769153324042
-51.05888099692744
-48.199038908847825
62.495987980932114
53.54201816941179
-23.04083880831365
74.47815485949806
-61.0821434632765
47.959210894142046
81.58413406024764
-44.776343467046736
74.21871167417484
42.0507744209678
4.2259197558103665
-19.461025579803575
-18.317032877051744
-62.58067768489986
56.36399103060717
-13.087348889390569
-42.64369538148903
12.270220550787755
4.696319792074021
-4.015036717261793
-22.52835747898122
-36.85903746947754
-24.97394347618868
76.346131156246
34.57429651925938
19.950306364251148
