27.94678970475509
-35.19072389530253
-56.53368041305144
-56.126777791428
-40.72922648780308
-29.895971131699014
-43.695900598614074
17.677065001805857
-47.99106969483605
28.289842807380595
15.790925994364372
-29.070943970830044
-5.997732030946835
-14.892297787958569
43.57763554327181
26.497305387086243
26.770225183557983
-29.742036035180618
48.60164674308166
49.292571584004264
-30.827375084530033
74.53275136522686
51.06748296713886
-32.398650537433085
12.51325997095428
1.0923800116758002
-40.959794473178185
-29.08579007316861
58.24756408130298
-5.993200268469437
86.990153815967
-8.253457397589287
-13.420466520948864
79.02304796025078
-29.358748126807825
36.388256729099
3.164729446380548
-69.24769330412585
-26.13836468058355
51.30122442184697
8.78682038431657
14.942309970119837
-35.108355356648
-24.941915352998464
30.193248155454654
-83.5844979576341
76.02047554128842
-59.472761049457496
46.12233711210263
-14.643943151839792
-1.5222199104730123
4.433571493371446
64.76226528578277
2.4315027753545877
10.512550889585142
15.683246336476117
-20.489731215679925
-73.05057760615361
-1.2904272078500583
-1.1338085623757195
19.499265211316256
-31.568744634175445
36.65248539948274
-0.6774821130313171
-15.631903743405317
-14.468481046850115
-0.01030449506771447
40.03110583950712
-6.906918048797152
-10.143641765881327
33.362406711870165
44.97514983989049
-50.35884086759862
-44.93581093343258
-20.29478497343858
28.997304174959837
74.58998357652575
-36.32862725612318
-55.675314493317224
-38.91015855349615
-14.82192610437761
3.591707271838189
31.65076195943749
-14.647318416377686
77.40742625826755
9.335710830973966
37.82814744952955
64.88895486050617
-54.446998326436216
30.568563964505756
-51.81530603746893
-26.890595638567703
82.77180188820549
38.38112186698933
-34.62601428894037
62.9167186700021
-63.41765538978455
-29.69610548960631
24.88225712930928
-16.440446220524137
-1.539203614973431
87.15844701005295
-9.263129801113323
-64.46840098715688
23.927774554795576
-7.638360532857206
-63.605066856079596
68.0430896059475
-60.69372048588219
43.64429710271585
-1.122209912678784
-19.38193726482922
8.493206967170138
-9.567102047804923
-71.94823052232292
31.121812011305593
24.422156992620316
-3.4425112752917073
0.32447806044820027
0.6560816659080189
-27.238815865493564
-49.208843877057326
-4.5071111598888365
-30.461200004501237
-28.518902850274472
4.08381043876868
-51.84545846617138
-51.841896680901705
62.18071019384112
-54.29867253769307
10.366771664920478
9.941158357903404
-29.12123060683355
24.657308374683964
-17.05981816264689
-0.6880432412749542
-25.676088299348564
-58.218891038916446
57.15325182260818
-48.81568727126752
-48.36363981832059
-19.246528226229415
-36.34108231328121
-46.12726245804809
-7.982071520110566
6.3372490709365366
-40.41630262934437
-27.43446554445481
-69.70797780946344
32.46314072290909
-81.732943290135
-2.4476228493044516
-4.815953693204435
68.88425030797441
-3.606474158803337
33.640631610052964
17.787671660029403
-29.923353992485332
-28.423468494721575
-48.21925743989882
-49.024181606707174
21.388153814515974
-34.526149283500224
-59.12075512737304
65.69670159591732
58.46613725111345
6.471648958367936
-62.548003840329876
-39.68815409719813
-27.86828712993757
76.38010999448508
-6.24795303869584
-0.39999283909226335
19.507259068606757
45.84664128229349
-10.696664524312666
5.291121533219311
78.66500934353968
-6.174167461395356
-12.789244999600157
-17.17988747604717
-58.726338241378194
27.738711232550685
43.9548679667289
88.6554281870917
1.7719043945237303
25.354766885617508
-28.537725509797838
-34.25702298509177
-41.77429595907682
-14.142058417590462
-83.89097911236891
35.76917937953331
44.162849635471446
-44.43371094410473
62.45353158108418
-45.938657743828436
-15.082274066648694
0.4974812348378066
70.53865607184628
59.98810560774291
-49.210407801701486
-54.554147594997886
15.555023139402735
-47.86139359609606
19.68795478707277
30.212085024286353
76.06872798701627
-41.53734663418615
-11.406134966636202
1.8567966907115476
28.01910702736751
25.14251350378626
81.31835208959666
33.372781433007276
18.3610588632952
41.04820625545014
-29.068784517914892
77.30078924264438
4.702804559684068
14.000419727018254
27.018923761994245
64.22086381986728
31.098990391763778
-3.7984567313654622
-38.004337564683595
-73.2833643614542
-36.444122822180546
5.975906286250023
-28.65763831262386
70.86154640196932
39.727145647625946
-20.48944640808071
-74.51878010968977
63.545850127397074
49.108298150114166
2.542654216981987
35.73401031609015
-76.30898016044729
-30.914451024883547
34.23857846612742
-39.30841615849588
6.935669302807199
52.75297653463036
4.588039433427255
-64.58473484903871
14.661796204553823
72.66562912125264
67.71979511410262
22.366689671951207
61.82420211532619
18.72107717834035
9.895019963218871
-51.30206945531664
-0.6290856201408275
59.07096156001003
74.29891794817848
-12.991525040911782
-76.52297392028952
-48.762825544085956
80.18994058464719
50.53425310232669
-27.872810015674403
-41.15512177927133
-23.071483442773285
0.9777962496986845
57.79042132713576
-23.394977529458075
-58.73297098195882
-2.5314012162918686
-5.481675713428302
71.50887707663105
2.1605996018416675
20.5291679038845
-26.379374709776826
63.98946702592485
-9.572751200270574
-33.893866910443016
45.235389927431896
-80.70181348087357
4.2126915865633805
-41.114065411299855
-10.59564934045872
61.92897456117353
27.697822668023264
-32.572281610247686
6.204848250183559
-0.9944854176847286
-2.929056957813799
-53.530739189225066
23.558422025600578
51.009437193791314
39.71952808760716
-62.92697596244262
-40.40472194636133
70.74956592616817
13.693264646965005
-25.194224913038994
44.10612926921297
5.570900116255132
52.51312664933292
75.82185486073499
-4.658692438474645
-67.3277547016748
33.01145984989563
26.543519849717143
-3.5155232711498456
81.2126344353477
-32.078867620948486
0.2123933360155945
-36.406987732881774
61.38180795538801
-34.07677922224552
43.04243515401913
82.03066806684546
-29.82955756965015
74.28989358809261
-35.546635212455314
24.497943476084586
22.338586528219082
-12.100658370967466
-72.1259515477201
-83.0596117730524
34.33189204593259
21.5564731169204
65.93033019403092
-37.652870077497596
-53.95111341065812
-70.27376534478384
76.51794437661073
61.96065093893412
-3.5231330857623817
80.93495258253697
80.68080229942296
1.5071517453608863
-7.943953573864761
2.358032294430757
-28.492646937751644
5.3717056819752
62.33611841855472
52.15964456388599
-58.088900629901666
-79.21984415274343
-19.87997407834648
0.6268816795057859
-51.82680394009485
-7.409473618402103
36.20312053744905
-52.084660647873434
3.341593512410057
-57.893828453695235
-4.951217666914502
35.06914245406185
-34.13811068847433
12.114228248983096
2.0616658545385746
42.09005227928088
-12.834339400356995
-19.76161150342145
-11.746951013848843
-0.42534679261778763
-34.057730036286735
-13.396415833868545
-29.273611177009826
3.515373601313854
-52.69676627615691
15.393175812654178
80.65289312306481
0.4053073838745007
0.7427906165644202
-14.708295065305109
36.52860686328452
10.038430149839343
-50.231749919164535
49.66146103381658
-56.58205462201171
10.118796535712733
-35.7031907143334
29.299167220931636
-69.63267908403793
9.799725785962849
-29.44431276761287
40.525221799519414
42.324529665711424
6.326874268594295
-26.303525026587266
81.60869995426597
37.92218725568682
37.60812108142329
-20.113623648721088
-19.40837544164596
64.22029665545827
-21.226863162432664
48.983864719770054
49.997089253637114
74.96403570677478
-17.280348592617514
-67.28518502685803
20.244373458023716
-60.70473613725149
-62.92346205858564
32.71029992113691
-18.545628900358338
-3.4182589341551477
-10.058089961743207
-34.85268792123898
40.38622122670614
-23.77191482326026
58.36695974521314
-43.247591121227806
36.82432718232681
-18.204530256924812
49.992861561959955
-16.42135215388376
13.265636236409037
3.430148550472836
26.70545818865351
-23.059321844232727
79.96070308835829
23.079226931160804
32.55154107885642
59.408867362934274
-0.29987203914727445
7.253859086640887
40.50535436559426
-57.74764536965124
4.160279361452282
68.48217813356493
-79.47086162954162
-9.868663502826081
69.42839570536657
-68.9859728083312
-43.674874450780635
-11.240610310432658
-72.43503679294169
-38.1451493764694
37.25588206057947
-52.412916679766994
-23.293518912888715
-7.510861784457305
14.4107019013544
21.889621011139425
-62.86056554793245
-60.49733829727391
-75.73277636250589
20.00609417759786
-31.18254488204377
-62.015323142523044
17.773326029216264
2.9139947574872167
-19.06224864552344
-24.40464741582963
-9.182828483050926
-18.649811390019423
-51.753276831944845
-8.728478503958328
24.11227991206144
7.51079280544387
57.51698323861959
11.878275208702064
-6.761355841359446
-65.8191895301301
-83.44315202656065
-49.989881927852146
-41.338536440227486
-76.77417022826472
-18.10365123821728
49.28171689596783
36.491256243616505
11.195145436471833
-32.81044570046102
3.489242550652804
-46.35903695387676
67.7212000718171
-51.835496317967475
-12.476018571342749
44.86063154428598
-46.50719716205478
-8.775540904002526
78.62078106503819
12.686404005960242
-0.2868876039135557
-4.155529368978392
-13.073087457246103
52.53370258784764
18.44220313769661
72.29038036718171
5.435715962220911
-26.29129672458589
-20.842268381074888
-52.00805573952122
-21.39471534988924
-3.0580169908236314
39.22286281673681
2.0452386274442063
-71.68506762074247
-23.23705035021692
-43.87266533663798
44.57534717245332
-11.390410943786918
-40.30193497223922
10.89613954217728
7.303193713400347
38.4133492191601
-52.23002143796399
-80.61186123141422
-2.984380460427161
-23.46800661809226
-47.19422237280096
-62.309984769067945
46.73335399688705
-61.563301576173664
-4.525231984917639
28.740695108762523
-24.825709625994463
3.010374739656484
4.54498959098062
-5.847714425640376
-5.276171544903619
-46.78734388422755
-45.30336895916075
-25.543667326029336
-1.9273091552973511
-45.90858475291999
20.353293097637803
-48.39731429321995
35.68962631178687
84.92269003477372
-5.38453568214824
8.510354583738433
-2.020692250383803
31.830219793878314
-16.21213888791611
-79.77017162384585
59.074827467542235
84.85611247132837
41.99492160426968
26.88751515464925
4.059864347230928
-15.123368420742196
72.37958984288224
-24.49091442720747
-82.40991171026825
-5.949210679249845
-14.269088828654802
-0.9462405087582653
-19.357448069904564
-13.815352045564126
1.0770668443145723
72.46156882071384
-4.676152309596873
33.204576991118984
54.0892280245958
51.73941731046867
-71.41928042840254
-26.862224823301673
-6.818836929476163
-43.54162575895726
33.198856260360884
1.2994696631262315
-57.45740826946867
14.050473247973002
-15.758528424442119
82.90137678490552
-47.65045032961965
-10.464437489160673
-0.9181453743195505
10.592541976945128
-30.135906378631518
-64.3591710682808
-59.858006122922255
16.88780898357956
-22.282095989561086
18.49583864069919
-16.349337614944588
-11.832869720586785
25.70843844192663
37.19207473850429
-7.104782445023005
-9.2573284064229
74.10100658943003
-44.052581943354646
30.527717493865964
-19.345004646961996
-13.370787134498016
17.88825868180274
16.529232436723362
85.35313781535754
-41.769742962051296
-31.10836660140643
-15.859102493757504
7.924354193820761
-13.00965466969727
8.273759410769529
-39.35024021127596
-3.078886715752077
-57.818634455045206
30.012253777446077
10.7855217979278
-1.8849705725990589
26.134147237068916
49.22072592327575
74.53752912699463
-23.8200436283542
38.03824608963089
41.90507459443589
33.351694797127834
87.61452012466503
-23.05151186136078
28.783457741167936
26.55283970896903
73.66950483537235
45.884000032595964
-1.4086479812627744
32.32046883126651
-12.415212792745038
16.84838060795869
35.40609412223566
-32.76232150733564
-62.927612108031084
9.725791149479079
-45.343796665720255
29.661643136293293
18.974125051144114
20.693874805746788
-5.355372206058007
-38.21763084796964
-1.5010574252723643
15.290018340068443
50.33988257577721
-18.99684420058071
70.53132836006066
-57.41098720019257
-29.5799978561125
-44.52657622036349
-4.60950669580464
75.60626492289143
-47.49907008848851
15.09670829327223
-47.4917093252
-20.040859090830864
-5.5445178941450735
-66.46878639034594
-58.545578383293574
70.02214408289981
-4.459490245198111
-43.771488414862255
-53.5982822540833
-11.388238245500375
-1.984591203335981
-10.877546534680704
-72.36221810699395
-9.700522299720888
0.443872518879985
45.12615932146093
-50.72893564339215
-17.274613451451756
-82.89416486428348
-9.244820851751584
-69.93296065567844
57.34676910572614
-44.01785864968806
76.71845083650012
-25.613508569966115
12.216751198258336
-64.37751205745133
-38.82734803860568
56.21587569552398
-30.88810704600661
22.38325636028557
-4.847485277071868
-55.19757739798028
10.428344747475407
76.34299474243832
68.28382304011942
-69.85943587195264
14.95466813727478
-55.79170816936163
38.128030200716836
39.646161150111595
-2.0826777688191243
-4.0533213423124295
-44.05151124210659
11.361130672432822
-11.231647645433213
29.29945673206369
-35.205541075376225
-17.322228315340695
-43.113861979464616
-27.252141085160446
-0.18384323166992544
-13.725888925712127
6.306680432061597
-18.495450453158227
17.928090876846625
-38.279178254722716
3.917929679423864
-80.14690240439501
-52.94668783137634
-13.958445133645697
68.98800624692791
-70.2254034630812
54.69744314901581
53.55802359718314
60.53941191948866
7.1774697970196115
-71.03200533195334
51.015661223961814
-67.0959030678606
-7.3987093368224635
-17.098300776637444
-18.847830487836106
53.42934731425564
-7.109983770808569
-37.28800972053509
-53.76942027242134
-8.020536554269171
-24.731588981829162
-8.218670679349728
31.461177218015905
-3.0111856014344056
57.93983417417755
-13.640119307405953
-56.9974636048903
53.61555871573367
19.275340553464247
-17.344064801781258
-0.43551610638211
52.56805781557708
14.468209136527605
60.83113751333599
-0.12680991040365086
18.372623515279912
-24.032738712646974
-27.14157622110622
-23.922454720353542
3.9096584457238635
-21.314617571898197
70.9215644169555
-12.464337462918024
35.056140020262234
-11.591430006901675
-66.5687885539474
60.923041553385644
-57.02517438736095
39.24779127431586
-50.06331493748779
3.487641947753943
-17.576390130874742
-61.830239526491624
15.081855951355877
-11.683954775094634
-47.53666105545866
50.358315736554914
10.349736357178486
57.02850670381608
24.979103265794777
-40.96208443105859
-54.36548399310888
-43.52597394566629
-59.89288619837955
39.891849135418624
24.969196635804835
-22.282988917172062
-28.762543540574953
49.789410527248634
-10.960700470359072
-69.5334533103123
7.0643679559154435
-65.39287518217361
-23.4783054390044
15.716195054036291
-39.75465743133043
8.075481619485757
20.37948004445734
-46.03035322851717
-56.5744319876894
10.827426779450946
0.28213469682661696
-14.121144636126516
-2.562848219309643
-3.494721084602091
28.832763437346074
-29.664222620035375
-21.322309990695288
8.46798617032124
29.030596883525533
26.98353967778668
5.406002549300396
-69.62497202392355
-0.41451687602371123
43.20358867999292
-31.376283645446847
-18.708596206079505
11.237597777261982
-41.98422168951953
84.76020177160646
-4.979451515572848
-19.528339438330107
-34.49301484568783
3.3750985969770824
-23.674650921831272
-46.241168731522386
77.48223730125704
-28.642153790085814
-33.30169851440715
-9.527697358323621
71.90833728018046
-4.230256956443412
-38.854114932194236
53.960437803051235
-40.953034711295935
-12.760549613543517
-37.1840069523112
41.642258527907984
-1.551520053069524
27.704523904885093
-0.6308659481223202
6.888165553720242
65.71818160791605
-32.60344363675608
70.20886743005283
48.167728742996076
10.917406422770128
-29.464155229958166
-16.98255256253195
30.321788762720985
-10.346121082627178
-53.187330054178545
-23.541503199901925
85.13419062748147
-21.74431849391
33.01314714256307
-56.125687596557746
29.91879419732416
38.446411636933306
39.501737727753294
-14.692299496741157
59.134257813089505
-5.748389431627416
-7.819646360818055
-36.347198006646195
-7.244508316420905
-31.538892102505883
-17.773249567734155
-10.302249108146214
0.6633523067304168
46.44301216841521
-63.90427677383324
16.46263472294325
36.27190989358414
71.75859556142578
12.150664613127901
-61.00950359844651
64.53965901381434
33.60397994630358
-13.432716225685425
20.60283565697354
3.0783757257785
2.5529134950534598
-46.07038801947216
-79.39563282874329
-69.94529280927271
-17.513257162993725
17.736503796605902
-15.512553325498985
-69.52959201661794
-0.8979179733286458
-44.073297606236665
-76.25635286001399
28.841552959876964
0.9829107635856076
-27.811753971044965
36.943204442387696
44.25254940440922
-59.42438327287189
27.672474827502242
-10.820801835607426
-32.30027253884249
-29.393306541723362
-41.51537631902134
-32.56252485363531
29.443830903078606
49.49739781392617
-69.97781453029839
-14.704077015561793
-1.248840600133704
-2.5746975908446075
-15.73199165364457
-47.960256856083525
-59.94630791615941
50.97053190124694
37.47812983967566
-0.2135545336978879
17.13611834529344
23.517384045067516
13.030740516129427
73.45697745175943
21.480660384656787
-15.539147766807403
37.11460105237819
78.66424459281734
-57.05244383309971
10.02076530419319
-60.46694146153281
15.949229054487773
51.576795563143435
-4.900838081551072
-43.66299111704193
-18.446951603176927
52.81169819940399
-5.990482047278363
-21.26264075492449
37.762434069326844
14.454506941222036
-66.9619255913589
-26.99094287999182
-6.789074449473631
28.507435037719333
29.435672150471547
-5.0853435546503505
45.757651724758205
33.75382575331329
-28.96722894520728
-0.008018061897061557
-27.742936747020394
-14.364587641609546
-1.908133635622434
-30.586867461841223
-15.977877407721849
-6.913119615500818
-70.28878166016149
56.04391114941518
0.7718320498671858
25.99304697074652
18.00852134580309
-14.945895247307206
-1.1252712805116971
17.799235152086894
11.62862766741705
-25.244458782202656
31.435378232423005
15.997693087493275
-68.88626288907481
-48.355325955226476
-11.589313073202177
33.04090869393812
-25.174722981431685
49.702589156533605
36.801366687219314
59.16169963718008
48.62841264061049
69.84206256283446
-70.74625628783622
26.491840214289553
14.667287128570194
-16.515986373227847
-48.64577447057118
67.64138808816838
-5.996490666924558
17.056403404568755
-51.55657487032494
-9.827704752920269
5.389289696104655
75.37575143296229
-61.13995417928837
-13.003521641486628
-21.878818534120555
-19.74860172106716
-58.89871245473514
16.121740922975192
-7.3476292200986535
-51.01521161190085
-48.17513613490639
62.45477781758257
53.55465088414178
-22.976208846950584
74.46881499859313
-61.09522049656445
47.917669636346176
81.55148165014893
-44.78039336852987
74.20955686133391
42.069208178859725
4.283028220777396
-19.477670093648655
-18.299300166233266
-62.60821096416796
56.371922123464174
-13.028356064063004
-42.65211847926618
12.268450105603065
4.690409164673412
-3.999367311567184
-22.482003263160365
-36.84229083094793
-24.986749005081208
76.32328907561424
34.53773411302376
19.952286770647447
