24.771560552151612
-31.282218845878603
-70.56215021332567
-71.47265648322592
-49.7083521242991
-25.306986738520195
-41.09215892192098
15.770844958942902
-53.556633121133956
25.25148181000833
14.320460685069193
-23.295212252671107
-4.199675526574069
-11.454803497722722
59.7255276149634
23.41848327158283
23.87663132821247
-28.405333031556637
46.464022064870505
50.03729129187437
-29.89759673602812
72.7530989520967
51.26634104699741
-29.33932683842299
11.456544209544916
1.3563353727369645
-39.5468518527115
-23.857029472104585
53.92098955854118
-4.190120996964879
89.98789990870313
-6.387442763600674
-10.335263348402833
79.97263346219086
-25.678033553617112
33.29273938652699
3.0500607925094414
-68.37784991688983
-22.01636477757907
46.97848225438855
8.26029495093512
13.493250836163085
-33.848726067602506
-19.819130322062293
28.894576947999383
-93.20414737543796
84.39126273825539
-59.99471259464957
44.68417186805695
-17.770412591851198
-0.6379709363338009
4.6497363028233
61.840668351743915
2.8830622770868075
19.894038018630084
24.856926191224233
-20.043851774320757
-75.06972753093339
-1.1679464057415316
-1.7960774977101437
17.45924180480384
-40.84777198235881
32.81478321478383
-1.0171049016331182
-12.576429532392268
-18.105615387860766
0.7885573726167223
42.05336552645494
-5.440119440360974
-7.603766999629656
29.963070787525098
45.91210416459742
-57.20647304852841
-41.233163868252056
-16.267223611179787
36.718614633081074
75.70467458318177
-31.57589121651627
-69.11407425976986
-33.715324206998034
-15.933273106096635
3.334453998731931
28.556573879129232
-11.434538969815407
76.10572560250804
16.238156010749805
34.874638268068765
73.17230391344688
-70.1673569382988
46.63729921643227
-56.58724900336689
-21.646631456498667
83.48795606474422
34.72310660339639
-31.15849768979163
58.39615193606275
-76.14492986297812
-32.48368285198573
23.43596450201231
-14.814584710660213
-0.6250303343479544
90.3576227184019
-7.310236397581349
-69.21460040605372
21.991907618102815
-5.550062624538967
-60.83487283962247
66.4257726056218
-58.33224036943221
41.8745247332927
-0.2850740091758155
-16.390114382020982
8.006731571253994
-7.855557653354921
-75.76322709139161
27.61439250782641
22.39933622044191
-4.359324958739165
0.7182892401690992
1.302869969584151
-21.768168980981244
-48.74916117866648
-4.98330643501194
-29.639764459142782
-26.917541082141582
3.6481909151804217
-46.37906727097139
-50.89422168184651
70.77697362139588
-58.16425948714527
9.338343771740526
9.230394702589393
-32.865891927077115
24.14837979456604
-15.360123558765721
-0.5364473061796815
-35.14877584396414
-57.106447044999804
52.53629747189606
-51.25758095988343
-62.97575962744167
-15.154248691042184
-31.32031994449146
-42.42043208502038
-5.886378827545656
6.184712739334074
-34.87442576780482
-24.450545726940092
-72.99650262630647
28.87112584855852
-87.87344614696511
-1.8614106366317458
-3.3040737558280284
64.67918506680411
-2.1876002299752173
29.944889792304735
16.07406874813273
-27.481645872870857
-28.206883708762234
-51.892807290601795
-57.58348901497716
25.874380658300595
-28.42531184851437
-67.12084621380276
61.55098373907123
58.0646010989326
5.4849355842628995
-75.2632842822214
-34.695148709469045
-22.4663558459971
79.78769294330431
-4.493584731972106
0.16744878420708176
17.501678660498868
41.27524154510263
-12.960454089310758
4.671928290004516
78.72692463043262
-4.3579751374763305
-15.496943458184944
-13.608803193327617
-57.638768854736696
24.60692788869261
50.60601766877062
88.90503814031428
1.634292924428891
22.635469527224856
-24.44610471751686
-31.542230725881055
-44.670842465993275
-11.125588246577905
-91.94815098497384
34.66553853831027
40.215299711526285
-37.987035486876
60.57631814966294
-50.09037817136639
-18.977500158920193
1.1041658807311734
75.22266898928851
55.8416982811805
-54.6887689882048
-54.55621040082934
14.631415907159678
-46.68018245975002
19.011136836281153
27.021160952234723
78.83778664875732
-35.6134025741603
-13.316972409510598
4.256847456222914
25.29957199561987
25.698582867788247
81.17051417635165
29.870791132232966
16.557392665441682
37.13373164013788
-23.12429504316657
78.13613341823424
14.999496042000729
17.253269434940492
23.948055278859883
72.84645005741515
35.7814153021082
-2.9498445249806338
-32.45901581679945
-78.27162891311329
-45.77549724111396
5.273083293868069
-32.709400610127815
78.77603843673492
54.90814563378689
-16.31924533711225
-78.71808858603056
62.35531520055929
52.869208705524045
2.0276496275972846
40.718891761071916
-87.19289923002594
-25.928278897062754
30.42802415842894
-38.309152069340406
6.661200756837971
51.76376665595262
4.657550963361999
-64.79744077747797
13.282363451029454
69.36368101206457
67.48134072452928
20.57292520203295
63.64725748552169
16.641068658264047
9.050733843523233
-46.038317835039095
0.2830061957360783
54.8728402723402
76.07753177411286
-10.696261095795876
-78.94331377592269
-42.90405295245546
79.7769059984478
46.20877258126484
-34.34134669477839
-39.75770539691285
-18.30220843709847
2.573845829540872
64.32868623047443
-18.51357452561591
-61.97671957719905
-1.6939478531041487
-4.328878780818599
67.57761615692255
10.518880768051588
18.796713733176674
-27.893546069074148
59.5479338158425
-7.448181162917663
-40.404359082118226
44.16453365317261
-88.39546445846685
3.823657329328313
-34.88611144311873
-7.993918931486249
61.51427981539496
24.634453018382786
-36.89598160062396
5.765991071191337
-0.17841031332035584
-1.9766226334125463
-49.09868705760763
23.457923055870822
46.507932122623316
35.62308014770446
-59.85923142161215
-34.45823760831421
79.80787696976998
16.46099279257055
-20.635901864740063
43.1810413645982
5.452598301862466
50.94374370036857
84.59644724896341
-4.351341492065174
-66.17232554463756
29.695485733701176
25.14732472990839
-3.8195820133381773
79.7251373337524
-30.123357584161468
0.977343095704228
-31.133409772685198
57.15026741490169
-31.45985113556229
39.31530849908336
81.63612197148453
-30.46945740836422
75.97021127053108
-36.368062483662335
21.726336747795585
26.715512576780327
-13.274048899873009
-74.07487001473089
-90.7954288913778
33.02758452841556
19.09266082956634
62.7032566104225
-44.19062276756465
-51.52554370247349
-70.07027244535863
80.93752957587847
66.85942614101486
-2.2516085541668645
80.7566257842833
79.57135674317249
4.924789510827779
-5.810761299168135
5.518657964927371
-32.62168808803692
14.565577574332465
67.54472548269814
49.48899732636389
-72.9256440611154
-84.88943387183093
-23.505679856951474
0.6751097264552044
-52.19935082379065
-5.396654603527807
32.374554881998165
-57.35424537558505
2.7263802560873103
-64.80620275048247
-3.4154340054160457
31.538713071737106
-41.33943435981693
10.726085633357386
1.5531250553836458
37.694651642658215
-9.804347715221809
-15.344077178233846
-13.63386165727222
0.1991026231895603
-31.365741472993875
-10.316689329617475
-24.50601783132646
3.549619478437748
-47.90478617334509
23.04949186922184
80.73169494036642
0.5670164702927991
1.2419823038629971
-16.872134168677263
46.37186353572295
19.07658334027417
-59.826486636905074
53.54049132211355
-56.759630299196075
9.378366121730267
-31.93346125700785
25.972171532465865
-71.81310922586428
8.961176626780173
-25.32813599871946
39.116141956412605
38.464180954369084
6.132307560250524
-21.975339021041634
79.60301811933095
55.65029297345447
34.10769524916668
-17.929608295666696
-17.738654589181564
67.88781799209872
-16.670577197671506
44.91623977324119
45.39341881983751
80.40284140860979
-13.618087261969109
-78.95332511032805
18.023729882303016
-57.10884196312622
-62.463356173069535
29.097479575675735
-18.177380249702523
-3.759271678467613
-7.785234608504339
-37.700802712460714
49.61196110951303
-21.04743368058479
63.39777388949449
-42.108068120341194
33.26780858127117
-16.392459216056267
45.771838385021084
-19.865626736286558
12.216616705298051
3.725949896069878
23.666365364557933
-30.228755518096932
77.33549545349962
20.79681062813873
29.639157847252648
57.149281821158866
0.0745740578069558
6.654676510629031
38.19161357421848
-58.20793573209743
3.609523488360466
64.26808396801462
-85.25202117776996
-7.468010302805766
72.42551237562722
-68.29123036010469
-37.67473481774554
-8.68885688455083
-83.45969784135418
-32.378412030256925
40.002021685283694
-51.159757993474365
-21.191696562377018
-5.470118536919941
16.79281233870752
19.712547098418028
-69.80495270747853
-64.59044201367716
-82.19919773897742
17.654596828131602
-35.04978986214603
-62.831255948586616
16.109753652509568
4.749907617339474
-15.028605933487711
-23.315822123439133
-10.39143310796669
-14.694249194159937
-51.9867829034976
-7.5827032760338255
37.89699315904588
6.633959446859961
52.69754363742808
17.65605637382383
-7.9697596941394835
-70.20003877340721
-94.59042469859956
-46.34669388848961
-49.29748376102793
-85.82460786625973
-17.777349573875327
51.5447966069093
37.62326387360892
10.21190832665593
-28.779077696204112
3.0405426220968366
-48.965306375763994
63.828246183491274
-58.81206002698576
-12.135449883900407
40.497337696897716
-41.017353126713786
-6.64042967346478
77.09621736957536
11.473814712909899
-0.031109930409627395
-5.064367601647376
-11.545851161440439
51.38803266465612
17.23418891449265
69.40071525260726
4.6990775988165865
-20.85631586243123
-16.392933511718837
-48.23434280115611
-17.41518576143136
-1.9612903858480308
46.54113227674364
3.207812729443262
-73.0537354154427
-18.163245823103722
-55.36080226086364
40.160562346720326
-8.671288347932972
-35.01229922227823
9.976248000799302
11.860336026709149
38.66891859076506
-46.565236736474006
-86.61752868529034
-3.1349376222488132
-30.936886382306767
-44.58813513520746
-60.07113033269043
42.156721682525074
-72.93090327494993
-3.257767882931091
25.468018281098253
-23.03574320242518
3.276389910273707
4.663631565117072
-6.06979916184639
-4.3614843555485265
-59.11529220193704
-52.35781879522389
-21.393354019981572
-1.0067648309216537
-39.41030006921258
19.89114383839963
-59.08724175029821
31.787483529809606
84.48419139421969
-4.0978634961113585
8.014024865001133
-0.9114702704268751
30.02800744085846
-12.52889749223894
-84.30420212888447
69.43140489039479
88.40421377281649
59.461806834055864
23.919381868916403
4.257947060912912
-11.86514388485584
77.75388716146534
-19.49772682688014
-91.61901031624573
-6.764724343638989
-10.959078676974656
-1.110758380461803
-16.247559021850492
-11.027280985348398
0.9503611012051607
69.8647213446279
-3.4044339956667358
29.57011520182165
50.07118253754746
58.00149352903071
-74.74240053279075
-22.549596310017634
-8.15155142555028
-45.82919172861004
29.501587699695918
1.8703413498482746
-55.94440351221537
12.764122412107596
-12.547926123839687
82.34543801445227
-41.87585824995078
-7.877959817984475
-0.006383667474167964
9.768229843528658
-24.245367322617213
-68.26793833852857
-59.35501440772759
15.460937906349074
-17.38985772054359
33.34437738169481
-16.343013790644164
-10.561774839114591
29.908018725984846
33.74273736883296
-5.349787397456154
-6.886819310929411
73.38702740020042
-44.0485114940169
47.505319341365066
-16.76864534043284
-10.696306524447706
17.213417718098327
15.755859517725327
86.73436187111528
-51.3093089125473
-30.69753611686157
-12.23949617749497
6.8218948116787885
-12.795059487652551
7.134917854087007
-33.245874267785524
-1.9526012161915531
-54.78125620322832
28.33437391718377
12.233734591422603
-1.3266494021865611
24.48970482241448
52.93901974895934
71.02189153467305
-20.237954214422615
34.0150732168328
37.77549008926647
31.59611630737291
88.61695660201042
-19.774166915932128
27.866401496810667
34.64063299207885
79.76257922299865
42.87778616168404
-1.6632338015253936
44.21028991175814
-10.017622771883296
14.928390365503475
31.604136927839818
-36.539225047901304
-63.72069352641002
8.68865744557857
-51.25985889120781
26.258329048819988
17.08832827177892
18.739081250084496
-4.343591608884836
-32.95650945056167
-0.8289565745005518
13.853591908010117
47.17806917386375
-18.767959759143594
72.68214517918108
-59.5861940481296
-29.15705924364751
-41.588405683830146
-3.0334069469436713
72.6481488485532
-41.90993381722282
19.983305536477033
-43.51605601351536
-15.58573525153669
-4.467913059609373
-75.52049526569802
-61.9753650096707
66.00264931730936
-3.2982252316308376
-37.27874464702484
-53.64925601068065
-13.240056244939268
-1.3159797251542642
-13.22214377481518
-72.9190289833381
-7.367661048309145
0.7555321661117631
43.353013040830604
-51.64370336947233
-15.251193003609615
-94.61670040550963
-9.86689789757726
-81.90072093589805
52.59633152839595
-39.80183708011637
73.78103670695765
-29.945759235260425
11.045156165206237
-62.53738810236249
-33.59738440916226
53.097838911008154
-28.30062068017267
20.040209824961394
-3.4652387422806044
-66.09895776187467
9.394316564722473
75.65967248185768
65.79332190063795
-70.22585493752955
24.175227689484814
-59.46688293487029
34.26802382221189
36.025453982372255
-1.2801433995074376
-2.884617011823437
-46.3417948510185
10.362789539817342
-12.009935135074741
26.120819432441508
-48.028551191405576
-19.114739841538608
-43.34497707905817
-26.339679890540566
0.03323213379842116
-10.548727838936372
5.914671377062874
-14.299148473944484
16.32676275840265
-31.98878379140568
4.110037924521606
-86.37652801472717
-53.59735259766583
-10.728740133856078
70.29999932485941
-78.93977852935227
52.173241817698624
54.686858867279824
58.092417091863695
6.898666548177829
-74.64384577359928
48.06352468363809
-79.52934807256173
-5.363232476075012
-18.131856313607386
-14.656984437708275
50.00588151718557
-8.5166411525678
-37.78438502971771
-53.02695778309117
-7.283644142727866
-19.892008979613507
-6.289099417219745
36.86071509126364
-2.331151377274537
53.15149372072284
-10.494492257288755
-72.88832103909802
49.27574833692145
16.9867663605105
-18.090509266761188
0.4013492166837551
47.95748060541803
18.68593956427334
60.818306085638255
0.12326217759768099
16.218661475587794
-31.16888266459057
-24.998393934854775
-18.799334367585942
3.7181953123444487
-16.56799451171638
74.41831610403202
-12.37286082939336
31.16924642446247
-12.835524464533506
-66.29435940356804
70.66917749513578
-66.68108034646724
35.157412833321644
-44.333363168702014
3.6157593457740376
-13.943588316840248
-72.21560965456712
13.767362326032966
-8.908691654364006
-49.25493763219193
59.67547698345817
10.379962256599171
59.64779117566732
22.878588264455942
-50.46402091575303
-53.00198017206556
-37.80902269249132
-60.14089965376089
35.64637256938755
22.305860997138566
-17.512358171039864
-24.238535068731537
45.19978104469513
-11.754278424156894
-69.27344599793696
6.268366620277462
-72.85484849182095
-18.672051145545794
14.216625063750897
-34.2242847168537
7.662402003762779
19.542936387346543
-45.45908365656991
-54.29412060825414
11.499504746017834
-0.2651113739015898
-11.458931573751741
-2.71532418739784
-2.609979794600079
30.26091458222649
-34.6160826300364
-28.65747200586287
7.692702116964327
25.741372438095823
25.054357665778625
14.2711261776183
-79.16126898097684
0.1838263006598595
42.850447900279676
-41.121104263339795
-14.730475248668753
10.30707377955224
-36.23818829673461
85.20500557398472
-3.3373929684175607
-15.377247524512754
-28.09931721754971
3.645535682691417
-18.5739639512922
-57.58480096613654
74.3313546359683
-23.544142777325575
-28.701020576062277
-11.49912095861066
71.848617995253
-3.4532531639135726
-35.61022735854476
49.776943446715904
-36.4370427558594
-13.813190530665125
-32.511952175348824
39.344131807755474
-0.9948505784732475
32.56147738685962
-0.8385016508307928
6.61213564226378
78.65725409860926
-29.102046805534258
67.8836470254509
57.68671916840742
10.072527668050782
-23.923371949717776
-20.141600671275967
33.07849636563495
-11.89270871624197
-67.93511993493334
-19.64568653524512
90.13365913076092
-17.007348343400608
30.742531528263754
-58.55009281894475
26.9962711518983
34.29603324775104
36.43857270053189
-12.425364432656892
56.40756592632289
-3.9738308074027344
-6.152469849315963
-31.933062918742166
-5.410238594892064
-25.539408229296882
-13.84716135103207
-7.909023036755187
0.022279828312662175
45.773869494347906
-65.08670972575679
15.37289570518189
34.07025049624855
76.33123884110267
11.142286408064109
-65.0021666671531
61.20182777773692
29.861046287467687
-10.430707516931705
18.682954868121215
3.1672828379164315
2.852893730695115
-57.20295965090327
-90.16812732035868
-80.5252820509556
-22.686281986807657
15.676709855589067
-15.312763208182602
-72.14199163269927
-0.4241120014672646
-47.35840280944022
-89.83604651789697
25.70951961803172
0.6841187878977877
-31.32182133723731
33.54279178892216
39.86015748576264
-58.69069543108062
24.90765042903378
-12.746560685876744
-26.40145432790652
-35.38900927220926
-36.7813223889752
-26.831702349709047
44.27685520775128
60.289380433464856
-78.79186688083381
-11.413565264725108
-0.6096928593409103
-2.1561825146468863
-12.125043212095136
-41.66056229138504
-58.365660200215835
46.586734676150684
45.19242464734941
-0.4917747530039662
15.214642923497834
20.795733079652223
12.306447225584051
70.84088345913545
19.12664538626902
-12.259715413742839
33.20846525553648
86.98477392612472
-52.6163726023543
18.594248861421434
-76.4671838414899
13.94842747881043
49.49575838652464
-3.8007493112893087
-38.11557028785452
-14.806939915351492
51.928904594521384
-6.431381613559026
-24.445655372094095
35.04592076874155
13.173784734799057
-68.51935771147795
-21.397292462605805
-5.367000418229566
25.35900803513512
26.13459312246158
-3.473505829178677
51.05167059711846
41.082253400517885
-29.907885352552285
0.2073844302725263
-31.638347912719183
-13.906976799570273
-1.551440573172826
-25.34421576264299
-13.20749125813299
-4.9532537361992865
-77.4482185529586
61.445673468855375
1.4844067823046316
23.137486070094454
16.280908693911414
-18.11872643619951
-0.20253779112974257
16.64223711517755
10.572574747373665
-33.89440939094048
41.132499016123916
18.24047268571661
-71.33258285187375
-42.25237461085297
-12.060218465498167
46.92936213548586
-20.51209183985823
48.67863255325605
33.04746781384449
61.61181112795501
48.33144074650798
69.45176318351841
-70.18033783988014
30.314993972314056
12.846926221002064
-13.152614794737588
-43.16631742291808
63.86584206204515
-4.20603941062366
20.810916879939754
-52.97718755120522
-7.421852671268695
4.756907667867296
79.35129036162613
-59.04131651681172
-10.525133138675145
-18.451048079369542
-15.78275508261784
-62.69354328957451
14.17770305394815
-5.864388949973758
-45.60808238825087
-43.25619610732308
59.24243622745371
67.7461655222935
-18.26369984553159
83.48031277830646
-59.77103150384191
43.87638160611405
82.86424788427846
-58.40392520148934
82.71214002672579
43.0658268560351
9.290324946200457
-17.51684186946315
-22.32145265904562
-62.84641383940383
59.58033848781267
-15.65908963386461
-53.82215975181391
11.185511117335878
4.770130412361482
-2.5145168095222203
-18.065927079653264
-49.84037521323691
-27.623242955321345
77.92537023234041
30.98476439624656
18.182270467723285
