27.92661996677093
-35.19374942032005
-56.54115833064054
-56.13247923115206
-40.731898949982345
-29.890255195291516
-43.70565250341381
17.667253777903852
-48.003754336976364
28.27968665232366
15.790627174705548
-29.042569214418165
-5.985914630262826
-14.866180731599016
43.58307973018057
26.475621171942336
26.759869776003328
-29.75248924041321
48.60112833373282
49.29540739324625
-30.83839536765906
74.51589223137057
51.069337559874924
-32.40566598986402
12.509597506189806
1.1033812072176374
-40.972596502728905
-29.069405933113316
58.22520695251444
-5.986889921711963
86.97506914916252
-8.225593539689953
-13.389165123276129
79.0100408407144
-29.361206234975967
36.386285480992086
3.164218908685257
-69.24362986864983
-26.134542791508565
51.28272768981577
8.784750660299252
14.935968694651237
-35.12034811797445
-24.916593500150938
30.19907688760611
-83.59253777661107
76.01258177089747
-59.48603704145226
46.124372861792466
-14.636022461906848
-1.5107598674517249
4.442671099024295
64.74808902301996
2.432699860483879
10.533764972591086
15.70046990403604
-20.496928807436547
-73.0539669555672
-1.2914668252906125
-1.1267819808384303
19.491060302835734
-31.561837089623012
36.636728238921904
-0.6681373432387403
-15.627313831797053
-14.452769150979236
-0.00479963164258379
40.03706233442679
-6.878573942058125
-10.129320970038606
33.35396300567061
44.97953138020392
-50.37122512528435
-44.94017124831673
-20.282436589041524
29.007159231140378
74.58006439270952
-36.325019464895306
-55.68290412722139
-38.90274011386166
-14.823625833162495
3.5991061025808477
31.646402901937222
-14.636111027525956
77.39008608241329
9.354487698585771
37.8273623542087
64.8855950886321
-54.45105721171054
30.581658219181747
-51.83043400142958
-26.868834057456098
82.7559372397707
38.37269524474959
-34.63158171955969
62.886807605481664
-63.430372062306006
-29.702510854887507
24.887735589470623
-16.445847901218357
-1.5392977501742138
87.14347765788588
-9.262677879004272
-64.4849587066661
23.93092975303135
-7.629864731671319
-63.598997944163635
68.03199283911837
-60.69472311784385
43.64658786958128
-1.111692866278588
-19.382832922001725
8.491171939884211
-9.56873331405022
-71.95900151049159
31.09831466293366
24.424919374467024
-3.435563759065971
0.33654960018780855
0.6622191003872615
-27.21238597705606
-49.22321186443507
-4.506560950253501
-30.472131951482368
-28.528714954065634
4.092825176564716
-51.831655682952466
-51.85487134545811
62.178359005741584
-54.315017661299606
10.364401042088929
9.93916798345819
-29.12520822811578
24.664501874389032
-17.065337596876702
-0.6890939724438567
-25.65909930466117
-58.22826205546295
57.12545915947882
-48.83130614133116
-48.3642220676184
-19.22798477584402
-36.33468430912029
-46.13127949605314
-7.96442689106668
6.33633308553793
-40.405257331991265
-27.440155127816993
-69.71985288141104
32.44264047113927
-81.73477736147599
-2.426914984462087
-4.813749444071561
68.85416686295855
-3.6010949752127743
33.61983375440312
17.786316611451554
-29.931907420733992
-28.433567643637446
-48.23395955258379
-49.033590185613136
21.398936676374618
-34.50256194723415
-59.135882295748914
65.6705421198782
58.46391730100743
6.4783797633092775
-62.5603257142138
-39.683008560826764
-27.845539161182003
76.3712080144615
-6.231509785930797
-0.4010899621219295
19.500866264632663
45.815184559155796
-10.686962566876161
5.295197745832709
78.6505561220313
-6.161296815354547
-12.78076488045214
-17.168638593907588
-58.7354160034524
27.7200315708657
43.95951262904998
88.634872916798
1.785386720869326
25.345797779357852
-28.536291546746583
-34.265800273147676
-41.787070645643496
-14.134487681695049
-83.89451902097592
35.77459005799278
44.1516377951871
-44.411269776923895
62.445723348424906
-45.951962728993934
-15.066432925200502
0.49697565728530435
70.53311724103895
59.96712856809077
-49.223787150305284
-54.568335208271314
15.560570093851794
-47.87461374954627
19.694763419846566
30.202733799612474
76.05958162374537
-41.52172996090827
-11.401815708415683
1.873281224817461
28.016889168781248
25.150584032689636
81.30156202365143
33.361276101074054
18.358456906701505
41.036493644074994
-29.035921420493096
77.28872029444159
4.7311132890764895
14.01225108769708
26.99980388912904
64.2177051912534
31.107353134753396
-3.800159168837297
-37.99242189589284
-73.29523564932671
-36.44231231390694
5.981776703743421
-28.660565879692882
70.85583109291386
39.734422766390026
-20.474096749244012
-74.52732228188066
63.539164975059975
49.111521623634985
2.557354196823198
35.74118532330459
-76.32441058048303
-30.904557571959415
34.21070038445703
-39.32153489605654
6.934174025938233
52.75286867736705
4.596573927512964
-64.59312875232555
14.656316933772686
72.64166994013195
67.71226127368004
22.37012567041117
61.822055996531304
18.709725111015317
9.895765657199945
-51.29082271888817
-0.6235232417757715
59.049996264492705
74.28994072431362
-12.992121020165783
-76.52098252208181
-48.74679344543656
80.17325845389345
50.51588907636764
-27.868844396010175
-41.16796763322236
-23.04893588202549
0.9929857509060156
57.790142113021034
-23.370291501983772
-58.749658904506965
-2.5142913760090977
-5.483275587920147
71.47987741057563
2.188651075838692
20.532063367547835
-26.386353154694817
63.96014984980721
-9.542061806335653
-33.89550059155292
45.23829629223545
-80.71010005765856
4.220859175781939
-41.094099736646584
-10.57589148867659
61.92477413400812
27.68323139307165
-32.57746781076476
6.207761996071653
-0.9841353018942129
-2.9121362345970425
-53.525225953376705
23.566073787706273
50.986768194766086
39.700336446901616
-62.91986106932959
-40.38847884449016
70.74373169714897
13.70463956129558
-25.182797379211337
44.10959986707988
5.572032241036894
52.51211660011589
75.81400686352299
-4.660595442648514
-67.32569820370944
33.00444951973114
26.549224985596
-3.5154874629076147
81.19170795657374
-32.08914873663872
0.21328558164555034
-36.397679569444996
61.35840415010168
-34.08584511255007
43.03435095920676
82.01273943509133
-29.839499399800744
74.2808215669582
-35.55877289056756
24.48170601975262
22.349051176961666
-12.100615727576667
-72.1306576380717
-83.06388721606983
34.337255595564756
21.541712896333863
65.9131419689241
-37.65747667265377
-53.95807025309903
-70.2715779595018
76.50943599593899
61.958910786895956
-3.5102124724142385
80.91835268099757
80.6616535727853
1.5262626566294273
-7.929299402828363
2.3758082786684582
-28.49526558641739
5.397476221021051
62.334204844018984
52.155548914175625
-58.096493806595994
-79.22517797990187
-19.876592287249437
0.642325258339639
-51.842035864075925
-7.3937511245336935
36.18640182132452
-52.09947601905571
3.354609204308815
-57.90938052095323
-4.948903211286847
35.06009001202071
-34.13849551857306
12.110073813883517
2.0779237876541146
42.05662092548437
-12.811309250825602
-19.730404662400872
-11.724454194383952
-0.4138959946598533
-34.06654448760153
-13.365129695390479
-29.264950608957236
3.52098588266351
-52.688873317260914
15.40901141874052
80.63710301782851
0.4201940879378583
0.7515343014226517
-14.70593554093557
36.53611064647362
10.059578728421911
-50.24054515315119
49.664487566466704
-56.59590875849197
10.116882077853049
-35.707230651952344
29.277115085789617
-69.64175596932495
9.8005624540953
-29.44326933620863
40.52911377287779
42.31439775337262
6.326792699520681
-26.297323508113166
81.58525138551866
37.93141705376419
37.60183451779261
-20.11923790271169
-19.4148923702804
64.2175341022766
-21.201952180073434
48.97040241805624
49.97072870252762
74.95653789022847
-17.266803939014352
-67.30018932441857
20.23275634771325
-60.69715539911688
-62.93110582679526
32.689848204797045
-18.552013964962867
-3.405832505942314
-10.054736752375845
-34.86201610624552
40.39211882506504
-23.77717422843122
58.36666258750708
-43.26099831130397
36.81661751588351
-18.21029737678046
49.97662963967451
-16.414493240444045
13.269539225858523
3.4306981364647555
26.686471782825876
-23.045999581013803
79.93522163749088
23.077357986148854
32.550227283998225
59.401877091829704
-0.28508286192243304
7.255476417942532
40.507142953935244
-57.7615967826314
4.1653811626833885
68.45234830751039
-79.47608357525388
-9.861577540822068
69.42294435770557
-68.98350519122363
-43.65849823001097
-11.209436016282496
-72.45106851995985
-38.130347459812725
37.26256677374394
-52.42493063384651
-23.300685901929313
-7.504216857608611
14.421469929715855
21.88745387989698
-62.877228572039
-60.51417243555044
-75.74484065756954
19.99187854577886
-31.187704675388403
-62.02775547988866
17.77368826840018
2.9283302500288784
-19.04485269535016
-24.413458245268302
-9.164064560187683
-18.633033934292726
-51.76835098904724
-8.73154384281169
24.128095554177378
7.51391958462068
57.482168420284495
11.893954138330798
-6.757127029193384
-65.83512889165554
-83.45394541050717
-49.99267733029092
-41.34344657029765
-76.7885023568803
-18.10982405867898
49.2848927143709
36.49790984555321
11.196735466682782
-32.811841260091114
3.5002385121941444
-46.37386326821354
67.69627161545097
-51.848487381891005
-12.480165870344706
44.83944649646239
-46.49631898384108
-8.771547302042705
78.60167663636219
12.681229211013758
-0.27497125586431537
-4.146418378903604
-13.077254875881962
52.53345874536984
18.447367716973673
72.26974794090148
5.443404874965765
-26.262229951200297
-20.819283956545277
-52.00875084577585
-21.386082568074173
-3.058189205151919
39.229078461601716
2.058420777337645
-71.68811010549672
-23.203849446432486
-43.873880187858916
44.55140978469541
-11.379281423105894
-40.29376918952603
10.896073142339475
7.319883540933688
38.41929050311393
-52.21371040505468
-80.61560772951603
-2.984836259093285
-23.45424761809319
-47.20336074936173
-62.30954873913196
46.70429388468685
-61.57643862085134
-4.506429634168342
28.718923871427847
-24.83404901178389
3.009598323151053
4.544550670389839
-5.848573110411152
-5.2782986216386405
-46.78975965686783
-45.31251323721239
-25.538857907302145
-1.9146279160669337
-45.885330469510144
20.36049925638042
-48.403323964454934
35.66483471786833
84.9026752286853
-5.361366380759691
8.508468679721275
-2.012466232504437
31.834826509247904
-16.188012797036478
-79.77021121514201
59.07335620328686
84.84271052348424
42.001599981162116
26.873727784793445
4.059978919091094
-15.112899755865783
72.37328280891776
-24.467597161929618
-82.4188733364278
-5.947400309340594
-14.246863225981443
-0.9224295164010954
-19.357298033330324
-13.81143864289362
1.076834599298465
72.44255604765408
-4.656605178090146
33.18571912615843
54.07418111661647
51.7414244085694
-71.42943507949172
-26.856871172571914
-6.8081424406323094
-43.55568917775279
33.174324294609846
1.2995139984778348
-57.465821894982625
14.045536888512359
-15.751389290960446
82.88238929032093
-47.63594093711979
-10.451930451614516
-0.9105743179354988
10.596859094432759
-30.107818928041837
-64.37521502482375
-59.8682537540815
16.89080063851948
-22.249714239645314
18.516754741393868
-16.354397129332057
-11.83696663711197
25.717984553908337
37.186331851140125
-7.082030594876613
-9.241163929591181
74.08797075565568
-44.06720327020404
30.541387352142067
-19.348604865634172
-13.367759893484518
17.89490596309186
16.53546083575587
85.33684360989906
-41.772325976040584
-31.119511919407785
-15.834688085701444
7.928008133592783
-13.013802634323454
8.276760554197608
-39.33126314086531
-3.064806382653458
-57.81889729058388
30.017266859245822
10.79584029677008
-1.866295698661375
26.139132863788603
49.2239142763905
74.51004263650063
-23.819666678103744
38.01751199717518
41.88855214131817
33.35629698533006
87.59618961817819
-23.05309011432871
28.789974991097495
26.563792968054557
73.66266746018403
45.88122218556995
-1.408456765628486
32.33047659407055
-12.41419475547707
16.838285575020805
35.387706220632225
-32.768729827214756
-62.93932720191678
9.724748124523515
-45.354591169855965
29.636418043772665
18.970950556093314
20.694127937527014
-5.327324011669106
-38.20925904988068
-1.4857855904267296
15.286014772462707
50.33431195762242
-19.003252882116342
70.52482696951046
-57.42723492207222
-29.590609453412384
-44.53490116774233
-4.600422569664232
75.58223638298062
-47.48672291291984
15.109872469104133
-47.49353803025497
-20.010663805460254
-5.516564822784844
-66.48509664296492
-58.562332324267366
69.99347965745446
-4.438836121591777
-43.74832834794966
-53.612795357928576
-11.38428426944165
-1.9860005649326666
-10.864568422650393
-72.3599110282803
-9.676096418223622
0.4566512641377898
45.127928157285965
-50.7446760204895
-17.279403916379877
-82.90619782447956
-9.245450478877686
-69.94839700620449
57.31473771797636
-44.01907145978384
76.69361049346412
-25.61325839928145
12.212009915860975
-64.37638319135681
-38.81951831520543
56.20710561640135
-30.896493182518995
22.376835141439386
-4.8294981789721305
-55.20785188335077
10.425885595036632
76.32838141717068
68.26899447538324
-69.86106500967156
14.972413858323563
-55.80834043749407
38.11461393573791
39.63894316280408
-2.067022286387072
-4.0349678398687985
-44.06575756649181
11.362776669153376
-11.232615601695258
29.287158755048623
-35.19551701276443
-17.323242593655593
-43.12841819999306
-27.261981348067934
-0.18497038199730298
-13.709008595966466
6.312954284637556
-18.46136628512309
17.929996659172005
-38.256552380804074
3.919479899468456
-80.15225813747912
-52.96211788804753
-13.929300919921602
68.98170070609774
-70.24186568130672
54.692484710401146
53.559331582837814
60.53090322016925
7.176057183841564
-71.04328930047323
51.01088937732018
-67.11030745393793
-7.384648570559648
-17.10142737342838
-18.821064367877597
53.420367072870306
-7.099432536167541
-37.30096954739848
-53.78228242713289
-8.023639203608937
-24.71320777476086
-8.216948876170818
31.469583409628484
-2.9893472402215195
57.906138601384924
-13.60961851277986
-57.00316429085377
53.595849424738645
19.2617914858033
-17.348033115914873
-0.4285803937128918
52.5420057284756
14.480922499436446
60.82810188099586
-0.11102810390273987
18.360410689980284
-24.0214705422801
-27.15002706636092
-23.891925535380935
3.9092673266919604
-21.280633335539235
70.9155483119267
-12.46808627893563
35.026582290628966
-11.565718381627718
-66.57267230087757
60.92095875745383
-57.0378476068216
39.227524625539615
-50.047978655987315
3.4920261119896736
-17.564932680363242
-61.84437968223415
15.08423970800898
-11.659263159785382
-47.55217362028236
50.36040008899042
10.357446044334509
57.02874655053981
24.98154338810683
-40.96405152159098
-54.37634688932159
-43.51311597732209
-59.905278636407544
39.861125184164734
24.960955042398353
-22.256136871186683
-28.756547492740438
49.763512501376425
-10.961485043518138
-69.53241358969962
7.068041806187551
-65.40961215638632
-23.456386792947455
15.711522403998629
-39.74358568129985
8.073587758501233
20.386030962265338
-46.044651507985776
-56.58014974732502
10.836437261653828
0.284415692572054
-14.119468447639306
-2.5632276532396787
-3.473883732446893
28.84082832017222
-29.66580931402987
-21.302552337398495
8.470481184813465
29.009497806436855
26.987543554358822
5.431208035672938
-69.64135809316903
-0.4026656127986854
43.20788670071332
-31.368030664384065
-18.691314451866077
11.236651768389422
-41.97095368225318
84.74249680364122
-4.970357178502738
-19.50917339825854
-34.46365415702803
3.377260655387772
-23.643430957808476
-46.244574633584115
77.45522975369991
-28.627366580264123
-33.2982617717153
-9.518416737848511
71.8983221938212
-4.204154129026577
-38.86137037851447
53.94318814186914
-40.95228212100011
-12.761329636272762
-37.18143074457832
41.64379884387435
-1.552952729322513
27.713804891279565
-0.607832026488822
6.886704366586699
65.71358348635434
-32.6082980102598
70.19321249355673
48.1706356249577
10.913943093439201
-29.442309696047303
-16.977932183174133
30.32995203000138
-10.326118352966589
-53.19159780461965
-23.537480004330718
85.12160053232427
-21.71506015785232
33.01612290417353
-56.1421783951851
29.915439469493975
38.41499967816526
39.50010814057157
-14.694519981014025
59.125519073604806
-5.741057028247013
-7.7898753550398965
-36.346682699383955
-7.242322511776564
-31.51183749270693
-17.751614900921496
-10.297116267521957
0.6674354284095756
46.44594866036638
-63.9162384034423
16.46773679211212
36.27488460071754
71.752461662576
12.147931997452474
-61.026272640417076
64.52289029153937
33.57810956806654
-13.422702847173511
20.603555059202648
3.084721619427256
2.5579248061425517
-46.07396972880126
-79.40957505714539
-69.96137338861186
-17.492988102895538
17.725179439687068
-15.517587756073354
-69.5400130979522
-0.8821399404386341
-44.086682718155906
-76.27166170355439
28.829429808311147
1.0008694454419356
-27.815335998339222
36.9380279842031
44.229135870620865
-59.43418683790268
27.668943310340154
-10.81561004386485
-32.27689217567463
-29.392106519555128
-41.51276850491879
-32.54277262621157
29.456915334008556
49.499688809070676
-69.99429664331764
-14.690072590733521
-1.2341216037756624
-2.551103109693713
-15.704769733039925
-47.93912905891736
-59.952256340549226
50.95082675165142
37.4849692683795
-0.191387964973174
17.125927615654533
23.499903261039606
13.036463231720305
73.43698366563308
21.468835128543603
-15.529714991779073
37.097063620112664
78.65525257073426
-57.04300660703658
10.041304374044799
-60.4748111609813
15.939819884920482
51.575022791849165
-4.902318968578271
-43.65209286013133
-18.438009261836655
52.811714714793254
-5.990569554464315
-21.262088729297716
37.76306361876604
14.456382031941374
-66.97214685995343
-26.960042005449452
-6.760523029906196
28.49253673836104
29.416454883468646
-5.081601244187112
45.761828380725575
33.761891402125315
-28.976415736156127
0.007752936019883805
-27.74554720064549
-14.369526979965016
-1.8865766072084398
-30.57265675613567
-15.977379329161991
-6.905803238199752
-70.3049310059443
56.044465880749385
0.7744736991704997
25.980424655148425
18.007611680396252
-14.938225543877763
-1.1247065633845637
17.804436183055117
11.624435685445988
-25.22969805154571
31.444969612936916
16.007997594133172
-68.89693287722524
-48.3365416878301
-11.591414303581516
33.051380734336476
-25.161313425095997
49.70381483254343
36.78897319808411
59.16099304663905
48.6308706427678
69.83281919727108
-70.74086686626389
26.501068449700966
14.659750746402963
-16.507673383504553
-48.63405869199116
67.61782255913283
-5.990957992001185
17.067842943088934
-51.57260490687399
-9.820204283544768
5.392937273591258
75.36765228997288
-61.14191235643524
-13.00240287850309
-21.87812986422051
-19.73603245550956
-58.91553516401617
16.112172152135145
-7.348894100139773
-51.00270955570657
-48.16921107288501
62.44070222455693
53.555031583012436
-22.955009473301075
74.46149023875347
-61.101156900664584
47.904842517996514
81.53743390934966
-44.77919276612077
74.20239759319645
42.07446584248305
4.302779562249668
-19.48363143259691
-18.292245015661862
-62.618596489290645
56.37248303776903
-13.006218507282767
-42.65277364461936
12.269164420421461
4.6896156637363475
-3.9933796170898717
-22.467037400269078
-36.833943359191174
-24.990474682183645
76.31289811761954
34.52720130470203
19.95431724246731
