27.91005928266108
-35.19672143043037
-56.546339452660845
-56.13611529218229
-40.73337948656552
-29.885892129151856
-43.714177107634804
17.659341393013534
-48.01383648455287
28.271636006827947
15.790708968765657
-29.019145448914742
-5.975907447969277
-14.844282948275335
43.58638609634491
26.457722438823453
26.751640048981272
-29.761342259505696
48.600748073040194
49.29738634305298
-30.847681352539226
74.50156927058188
51.07056498310354
-32.41186136781265
12.506859958804185
1.1128087980977597
-40.98349473048445
-29.05608581052158
58.20682599066791
-5.98152804157894
86.961531531214
-8.202059557089541
-13.362838889679608
78.99857019000603
-29.36362208506206
36.38499600173316
3.1639745707857116
-69.24057790046024
-26.131687272550238
51.267656433580186
8.783306849196691
14.93098300556052
-35.13050940582689
-24.89563827592059
30.20395367122302
-83.5987004909924
76.00478467015756
-59.497269422015265
46.12601788018847
-14.629153935158683
-1.5009768400070413
4.450117138986116
64.73629184426056
2.4339042840440754
10.551291658067242
15.714420359373094
-20.50293534864042
-73.05689118837614
-1.2922191164972219
-1.1209551808446463
19.484567899653925
-31.555323227017496
36.62400675910723
-0.66039635836988
-15.623597593167375
-14.439229233600159
-0.000012185485985583
40.04151831187875
-6.854607501575714
-10.11728641264041
33.3473613419454
44.98278726230029
-50.38095711019085
-44.94432869328848
-20.27230471743161
29.01459580341718
74.57121682025107
-36.32252036947982
-55.68820985462156
-38.89710673271921
-14.824935243234151
3.6051808361560234
31.643188936226835
-14.626807435872891
77.37525603883435
9.369942162447842
37.827013033635296
64.88165233782289
-54.45331044439571
30.591711070013872
-51.842647067536426
-26.850933619897106
82.7420325923955
38.36609430084292
-34.63663005561529
62.862045965286
-63.4400039509506
-29.707575392143724
24.89240017445212
-16.45043145578721
-1.5392386832533447
87.13001690828719
-9.262299801907503
-64.49849309032861
23.9338138080371
-7.6226936892310135
-63.59443687750641
68.02255643634169
-60.69604198924406
43.648516975703046
-1.102699415036625
-19.383772701781552
8.489740812169188
-9.570098067829079
-71.9679040475624
31.07897142308252
24.427494250153487
-3.4297671333974478
0.3468713449602774
0.6675478420600598
-27.19055605878866
-49.23536843219724
-4.50604515861896
-30.481330130163073
-28.53705544583812
4.100598879093653
-51.820794882899946
-51.86595414961516
62.175249949497214
-54.32835828237637
10.362655209647542
9.937805221715564
-29.128171243921088
24.67039188421832
-17.07002991759451
-0.6898441673430966
-25.644072319417575
-58.23642065578707
57.10255603291296
-48.844150892464036
-48.36364232919104
-19.21260397084785
-36.329863984472496
-46.13516058374176
-7.949535326534587
6.335817356530839
-40.39661911326908
-27.445190810647347
-69.72971036058799
32.42587436888283
-81.73603685644555
-2.4093372055597655
-4.811819425787689
68.82913537665027
-3.5964725493291496
33.602829375561015
17.785547623505025
-29.93930001745916
-28.441996512460747
-48.245903974527735
-49.04070885141782
21.407373251978143
-34.483303875066184
-59.14785037658665
65.64885168545803
58.46179894189552
6.484233141404189
-62.56962629723609
-39.67927648318768
-27.82683167245216
76.36296372566889
-6.217598834723518
-0.4018553223689594
19.495909536280664
45.78924200610737
-10.67868357976387
5.298623162263226
78.63797296763951
-6.150403551674074
-12.773469560809275
-17.159359024293664
-58.74333140400916
27.704741869408423
43.96247230903742
88.61694161472269
1.796908452742656
25.338724833533675
-28.53546989539987
-34.273444658607445
-41.797453580669924
-14.128235277701847
-83.89704787905083
35.77904552214625
44.14268904086927
-44.393141482381516
62.4391226068532
-45.962682846998376
-15.052761481893697
0.49672308350906746
70.52761116255942
59.949862186659544
-49.23446134221351
-54.580338068153296
15.565243156373839
-47.88589200629387
19.70039233379289
30.19536859196799
76.05119642027614
-41.509284981428266
-11.39808112467783
1.8869833602261963
28.015441397605883
25.157034325045245
81.2869961229863
33.35211588930923
18.35666258211569
41.02715133211541
-29.008706893904275
77.2780712148697
4.754982698242259
14.021724312638952
26.984122508456437
64.2139103694312
31.113643202268577
-3.8014848561768844
-37.98302186488226
-73.30494680646522
-36.44004259805893
5.986913434696788
-28.662630618631354
70.84991799239214
39.73935703687019
-20.46144140962336
-74.53434654257428
63.53339724904197
49.11349281408792
2.5699035022281578
35.74642510764957
-76.33655345079046
-30.896722197978477
34.18767237932835
-39.33263281050413
6.933187866442793
52.752622864503365
4.603557526105874
-64.6003744327994
14.652066694080844
72.62161034631896
67.70562805948887
22.373228028130285
61.81970900198817
18.700509454443278
9.896632178373437
-51.28209180568945
-0.6186965799877555
59.03275720176674
74.2818136344203
-12.992688214050276
-76.51936253929995
-48.73406579714604
80.15883204757873
50.50093666595987
-27.86498362596481
-41.17890204473328
-23.03027370710292
1.0056081984730838
57.788926913653654
-23.349831931465758
-58.76340071387774
-2.499753726627304
-5.4845427760213425
71.45567928673745
2.212369398614257
20.534735911193465
-26.39200863543776
63.93586454792299
-9.516162986694837
-33.89629204187391
45.24061100333293
-80.71662056504724
4.227922157000421
-41.07800484761058
-10.559270167234672
61.920986611067434
27.6714255215319
-32.581385944862106
6.210428350709307
-0.9752808051411819
-2.8977640621321257
-53.52125093304111
23.572278800228815
50.96821626891307
39.68473304119547
-62.91444829012467
-40.375493765500934
70.73764107107542
13.713750684724019
-25.173553668115133
44.11236654064177
5.573212578826173
52.51120891599865
75.80622187575679
-4.662104043622364
-67.32435576721439
32.9990398799751
26.55404984375282
-3.5153900709998567
81.17381536363496
-32.097944093616036
0.2142012534460065
-36.390432934591246
61.339095887078685
-34.093717795686906
43.02799549238989
81.99723011977818
-29.847712613233284
74.27262554630676
-35.56881671090059
24.468439600287738
22.35721236982495
-12.100482061146081
-72.13468701036226
-83.0670580805944
34.34171786167329
21.5296384441271
65.89885191511163
-37.66073734618856
-53.96432958575928
-70.27003787800717
76.50142852697775
61.95659511123765
-3.49922818977511
80.90395663838345
80.64522357477225
1.5422294415268425
-7.916935271927969
2.390601990021324
-28.497067271354567
5.41910801734673
62.33171610149961
52.15225002269017
-58.101728795704794
-79.22940585732579
-19.873460536288306
0.6554916360363023
-51.85483390084504
-7.380472842128057
36.17286907704451
-52.11138231200221
3.3657430064752845
-57.92178927305781
-4.946883127737834
35.05298024669514
-34.138197807102515
12.106820383308786
2.0917831617638143
42.028974793626844
-12.79197235307457
-19.704330129625347
-11.705131966216854
-0.40410603310161264
-34.07421567731278
-13.33881577800355
-29.258114238853565
3.5259022182451503
-52.682928379895436
15.421785609972446
80.62336422015184
0.4328893287629114
0.759057428304132
-14.703795606328185
36.54139740239228
10.077061464955193
-50.24708329896523
49.66628167714285
-56.60763369520089
10.115584488646121
-35.711042727086735
29.258971250260032
-69.6493977966077
9.801500460087809
-29.44278829706944
40.53233172030485
42.30635879635071
6.326967152680837
-26.29248366304043
81.56528716339392
37.93801662979445
37.5970060089507
-20.124073394923414
-19.420432603197227
64.21447060818724
-21.181244127404923
48.959538438853826
49.94908591125392
74.94930123847507
-17.255592075504765
-67.31182197032425
20.223357851068883
-60.69139611888956
-62.937787095072885
32.67312656599992
-18.557330826611505
-3.3954352765734512
-10.051942967419095
-34.869512363301965
40.39602986380831
-23.781792610103835
58.36555203286696
-43.27238570971997
36.81061773060679
-18.21521436675691
49.96345687846653
-16.408482349555854
13.272934590816675
3.431373667834208
26.67089781189975
-23.034235116269258
79.91365500289027
23.076191335121692
32.54950149589874
59.39604028937438
-0.2724764948116558
7.257059899680428
40.508778735700076
-57.77338072226686
4.16961131389489
68.42753788411011
-79.48020857875848
-9.855640982154938
69.41767669998018
-68.98177577587384
-43.645443425448086
-11.183164113334286
-72.46365520583055
-38.11853456144391
37.26756675825101
-52.435256127930124
-23.306836163893976
-7.49860318587271
14.430078535479467
21.88603775287666
-62.89060483163698
-60.52796070615129
-75.75458851992617
19.980216018478117
-31.191639418552086
-62.03827676930708
17.774320773804348
2.9401737196567552
-19.030435840766316
-24.420886534186167
-9.148064037437479
-18.619128691232746
-51.78103420530269
-8.734078335110766
24.14062748679399
7.516756890233566
57.453363827687525
11.906690718654872
-6.753546210446245
-65.84820572353823
-83.46227778621355
-49.995561444551676
-41.34685721939657
-76.79990241394947
-18.114959413400896
49.28697472892887
36.50306243153827
11.198292233140066
-32.813435548301285
3.5096751682818024
-46.38601139752724
67.67555346735998
-51.85872032803319
-12.483596248896177
44.82216871983772
-46.487880017252074
-8.768189984148975
78.585370305131
12.677173265707879
-0.2650859673413919
-4.138799591261218
-13.080771978967604
52.53312423712225
18.45177974782061
72.25243524677131
5.450065558050369
-26.238147719395215
-20.800193765819515
-52.00990579341729
-21.379099806394834
-3.0582214767453593
39.233352796565754
2.0693127708173478
-71.69080324758575
-23.176186007458085
-43.873993780858044
44.5318164795373
-11.36996929550817
-40.28753122896234
10.89629816737758
7.333606357406865
38.42395899760078
-52.200756299936906
-80.61848052084476
-2.9851370054822866
-23.442092340765498
-47.211404485489965
-62.30965734808052
46.68038076133362
-61.586503757666
-4.490492751314875
28.70100845582536
-24.841157686290884
3.00915807085822
4.544414560738431
-5.849226181239871
-5.280001225224623
-46.79082359094027
-45.3195167461077
-25.535166072010156
-1.903820452362794
-45.86653540528477
20.366411281862426
-48.407472088985294
35.644460796039226
84.88535586147987
-5.341751400427469
8.507175943988969
-2.005417930715325
31.838780638429995
-16.167834494613246
-79.77010518415449
59.07089235541224
84.83057677169342
42.00595999040243
26.862594278223668
4.0602986836832144
-15.10422967702722
72.36706429824642
-24.44832250670153
-82.42583455116525
-5.945840125209827
-14.228242940627993
-0.9022176166174347
-19.357368135621684
-13.80825163839529
1.0767741967341777
72.42656186515168
-4.6400412106927575
33.170356317901195
54.061930809513484
51.74216393633958
-71.43787030075852
-26.852751299808546
-6.799123189650047
-43.567218404978796
33.15413488708043
1.2997358554326297
-57.473221475187074
14.041739573311588
-15.745535438908973
82.86598983820485
-47.624479649567256
-10.441435006641271
-0.9040607756209766
10.600536903472687
-30.084665020584225
-64.38841323788492
-59.87708717108902
16.89352611761528
-22.222716710632128
18.53382166922991
-16.358576894391604
-11.840399359464271
25.72534499478708
37.181953717561356
-7.062800454645895
-9.227551456638054
74.07672807306497
-44.07946729809722
30.551932028082035
-19.351780257149798
-13.365306629628208
17.90041027428144
16.54064927677443
85.32246485551704
-41.77369568869503
-31.128845224782808
-15.814256591557239
7.931279929758986
-13.017228622880609
8.27948464807244
-39.31597030644433
-3.05283549602359
-57.81965124024078
30.021548530930488
10.804164371094203
-1.850427983933102
26.143424112615946
49.22585975973573
74.48700971770393
-23.819635015979856
38.00060013426088
41.875191322527314
33.360223577757125
87.58008600863644
-23.054665936326032
28.795357504194683
26.572185659214625
73.65593851577628
45.87913554313832
-1.4082129174485374
32.33789942767493
-12.413404054164872
16.830083297978064
35.37276019050668
-32.773710796765485
-62.94926261230059
9.724101955862082
-45.36305982001825
29.61556138893752
18.968685296141018
20.69468663194968
-5.303581815888734
-38.202821406692486
-1.472785938634786
15.283024924262918
50.32988163128323
-19.008579305605465
70.5187616902293
-57.44071980491817
-29.599492287506223
-44.542281664791695
-4.5926958310208335
75.56202206469703
-47.47706512498237
15.120410747323746
-47.495628035337354
-19.985453341120873
-5.492906041607398
-66.49802206269524
-58.57610574717914
69.96960035395898
-4.421332658062127
-43.72958895219888
-53.625053208901825
-11.380858602710617
-1.9870532922211908
-10.853489363417424
-72.35819952562618
-9.655504041626784
0.46757019193417193
45.12941364572478
-50.75781936976312
-17.28351331141529
-82.91551116462405
-9.245909219538461
-69.9603879552966
57.28827618623089
-44.02064060096491
76.67268937475652
-25.612661983116297
12.208307672150838
-64.37587859308465
-38.81354111968141
56.19994319154162
-30.90376961684352
22.37188122735985
-4.814256025682397
-55.215543735904234
10.424066207425824
76.3157827171645
68.25655016083829
-69.86266807318621
14.98683104348396
-55.82195540017187
38.1038584586681
39.63333254586561
-2.0537065029613757
-4.019402530635887
-44.07744192936346
11.364380025320443
-11.233345137539146
29.27731072734828
-35.18618948341423
-17.323925927622454
-43.140591708078745
-27.270263410211925
-0.1857715195299221
-13.694894775056326
6.318115587782415
-18.432819585672775
17.931870850774203
-38.23817746539485
3.920997194925121
-80.15645697169464
-52.975058043059285
-13.904815673145478
68.97590078579506
-70.25498999476542
54.68842196129799
53.559975492290704
60.52381707229188
7.175136376876836
-71.05263241967351
51.00708356161974
-67.12138369643944
-7.372774536235937
-17.10392395309202
-18.79872280550198
53.41310446147523
-7.090527131192829
-37.31174329345921
-53.79326515676382
-8.026185579998852
-24.698102625098485
-8.215487661856827
31.47586588571454
-2.970821548425633
57.87827198639445
-13.583976063917618
-57.006773017864646
53.579740648925736
19.250675774055907
-17.35125063169299
-0.4225948366323564
52.52060664413503
14.491105322273711
60.825239493660234
-0.09758292563796545
18.35042267068087
-24.01144494409128
-27.157281256294567
-23.86654163275908
3.909131720396701
-21.252251698231106
70.90975080583016
-12.471171635863456
35.00213433015236
-11.543599671856285
-66.57621435222902
60.918008331707824
-57.04762872961725
39.2110134939318
-50.03583658399664
3.4959123428089214
-17.55548674530955
-61.85535241194117
15.086470007244657
-11.638491844045262
-47.56500203618962
50.36102228277491
10.363722624631919
57.02831927732336
24.983863132928093
-40.96491160856832
-54.385744699884114
-43.50300069128072
-59.91581194793048
39.835756975001715
24.954491398220384
-22.233816705030577
-28.75192870528302
49.74225943209339
-10.962062125861266
-69.53184067857734
7.071338450689652
-65.42302755276603
-23.43826620052606
15.707973711554288
-39.73491648858975
8.07227525744355
20.39147730433959
-46.056734265816196
-56.58537796944403
10.843722804321999
0.28636668769475193
-14.118161326749572
-2.563461484609533
-3.456210566347039
28.847152234103717
-29.666685025109757
-21.28527643290836
8.47271126794557
28.992164211935204
26.991081844447393
5.452345914254181
-69.65433723582603
-0.39253789956022445
43.21125754653147
-31.360362146277296
-18.676985075727274
11.236164210942647
-41.96047858445412
84.72703445765026
-4.962628764627652
-19.493274146504334
-34.4395320039618
3.3792843215180284
-23.617455857852264
-46.246517879531886
77.43249531756314
-28.61537859271155
-33.295857985640396
-9.510526360703338
71.88955505901416
-4.18204052112894
-38.8678430896388
53.92911755555485
-40.95220545789724
-12.761884174008543
-37.179800011255175
41.64521512103434
-1.5540197894527523
27.720887387394356
-0.5882737107396423
6.885745994357137
65.70833118228637
-32.612734628112506
70.18002961272052
48.17195300200541
10.911342190839648
-29.424402062953618
-16.97381634283211
30.336220269302487
-10.309007974137899
-53.19407246076737
-23.534404142261295
85.11002629049864
-21.690690156238276
33.01881309003443
-56.15582174623584
29.913055815841673
38.3890263024218
39.49905734246667
-14.696468493954256
59.11829543879446
-5.73482914648234
-7.7647182563488
-36.346748285122686
-7.240453501590849
-31.489589765054163
-17.73358453627968
-10.292832300686243
0.6708433941762877
46.44821991961771
-63.92634416706857
16.47208450962036
36.27752406281658
71.74646109035953
12.145973969217977
-61.04002394408757
64.50898420216171
33.556784845547156
-13.414377839351687
20.604490700803467
3.0902506245204506
2.562328954012912
-46.076071585227076
-79.42052473905954
-69.97401175166968
-17.475402299050316
17.715940042825494
-15.521758305655055
-69.54872939529189
-0.868705878630422
-44.09754575943215
-76.28348273141961
28.819725663428983
1.0161574489608114
-27.817990951635238
36.93411723816834
44.209983727658624
-59.4426728209728
27.666415274685434
-10.811150088145368
-32.25775876355573
-29.390583203747525
-41.51116216149383
-32.52669830013146
29.466987717004102
49.50042077625227
-70.00742529024836
-14.678411080909257
-1.221585310948896
-2.531088519982063
-15.681958582365027
-47.922133321920604
-59.95762408817402
50.93475193675374
37.489764851249475
-0.17255882033259695
17.117658568217223
23.48553950383456
13.041241632587813
73.42015311790954
21.45928623772808
-15.521926823633251
37.08284491158582
78.64652058726375
-57.035753236416866
10.058260076609812
-60.480217953122114
15.932139730874283
51.57356728820551
-4.903477254379467
-43.643614424714784
-18.43069984957846
52.81155646074407
-5.990583388938205
-21.261345628249472
37.76384363436949
14.45820301225838
-66.98078847062878
-26.934429052578565
-6.736379017708259
28.48048027307496
29.400736501031602
-5.078383610422563
45.76447971526389
33.767773621089106
-28.983967638728373
0.02119008933090072
-27.74736222056329
-14.373631593079509
-1.8682755062838368
-30.56119557953882
-15.977092861158965
-6.899611808356113
-70.31794646008716
56.04404297412728
0.7768661468795557
25.970268933054683
18.00720944486912
-14.931562851275189
-1.1240877933055913
17.80887060930185
11.62119744447854
-25.216616164283664
31.45209540416164
16.01620679599459
-68.90586887780229
-48.32151066320008
-11.593099918840053
33.05916026347606
-25.150403864639074
49.70470037761288
36.779073829532166
59.15978764906711
48.63267914889204
69.82475758507317
-70.73667228378048
26.50817677302318
14.653646130339482
-16.50084950361162
-48.62493240220359
67.59823493544434
-5.986251128090558
17.076921569234216
-51.58593618903476
-9.8139177373384
5.396026272405635
75.36003640214355
-61.1440061594891
-13.001539547875495
-21.87780129071548
-19.72570163546952
-58.92932874426355
16.104376381019122
-7.349914312368313
-50.99293302348255
-48.16489838410798
62.42905667035535
53.5539934145458
-22.93748289567523
74.45413562690294
-61.1064943686117
47.8945172677617
81.52501557808347
-44.777181774969236
74.19521734221263
42.078453390007155
4.319216737959891
-19.48873291093959
-18.286014470402264
-62.627484229602466
56.3722645840476
-12.987164779428312
-42.65244061264724
12.270034506495648
4.689185838857583
-3.988251860431248
-22.45475418362396
-36.82601023992365
-24.9933263857521
76.30358541494886
34.518856996729795
19.956302006570752
