24.8402351517463
-31.372215345309087
-69.7958350603809
-70.63647571248516
-49.143629743742935
-25.43254103436034
-41.1482768556346
15.771833827455367
-53.17270347812359
25.353539325984457
14.370177165701676
-23.53579718870816
-4.2767412312030615
-11.596546982303593
58.78459862243841
23.45587040907614
23.967582214364526
-28.336625504729597
46.56839371766233
49.9514079931441
-29.809079482973218
73.18532634556283
51.231681252703055
-29.365426106925085
11.47956930051049
1.2544983676164776
-39.50776169380721
-24.038988412888557
54.29809005851445
-4.237019578160059
90.32744300361256
-6.530506649959278
-10.491818634062184
80.30220524104269
-25.73775059805041
33.40992661974863
3.0827339154735824
-68.86368064206492
-22.106391316244284
47.27506034445983
8.277738234527632
13.502789722593135
-33.78005359174642
-20.011104614729945
28.870049691682283
-93.42470954594862
84.21683093029384
-60.06409698136154
44.720783501874024
-17.60720206716583
-0.7263150753774568
4.547016039253464
62.1961546774352
2.862654247419158
19.35349477976267
24.270937749463542
-19.955052855992108
-75.44589736745188
-1.1325590530183405
-1.816213573117821
17.501506988413723
-40.29463443980901
32.98018710988842
-1.0706636612354572
-12.627417619587249
-17.915799006696744
0.7354580450730737
41.827413539416796
-5.5880660798522825
-7.691167766242003
30.096675265183876
45.781884074653476
-56.76831085773224
-41.38129148508804
-16.373870615456568
36.1477885950986
75.94521208864637
-31.734301934634686
-68.37101830052607
-33.92674277615619
-15.821558192373374
3.274029510864878
28.6702849705093
-11.51567402073448
76.5534639788406
15.791070657239771
34.98386378465301
72.81672138471254
-69.3010742826344
45.706658230535226
-56.27154305920483
-21.837698154199273
83.89551586115081
34.885944427465745
-31.216578998324664
58.85692326584538
-75.52798318643696
-32.23339089995315
23.42961759949381
-14.782033078199504
-0.6228317295456236
90.68815356058101
-7.321693839742551
-69.09905853042252
22.03186435673345
-5.60889396620091
-61.297507174374395
66.73797948931812
-58.6683477809105
41.91930515528145
-0.3693607131846477
-16.417940868214814
7.999068006021361
-7.849906360208465
-75.94401511771444
27.711336214694526
22.445127996600547
-4.356956875309635
0.6147767145264567
1.2414739251681226
-21.983441589299872
-48.71852669387886
-4.939767079889904
-29.54624745448018
-26.862038306156947
3.532488736873759
-46.78907894011775
-50.93060999433032
70.36579034120402
-57.92590292467752
9.278893183835606
9.258792365888795
-32.57739295062656
24.066828593746436
-15.32895653768388
-0.5024357186905348
-34.59511928841714
-57.27371475041684
52.926796053639606
-51.04791671733887
-62.13934162565466
-15.283271740709722
-31.500636270346973
-42.5829318046637
-5.988511330923316
6.175265759019908
-35.12856055288976
-24.46680365429667
-73.13940631622214
28.992810055133944
-88.29081232884039
-1.9963502336542405
-3.3238636256580634
65.20190491477217
-2.230505909312299
30.07877262153805
16.130193382299723
-27.469065609575438
-28.088183712939014
-51.61062199878015
-57.05039926119125
25.47721200944885
-28.69704085356146
-66.70471441256392
62.0195007831671
58.15120058457842
5.357340959338131
-74.63379769833001
-34.895458296539374
-22.670006415629715
79.91588833778158
-4.592788990427536
0.1866356434527887
17.55437110922074
41.54443219043978
-12.865985347513472
4.668194937222353
79.10687076672755
-4.440110456650416
-15.36598051017208
-13.69780506216955
-57.815786767132515
24.679984868582963
50.13004623363514
89.42564267182107
1.5083943385941865
22.719077623066738
-24.53316326777434
-31.552465779870687
-44.40269742537929
-11.188242257754837
-92.31265552164257
34.632701433649885
40.42535058375478
-38.37026295568508
60.82003298801686
-49.770868542415734
-18.77045455205254
1.1124351095805451
75.16836455466358
56.22626805117403
-54.31593780917953
-54.56827977985308
14.61087433035037
-46.68195088770828
18.95231991145235
27.13634115722634
78.99996239747108
-35.91323567323541
-13.215945886960952
4.048297536892775
25.39070814257917
25.53911141029903
81.60799405670855
30.008280035674403
16.615265107839974
37.32500049363156
-23.385135091317025
78.44273306996729
14.542384816074474
16.93960780026407
24.009586985368756
72.46193832039293
35.37175537195171
-2.927964486291387
-32.69482305044052
-78.4089453392441
-45.20271383744708
5.163267808200487
-32.41005350487262
78.5363711119119
54.000850301033694
-16.44047630914463
-78.96819409008049
62.56669341973847
52.594458817269555
1.884482537770694
40.30147229951402
-87.00985208951522
-26.08783068709944
30.55315328200865
-38.2384322159025
6.678292093418065
51.82506409079622
4.566341654170998
-65.0249960345779
13.301929031602086
69.87422783272714
67.69309503650294
20.606693979076354
63.63349369181282
16.639376066891955
9.08755001083776
-46.418118006781896
0.2318325317920511
55.24942155220879
76.27030940095679
-10.707552350740514
-79.43704899818187
-43.29448403729968
80.2127543239848
46.498222428961014
-33.94037402687661
-39.71877706470614
-18.469243317652598
2.4057662435088787
63.97832879083762
-18.691771508006497
-61.8422143676726
-1.8096924849196654
-4.313773622797754
68.11830693030203
10.153700044480686
18.83462470822785
-27.708555262492567
60.017121207008444
-7.599998514240369
-39.97307637346825
44.169789579108226
-88.63179773585848
3.7142393401769453
-35.21099448859198
-8.104359379657993
61.648684427387906
24.72264176624587
-36.568414013815925
5.689357795931116
-0.26224288364407755
-2.089310745962024
-49.44612529379374
23.34662070045914
46.81761893274049
35.817953941622136
-60.32821512177635
-34.74962963410187
79.50102256320199
16.17488745390945
-20.76439150096624
43.169318697289214
5.410033194230195
51.04282977886652
84.39517369194567
-4.311691384931407
-66.61224315446634
29.823954986630966
25.13348780376859
-3.778713257027732
80.2451819347117
-30.086855835653054
0.9669690621674221
-31.33556208641906
57.56201169487963
-31.463847047027002
39.50230030964818
82.10033343208082
-30.310721020887428
76.16910023146784
-36.19547144557687
21.77079649932375
26.322917340573625
-13.17876524988452
-74.41937257755961
-91.14415697244635
33.00655657880131
19.103158171120725
63.10042620260003
-43.74725095464485
-51.708648018991404
-70.53441156706297
81.00621019839707
66.6582796176883
-2.3402859286923103
81.18979714507597
80.05932733380027
4.683571960907727
-5.899597889108094
5.276537643843724
-32.31987528110315
14.11299933124154
67.33038069161924
49.663685488391764
-72.13168399260785
-85.22393528205805
-23.278919157679496
0.5467640364822728
-52.14626037470839
-5.490805088791859
32.536437678523185
-57.01331081456866
2.5861153652154485
-64.43564934072575
-3.4360865454890757
31.683844201117665
-40.87525725931978
10.65675657850393
1.404605437691643
37.91616869876256
-9.929969223829517
-15.525046989006029
-13.50704237606621
0.1047977615882445
-31.37408237020672
-10.473143536692191
-24.645916435565965
3.4725974612544803
-48.26812563059061
22.524470074259938
81.1440503015217
0.44419772366025256
1.159482917814671
-16.734849147177826
45.70236764700863
18.552349707760058
-59.246086118941186
53.263268936247925
-56.79505052344106
9.40859578783001
-32.016092004504856
26.050394509626813
-72.04329936993538
8.997508727340232
-25.41760787417941
39.120215893871745
38.657637852735576
6.102578448087655
-22.081199881754713
80.16140449986992
54.63928564686165
34.257229918924565
-17.91264144366771
-17.70036255505339
67.79370322913576
-16.835895487197632
45.170208091570004
45.70287688160906
80.38145255523236
-13.717745241590066
-78.4672325607563
18.045877340342145
-57.559650451125904
-62.69814267425638
29.22196394216381
-18.092408379375144
-3.8071178121846714
-7.817318182801941
-37.43382813085996
48.983558967765106
-21.051490663721708
63.14191924192312
-42.06666751894365
33.41921176875519
-16.363119907163636
46.04735808260057
-19.674641338936752
12.227483116870019
3.7099001374609486
23.724339414478095
-29.81617513739502
77.90982815573983
20.870033736038607
29.73984964087873
57.37803765547025
-0.042033264495501044
6.580897409141485
38.261073374551046
-58.24551708430273
3.589625931877464
64.78539202969915
-85.58894789808878
-7.520740683591129
72.45614383954896
-68.75050956052863
-38.00508159582873
-8.842191034080102
-83.14202113278147
-32.63541892694862
39.720426406886105
-51.22659177248065
-21.165153315559763
-5.518896264884489
16.5270405361007
19.78243063626755
-69.51281228105631
-64.43319749181867
-82.31616277678788
17.63683602984078
-34.74739703940029
-62.93887607092253
16.161789113138084
4.557579496691574
-15.151986111921772
-23.24223174799667
-10.343181122951975
-14.813210362175468
-51.94182756361787
-7.554979581303726
37.082766256849
6.533030587397064
53.11455621814787
17.231471007256985
-7.92062374776016
-70.14371948680035
-94.68470506361072
-46.55902404337705
-48.78145276859269
-85.78799132459898
-17.692527079370848
51.36262456017866
37.44033297055071
10.246014523109992
-28.869150396638048
2.9148432820956742
-48.72996773700045
64.3068264811159
-58.37680885429478
-12.07184216551805
40.74357956083833
-41.33719673828097
-6.674740896766323
77.57840832385071
11.450660804407292
-0.12583478350602206
-5.071107347312932
-11.519038421916605
51.45788961287025
17.229297742969166
69.87475651261488
4.577793111679625
-21.075110566322806
-16.548294792125745
-48.4927978837747
-17.508724854164527
-1.9591458606526402
46.00738512815715
3.053340981851747
-73.43165749474723
-18.374542891259537
-54.67248885627435
40.408306212910674
-8.74560762090293
-35.24306789105904
10.016247013693857
11.519348386158384
38.55014140895264
-47.002472038874615
-86.99048239427654
-3.095073380779766
-30.506112517207285
-44.680821751929315
-60.44333602331894
42.43437789613574
-72.36080815625459
-3.3729518776100917
25.53979751898359
-22.992507248108765
3.287961871936588
4.659214506148416
-6.020694544433326
-4.336705265859706
-58.388269457941284
-51.88893254716466
-21.486385702842156
-1.100609612808853
-39.818660107025416
19.812829383958032
-58.44490279750813
31.937848348499557
84.9943584179768
-4.229686446181532
8.03444485640567
-0.9769608021965155
30.04223891676439
-12.667475702430679
-84.76404225883127
68.88513307539992
88.67621911526803
58.46237614547235
24.002459662501636
4.245518731022642
-11.94417096688396
77.6899772901767
-19.677738805338464
-91.81490958015029
-6.716116959506692
-11.084662611904704
-1.2730808077524216
-16.282944632056612
-11.069809655998853
0.9843760434711726
70.3202458928871
-3.522573874675629
29.702569809639073
50.37082699233147
57.60401201638004
-74.94346759165826
-22.65352211044886
-8.127642242231985
-45.59762548563781
29.622124619969938
1.869209372194419
-56.126638048648545
12.78433108401677
-12.612705227525737
82.83303234437037
-42.23986184452614
-7.957517231089682
-0.07146725862254755
9.766269057181447
-24.494864578434942
-68.20751068351825
-59.51226624914527
15.491481499429199
-17.591114063389966
32.54636589626253
-16.25469169712997
-10.528930303625998
29.522745158294242
33.887603406299576
-5.4748783666669425
-6.981973178680917
73.7393362800494
-43.94524177025208
46.54220241084465
-16.772915673184514
-10.732669016651187
17.159529557944396
15.71576397807057
87.14296145529062
-50.716544989178516
-30.584416021240727
-12.377947098138208
6.705575423677956
-12.726089456748312
7.020665428202989
-33.543609056561934
-2.049330240541323
-55.1015108464688
28.339281408167267
12.033171090305274
-1.4546276415030661
24.4971922232546
52.66773501632707
71.57729196433914
-20.292888101654924
34.1942882623714
37.985968701601365
31.607527572801786
89.08113909377016
-19.81078973875981
27.813085705734153
34.05426677651471
79.67869137135105
43.02627412216532
-1.6275310761292445
43.44377285384547
-10.039199598446132
14.898024175641197
31.758460685070787
-36.235343058589685
-63.85395231797896
8.612814156806891
-50.84807916757296
26.326581028471622
17.14790461195703
18.798179628637627
-4.495998210273328
-33.16868676664045
-0.9403765108497737
13.89317750826362
47.37251744244003
-18.67657886258513
72.78494998742445
-59.498708503939376
-29.045873881944843
-41.67565726689844
-3.0977953296981156
73.17997358636438
-42.25395950897219
19.582516797684264
-43.71803543552097
-15.764540833920748
-4.619123063234397
-75.17347123760676
-61.82554275559221
66.52750330411004
-3.4223953313416615
-37.658302921842385
-53.64271054418014
-13.139982316733523
-1.293824902604186
-13.124859699990964
-73.39862387469965
-7.496272572616306
0.6463199810594631
43.40674802825683
-51.54281317700487
-15.233555021877251
-94.6420176312058
-9.798146924437205
-81.45738731689099
53.00331308449495
-39.979958328109824
74.32849515070316
-29.651386897526322
11.01441089133337
-62.93832986150385
-33.811210883220085
53.35022991580516
-28.296917049983804
20.110442438678774
-3.5753877986372515
-65.48283844667968
9.335589038104558
76.04848505926265
66.17242427152473
-70.62156082954442
23.593452735511164
-59.2590768590155
34.44255923750964
36.18986632456273
-1.3903821997903947
-2.99949248710746
-46.11211465614989
10.39675231824178
-11.927342713095427
26.22783539179474
-47.28529196314144
-18.967962891952098
-43.222875386475756
-26.25350700572922
0.06509991179170527
-10.651987518732867
5.86740981030664
-14.483662693977536
16.369869012622985
-32.29703954604976
4.076341275858127
-86.70779032078181
-53.54108736514754
-10.878924236755864
70.43038791068204
-78.70856129352535
52.363674581694426
54.616140078705655
58.35028618262069
6.893644390922617
-74.80742385645208
48.24827023101906
-78.99495984784927
-5.4497179575357535
-18.008930358919997
-14.81659211097336
50.25049339453645
-8.48708620280901
-37.62917676508894
-53.07883670015324
-7.244879432703343
-20.05159057685333
-6.308142510376811
36.411808410053425
-2.468225347418624
53.57040598810676
-10.648723679114383
-72.03149675139939
49.59790217054666
16.95892148219015
-17.974849773757
0.3388828399379378
48.293480783461206
18.320521601461195
60.9102564147783
-0.000832231932349714
16.189625501320947
-30.755642560268498
-24.970046544500875
-19.005244234692483
3.7512180126101526
-16.768721898846735
74.44339929394835
-12.302847885991028
31.30122261746476
-12.706017386014182
-66.62763056190055
70.17830112445426
-66.14795476584126
35.3484311623904
-44.734413707511706
3.551662729835499
-14.034952349356388
-71.70401378462114
13.801274654503018
-9.03899046712337
-49.076666663731395
59.09919129402866
10.282851462719492
59.52166285375998
22.929100455991204
-49.8737903460277
-53.110000127570316
-38.110932248706206
-60.24049304696228
35.84118958084596
22.388278387031363
-17.69199782489285
-24.358351421433866
45.505950558112346
-11.673048046014031
-69.71363912182419
6.167902735469255
-72.58292665262086
-18.839058031510405
14.254122106559976
-34.47176792821545
7.661662108408521
19.496053157915384
-45.404209568370426
-54.51959795646965
11.351130978606676
-0.243648733387559
-11.488776072722672
-2.676469357229095
-2.7395250840828993
30.044066887616907
-34.27306355123224
-28.22052241168116
7.7145036553783655
25.820198337284765
25.08390512135921
13.824678183351068
-78.86051893853288
0.08680715729560973
42.794582765189375
-40.545355835048994
-14.85181512958249
10.346811470500114
-36.52588628534477
85.6602011832806
-3.4012614982286493
-15.510180201403571
-28.40149690155296
3.6076803524852608
-18.780766353027573
-56.905413009448395
74.90485410328915
-23.714155302851267
-28.834553528490375
-11.424806411283242
72.1191303724274
-3.602977480116394
-35.67373396040889
50.089211156257534
-36.60896940531668
-13.715846443384137
-32.66877744360629
39.417148046131274
-0.9696711821990647
32.139693532023244
-0.9996653874285926
6.630974116399543
78.0605780653114
-29.15607179265956
68.28228665524176
57.08371782997736
10.074767822515952
-24.13639020697667
-19.955278836115596
32.780037613453686
-11.81219168674879
-67.11007050194146
-19.723556658400412
90.32506239303262
-17.192971313336002
30.793349493308
-58.42530838766318
27.0990121638053
34.47093584886315
36.56067434981662
-12.427606736998754
56.667147685096694
-4.026828587887508
-6.303506626487632
-32.0652640009844
-5.431405990036112
-25.797937575951735
-13.98217621490268
-7.951761596262116
0.025424259014215522
45.75971041909389
-65.2161034690532
15.365844252470012
34.11927765977924
76.30485782971161
11.174206274188649
-64.8614587894256
61.586109507608484
29.98317958620615
-10.503480693610484
18.739402589175313
3.0871316795609545
2.7898174355461833
-56.533721255932896
-90.11108081108661
-80.16719647111
-22.377338353335105
15.646539249473832
-15.23364779000191
-72.33303844415327
-0.5424265098628638
-47.0767902413889
-89.47382054417015
25.813196041925167
0.5363005312801903
-31.049359747274096
33.68358659625784
40.10388009930307
-58.85588603688858
25.002008450890756
-12.651933017843433
-26.649001831138733
-35.00120328271627
-36.97595880540448
-27.06241672308107
43.396660827441224
59.630156893119164
-78.54721270754757
-11.507169877647243
-0.7194155162129761
-2.304519426664484
-12.27340927952045
-42.08075705846349
-58.61352898293588
46.885452061323946
44.6322687801449
-0.6522444944238401
15.193040032845943
20.814705574010645
12.275841498171218
71.31408731899839
19.16354022006243
-12.33506897189811
33.37862309811683
86.86237646482027
-53.04667112642496
18.084411796568148
-75.63793369145333
13.880598732521008
49.621987376410516
-3.7858229933592327
-38.40346264714675
-14.889600766996764
51.983515739672754
-6.380849878209972
-24.224966741411222
35.13700264788787
13.211029760896125
-68.71031190857065
-21.63001248073276
-5.516097207308746
25.45398143130177
26.225845296092075
-3.504336542061097
50.66272223680372
40.534060456746346
-29.738167838601825
0.08239818520172548
-31.350167688783984
-13.839864023005475
-1.6943569960971416
-25.526544000623403
-13.234515992474073
-5.0057286109645815
-77.32368482174083
61.140962799920345
1.4539846232317046
23.21624153391855
16.337095862907745
-17.950996862965468
-0.20792112128253848
16.63529069752849
10.545852532824199
-33.3922506618196
40.46591218795979
17.979665858951364
-71.51495924593155
-42.65971817532005
-11.98144006255545
46.07699151923123
-20.650620624862555
48.71397875718807
33.21051078503274
61.52259127914624
48.308641065432596
69.70913690814834
-70.6976012093384
29.950978362892016
12.775478832536123
-13.22551520756079
-43.518518642641794
64.33355912876462
-4.248264345634809
20.461854925243273
-52.854322674699475
-7.47669470182278
4.759794643107739
79.4261980038024
-59.36656534927871
-10.548696801611584
-18.499807815458226
-15.88795985227138
-62.526426127860155
14.122845726689164
-5.857461866626807
-45.99599490756974
-43.54921271872888
59.58558327483587
66.94969203731574
-18.424361696282105
83.24095331633052
-60.02765841242889
44.119548110669
83.21477663356407
-57.611204611509855
82.49723647883795
42.91481814305871
8.963475031536774
-17.491013535151254
-22.09239468645538
-63.01510283879612
59.41025036242101
-15.49053525359075
-53.14957068108663
11.22588858823778
4.774051688592223
-2.5609495371290762
-18.195864664947564
-49.08550274004376
-27.40043213188703
78.16563980213257
31.129243288366126
18.228030044678817
