27.8581143505548
-35.208567475675444
-56.55603307021152
-56.140532693584724
-40.73328914118782
-29.874174688011863
-43.743244310102995
17.634995729210615
-48.042473975111214
28.247847754434787
15.792346661425853
-28.94558561966558
-5.943294175670928
-14.773657795617424
43.58917207985735
26.401025705285633
26.72717621459131
-29.79010103819263
48.59976351224617
49.301306970889584
-30.87755430757356
74.45510959244746
51.07253666085572
-32.43339033072823
12.49937293628112
1.1440749197412146
-41.019117017808775
-29.01543121050655
58.150132045861795
-5.96410209266044
86.91356089546701
-8.12518804820867
-13.277417583732799
78.95907102604772
-29.373297755921996
36.38259684186468
3.163844768819203
-69.23243253966027
-26.124415463590125
51.221779408347345
8.779793692687264
14.916199438077754
-35.163490363616965
-24.829561311072453
30.21916892284358
-83.61478546476489
75.97317737730714
-59.53347465536859
46.13079574700609
-14.605834611921296
-1.4687069956657837
4.472661370590828
64.69932505398313
2.438499131799702
10.605298580648864
15.755691540801948
-20.522002585052803
-73.06637233535035
-1.2942594403383936
-1.1028335881212143
19.465250298699374
-31.530035166872224
36.585501370550276
-0.6363376770089104
-15.612479454734327
-14.393889432786551
0.016042630035826733
40.052402101137005
-6.776166304847578
-10.078469126637472
33.32843356824131
44.990610496821205
-50.40787016036684
-44.96025951263854
-20.240923955469768
29.033163572396973
74.54023305210288
-36.317279613879265
-55.698490258239964
-38.88209927837752
-14.82845568502141
3.6236679829303995
31.634937726575544
-14.59744658099497
77.32661087152226
9.417232301417982
37.82735792672585
64.86247835797471
-54.453278003020095
30.617917431102597
-51.87859255449151
-26.79510604223438
82.69457188566574
38.34721740322519
-34.654835475228666
62.78473439726977
-63.464301989183454
-29.721783201482992
24.90736548314375
-16.46553814929206
-1.5386239317944472
87.08217316802427
-9.26130675335645
-64.53940586606222
23.943986895157707
-7.599525527041436
-63.58242260724769
67.9919335784694
-60.70263906222673
43.65456657997751
-1.0729862886340982
-19.387910378350256
8.486165667456618
-9.574682201499002
-71.9953155391585
31.0181663482322
24.436787243249853
-3.411503376935485
0.3810235423901531
0.6854099231076702
-27.12194672154199
-49.27462773398837
-4.5042559437060845
-30.510843503163002
-28.564341490532044
4.126554801729398
-51.78959174164633
-51.90231488954903
62.158615126349076
-54.36855427635149
10.357860294471962
9.93463501865692
-29.135254701586035
24.688084663371654
-17.085533909529758
-0.6918312638974982
-25.591456171506337
-58.26394924660851
57.031491232397514
-48.88345891147377
-48.35508165434075
-19.163969487420943
-36.31725592397836
-46.15025980986726
-7.901092832243108
6.3350948330731995
-40.372128924193106
-27.462793904030846
-69.76034312651387
32.37380155428147
-81.73814682682372
-2.351547222131927
-4.805435762491115
68.750411812122
-3.581239865658759
33.550087795007016
17.784628767219488
-29.964165842731873
-28.46863949856376
-48.28153662873633
-49.05854567028557
21.430482297248957
-34.424024067254045
-59.18152854904777
65.5810631221463
58.453637802339614
6.5039250975427905
-62.592859367774494
-39.6703565107691
-27.76850399389231
76.3324203544575
-6.172196370314836
-0.40380724778565025
19.481654203362794
45.7081269466471
-10.651403035568123
5.3093560986878146
78.59550880708053
-6.11490237131774
-12.749059519510311
-17.130375382368612
-58.77009429654505
27.65702359260817
43.96621500475578
88.55608393690389
1.8350478628827886
25.317943253608135
-28.53489307304328
-34.299431312904524
-41.82845395191383
-14.10874781521349
-83.90231143603809
35.792557501050624
44.116350179660486
-44.33841250505606
62.417909333091444
-45.99408610150654
-15.006861861779981
0.4964901766816041
70.50519864798565
59.896560321705806
-49.26504763659047
-54.61906211416295
15.579969342551635
-47.922844139520365
19.717599409235262
30.17389250276132
76.02058956549169
-41.47267137428644
-11.38548274847166
1.929805757646733
28.01266159256312
25.175514746737164
81.23808539348607
33.32498429489391
18.352542043011184
40.999600979158316
-28.922742750167558
77.24138154270125
4.8314642914662045
14.049100103589083
26.934991785125405
64.19506642853315
31.12921991709399
-3.805473424365047
-37.95591434439267
-73.3342856510746
-36.42806162069882
6.004303352404065
-28.66673572777924
70.82459232090903
39.747865133530496
-20.421869735021545
-74.55569797581438
63.51423525089601
49.115384906738484
2.6114176812616705
35.758345161677
-76.3704086277933
-30.873978540630887
34.115002232878965
-39.36852020702694
6.931039731740199
52.7509322555924
4.624689707732671
-64.6244220074721
14.639737751679192
72.55799085855202
67.68287466940293
22.38400198201748
61.80914303883122
18.67188899986472
9.90033571469867
-51.257671964072166
-0.6025581427607278
58.97961425647611
74.25270773246268
-12.995048480993717
-76.51409197302601
-48.6968761444276
80.11064392855451
50.455458422806686
-27.84928991768622
-41.21463489538976
-22.97143220715398
1.045054018348651
57.77924342898285
-23.28515469186415
-58.805559050533226
-2.451959551641764
-5.48847746040947
71.37926157895663
2.2887765093402663
20.54425130947463
-26.408823082979552
63.85999362201636
-9.431647387939705
-33.89514367953252
45.2471661330172
-80.73470928239442
4.251567964405012
-41.0296089473557
-10.505442652194432
61.90751109654133
27.635284928826152
-32.59114137035385
6.219847884277158
-0.9460134698834679
-2.850543921054893
-53.51182928365845
23.59058375677543
50.91123458316511
39.63702231725884
-62.899840760365834
-40.33706232921501
70.71125452737141
13.740101443090708
-25.14563919127393
44.12022634340968
5.577862694727017
52.50794969223526
75.77448293580994
-4.6666982391712395
-67.32185146417434
32.983892209217174
26.56936899182952
-3.5149036854407854
81.11508696645981
-32.127002915573144
0.21771182293656466
-36.37008914058699
61.279239502539866
-34.12035886758157
43.009799797323666
81.94537497391289
-29.873131509647976
74.24336322112165
-35.5999704916694
24.427053328447016
22.379393396767398
-12.099515484023541
-72.14771531425843
-83.07451806040108
34.35550181687981
21.49179268025584
65.85411256703861
-37.66731222330348
-53.98650892740772
-70.26640050756899
76.471069217798
61.94424089890464
-3.463180182378835
80.85564649094866
80.59100893056979
1.5925962821668662
-7.876791723838494
2.436928145787661
-28.50030788290026
5.487848222026756
62.318645077736164
52.14246242641988
-58.11133454920617
-79.24120775727859
-19.861601232640652
0.6989729788705432
-51.895640864171874
-7.337270108322443
36.131704573145555
-52.146074725228964
3.4026420784653624
-57.95738795818328
-4.940219760540359
35.03246856852206
-34.13331542817965
12.097072619376746
2.137573189498596
41.94193187571156
-12.729495155464633
-19.620679558852444
-11.640957850373582
-0.37173856897459245
-34.10026552209052
-13.25343171529741
-29.23841089282682
3.5425612640949566
-52.667319201941886
15.459264395320062
80.57702422373015
0.47481776362766936
0.7840826214565197
-14.695972664462019
36.55204970737063
10.13099900062447
-50.26265803689658
49.66754330366982
-56.64547002196056
10.112633989913576
-35.72552085249303
29.20191777409903
-69.67369514779143
9.805409858164907
-29.443370239000515
40.54214846564403
42.28291674915852
6.32842061166221
-26.27887928569487
81.50017689469541
37.95196166521103
37.583692315961656
-20.140359042836494
-19.438677766626142
64.20044472814016
-21.115439097587895
48.927030797372794
49.88214368241583
74.92089952701278
-17.220323727339633
-67.34304524171614
20.19438579503077
-60.67592786493843
-62.96040028362818
32.62122636473214
-18.574166953013744
-3.3624693547569535
-10.043245143099327
-34.89134307221529
40.40215331961741
-23.797787760149575
58.3569528874489
-43.30944430078632
36.79363686185147
-18.231518773616273
49.92363666606224
-16.38768531902572
13.284122949041176
3.434325002900721
26.622081290092012
-22.993095933517594
79.84398371778772
23.074200064007456
32.548915284589526
59.37765690951093
-0.23087480585412834
7.26298668409531
40.51456527680304
-57.81126982235982
4.182639146577259
68.34956212923746
-79.49162995598986
-9.836726120758101
69.39702133319696
-68.9777890581751
-43.60700547744763
-11.097627103971618
-72.4985305016093
-38.083691144466954
37.27976643942202
-52.469469636593594
-23.32735583058954
-7.480502701452735
14.454865991624459
21.883234668114554
-62.92952679905289
-60.56981216614247
-75.78332302892939
19.943428580119814
-31.201695548305935
-62.07217876669498
17.777717754631396
2.9767593926136016
-18.984928723225266
-24.444874531005496
-9.095561907496347
-18.57523961252639
-51.82157750039838
-8.742230412582089
24.175913192522273
7.526687303663223
57.363252213305344
11.94464099315536
-6.74196273574529
-65.88802082994806
-83.48448324057215
-50.00758740794955
-41.353256407922366
-76.83245343648363
-18.13119846940147
49.290135249639235
36.51680482830673
11.204119510982736
-32.82082061285925
3.541041344454783
-46.422907754631765
67.61059651555408
-51.887185949288444
-12.494429990605553
44.769230180501694
-46.464326910446054
-8.757545199806728
78.53203323265413
12.665122198233973
-0.23427376458923277
-4.114661188748627
-13.09233887765943
52.53129410193492
18.46598817835479
72.19736977386702
5.472399839770986
-26.162031029434033
-20.739636099839913
-52.01654820778005
-21.358058957592704
-3.0580202755678414
39.241228363111986
2.1029793813923447
-71.69988314685963
-23.08785316610681
-43.86864858884189
44.471363759068566
-11.340206435725918
-40.270690951761665
10.89813365340838
7.375544393656057
38.436836325327164
-52.16286652717865
-80.62580976212969
-2.985874906084561
-23.399563827323746
-47.239093565444996
-62.31234245208952
46.60595634540675
-61.6126740336225
-4.438263620725692
28.644637244256955
-24.864575005232012
3.008503564534152
4.5448282836302525
-5.851116211315144
-5.285288726686446
-46.78815684719058
-45.33764452978527
-25.525161354178977
-1.8682233254632479
-45.809735695492584
20.384240455141253
-48.415080345012385
35.58079023293931
84.82737392541372
-5.277496960292609
8.504139643450031
-1.9821355533237153
31.851628940092866
-16.103049940708715
-79.76862493063774
59.05568265936705
84.78702585038758
42.01219245078181
26.828599868763447
4.062143130531652
-15.07698898954601
72.3419876415991
-24.387677786129004
-82.44461428890116
-5.940722309503116
-14.168313106955168
-0.8356922298625875
-19.35874852174392
-13.798654821668592
1.0770146510063796
72.37549588693864
-4.585763081952123
33.122986651179986
54.02480218130128
51.7388625743817
-71.46407209171963
-26.84151084295506
-6.770068191660499
-43.602275933563284
33.09078485040925
1.3010893145341385
-57.498572591209815
14.03086429363536
-15.727517777871043
82.81128079358268
-47.59131505404652
-10.407697148382866
-0.8824413106161444
10.612298478141298
-30.012135609114537
-64.42881391243407
-59.90642446683178
16.903059811507177
-22.13642256325946
18.58505389373373
-16.3716373025931
-11.851564883806674
25.744793553966204
37.17004897498094
-6.999985102393069
-9.183454839512464
74.03938040327475
-44.11848362502955
30.579749608081727
-19.362919929692893
-13.358030757795845
17.91728320911224
16.556712842765236
85.2728328931357
-41.773029264932234
-31.158516176127534
-15.748590285069511
7.942580563864141
-13.028002113138228
8.289005484265346
-39.270018315462636
-3.013512679235177
-57.82475911131609
30.03535658291922
10.828613775389911
-1.7982194896363097
26.15742005318866
49.22769404878409
74.41379690345886
-23.821120168869612
37.948525620574884
41.83480790172783
33.37286500908087
87.52484948570893
-23.061152041004206
28.811777522086075
26.594000628682636
73.62884604864561
45.87370015211181
-1.4072104651748418
32.355533395205555
-12.411377427113905
16.804498677734372
35.3269329879339
-32.78709791073595
-62.98137773740673
9.7227987104841
-45.3863700385856
29.549451110058456
18.963095197771878
20.697949993388633
-5.225732469844161
-38.18520261595681
-1.4299680264053052
15.274912423695824
50.31702659272304
-19.02537267826618
70.49608586446925
-57.48272675427481
-29.62772265347239
-44.567975917714094
-4.567417812256366
75.49740202512118
-47.449655553122284
15.150841749273582
-47.50521533362825
-19.90468728296341
-5.4153481865581625
-66.53457836894714
-58.618223274642986
69.89438864300345
-4.36394441878906
-43.67284497567569
-53.664492268387676
-11.369265030065264
-1.9900415367157223
-10.816989812510556
-72.35361054785226
-9.588496243464334
0.5036833853075535
45.13403471717808
-50.799255036744576
-17.297314651299544
-82.94050118932712
-9.247076769512617
-69.99275130574935
57.20574904553226
-44.02855709115989
76.60566960518113
-25.608304892111065
12.197346968527995
-64.37640781062987
-38.79743334398899
56.178197960320944
-30.928390109409236
22.35781204425639
-4.764340927636866
-55.234275949461654
10.419036533451703
76.27393759610464
68.21701055512202
-69.86879271556472
15.029757906249841
-55.8632293927088
38.071754722402716
39.61754646073305
-2.009891697942578
-3.9683536958293644
-44.11300359167349
11.370354679745631
-11.23526815834505
29.247729836235706
-35.15073564492429
-17.325086039054256
-43.17911039583127
-27.296884012055088
-0.18786849352827062
-13.649690033338757
6.333813863252914
-18.34083502990306
17.93898519915365
-38.18216264814943
3.926678448730115
-80.1678970401751
-53.01617231620381
-13.825538094236705
68.95465610726404
-70.29263648012449
54.67601494311742
53.559380134536895
60.50159915998495
7.173160222132708
-71.08151264062245
50.995988744548015
-67.15050006644864
-7.334181341742408
-17.111167124681117
-18.727207867483813
53.39139945562437
-7.061794550869465
-37.34546365486883
-53.82926137685199
-8.034254233327815
-24.651098592378403
-8.210919619658782
31.49115062050228
-2.9099545569817593
57.791191750001616
-13.500839846791322
-57.010940198181565
53.53048919464996
19.215581568440044
-17.360900903828693
-0.40266415843636594
52.45446315716441
14.520549469757526
60.81439163619015
-0.05322242674853328
18.31901139713152
-23.975915454828893
-27.18143748609218
-23.785800758328875
3.9093904122588015
-21.161254006623295
70.88708646571519
-12.480820412226265
34.92484223412552
-11.469984810673495
-66.5888355873141
60.90144053131888
-57.07352007644036
39.16032347511029
-50.00053994451183
3.5092295391631296
-17.52600888408692
-61.88483258914441
15.094492817234908
-11.571142677261847
-47.60470303616945
50.35619483491948
10.38244886569872
57.02330468010118
24.992422249708
-40.96266335334083
-54.41719338415482
-43.473974681722105
-59.950021748327
39.75601468871446
24.935669092475266
-22.162880106317914
-28.739282735344077
49.67657450312845
-10.963507015810052
-69.53133506607155
7.082763396593208
-65.46194566506409
-23.381252351140915
15.698063906175278
-39.71028160383132
8.069091660853204
20.408286518627648
-46.095688765426935
-56.60428211455544
10.865200231410284
0.2926018804653978
-14.114642043112497
-2.5639764924889477
-3.3981837453766417
28.86452525518453
-29.666586654656314
-21.2260080565336
8.48027038965526
28.937785594024035
27.00305738955936
5.519402485688417
-69.69102437646185
-0.3590639038798429
43.2205135068844
-31.3312446737835
-18.631717391031543
11.23582629840547
-41.93021256494418
84.67452329201473
-4.937379569974425
-19.44298161868835
-34.36441768338627
3.3865729589859512
-23.53473645416223
-46.24695810006406
77.35969347764077
-28.578987272697745
-33.290683120139406
-9.484704109864936
71.85974359271145
-4.10946040235514
-38.89062025083596
53.886289877315534
-40.95487219596709
-12.76311044217978
-37.17736361133301
41.650253556224044
-1.5570261089368955
27.739115166586956
-0.5238814250690211
6.883685623412092
65.68326875325647
-32.62892311752948
70.1378998181244
48.16935041417824
10.904125052244865
-29.368890608706252
-16.959168940948558
30.35260156759759
-10.252559893758018
-53.19503046982886
-23.52616609011602
85.06752061020802
-21.612945481732055
33.028202417239726
-56.19806764585589
29.90738447056384
38.307110287790294
39.49721959091491
-14.703348418660454
59.095923947176544
-5.7145555090408635
-7.682447970684763
-36.34959599145819
-7.234481764971065
-31.420207497142954
-17.676070434844135
-10.279332423795509
0.6814610636141225
46.45425513197162
-63.95879215753541
16.486026184680696
36.28651349811355
71.72252050569853
12.141016248211741
-61.08186292373611
64.46562678216026
33.48970695065495
-13.388067660411934
20.608892379468244
3.1088855710224124
2.577287777189511
-46.07708684049555
-79.45092229458317
-70.00909821719958
-17.415890388372716
17.68696779589557
-15.534881921154692
-69.57616242856658
-0.8244243754620868
-44.12987609681377
-76.31497619196061
28.790584109042754
1.066600449417649
-27.824244511932633
36.92366868279106
44.15095097682462
-59.471042364305816
27.660265227706944
-10.796274972670702
-32.19861769977733
-29.382446295406226
-41.50905260377872
-32.47752473751005
29.493432523924625
49.495532499693496
-70.04500959802749
-14.641357224105036
-1.1802707546305697
-2.4652961813946774
-15.608446173053366
-47.87121944820972
-59.976653990858594
50.885691309902825
37.49927650077325
-0.11054430090500489
17.091935829522512
23.44027239492641
13.056087899210723
73.36634584410629
21.429980196930188
-15.497604357404768
37.039499404773494
78.61188826906059
-57.01584272827638
10.110434846722
-60.49000939214778
15.907944169337966
51.56906779050843
-4.907020680715817
-43.61982323097771
-18.40826489016807
52.810048785689474
-5.99044336327816
-21.257204676382017
37.76749410215828
14.465002224041939
-67.00851882190321
-26.853402034851072
-6.657340686542028
28.4435870536838
29.351802085325986
-5.067850148201174
45.767774825167436
33.78108527397214
-29.007104421781634
0.0655301715675165
-27.75077495959154
-14.386658361150253
-1.8080740667104607
-30.526731629078398
-15.977014856991431
-6.879569165770846
-70.35616690392527
56.03743668600484
0.7851934371156091
25.939422619217822
18.00743939046839
-14.908869151015708
-1.1216374455266873
17.823107162878244
11.61176001089639
-25.170620415266356
31.469119127285154
16.039652085144994
-68.9340683510608
-48.276925699787824
-11.598134378116214
33.07771381330434
-25.11709233335182
49.70664661979936
36.749682575650695
59.15242043963764
48.63691008781592
69.79750994574505
-70.72468380082098
26.52691076318868
14.634578357239278
-16.4797702011265
-48.59924011656597
67.53683350044207
-5.9709590818959555
17.102634251124954
-51.62764138422173
-9.793858901607805
5.405802298231421
75.33120629423544
-61.152939672200496
-12.999335642979716
-21.878158857541635
-19.69360724007437
-58.971285989229024
16.079908649590763
-7.3532187645086395
-50.96518786701416
-48.15446204509963
62.39290617254184
53.54244071892998
-22.882340954505352
74.42369254275141
-61.12530795509231
47.8637425743575
81.48207061069684
-44.764456846292944
74.16555195858308
42.088560360047694
4.370649843575336
-19.50573430641208
-18.264170948073968
-62.65663424864545
56.36753806279734
-12.923634304100815
-42.645813073773176
12.273896069661888
4.6886732552927555
-3.9714068359529193
-22.41664794194709
-36.794906100675625
-25.00070356709898
76.27072545195642
34.49438948719367
19.963807658479354
