28.12134655138985
-35.19842594392756
-56.45273567551715
-56.05383423739338
-40.68791979273871
-29.9577360659369
-43.6598748654259
17.781915776008958
-47.900294384583994
28.398655891138034
15.825805363575995
-29.278806519570153
-6.062241380304172
-15.063120647573513
43.48967642102406
26.680903273704672
26.880795251635845
-29.68592133998088
48.60959201649413
49.25739532139664
-30.766499691061227
74.60615578005343
51.04047051292554
-32.374593923665046
12.573341994808658
1.0436453485695552
-40.89622975897095
-29.216575244154384
58.400706228439105
-6.022264290546403
87.01189500216597
-8.424796733775509
-13.621912698670428
79.05223169661565
-29.36417021904039
36.43032802378909
3.1885864446795296
-69.3013569453292
-26.182561826285365
51.4417979549828
8.832284350603373
15.022720304590834
-35.04551322621201
-25.12409275905067
30.16731686801458
-83.51987279394244
75.99680257128404
-59.40652901716217
46.11031997346956
-14.680611227045574
-1.577495942364905
4.376421385610897
64.84205550168844
2.44842580869026
10.382321060014092
15.56578948593392
-20.4450427833913
-73.04484589143213
-1.269345601996207
-1.1745128027460794
19.594580717193693
-31.581777664641777
36.79449149814266
-0.7332074412883429
-15.665549112135466
-14.542626416165845
-0.024687366596793936
39.97507097118546
-7.079388941040577
-10.23108136779409
33.45642514656632
44.932133722117044
-50.26618472371674
-44.940749850500126
-20.386312715297635
28.907110040733258
74.6059033880947
-36.38333204088619
-55.59493070554884
-38.992951717154405
-14.805947448165512
3.5471597374375534
31.71595790950815
-14.722285465294206
77.47633827256189
9.218344687938497
37.8585953991369
64.84862952189425
-54.38314864589308
30.453421600451207
-51.71357292075601
-27.052936256828076
82.81341083236435
38.47022533659771
-34.61491983805573
63.110181543658285
-63.30833866794326
-29.64905749617914
24.863745021315765
-16.407442711175875
-1.5205349117375278
87.17858018197387
-9.25969988572811
-64.36334692681206
23.933639531814364
-7.684193306195269
-63.67933573704269
68.08998870826537
-60.72076851425001
43.63578341080071
-1.1707734564802905
-19.384819184586803
8.539079701662075
-9.550578004889587
-71.88743574752274
31.317059832951486
24.431685277177678
-3.481788689631969
0.26773950770585486
0.63857827730331
-27.431568348900143
-49.135166520031035
-4.502793879693584
-30.40017706789142
-28.467235804884083
4.051563119890005
-51.97728398500082
-51.78121621678309
62.1357085505085
-54.194089109932925
10.416582068799016
9.986508034901078
-29.08589170402047
24.61680686111022
-17.026838406852278
-0.665728805711467
-25.740463886362704
-58.18543611365444
57.345016321569915
-48.71947635525181
-48.3224100880871
-19.376235870162105
-36.414652901908866
-46.13513380955314
-8.087284602584816
6.373134884398212
-40.524593784561766
-27.414481899820828
-69.64176892454282
32.63901346987177
-81.72023854599652
-2.5644622425272985
-4.816779136856752
69.06487722170101
-3.625674456206653
33.81788784087797
17.832111018586247
-29.88460769394149
-28.363978047455007
-48.12322229831478
-48.94427539387037
21.30337689786947
-34.71053488233905
-59.00963382552961
65.85873059378531
58.461681016969436
6.4566997966203985
-62.44103850361362
-39.75625170904618
-28.03839415403327
76.37796715596758
-6.342661072499112
-0.3741889466085979
19.59003087603817
46.08097014216784
-10.746227769271115
5.2748387122783384
78.70753228628962
-6.245744580241421
-12.830520931630588
-17.259291427498127
-58.69486093298994
27.903871502235035
43.886863438474506
88.71677771485676
1.70758563170142
25.45599915111528
-28.568963334684483
-34.22140543936401
-41.690984159516184
-14.192697243522701
-83.86025667072748
35.74052070779905
44.264355487574875
-44.619881706501864
62.4892955230404
-45.84859431209944
-15.15621228987284
0.52160160360242
70.51791817858239
60.12799990977453
-49.11600105678789
-54.48219357910889
15.533044087072014
-47.79810187144343
19.653045164531136
30.314512867244275
76.0709342075393
-41.67678000120698
-11.42586218505437
1.7594695213896898
28.069865104922997
25.087733300186414
81.37170617887469
33.48834264099955
18.415538683786636
41.157618679449854
-29.305242500631422
77.32731101724275
4.549272901910456
13.916475561281743
27.18679843546977
64.17894013500785
31.022287426779542
-3.773731417962793
-38.11629487309207
-73.21081138690771
-36.42811942724218
5.966431867603134
-28.627682690636874
70.83111185104943
39.63369827645562
-20.60065550580626
-74.47115720322991
63.56859082111089
49.05559584004328
2.471019773487228
35.66088014093603
-76.19146205872492
-31.005205531615417
34.4603034956215
-39.23968122231271
6.974905575652002
52.74493194449744
4.534841109038936
-64.5534986497263
14.736147547124816
72.79518631513642
67.736854103567
22.36987589588729
61.80346989535241
18.8363810744992
9.915996602684316
-51.41673252612883
-0.644776493630232
59.212805953622876
74.30648534772104
-12.986918125419052
-76.54942843289378
-48.90892577018006
80.24575462084127
50.67530173032603
-27.876607619830764
-41.091317047255565
-23.23299702389353
0.8879473858245177
57.74256244080118
-23.570668438785944
-58.631149448737744
-2.6248814081107383
-5.459622067329306
71.6757670514614
2.0116373913682537
20.53731054178145
-26.332190164657604
64.17658129911254
-9.764234183808341
-33.86490175006968
45.21555576848385
-80.64257715249974
4.186229013901453
-41.28166883621859
-10.718698943882814
61.93324469497799
27.8366254363104
-32.52825629347775
6.215498935222001
-1.0417786490152565
-3.0218608978030375
-53.60641636146315
23.51159204718367
51.17876884362104
39.881564943176414
-63.00906399368351
-40.547360850611554
70.71680584870077
13.612922246651863
-25.287254625354322
44.082432773931316
5.592697674011006
52.515393381694196
75.79704039559934
-4.635625802413458
-67.36992554034688
33.095379530931154
26.52177579585198
-3.5064909195337037
81.29755702427707
-32.0283397256171
0.22776409114143803
-36.50008283235698
61.53518377058293
-34.03869680392205
43.12283101830272
82.09081249024314
-29.768307625980853
74.29848403079356
-35.473413596078295
24.64712960378496
22.255278570784583
-12.095142975138089
-72.1120748771468
-83.02552532131844
34.3064185166501
21.69499351989427
66.02928289381677
-37.60633078979698
-53.93784462434956
-70.31274654284026
76.50956546740198
61.92401986200707
-3.5908591957452103
80.98793585773694
80.75406256319022
1.397730868852662
-8.029886800135145
2.25385097043943
-28.464311576533106
5.2279810392755905
62.299078686694486
52.19112239405055
-58.0056187918802
-79.18705753819518
-19.88874574646718
0.5483274609360791
-51.74474290579419
-7.50140269390694
36.35194982906904
-51.98304584024538
3.281922807050151
-57.78350195874257
-4.952962329073472
35.16611867363844
-34.11466631109653
12.176976342195118
1.9792082355771754
42.34106289491061
-12.982036388479088
-19.972905451631476
-11.853749493860235
-0.47901791108961334
-34.02161565827441
-13.597725776185712
-29.354131489122423
3.5051320210384205
-52.78878131096142
15.283313293547351
80.70027022344243
0.3301653569383518
0.7084091023820065
-14.715251235624223
36.442627392446894
9.909092825665311
-50.15289538151116
49.6091021790466
-56.51240902753473
10.163615129484569
-35.704148182906756
29.485541353241345
-69.58940288015035
9.819748961252103
-29.474013952200437
40.50575302357598
42.420948691052416
6.357535556303006
-26.36379035972297
81.71072286116797
37.81843031632337
37.68232564581865
-20.084385113286004
-19.371046107773182
64.19275359042672
-21.400504858208492
49.093481994787595
50.1925241129336
74.94784060686564
-17.374722103110486
-67.16529114174713
20.362436689205396
-60.79175765935104
-62.89971002108159
32.8857593276953
-18.504730030007124
-3.4891294534580055
-10.074734939029682
-34.788684288133204
40.30743362377089
-23.750339909538397
58.32399366940567
-43.180128081202454
36.90990941726531
-18.171352705238533
50.12015262524588
-16.450940451219353
13.259365626738315
3.4526403549967597
26.87244663378786
-23.111791259697185
80.08149829633953
23.128493568956344
32.59212055228372
59.44622939626939
-0.3752352611680294
7.274198333101978
40.50845811232287
-57.676527941819884
4.134164566077942
68.66209635275939
-79.43834712387367
-9.909118423029739
69.41489754822902
-69.02881778170406
-43.820829058707666
-11.437768914586428
-72.31207250991392
-38.27627985340782
37.193272217291735
-52.36032754687761
-23.25686950703225
-7.5445749139298215
14.334299552579665
21.941256317580667
-62.7449682912749
-60.39156004428637
-75.65347487772405
20.13988632646037
-31.139909014808424
-61.954225438068086
17.803466904178165
2.8264779967280163
-19.184296939997026
-24.354408455224885
-9.277280976756302
-18.767214981861926
-51.67290176079841
-8.70154083630284
23.991305040803454
7.5210470260843465
57.75362735842316
11.773499947469958
-6.782392390175616
-65.72034955383394
-83.35573307481589
-50.00738259877522
-41.286571774191835
-76.6704748052883
-18.063731948147648
49.236062579317206
36.43758502173745
11.209596161575476
-32.82719245304844
3.443198349373077
-46.26596468311587
67.86996926537805
-51.73904170046229
-12.445463116676336
45.02969307277431
-46.61814944444276
-8.794247919851813
78.69951061739371
12.757187798809397
-0.357986679189608
-4.207416495962221
-13.044378171217062
52.52787729116031
18.42629108317361
72.39751907722595
5.413545529577419
-26.499437268825787
-21.00299057474834
-52.04057632355593
-21.463812944775754
-3.041163139658508
39.147019244521005
1.9648636061726137
-71.6842325135005
-23.466668692438276
-43.83414018363128
44.76292618424404
-11.459441001120666
-40.390893240917926
10.925530535712412
7.198526769311584
38.3688393133763
-52.37856075277347
-80.58775581225967
-2.97087656027216
-23.521841988401803
-47.1642749732619
-62.34601059810528
46.9512040504456
-61.454735272750256
-4.632544904965215
28.925305479403008
-24.78155664293456
3.039761797562889
4.57519351374394
-5.834146113213393
-5.250844740118595
-46.73997052109248
-45.22886990133304
-25.59363697402624
-1.991112719272806
-46.10091385956679
20.313324585938105
-48.3323331450042
35.891284300390055
84.99046067821214
-5.521373030413244
8.553997035349312
-2.05573341683737
31.816967247330865
-16.372474655422153
-79.77510879406918
59.022600072989405
84.86918905681662
41.90073729485874
27.021117343025182
4.086001805291204
-15.194359037621538
72.35917314613141
-24.659579496234556
-82.34088698510924
-5.954460576573453
-14.414043935933364
-1.0817047455931004
-19.367364993393394
-13.841681510637102
1.094641766014604
72.5565916827212
-4.788509971949594
33.3694973143088
54.2003013516169
51.68311596094017
-71.364458018805
-26.917621674327734
-6.877250734596942
-43.45350087099945
33.40005210252747
1.3216832003167411
-57.43178260728678
14.120666830506636
-15.808996591682302
82.96711965828246
-47.786079564063314
-10.540769102718471
-0.9472718953068693
10.579277610498679
-30.343449076159928
-64.2611331853461
-59.816572404057
16.89353390618939
-22.504974273759643
18.35693242764485
-16.314781884661855
-11.802945027488889
25.62899506111178
37.262666358950014
-7.241470758393618
-9.355124983801446
74.14576300637202
-43.97198341833977
30.409414829375038
-19.329198508680463
-13.390617617000501
17.85476852253423
16.500078799363692
85.39045739590063
-41.727624263497255
-31.04454734613246
-16.02068601533388
7.931231823460379
-12.979325407680307
8.285290009194412
-39.509850337662336
-3.153460013743498
-57.852700481392354
29.996220450845712
10.715640192250575
-1.987801079709044
26.120799537599723
49.16834289052582
74.68645879950671
-23.837866286861143
38.21204776999815
42.046700646538795
33.33671497846228
87.66161891420981
-23.054918265676164
28.749765435060795
26.458036294372405
73.64857509306555
45.917964694935705
-1.39848451995762
32.222011157997514
-12.420373732365519
16.953927960604204
35.566592640615255
-32.71261285755769
-62.87162847793891
9.765999509700421
-45.26279500896551
29.867646030438877
19.03316743988327
20.72571745862311
-5.523798205044187
-38.30620500945661
-1.581146810980158
15.354031215548702
50.38766790362459
-18.955682470500506
70.52669203012093
-57.316392619637256
-29.518757085916363
-44.501969162601675
-4.654166630815894
75.72856878707586
-47.62024245169258
15.002638443773904
-47.51566923399321
-20.24618731680762
-5.712578260144582
-66.34894650286913
-58.442381402057855
70.19049902032978
-4.578708998533116
-43.961905830547366
-53.523467135068856
-11.40588752379277
-1.959296313763815
-10.94330988236554
-72.39868266319347
-9.852025488491037
0.3826424903599559
45.119662888041375
-50.64026267795016
-17.247390764823848
-82.7968459773123
-9.234820690430453
-69.81007082812931
57.565822597566864
-44.04485205289457
76.84345629072004
-25.6016354283187
12.284199103951195
-64.41651092162186
-38.912830543904626
56.27570507048051
-30.851855519767454
22.466670266002566
-4.949999469901002
-55.10689537730886
10.47880453864029
76.3937915808767
68.35917584172981
-69.87178199914834
14.835482534837055
-55.68683678033802
38.25269390264029
39.72484976101927
-2.1660636704230427
-4.157037136330487
-43.96244752818233
11.375223759132282
-11.219977563275847
29.42257502253618
-35.22748766961127
-17.30940328802255
-43.03197957866421
-27.196483333812736
-0.1596807724749283
-13.835749512250004
6.271359323818388
-18.72292219536365
17.944606782992196
-38.461484906058175
3.9348033006638587
-80.1118002561287
-52.862549757710134
-14.147016207497458
68.98785479476228
-70.10715676610621
54.73002066157875
53.52682925371971
60.586253797935285
7.21758450415399
-70.96855780388918
51.055457010369594
-66.97750426987767
-7.479934971162081
-17.07402043046021
-19.029377982834717
53.49717564416915
-7.167365660025027
-37.21189627821758
-53.7094356150513
-7.992744931952473
-24.86895619190622
-8.221819171016591
31.38209429421832
-3.1361308654313405
58.168458768304674
-13.836817491001653
-56.92347974512569
53.76008239756379
19.404292657035356
-17.315204427954953
-0.45980278170661393
52.757071319650294
14.37776751601804
60.82691082158749
-0.20847814605754422
18.49260200113946
-24.074842299804516
-27.099989790684162
-24.1362015847874
3.9335249149986993
-21.546088589567688
70.90785406072129
-12.436097598391441
35.28796054268287
-11.711381391329027
-66.56918906636898
60.87444720054421
-56.92350106899937
39.41740510418418
-50.20512332151292
3.485460325831781
-17.65778735068919
-61.718335769695905
15.092237803263885
-11.840369273329742
-47.443842146283366
50.29417229740554
10.302223059791913
56.993432365132406
24.99152746335858
-40.92366933555638
-54.321895000759284
-43.6485571597031
-59.833913131874915
40.12791124305488
25.065403333876247
-22.470712177960266
-28.82473265701293
49.98215555342938
-10.950123506318462
-69.56541299689738
7.070593603253485
-65.27580441650588
-23.636436802890074
15.785314960424401
-39.86257962080314
8.119763103275702
20.347989184218164
-45.955868756152064
-56.56954448377195
10.76812172171931
0.27686192659359676
-14.133290205126755
-2.54943636766032
-3.6137861480938795
28.771681657560478
-29.639742746704982
-21.404236899159002
8.470474974590147
29.211011652720885
26.980214104893093
5.264648634500887
-69.50400156844967
-0.4707901034760056
43.17089406866526
-31.39557965154181
-18.82933218178981
11.274986284139331
-42.10847540143724
84.81067404511228
-5.024774136186139
-19.662497239257434
-34.71445207304305
3.3872624461713627
-23.892392786020707
-46.19009421940482
77.62018430001385
-28.7619579217517
-33.35213587309748
-9.576131318108438
71.93423497329945
-4.384568639311979
-38.8342005520408
54.087288824954385
-40.99195549742019
-12.750091956042652
-37.232475321243065
41.645661081036536
-1.5258136899086452
27.623869019816155
-0.7608773938046056
6.926951773667469
65.67344880998616
-32.595479186729875
70.2852048691164
48.099929851712716
10.97521656225014
-29.630738559770776
-17.000110408112604
30.25326013593707
-10.44440807520715
-53.12409972083809
-23.583418626756156
85.13746198681505
-21.946481558324194
33.01548152675346
-56.02767316211806
29.9774264445564
38.68787222124013
39.53694676015607
-14.679325568285961
59.186625337481644
-5.783624894124657
-8.002630258609742
-36.380736154188135
-7.2490948853998844
-31.741755441571797
-17.92029513361109
-10.33080928721121
0.6438861429518852
46.41889071245629
-63.84521532421982
16.446241628046423
36.270188541452114
71.74060549900014
12.20338329772757
-60.90484061579093
64.63908935203062
33.813423333318894
-13.497969240430905
20.630678546320112
3.062761225008444
2.5453978972100657
-46.018745099691806
-79.28881103082232
-69.82276739032105
-17.602762508092297
17.850441406345922
-15.478075692549368
-69.47571600583358
-0.9805235692972047
-43.985472873435604
-76.1308373662913
28.963638492461087
0.8881107637675996
-27.779383369057143
37.009785917942736
44.43712039622088
-59.386770721714385
27.73357881346358
-10.84581653507911
-32.480550633471324
-29.38236229920541
-41.567492721483745
-32.71971928077589
29.330412869035243
49.429558793224714
-69.85897977255807
-14.797133236004655
-1.3249799517109153
-2.710570373056612
-15.911253222464268
-48.139638841666134
-59.93781319401396
51.11995914052628
37.39897988798725
-0.33741214382487783
17.242668373338958
23.67385049085202
13.004889407195634
73.55641711419014
21.600648320222348
-15.604129191398158
37.26812422168561
78.64451613074155
-57.15406370765964
9.894256949423578
-60.37969083839012
16.048706306839733
51.58904633118638
-4.878721121688329
-43.772603283279494
-18.51345577344324
52.80204545724715
-5.982570105470472
-21.255822207326503
37.78069089313777
14.469224234194826
-66.91338881315549
-27.211825440832556
-6.962718316983086
28.64812088695335
29.60415423124188
-5.096437561785578
45.69549992007393
33.67097482152258
-28.909197150791698
-0.08947213430305112
-27.71528639088308
-14.330430807494167
-2.0298585775363307
-30.705521204488804
-15.985076217370548
-6.950166393583771
-70.17861957928113
55.996201106304625
0.7770593331232334
26.11899974918127
18.04941089030207
-14.980996870147706
-1.1099722417015272
17.782578175804147
11.692002549106164
-25.300182252801008
31.3421343876729
15.92367787322253
-68.83135101417955
-48.51946606724214
-11.57073803556652
32.93781826600633
-25.28062093379826
49.68921619167105
36.920266474513056
59.13146265649044
48.60288391753417
69.86777705816763
-70.80691464512373
26.41490546001259
14.753780301199455
-16.57530303324218
-48.763095411604944
67.7810100349933
-6.020561003070895
16.97191347774917
-51.463984748104956
-9.87076370940224
5.377038590156971
75.36783413915876
-61.15980705246114
-13.010259121546156
-21.89602217693961
-19.84068796745302
-58.79358251065446
16.222765828484583
-7.330261124764334
-51.13826873677793
-48.253186360464554
62.53969682857664
53.48868835696527
-23.128942774907372
74.44159038375943
-61.08595910170536
48.02463635486964
81.5816024616046
-44.7514658973593
74.18294046992631
42.02213638611869
4.167244485972361
-19.444883833600173
-18.328069664399678
-62.56335704911881
56.332698482371114
-13.131875596550614
-42.61756279517193
12.292052229002195
4.722794487506334
-4.023111060195987
-22.59388761972265
-36.854852099492426
-24.955798540960686
76.33757543022051
34.64564198076289
19.96836239786404
