28.102936682458818
-35.19477690470237
-56.46101937949819
-56.061959721622806
-40.69270129348442
-29.950539629283824
-43.65925144447422
17.768931380835284
-47.90680707634169
28.3855373088668
15.81937900466356
-29.261094028486454
-6.059044638081787
-15.050493093690463
43.50111302235206
26.661743312472396
26.867454609252604
-29.688283436210938
48.60832980165131
49.26134878193358
-30.76927145222554
74.60522923212119
51.04370986438698
-32.37377361046201
12.564530795280248
1.0442719532435376
-40.898256055467115
-29.20441469504
58.38897614354522
-6.021600403407021
87.0188603615284
-8.413403386120336
-13.607359800743595
79.05641874289515
-29.361324126886288
36.4238112293784
3.1845080665880516
-69.2945724937687
-26.177188959601935
51.42939259758941
8.825104862355843
15.011913070122702
-35.04796184493277
-25.108857102402467
30.167475551577382
-83.52534538114
76.00643818861016
-59.408739832695716
46.11076196340423
-14.679469302259776
-1.575878435364217
4.3800148732441215
64.83792798994875
2.4441602838372063
10.390501377812981
15.574357097786162
-20.44768623710266
-73.0433418127936
-1.2724460986989072
-1.1722684045846279
19.582411139037973
-31.583851602069302
36.77940129273392
-0.7299511353820236
-15.662675352424912
-14.540347499288444
-0.026307394931663453
39.9804061941187
-7.0681651853223
-10.225390436660902
33.4449401280535
44.936336245293205
-50.273200668449654
-44.93668651631177
-20.378397847475853
28.915757777365044
74.61019366523786
-36.37595035641036
-55.6030408397895
-38.983225929625476
-14.80736001924464
3.5497419307653644
31.706856747747565
-14.716605088201192
77.47658175470016
9.225869408325892
37.853359836750286
64.85786619718661
-54.390839517753555
30.46446099821631
-51.72036468598838
-27.038817608271245
82.81745929250349
38.45973270839872
-34.61282300144943
63.09662923635696
-63.317974049743505
-29.65241948445059
24.862848724380285
-16.40941481867644
-1.5240161368303404
87.18574243769558
-9.260671817376448
-64.36991233681553
23.930015962623315
-7.6819982079131535
-63.670312927720715
68.08959438002697
-60.71519091616317
43.6354039960502
-1.1697223979603706
-19.383574822253934
8.531675353854865
-9.552405202577887
-71.89043494242992
31.29727221843305
24.42767534374019
-3.479700337568744
0.26909931782570595
0.6370394858962243
-27.415211943066694
-49.13786774286705
-4.503910704778349
-30.403030820299207
-28.469286139122573
4.0504229166266015
-51.96335266336302
-51.782658059336164
62.14502294000218
-54.200610002520236
10.408397468475087
9.979329172207699
-29.088870758563345
24.61859284353865
-17.02871884081121
-0.6690638745409956
-25.740687163807564
-58.18466553669082
57.330066740607606
-48.72506381737567
-48.32860644831504
-19.365750478517725
-36.405847057398084
-46.13079664199056
-8.080746960247183
6.366825678157241
-40.51284695128547
-27.41388518012448
-69.64494705509122
32.620815800159505
-81.72094489507037
-2.5581572317985035
-4.818327783049625
69.05395605313504
-3.62620137308771
33.799694414865144
17.82465160397608
-29.885295662721234
-28.367113868315784
-48.12934038755063
-48.95108570496182
21.310447279225755
-34.69379153421393
-59.0180021557177
65.84830913393282
58.46392883506826
6.453868327436609
-62.45053072327909
-39.747571621289616
-28.023568463626717
76.38467392414296
-6.337232811426105
-0.3782139338684942
19.578963637606762
46.060299572935634
-10.744132158811013
5.274742186061815
78.71040164637805
-6.242002856401868
-12.828991786694985
-17.25281438955895
-58.693949641181845
27.886177580768845
43.895192901886105
88.72067805286238
1.7092323000431122
25.443393843037285
-28.56423749438487
-34.22138194029918
-41.69622628787445
-14.18886937552476
-83.86291626190298
35.741458670179384
44.25370440876205
-44.60215095707479
62.48846042580723
-45.85460181478823
-15.154051994108372
0.5173934186156401
70.52540561077498
60.11774868729691
-49.122675379477094
-54.48474428386494
15.53278916173413
-47.79981146531586
19.654151113524776
30.30205288447209
76.07706419275584
-41.66264965416107
-11.4252335092459
1.7650710474938478
28.06186504870739
25.09140018166721
81.37433879632925
33.47504484464258
18.407093617244215
41.14579535486854
-29.285487425871125
77.33128977366425
4.556868271842575
13.922748994989817
27.168861387369972
64.18830337123035
31.029552139092374
-3.7770491517219256
-38.10447578571835
-73.2150774541939
-36.431647195531774
5.963280178331601
-28.630448755947683
70.84034864786463
39.64482196386473
-20.591282153236946
-74.47339959640223
63.56928005974771
49.06228978314991
2.473074015864597
35.66833407472009
-76.20091616450694
-30.995728434744308
34.43881459199582
-39.24236497729007
6.9685111570361755
52.74625448340129
4.538132817453857
-64.55302200363124
14.725912548255565
72.78922399597732
67.73919499439455
22.3665452200606
61.80852294920243
18.822513731126534
9.911458804872723
-51.40408299169768
-0.646174789600451
59.202165538592425
74.31155958572808
-12.987298968504717
-76.54595178829723
-48.89396668983923
80.24787074292627
50.662690503093785
-27.878268647701233
-41.09335463476997
-23.219554277128623
0.8931299481151882
57.75090412264328
-23.55615363873663
-58.63705037570951
-2.6202786743546653
-5.462520837102545
71.66662693887673
2.018582742541284
20.53347770858477
-26.33525469110714
64.1637972807635
-9.751126186376922
-33.868317142183216
45.2167531384182
-80.64696992617895
4.1846396590755575
-41.26550687237441
-10.710350202347527
61.935403239601186
27.82101238645346
-32.53187289279997
6.210846603779956
-1.0408451878129483
-3.0172305801865917
-53.59673498901035
23.514172340389493
51.164056576919734
39.86530713104642
-62.99938052594338
-40.53307931448636
70.72651081540113
13.618878435222257
-25.278420755134903
44.083902950370856
5.587406271039995
52.5155338599327
75.80683288632753
-4.638409939541205
-67.36379125237453
33.08473366990259
26.52128766726767
-3.508110458759475
81.29753104414189
-32.02986513166651
0.22409587785482188
-36.48981248747094
61.52425096664368
-34.03890319659679
43.1137854377929
82.09305700070095
-29.77179940658671
74.30344776768845
-35.47744584571113
24.630569965542023
22.262300748300845
-12.095968279222504
-72.11109342236091
-83.0282768664473
34.30682491858056
21.67924016301852
66.02388032466183
-37.610717406109025
-53.935210091853925
-70.30725101693619
76.51706153505103
61.93149933755626
-3.58793607106071
80.99049721625602
80.75484328470307
1.4036818306620802
-8.024749400876786
2.259775197211866
-28.467009469294155
5.235520930264116
62.30674958742986
52.18825065148414
-58.014228199044915
-79.1888938869654
-19.889241518696778
0.5512361457446531
-51.74828617477259
-7.4959408904319815
36.336261205662026
-51.990012532844005
3.2829474790132167
-57.79146668979823
-4.954420606829416
35.15455416441799
-34.11798202981244
12.167571680270015
1.9821531105764478
42.31849312944081
-12.971469784674582
-19.95647482442135
-11.850444326987557
-0.47773548349680084
-34.02165335889401
-13.583187225033996
-29.34562481601894
3.502495946194813
-52.77784454211114
15.291455446922711
80.70324398247624
0.33286259364832915
0.7080608671756323
-14.715441890338482
36.45216083659841
9.917157570866394
-50.159932457120725
49.61587668728518
-56.51480027223542
10.156487516486706
-35.70098683047663
29.466302224475626
-69.59054087735416
9.815323385224161
-29.469289104733292
40.50615906420535
42.41041537306876
6.351505080146779
-26.357198377692768
81.70944296614599
37.830117976778524
37.673028270169624
-20.085519816994932
-19.372962699628616
64.19941980360343
-21.386509801305934
49.083077441267875
50.175602704459095
74.95594787081797
-17.36714466064572
-67.17525706472816
20.348339600435636
-60.78152138888741
-62.898447363544726
32.8676158520243
-18.507291900989927
-3.4853096566758524
-10.07413537015222
-34.792950897514615
40.31679810265294
-23.75034555275566
58.331522431072955
-43.18240956332782
36.89952269951479
-18.17308451144369
50.10852205092809
-16.450269553964944
13.2574932068853
3.4478026850637065
26.85456539854468
-23.11154843339176
80.0782913693615
23.120501924065493
32.58537231299579
59.4444814654299
-0.37238965949643443
7.268657774990828
40.50634006760754
-57.67910805561453
4.135104054177177
68.65111309001213
-79.44021069490118
-9.906856422403777
69.42108573549297
-69.0228415748455
-43.80608231472059
-11.423936149393697
-72.32197519934493
-38.26303485755943
37.199234181881394
-52.36103746258423
-23.25818970104642
-7.543269888430231
14.339972327238158
21.933036255809384
-62.75315397779966
-60.39802845059837
-75.65876121131491
20.124509587765573
-31.143322146525804
-61.9561380573842
17.797432802684227
2.8318087118148014
-19.17439656561723
-24.356905556565906
-9.273610174027098
-18.757724317428043
-51.67626731499269
-8.704188621913048
24.001494991584053
7.516184037465337
57.735460785455075
11.780861134987447
-6.781553174490881
-65.72630314394347
-83.36325044526743
-50.00221212173499
-41.29165808347768
-76.67836434164133
-18.066272314222374
49.2415834779633
36.44202108468883
11.20563825902235
-32.82307282161723
3.443184074309613
-46.27152485865134
67.86112600189665
-51.74630339774099
-12.44785140484062
45.01374594531646
-46.60586639048526
-8.793753423919952
78.69927316601408
12.747221695858443
-0.35382434097040516
-4.204611818344887
-13.046505683767705
52.528903256898246
18.425197293659338
72.39321385835817
5.411423800305016
-26.482126796566604
-20.98999009605066
-52.03422142066517
-21.457341605787434
-3.0442236164147687
39.155625780125206
1.9697442139704293
-71.68211806806593
-23.448324168274468
-43.83943297625698
44.74550583773666
-11.45482468732068
-40.38059708080275
10.920000206826046
7.205223367560237
38.37218570317174
-52.3633898763426
-80.58915478494202
-2.9729672372867384
-23.521662307215365
-47.163024900833285
-62.33984765735252
46.931923998133044
-61.463960558181995
-4.626542461401584
28.906168318756656
-24.783350752909328
3.0347360326380795
4.569662147210053
-5.835905892563773
-5.253932167233145
-46.74595369796718
-45.23494927964393
-25.58792035844573
-1.9887952253626793
-46.082661894736134
20.31503630363747
-48.338878461064375
35.87145238523155
84.9928452632594
-5.513045269208277
8.547047113150526
-2.0554702872732094
31.815735621849342
-16.36035038252217
-79.77397939063954
59.032523177611154
84.87646765755511
41.91246435434056
27.00588545790751
4.080801710380797
-15.188874883602466
72.36715086159262
-24.645386941426494
-82.34649765885761
-5.954731777697589
-14.403396581473316
-1.0742848985923388
-19.365597056270374
-13.839672579575009
1.0915696174204328
72.55330885387374
-4.782109578516028
33.352218002669645
54.190898571234214
51.69128227454772
-71.36685024731182
-26.911310709834353
-6.874358315201249
-43.45872863880211
33.37999281371981
1.317373325759263
-57.43030814285454
14.110834787115493
-15.804877980350653
82.96912885950732
-47.77192351622266
-10.53581295770421
-0.9476588969077824
10.578398516231928
-30.32560706541878
-64.26687472184912
-59.81658611264701
16.890102015708607
-22.487273445712134
18.366914484848692
-16.317156940110806
-11.805342599266027
25.6359459503594
37.25363692051192
-7.232822495101701
-9.34886629147529
74.14719671543179
-43.97565461173229
30.420650900921686
-19.329382915708095
-13.389161282676739
17.855753193695264
16.500605269575487
85.39556528586078
-41.732601689860964
-31.04771316481967
-16.008538872935247
7.926546663336751
-12.98165545398085
8.280205135706865
-39.49441390789177
-3.150129668808404
-57.84639329570232
29.995197221114978
10.72052573513946
-1.9826341257089979
26.119324909248974
49.175007110837356
74.67954654326158
-23.834812276818084
38.19463746671943
42.03239352437248
33.33579610814331
87.66645280019594
-23.053072982009056
28.750812634264975
26.466763217422127
73.6570135513517
45.91361291994889
-1.4004584769128883
32.2320819827122
-12.42015212282513
16.940874387913325
35.549890113844555
-32.716386163648565
-62.87315371422911
9.758595281327501
-45.268893455756114
29.846951694113585
19.0242776150573
20.719432562212873
-5.513156157677884
-38.29610480095681
-1.5777245122561396
15.344765515332213
50.38288743732977
-18.958259035363966
70.53210405315318
-57.3213814825412
-29.52185019154203
-44.50034257137071
-4.6526798258047535
75.7240069026985
-47.6071648898305
15.009779844666909
-47.51001850432829
-20.230133516646447
-5.701928738453262
-66.3580818175675
-58.44846262280386
70.1808217133269
-4.571848657245852
-43.94390410182442
-53.526279590976756
-11.405369454791654
-1.9629597251450406
-10.940651406728492
-72.39369912297454
-9.841795414461814
0.38430848131723394
45.119308107541656
-50.64456372607824
-17.24877606592608
-82.8052119662703
-9.236031085177899
-69.82029177030728
57.548897172784876
-44.03907627284252
76.83900162312997
-25.603480129701666
12.274517676274684
-64.41030183168068
-38.902910035402655
56.27114577094943
-30.852221701356996
22.455547811185667
-4.94428368792704
-55.114958181849815
10.470564178592554
76.39529846997164
68.35636950631763
-69.8683400494441
14.844009778908713
-55.693239513501716
38.23919444390589
39.715431293986285
-2.162287228159883
-4.151389693417386
-43.9677146599104
11.371289243659774
-11.221208326993818
29.408328356638307
-35.23018696188793
-17.310683278969506
-43.03590029649082
-27.199180416709694
-0.16332091364688495
-13.82773362478919
6.273066874496735
-18.705562071914187
17.93997313854952
-38.44449560144577
3.9302035025965694
-80.11401672907414
-52.86631400120527
-14.133289233392873
68.9923416142397
-70.11599559603238
54.727606041349276
53.53119598771079
60.58391360969679
7.210847840541348
-70.97166423692109
51.05155652864036
-66.98760039044794
-7.475247871830959
-17.075869741868345
-19.01524230727381
53.49126925228995
-7.164549737249473
-37.21588331285686
-53.71084094741456
-7.995494390223584
-24.856977777312764
-8.222530166374042
31.389749189382627
-3.1291234053863377
58.15098557316725
-13.82256538265807
-56.93178703592107
53.74789242721408
19.389305907330865
-17.317282202920737
-0.46063417985939736
52.741213573835296
14.384579644289005
60.829720106017305
-0.20520040419474128
18.47834611443986
-24.074964333253234
-27.10125346420149
-24.1188749920056
3.9293479455319584
-21.527941832715882
70.9144838672544
-12.438337853809301
35.26581395658354
-11.707956020580568
-66.56629708138867
60.88418042457886
-56.93185034236528
39.40048832653471
-50.190459867696475
3.4822564763675388
-17.651093221279297
-61.72747578823599
15.088410570574808
-11.829397781499708
-47.44894450721854
50.303642193109795
10.305010825438686
56.999237753803015
24.987219492902298
-40.92843525038135
-54.321846003472324
-43.63554485579007
-59.83548327616002
40.1060825467317
25.05321615081995
-22.45552452446387
-28.817653632300292
49.96539167600881
-10.951293235153273
-69.56036616038759
7.066102088413629
-65.28421495452278
-23.623168689613237
15.775554951378723
-39.85091122109739
8.112597761835232
20.348667660162633
-45.9587423227001
-56.56630682523322
10.772061415281883
0.27615216675337706
-14.132253890518996
-2.5515727294458657
-3.607121130277676
28.77643240484153
-29.642461406505532
-21.403340391777064
8.468087936178762
29.19221102482672
26.97763580619666
5.272143356139125
-69.51331884757198
-0.4693203430548891
43.17335229206739
-31.397507931082913
-18.819590666228223
11.268583309196671
-42.095434092958776
84.81447276817232
-5.023163360229816
-19.651640625098594
-34.695048710885956
3.3830937549555387
-23.874822296732262
-46.19603370783894
77.6149543093479
-28.75065879319581
-33.345384546502714
-9.573959366487244
71.93682573653217
-4.375170968810011
-38.83248334230472
54.07658072695148
-40.985417179074716
-12.751206899082007
-37.22549053627714
41.64367529560462
-1.5295296758882557
27.63120795249155
-0.7539185430464812
6.920627139826877
65.68429718402749
-32.59332795699444
70.28284090533646
48.10945931926801
10.96660955206842
-29.61593425893321
-16.99997664843177
30.25923312064475
-10.440901927254458
-53.13153667185179
-23.578602465446053
85.1458522418942
-21.930353877094277
33.01261686569396
-56.03305718290136
29.968800646968774
38.665439524866855
39.53146792696458
-14.680029742444333
59.18343667922852
-5.782573767802916
-7.990468279537282
-36.37496995095454
-7.249896543647921
-31.724056557954412
-17.90883316089915
-10.329311918409275
0.6444218260392915
46.420828340247425
-63.84710296818028
16.445296938839306
36.26806488748946
71.74804969682575
12.195336002721362
-60.91117389164101
64.63327329577203
33.792784283113804
-13.493223354409466
20.624797130771384
3.060597015834233
2.5427616282471774
-46.02466208345627
-79.29749358251755
-69.83252977283036
-17.60091691071024
17.836684452687763
-15.48047913047732
-69.47776551971911
-0.9770319720717566
-43.99106742083386
-76.14166531082284
28.949448496187145
0.8921630871922872
-27.78213571911516
37.001083638012375
44.41987027745063
-59.38642658090773
27.724604580936358
-10.844878346935516
-32.46437600505317
-29.3846521797947
-41.55990346460001
-32.70517945594848
29.341121650144103
49.43953913362435
-69.86789775445982
-14.790137852229023
-1.3218958154122618
-2.702834813244607
-15.897860057411492
-48.12225479753509
-59.9350541527062
51.10678355712011
37.40773888168442
-0.3309842087292907
17.22953402517534
23.656702124717583
13.00522543744988
73.55305585426026
21.586396751544243
-15.59900072777367
37.25217668638595
78.65426313937456
-57.142512726239204
9.902224939232454
-60.38879966176163
16.0361322248513
51.587945790200564
-4.881727552922001
-43.760547790726754
-18.50768407381375
52.8035632242871
-5.983853004067072
-21.257060493429634
37.77665214643048
14.464974901446979
-66.91465514673192
-27.19349515735199
-6.951430460691441
28.632400157887915
29.58629747288211
-5.097223178297199
45.70314221661894
33.67953845137697
-28.912637568582767
-0.08623225032673076
-27.717881772316915
-14.332879568038436
-2.023291227176017
-30.694039209889482
-15.984074701033506
-6.948746496594836
-70.18634206467038
56.003930688307264
0.7739225080652972
26.10435392483248
18.04229323841946
-14.979949414941842
-1.1133434493245034
17.78159750528539
11.68271961640123
-25.30036044474852
31.35152502872998
15.9292330033294
-68.8334094596736
-48.50318777497965
-11.572403489915885
32.94843947649997
-25.270852244599055
49.69050231595776
36.90706892064267
59.1371171431951
48.60542116739305
69.86983210184769
-70.799800866269
26.42162949884667
14.742299786236927
-16.570403107478228
-48.75027657365306
67.77284948639672
-6.0202494546925465
16.978519501310004
-51.46874610676175
-9.86832353606313
5.3765258959113424
75.37495990187989
-61.15483491355894
-13.009816813477045
-21.893308460201638
-19.832828671200517
-58.79993730799874
16.210075265978645
-7.3325373755019
-51.12499211259854
-48.243336108013466
62.53453074991654
53.4997236154029
-23.1161471542884
74.4514170926893
-61.08334376865991
48.01423453148283
81.586372649131
-44.756779551694635
74.19255158285318
42.02641593094836
4.173862987751235
-19.446401150171212
-18.327650237136567
-62.563872155697815
56.33898372820201
-13.128890815273436
-42.622561114987725
12.287023032097267
4.717149946349991
-4.023236550301235
-22.584122392393652
-36.85799916747321
-24.958252604748054
76.34249462927616
34.63309860836023
19.963705197677854
