27.966646708798308
-35.18844376273308
-56.525286429127334
-56.12000220147889
-40.72578378766127
-29.902003788873273
-43.68712358782515
17.686996842285524
-47.9783805899558
28.30026649330253
15.791765634829886
-29.098527652146004
-6.008824242616811
-14.917219398462791
43.570896182894245
26.518531568831207
26.780830306990055
-29.732224198024923
48.60222002457073
49.289365012346394
-30.81697431315574
74.54838921662645
51.06529186838793
-32.392404060823964
12.517325707483451
1.0822286200995421
-40.94787472657664
-29.101987046293516
58.26927754230152
-5.999064277983777
87.00314952167142
-8.279812619991418
-13.450237179554861
79.03451789665834
-29.35688743942798
36.39068667239056
3.165547227061154
-69.2521139771694
-26.14247459260612
51.319414174584466
8.789300444662189
14.94894220027875
-35.09711676436422
-24.96645662980427
30.18776478579099
-83.57619615985574
76.02635177236576
-59.46034099398278
46.12034100957496
-14.65117177190372
-1.532856711462557
4.424737199795743
64.7757745009514
2.430727265406034
10.4921523564078
15.666335268169505
-20.482842179420203
-73.04754943421732
-1.2892086483393257
-1.1405308947303894
19.50774835814029
-31.57442077021703
36.668248233524935
-0.6864435207344144
-15.636427731027723
-14.482912919445951
-0.015243258816468597
40.02478910238227
-6.933691489600278
-10.157235144843938
33.371185296969514
44.97046760594847
-50.34631863286477
-44.93236801696411
-20.30685037077498
28.98694369395733
74.59858846268682
-36.33279088775525
-55.66685186932521
-38.91804101704225
-14.820150075345836
3.5845585106680886
31.655596735957516
-14.658108329178532
77.42337087481454
9.317580949171415
37.82936675686315
64.89064963209452
-54.44177381037724
30.555011263389645
-51.800400249288955
-26.911830227771333
82.78591826416337
38.38983677657717
-34.62123985628027
62.9455288305453
-63.40435790799398
-29.689658229510272
24.8772239036674
-16.43534896071219
-1.5388473685242445
87.17130786407989
-9.263507801405751
-64.45229615124988
23.92518260293211
-7.646349871697282
-63.61161894850028
68.05336083566394
-60.69346890085135
43.642161775915156
-1.1319417912478116
-19.381315700498845
8.495637433763207
-9.56549088309211
-71.93790754269429
31.14484178551055
24.41996645055866
-3.4491173703805913
0.3132957559288627
0.6505548190831973
-27.26449064339603
-49.19538235357288
-4.507517686243119
-30.4508651164397
-28.509728167601153
4.075584044087378
-51.859613293102896
-51.829884708333424
62.18144600185079
-54.2827446424286
10.369489817573438
9.943580965140214
-29.117008735411673
24.650359640772777
-17.054623859955996
-0.6867951897975644
-25.691218439685855
-58.210441137382055
57.18020395195808
-48.800583930390644
-48.36180917011516
-19.26443795920693
-36.3479307046725
-46.124163715224505
-7.998745385946279
6.338573329976853
-40.42769452881485
-27.42940388327081
-69.69664150666776
32.48337841358571
-81.73093053834248
-2.4670595975853473
-4.817876778611733
68.91300925704965
-3.611384881771926
33.6611602561575
17.789569004497437
-29.915517321708236
-28.413832097471897
-48.20486167667637
-49.01433982763179
21.37719717840403
-34.54936648783073
-59.105553362962645
65.72181511393424
58.467869749517206
6.465607995598759
-62.53508116786292
-39.693864761962324
-27.890491838627852
76.38742741431173
-6.263437733615206
-0.3986576839304661
19.5140275426468
45.877245387976444
-10.705679907140535
5.287321701712017
78.67798143263488
-6.186263645612158
-12.797054057239777
-17.19080216177744
-58.718171459586664
27.75717172859025
43.94928485920366
88.67385527608354
1.7593980132266864
25.36404370134767
-28.539606368863602
-34.24906853342732
-41.761790180404944
-14.149375068560005
-83.887135398119
35.7639868598242
44.174166785585356
-44.456067078108546
62.46081350528371
-45.9255217271065
-15.09679985981711
0.4982811095138828
70.54271281542214
60.00843289031127
-49.197071583407336
-54.54086256979206
15.54985951567258
-47.84912804905181
19.681455294049158
30.221743779100223
76.07635850563648
-41.553135862496205
-11.41008157428233
1.8410424651108457
28.021870727517936
25.134500450070917
81.33350051219409
33.38449722139816
18.36417661960455
41.06005872579317
-29.100620432260456
77.3114217091267
4.6761885722424665
13.9886674018678
27.037780149106155
64.22234563629934
31.09017356199388
-3.7966284327155932
-38.01651371505748
-73.2718499083396
-36.4449381056716
5.970693774893533
-28.654391329511213
70.86545216192258
39.7187898475853
-20.504370068413635
-74.51056533878781
63.551917267763514
49.104301668048066
2.5289925911098265
35.7262444088189
-76.29338671043344
-30.92451192178609
34.26575871801896
-39.29610816528866
6.937562867201834
52.75286392617275
4.579756920739655
-64.57710061963327
14.667618106641015
72.68831457474667
67.72644615171907
22.363808265791974
61.82547688052304
18.73246831909765
9.894729919090324
-51.313768737443496
-0.6340935097785518
59.09130840581244
74.3065429730571
-12.991006108242985
-76.52502721485722
-48.779106353396166
80.20505480269273
50.552332904127155
-27.875924569258657
-41.14316009758632
-23.09332716308471
0.9632741923400232
57.78940296159405
-23.418859510517834
-58.71686254073536
-2.5474246776123977
-5.479985961476643
71.5364846241664
2.134307619654976
20.52683521023279
-26.372509827001167
64.01767319005793
-9.601818068668877
-33.89162515114364
45.23249123664681
-80.69347080808
4.205275852031789
-41.13399976478935
-10.614406728999171
61.9325578789242
27.712444279549985
-32.56684617484234
6.202476639105498
-1.0040558528246635
-2.9449095193928656
-53.53690797341055
23.550946659346167
51.031632574254786
39.738546098769746
-62.93455727905384
-40.421087813038
70.75349081559392
13.681970947885802
-25.20557630656704
44.1026713342317
5.5702395083619365
52.51399573180342
75.827657055647
-4.656706433549644
-67.3302972721354
33.018857632888825
26.538228939699707
-3.5154164862561004
81.23189616975122
-32.06933558141607
0.21185568695347
-36.41663017382807
61.404426372971585
-34.068532032029665
43.05073773228929
82.04690904473418
-29.81997222502376
74.2976219000744
-35.53496300831148
24.514051292947954
22.32792047708206
-12.100555725241165
-72.12167117687902
-83.05510103425144
34.32680942231161
21.57111824476796
65.94673978472952
-37.647782319143225
-53.94511656708616
-70.27632010025572
76.52477246575577
61.961153650211656
-3.535204204804458
80.94993556630621
80.698340795505
1.4889919010642245
-7.9577933003226775
2.3410679919047226
-28.489688161608214
5.347353212785222
62.336749651123085
52.16370707339854
-58.08034555385171
-79.21454518251157
-19.882818984585185
0.6124951143488175
-51.8124202379992
-7.42430938828673
36.21979883171289
-52.069997050403934
3.3295421091617925
-57.87832644974024
-4.9532495751193295
35.078496148209666
-34.13700266811577
12.118641367504438
2.0465163455035764
42.12251773531116
-12.85626870327782
-19.79152705407415
-11.767675150780121
-0.43595210459243106
-34.049734048576966
-13.426171233035731
-29.28244617671926
3.510395491413661
-52.70523556892212
15.377562125578336
80.66708053463884
0.39144783544828954
0.7347831244598382
-14.71032558802166
36.52024234879937
10.018107188388953
-50.22241041414097
49.65763439597697
-56.56909144962404
10.121148247966886
-35.69993187506334
29.320810681783527
-69.62417132520267
9.7993419494519
-29.44584106895546
40.52150545674783
42.33483525618246
6.327391005263877
-26.309920108861746
81.63041347110749
37.912019743011086
37.6147684491456
-20.108431385032645
-19.402256019976605
64.22189412719598
-21.250877748807554
48.99725419109535
50.022822323586894
74.96981941212292
-17.293447225339776
-67.26981406784391
20.2560649629811
-60.71281702652942
-62.91662339240464
32.73049440449836
-18.539496096211536
-3.430054766115802
-10.061261872426556
-34.84344945329684
40.37933549990146
-23.767177091015242
58.366104058717184
-43.23507790507317
36.832366992703925
-18.199126124205236
50.00890184892734
-16.42753590230376
13.262173524499445
3.4300134712903656
26.7241827185441
-23.071218339855136
79.98449145996304
23.081654294050097
32.553376942920465
59.41549253850863
-0.3136493741412778
7.252736077364091
40.50387941569943
-57.73456234174183
4.155425329915573
68.51070973635885
-79.46565742829353
-9.875382621151275
69.43257987350384
-68.98885306720423
-43.691426730096644
-11.2701875975837
-72.4188003646029
-38.16008910569829
37.248795648693005
-52.40188106811623
-23.28687724987867
-7.517089047537453
14.399992154748375
21.89233642178482
-62.844053612619376
-60.48099680404927
-75.72091916745823
20.02016570406643
-31.177179623436743
-62.003703144341365
17.77352843573432
2.900203742297549
-19.079063769838726
-24.396321129428046
-9.200263321716108
-18.666025314356304
-51.73906507810745
-8.725459081355723
24.096402017953423
7.508211316365575
57.55061152551252
11.86292603913084
-6.765303104636928
-65.80374926190603
-83.43205607369747
-49.98798912949538
-41.33303674745153
-76.75984233336901
-18.09771464418965
49.27795548434358
36.48443036913466
11.1940257699097
-32.809697992454886
3.479120363986837
-46.344643741599974
67.74504626136891
-51.822389127169494
-12.471980262434698
44.88150577941053
-46.51851640586526
-8.779284256875073
78.63839985599105
12.69185934432656
-0.2983024088809856
-4.164181147307758
-13.069110877205418
52.53375319274204
18.43748574782559
72.30984707888365
5.428760438303129
-26.31943534590995
-20.8644442851908
-52.008208189113034
-21.40327994182691
-3.0576265507151987
39.215798069456554
2.0325583980253157
-71.68244633451333
-23.268985466176574
-43.87043083742217
44.598841634731855
-11.40101887027106
-40.31056162904761
10.89668252709744
7.2870595030332765
38.40734162855043
-52.246581788565884
-80.60804133969955
-2.98378187583279
-23.480285857588086
-47.186079716437995
-62.31109984232133
46.76168691570956
-61.54970358771176
-4.542906464925139
28.762064131983223
-24.817927086494706
3.0114941536045308
4.545824021154601
-5.8467636594062355
-5.2739727839563955
-46.783903434504424
-45.29390521237283
-25.548706751210872
-1.9391150084257163
-45.93173809193095
20.346348681943383
-48.390551518278386
35.71393011026666
84.94082184556805
-5.4063698529728725
8.512653036700655
-2.028267477498943
31.82603196209547
-16.235225095146262
-79.77004673408578
59.07462888694286
84.86751237471287
41.987039558536026
26.901369305064136
4.0601586108817145
-15.133472599776823
72.38428170206186
-24.51353934172954
-82.40076665008321
-5.950841985685301
-14.290307118368915
-0.9686029005082304
-19.357832779840408
-13.819173657051735
1.0775414654345212
72.47944210935589
-4.69453650286944
33.22327335981609
54.1040110495955
51.73630063829398
-71.40960676487178
-26.867824345591487
-6.8289028823645594
-43.52797900986346
33.222888112666794
1.2997673003820296
-57.44992482768622
14.055771846833522
-15.76548662706989
82.9186167086215
-47.66526371406951
-10.476321904982044
-0.9250714366633161
10.588592418154605
-30.163254930453192
-64.34367325038596
-59.84864661501555
16.885347027155817
-22.31321951144936
18.475458591380402
-16.344428728119198
-11.828924169384607
25.69860313189902
37.198198191694104
-7.126266550582088
-9.272640083415652
74.11285176105858
-44.03873784689093
30.513631169664563
-19.34176382097759
-13.37374902181594
17.881926421118948
16.52334539717623
85.3675059726923
-41.76634225993847
-31.097776538558023
-15.882448631423145
7.921259546768923
-13.005612802808002
8.271289896350254
-39.36919350429572
-3.0920474248757586
-57.819156281818714
30.007665540991766
10.775353837484388
-1.90246706302176
26.129635500621106
49.21676706816601
74.5635389072356
-23.820775970551438
38.0587313945984
41.9215318316744
33.347475675910715
87.6307901571812
-23.05033585522783
28.777226655050498
26.541485156547225
73.67461255927793
45.886987309718705
-1.4086587084210578
32.30978420551898
-12.416224773736928
16.85852008524087
35.42435545613435
-32.7557719685628
-62.91669492153722
9.727221000901537
-45.33286529502227
29.68625164165691
18.977802602803123
20.694203817848887
-5.381828495637151
-38.226414862971964
-1.5153149093037683
15.294454245713098
50.345499356725526
-18.990678482474692
70.53660648201162
-57.39543676543411
-29.569907316302846
-44.519226584090475
-4.617965579265004
75.62887109932396
-47.51180855572384
15.0836277236737
-47.49075443006419
-20.069828832341273
-5.570888242805552
-66.45241789708065
-58.52937737095847
70.04949303508056
-4.478918520312348
-43.794519065643435
-53.58466365651973
-11.391840869275569
-1.982999479952639
-10.889598906570939
-72.36479552545107
-9.723668083113878
0.4320192154069957
45.12450588387699
-50.713964990134855
-17.27014912652845
-82.88181773017975
-9.244102199172275
-69.91717293543522
57.37775618377941
-44.01747821536763
76.74178854601536
-25.613278402789575
12.221779178547806
-64.3792469079563
-38.835623956140495
56.224433746050806
-30.880463464615943
22.39008088533761
-4.864395078043955
-55.18672998676275
10.431148559841589
76.35628323767932
68.29779801601549
-69.85828217549872
14.937299184890591
-55.77555034401196
38.14155042061026
39.6536838407018
-2.097311282924821
-4.070558810490567
-44.037693658624654
11.359957301272189
-11.230598037525425
29.311922209016004
-35.21392190387205
-17.321049220395963
-43.10003297840941
-27.242833608090706
-0.18250059316483203
-13.742027542581582
6.30064720168923
-18.528037292398338
17.92674658415453
-38.30158332373416
3.9168452533292424
-80.14152154859465
-52.932087017629215
-13.986195551068477
68.99323413410477
-70.20897772632557
54.702257718851996
53.55618001409741
60.54750489857648
7.179285596918021
-71.021207640763
51.02045349722894
-67.08103683238426
-7.411970076543923
-17.09516151667978
-18.873511722255415
53.43822508075394
-7.119906477483852
-37.275609929210525
-53.75751092110194
-8.017458277442557
-24.74953921532577
-8.220231718524218
31.452263222189288
-3.0317057516578814
57.972389944797385
-13.66914087995228
-56.99065651490785
53.63485717080849
19.288760521094133
-17.340142914698646
-0.441826657927777
52.593452209327694
14.455583617613698
60.83355471821628
-0.1415284301027384
18.384775451039104
-24.04271375934242
-27.133761309448218
-23.951888724597552
3.910375867903724
-21.347218760546113
70.92620643736126
-12.460667189471295
35.08490423856614
-11.615063961351538
-66.56554916315227
60.92344724124857
-57.01214465008386
39.26783173351993
-50.07893631139418
3.4838378760462234
-17.587516435713283
-61.81576995126748
15.079993239792145
-11.707416488048864
-47.52174741108416
50.35490531568183
10.342227838486593
57.02743874178057
24.97723976208887
-40.9592756228515
-54.35559440686794
-43.53915588571956
-59.88136023008761
39.92175943422774
24.977777703515486
-22.30888066935215
-28.768813162429936
49.81470670651751
-10.959826397618869
-69.5349209727652
7.061262608305654
-65.37626473494991
-23.4995677261887
15.721275080113884
-39.76606193256541
8.077774922089432
20.373270607802056
-46.01693282854236
-56.56962851411349
10.818575854033213
0.28007308522924745
-14.122837620454888
-2.5623168689384244
-3.514301427820655
28.824594548369348
-29.66217126506382
-21.34014197095898
8.465879800641616
29.051344718396237
26.98005654425701
5.382159212049814
-69.60851823262945
-0.4255027831142968
43.199231168917464
-31.38320056857242
-18.72529047201526
11.239018122946405
-41.99777154606084
84.77603814189501
-4.987930521378914
-19.546849479534103
-34.52171484445318
3.37341888000644
-23.704729077902755
-46.23684867673914
77.50763773527257
-28.656816171611723
-33.30562900937889
-9.536355826254336
71.917252392254
-4.254845722943898
-38.847756008986295
53.97735655347327
-40.95452369913062
-12.7596631938315
-37.1871934149172
41.640999891376936
-1.5498990017695746
27.694868204461045
-0.6524863506636223
6.890024694520534
65.7207187464106
-32.59932465514339
70.22355626876171
48.163551987248525
10.921243530626043
-29.485557293595136
-16.986635713189273
30.31334704400254
-10.364638697275467
-53.18196321574659
-23.545729739650966
85.14466956741575
-21.77246703397843
33.01064803344724
-56.109848012450016
29.9226607659851
38.47695611841303
39.50376281474186
-14.690264173713004
59.14265136360507
-5.755217398977123
-7.847794485862778
-36.34837654195591
-7.246483574817731
-31.565308537936517
-17.794034659348895
-10.307123863294024
0.6595011418430232
46.43999022730412
-63.89307937341506
16.45795995150216
36.26933442261216
71.76321590310968
12.15383709880686
-60.99324625599642
64.55572168063418
33.62927144159235
-13.442331706481653
20.602700131804554
3.072691201141069
2.5484960224397497
-46.06591473266328
-79.3815189266686
-69.92902474111546
-17.531717532829845
17.747810924369475
-15.50767875156022
-69.51973811547558
-0.91264528098894
-44.06017616090237
-76.24060348972938
28.853849962416206
0.96613379366228
-27.807934511549405
36.94877853677119
44.27554913286278
-59.415477796923724
27.67652347476222
-10.825584177151967
-32.323224913977555
-29.393822966513113
-41.51866850511702
-32.58203551175724
29.430323242279314
49.493716110190576
-69.96135467770947
-14.717523272913667
-1.2625680429234336
-2.5968764628561587
-15.757988472590682
-47.98140435853724
-59.941219253106496
50.989889825174885
37.470474970636104
-0.23434613553673955
17.146365985540086
23.53461554097852
13.02535019395259
73.47575955025735
21.492578699749558
-15.548281236047188
37.1320557374452
78.67113188992553
-57.062372405721554
10.000998784100418
-60.458051189893915
15.95864639109719
51.57851483698309
-4.89924736860614
-43.674295727072206
-18.45571468954121
52.8114454390828
-5.990279132605821
-21.262820509590185
37.76222943004717
14.453153124496353
-66.9523794112971
-27.02084427029932
-6.8160411993861345
28.522355161263462
29.45466584532261
-5.088738877514416
45.7526124609216
33.745087714699395
-28.95832492700609
-0.022724575395230318
-27.740009227860995
-14.359814501121548
-1.9283672973473358
-30.601040461495273
-15.978496719902296
-6.919966857517053
-70.27284428840643
56.04222419805117
0.7696400073621561
26.005791488986688
18.009983315734786
-14.952880574644297
-1.1255315338619454
17.794471802683603
11.633133159520497
-25.257578772137066
31.425153409414634
15.987410147740135
-68.87618604376672
-48.37423744268811
-11.587190537007586
33.029743285952435
-25.187961538451432
49.70124164457533
36.81391700483263
59.161539163684836
48.625756118355014
69.85033132556063
-70.75190085715255
26.48232416052133
14.67491902116501
-16.524086836614046
-48.6579149932217
67.66392093713165
-6.001615515905257
17.044939871105086
-51.54126111184775
-9.834816549345618
5.385929807522885
75.38225708376487
-61.138758938967065
-13.004647534427477
-21.879795101249087
-19.760858526350518
-58.88239948168289
16.131333760709538
-7.34630944142738
-51.02811670320498
-48.1817000523328
62.468295656664225
53.552561577277544
-22.99677101559203
74.47411779443888
-61.09011839784955
47.93046986265324
81.56383181460293
-44.78032791737365
74.21474693390408
42.063699889525026
4.264181459583867
-19.472113366329992
-18.305604237825705
-62.59864430568355
56.37047659824023
-13.04870096019485
-42.65044144996765
12.268234484719486
4.691585893404607
-4.004867494419813
-22.496631349279482
-36.849073022391345
-24.982880747185675
76.33224473909954
34.54851421668155
19.950831074163034
