27.87850381126715
-35.2034863240692
-56.553477455632404
-56.140121336217426
-40.734222922180216
-29.878421487335444
-43.73146170112743
17.644488355535316
-48.03184361943108
28.25693398731478
15.79148750614712
-28.97444861653534
-5.956289635226909
-14.801699684748996
43.589520577856746
26.423380816149788
26.73654972222232
-29.77867473269697
48.600119889098835
49.30020482770607
-30.865738365086997
74.47356169811044
51.07211966020725
-32.4245926898914
12.502142290189894
1.1315246105871921
-41.00493035172492
-29.031172351699524
58.17214721408979
-5.971028235817101
86.9333434559673
-8.15588239982192
-13.31142842649335
78.975166559049
-29.369138667673354
36.38325892477286
3.163804301193835
-69.235387064447
-26.126967866465094
51.23949108652286
8.781018486391503
14.921874276582486
-35.150394313552354
-24.855535107007555
30.213251816090434
-83.60909141960173
75.98687082736143
-59.51914999019532
46.12900810394825
-14.61529194116251
-1.481631000199144
4.46399900145839
64.71377796049282
2.4365755137878153
10.584384709517664
15.74003633643757
-20.514502558587736
-73.062624914498
-1.2935003196289188
-1.1098910545040184
19.472667195597992
-31.54084200188386
36.6003540091759
-0.6457047782190273
-15.616735598508242
-14.412153650157961
0.009581206547522925
40.04873126827022
-6.807515814304111
-10.093873054513438
33.33555083659701
44.98800359595069
-50.39803087673486
-44.95351876098962
-20.253153910532276
29.02680401981813
74.55294410644896
-36.31887957240503
-55.6956688917166
-38.8875162479889
-14.827190141845662
3.6165473034118634
31.637864593416765
-14.608984063478132
77.34602790525975
9.39897896501624
37.82698085348673
64.87125026784068
-54.454628677133584
30.60868937261918
-51.864986369456055
-26.816940779879943
82.7138442678226
38.35429818472687
-34.647291207124994
62.81492716413263
-63.45590896840646
-29.71655011563726
24.9014720077773
-16.459487631701847
-1.5389210770352975
87.10192745228088
-9.261649080918886
-64.52369973853347
23.939827439166166
-7.608717660321204
-63.586738473369756
68.00409661562975
-60.699635265710356
43.65221350703354
-1.0848923008154259
-19.38607441382956
8.487432859249921
-9.572819894388076
-71.98469973798517
31.04204748230535
24.432956259626536
-3.418662073008875
0.36732575862703243
0.6782198091275831
-27.148876434665212
-49.25907841055485
-4.5049794223056665
-30.49918364686711
-28.553465275510277
4.116109819196197
-51.801323751964084
-51.887814416199376
62.166410118578995
-54.353152090586
10.35964616819561
9.935709706482967
-29.13290854697233
24.681326178076787
-17.079318252514653
-0.6911001119139115
-25.613052353905317
-58.25284460067186
57.05917039362572
-48.86828055307762
-48.35970200365752
-19.183107315274242
-36.321758317930026
-46.143838935090976
-7.920392013759255
6.3352454820118425
-40.38127328566949
-27.455581012307462
-69.74842664396381
32.39413945771133
-81.73766838622537
-2.3746820077232798
-4.807980141375822
68.7812547426015
-3.587326322493581
33.57067124102747
17.784751823012726
-29.954136106024606
-28.458186645055477
-48.26795451584566
-49.05242137355125
21.42208080314765
-34.44707037833215
-59.16908598234561
65.60754350422118
58.457111370211976
6.495980783886921
-62.58488839747464
-39.67336621691431
-27.791313929280236
76.3452304411976
-6.190308607595327
-0.40310142458903897
19.487041941080108
45.73986227331932
-10.662320601555138
5.305173252291809
78.61266714701293
-6.129050642329091
-12.758896139034363
-17.14171264183115
-58.75928992672809
27.675712892927578
43.965795432941576
88.58074613355686
1.819743629176017
25.32586511890611
-28.534767302192932
-34.2889061883055
-41.8166340429486
-14.116358421963099
-83.90074685737143
35.78737438907763
44.126361844955426
-44.35949607379495
62.426299497274755
-45.982231165234744
-15.025372404131843
0.49650401751486584
70.51491766260636
59.91726359497068
-49.25363762242976
-54.6037329894052
15.57421593544234
-47.908114998943
19.710969567578914
30.182040623853055
76.03335349881544
-41.48660087155436
-11.390579560431831
1.913098086689061
28.013460623969195
25.168625640183635
81.25780920530701
33.33534872441891
18.353917679448983
41.010088587926816
-28.95656337671511
77.25633464933824
4.801292216125077
14.038838505646098
26.9542692228721
64.20373520155343
31.12391370804886
-3.8039236751615135
-37.96612439929908
-73.32302608213607
-36.43366855964668
5.997273576567736
-28.665584665813668
70.83576099922729
39.74586057053105
-20.437361445510163
-74.54748300393277
63.52192569257767
49.11545112157114
2.5947602001094197
35.754536438064406
-76.35795211260577
-30.882571956085357
34.14358349278288
-39.35429547886112
6.931740754786645
52.751768764992875
4.616572680112014
-64.61479179367218
14.644423497259893
72.58300755570338
67.692129868188
22.37962256691108
61.81386959399529
18.683091107271977
9.898735089544616
-51.26672717143013
-0.6090456039496956
59.00024324597001
74.26475562209149
-12.99401128887834
-76.51620846076128
-48.71097748396873
80.13003189651761
50.47301062612556
-27.856108324839695
-41.20040561601101
-22.994559760200758
1.0296621377064668
57.7841303538614
-23.310606862764814
-58.78925782093339
-2.4710873088941696
-5.486926912010773
71.4092564111728
2.2585569917246175
20.540349070451356
-26.402426921193296
63.889630585316155
-9.465382255534692
-33.89628445152638
45.244743392080295
-80.72807304568228
4.242044593032716
-41.04821704096931
-10.52684828468088
61.913075441129564
27.649317792783975
-32.58781169114336
6.215987894223758
-0.957742702360008
-2.8694363415331594
-53.51499373131286
23.583654178945764
50.93333029248018
39.65550598636074
-62.90515855375685
-40.3517262359431
70.7229342858302
13.730219329423932
-25.156391229079745
44.11731483023888
5.575895032470271
52.50930639191856
75.78826033332223
-4.664910299845417
-67.32254701648701
32.98952130649468
26.56336368222709
-3.515116121505173
81.13853983307374
-32.11537224351464
0.21624371500790573
-36.37764574168761
61.302534816420916
-34.10958870824035
43.01662232635806
81.96624875926258
-29.863261380177462
74.25546112389719
-35.587861144234665
24.443267153107683
22.37136674172487
-12.099996852162022
-72.1425650601249
-83.07206142371855
34.35016712809147
21.506657012759547
65.87159834065773
-37.66543685979221
-53.97738735290826
-70.26763130720343
76.48391248645356
61.95002185377959
-3.4775892123372785
80.87512259120584
80.61270824943719
1.572861229797553
-7.892767559442987
2.418838251701416
-28.499502323109155
5.460833057519395
62.32473902700224
52.14619542377102
-58.108860540875845
-79.23686853522246
-19.866628563128103
0.6815390460255202
-51.879571943375964
-7.35448066976835
36.147620883417034
-52.133012865911304
3.3878276715264946
-57.944094431594394
-4.942873454035023
35.040202118527674
-34.13597590649464
12.100841189698542
2.1192070766084186
41.97610612584276
-12.754318980845625
-19.653818687586067
-11.666702881721747
-0.3847145600642108
-34.08971930990508
-13.287428197587218
-29.24582824506689
3.535827216885437
-52.67290929020946
15.445107840876119
80.59574611430688
0.4580072331760192
0.7740305170704147
-14.699245356273508
36.549006120098284
10.11009896108422
-50.257500735107755
49.6678699109371
-56.6304913409652
10.1136198015556
-35.71940979943397
29.224333532821277
-69.66414614039473
9.803731707955862
-29.44277495590343
40.53837427176509
42.2917891390928
6.327715235753203
-26.283933222824572
81.52610711200558
37.94779514835557
37.58859427247978
-20.133779743465155
-19.43137722776001
64.20675075990621
-21.141395621010147
48.939479297935236
49.90819161974457
74.93306476016295
-17.23416598619265
-67.33181881532789
20.205685044654757
-60.68154246321138
-62.951270810156664
32.64149011599389
-18.56755079369057
-3.3754262096268803
-10.046631536312546
-34.88313037271137
40.40091917347044
-23.791254971149968
58.36127227916947
-43.294714864690974
36.79997541155143
-18.2249735452439
49.9389600831463
-16.39618867752506
13.279669999236475
3.4330440240049995
26.641240118995825
-23.009978109867987
79.87161344732175
23.074710338018292
32.54886338315407
59.384862622949214
-0.24754804222594373
7.260514782245735
40.51219779359246
-57.796294732528466
4.177597200418518
68.3801025606071
-79.4874499799727
-9.844183355419787
69.40586342859265
-68.97911307629624
-43.62163484665545
-11.131735423847516
-72.48574792972443
-38.0969636444849
37.275654534928606
-52.45576793919421
-23.31910282183057
-7.487674045469362
14.445592557899317
21.88406901317549
-62.914877083753424
-60.5537141327061
-75.77242983856705
19.957920944831955
-31.19820125449499
-62.058768495391554
17.77616323416059
2.9625632578394487
-19.002821176676576
-24.435366174987962
-9.116516101636932
-18.59249482776947
-51.8055939774301
-8.73898930019351
24.162890425364694
7.5226299107497425
57.398488945732765
11.930186978749077
-6.746559679000967
-65.8726812786683
-83.47652019113005
-50.002361944638864
-41.35157072179572
-76.8203171058744
-18.12482076455254
49.28953260493333
36.51189171268484
11.201694239603498
-32.81751005700221
3.5284373461681326
-46.40871486232172
67.63600620516948
-51.876742449157916
-12.490171795820018
44.78974663856272
-46.47305015591673
-8.761725838961866
78.55329821568205
12.669757872412447
-0.24628540460909676
-4.124147567114903
-13.087705319811803
52.532159748107404
18.460384405847435
72.21904908569971
5.463399254754464
-26.191984626021593
-20.76350314235799
-52.01342454884215
-21.36615247905577
-3.058134196191972
39.239192652237506
2.089910505821905
-71.69623490722614
-23.12277513691693
-43.8718178468416
44.49487048093786
-11.351966558166879
-40.27681544455807
10.897240540208088
7.3593631693413215
38.43214002929085
-52.17724086644946
-80.62326041875335
-2.9856103266359213
-23.417019203594805
-47.22782850593145
-62.31089150854565
46.635008841635994
-61.60345407087567
-4.4591401452049695
28.666792710396024
-24.855209821101354
3.008655100331538
4.544541977439565
-5.850396550335859
-5.283211222006074
-46.79033488253184
-45.33128512689369
-25.52880403288826
-1.8824738794585016
-45.831627592551364
20.377415564880025
-48.413127336342946
35.605718229785595
84.8507305750837
-5.303181497962811
8.505176681418448
-1.991458642618852
31.846541808411303
-16.128720087734848
-79.76942816980973
59.06303640130193
84.80507527924661
42.01116890351781
26.841785757917037
4.061295156163538
-15.087671432563653
72.35282883784157
-24.411491910331577
-82.4378322856166
-5.942762441316489
-14.192083883175926
-0.8623433323885905
-19.357998141030436
-13.802337600537328
1.0768623674361777
72.39563451705243
-4.607458632309587
33.14142499129349
54.039101289362435
51.74120941864601
-71.45388328089169
-26.845619728710076
-6.78157532236024
-43.588782964940556
33.115639539177806
1.3004645977945017
-57.48828332878078
14.034974059669139
-15.734514075970864
82.83328350021688
-47.60382908757593
-10.421063263779246
-0.8911139631808709
10.607675160803709
-30.04056165809179
-64.41320819020441
-59.89466789989597
16.89917665992624
-22.17055369896181
18.565480052638506
-16.36653634762544
-11.84711240661349
25.737876740623392
37.17440027997381
-7.025062553202858
-9.200989058514537
74.05436810579158
-44.1031346934868
30.569880169535338
-19.35834320017173
-13.36079970691192
17.910773301890984
16.550486476121065
85.29308306409004
-41.774231005953176
-31.146844878476344
-15.774622043018496
7.9379830020540965
-13.023777316427768
8.285117616922292
-39.28768069371906
-3.0292394123349737
-57.82228742880874
30.02990685469507
10.81936749568682
-1.8191241153718494
26.151869430723508
49.22777852213122
74.44261837908664
-23.820257009833725
37.96877002731898
41.85036288861443
33.36787995608975
87.54733080878495
-23.05833627481354
28.80545875229761
26.586325739761577
73.64055354505359
45.875636696236626
-1.4076318022073195
32.34971074799867
-12.412081603252943
16.814536221571544
35.34471983244168
-32.782291731125156
-62.96865735421207
9.723206118820343
-45.37787367062599
29.57551600341435
18.965045477816687
20.6964298868251
-5.256870720340004
-38.191658516172794
-1.4471151753472924
15.277897340571386
50.32187434145044
-19.018787600814463
70.50562719928905
-57.466364195315286
-29.61661899947967
-44.55747489524222
-4.577501526612522
75.52290450327499
-47.45989642181656
15.13944153712228
-47.50093455076625
-19.93666343411759
-5.446366496062467
-66.52102846949226
-58.601963927393626
69.92387428537938
-4.386890235145543
-43.694736036016366
-53.648898806347574
-11.373961988841671
-1.988907527110399
-10.83159082124611
-72.35528773126931
-9.615204347563491
0.4891998637004491
45.13224614048124
-50.78302377869884
-17.29174231190673
-82.93150321248417
-9.24666707335274
-69.98107347629058
57.23797232577425
-44.024935755742895
76.6321452270625
-25.610484431929592
12.201558138751949
-64.37584286230717
-38.803285404247944
56.18657673218283
-30.918435504595607
22.363093145011845
-4.784284844730493
-55.22796798792421
10.420915272407981
76.29073005453927
68.23256757535768
-69.86621843366126
15.013420069045154
-55.847364838751275
38.084053513498446
39.623417288132174
-2.0274309991700363
-3.988764336895045
-44.09931021709014
11.367871498057866
-11.234582677184065
29.259113275832334
-35.16576486403421
-17.32482110780893
-43.16399540329064
-27.28635683869453
-0.1871018656521244
-13.667577554808148
6.327773604436814
-18.377348259143517
17.936005384687135
-38.20384095096345
3.924310450959439
-80.16374787917519
-53.00000877532094
-13.857071549160011
68.96352636565882
-70.27857058518403
54.68081118465159
53.56010265152713
60.51028882315617
7.1738000181706525
-71.07030673140446
51.000182950723115
-67.1401654465105
-7.349546251500186
-17.1084464028974
-18.755509130702933
53.39970124450852
-7.073182288727423
-37.33229928733391
-53.81491321347287
-8.03106859640421
-24.66946210119646
-8.21269391558775
31.486009214937724
-2.934315709210722
57.82522397325744
-13.53392868934884
-57.01065706538845
53.549540069890526
19.22941417031845
-17.35721051985972
-0.4106679881514026
52.48018647288393
14.50951003989286
60.818979919766065
-0.07100190459514977
18.33137393617018
-23.99057779421983
-27.171733343695195
-23.817665122528297
3.909189870898345
-21.19729550935351
70.8967787913827
-12.477046131705634
34.95526378093376
-11.499538879176981
-66.5836436411477
60.90929218581363
-57.064297600708414
39.17999957254301
-50.013889435722064
3.503827365528281
-17.53753529762193
-61.874231230911896
15.09119376251303
-11.597945157240616
-47.589288326971044
50.35935916589071
10.375312236066137
57.02595155405288
24.98886661034055
-40.96448059268454
-54.40454779833708
-43.48488049264201
-59.936441909690274
39.78730528078236
24.94281458751597
-22.19086330310428
-28.74391531797329
49.70212401393084
-10.963008495058958
-69.53132200175682
7.078109889529159
-65.44731941331409
-23.403640066174432
15.701761579888043
-39.7194909299818
8.070201699876634
20.401780940314083
-46.080271181545186
-56.596450774190075
10.857063290201125
0.29015270559767714
-14.11591030012687
-2.5638009351321074
-3.42139973724953
28.858200889778416
-29.667168875672218
-21.25012473201079
8.47723190862692
28.959129025314184
26.99823597517866
5.4930695243204894
-69.67742775761512
-0.37248275378860285
43.21714846600534
-31.3435866138924
-18.64952202544619
11.235774778601964
-41.94162386469897
84.69580374490684
-4.947446070236225
-19.4627756438435
-34.39377715620465
3.3835705394187556
-23.56739923994789
-46.24785602015439
77.38845048093515
-28.593041392389154
-33.29229713994248
-9.495006518962
71.87182571474554
-4.138501894956619
-38.88127035053548
53.902818916966226
-40.95332131894656
-12.762727345836169
-37.1778508393403
41.64818869735578
-1.5558897504868696
27.7327414946826
-0.5496803198695517
6.884352029607669
65.6946837144531
-32.62218472219341
70.15451985616232
48.17163738385534
10.906816677644045
-29.390541512278617
-16.965229578557796
30.346816998616248
-10.275141678821257
-53.195938927727035
-23.529144341176377
85.08529432416756
-21.643667274888557
33.024377016907295
-56.18165940683601
29.909306805291322
38.33930657997598
39.49769205118906
-14.70050900348184
59.104624127424216
-5.722622146035931
-7.715317014307843
-36.348019085972496
-7.2368276499039155
-31.447344861263744
-17.698792959347458
-10.284624935712216
0.6773286263944271
46.45210567619708
-63.945978077393626
16.480537983215555
36.28288595128387
71.73283213383607
12.142778404333072
-61.06575047032306
64.48254028422866
33.51605227511993
-13.398411089208793
20.606934053479378
3.101366152195581
2.5712381098365995
-46.07774541621667
-79.43976228898488
-69.99622627722547
-17.43996483237892
17.698357747802575
-15.529737576367467
-69.56542893557173
-0.8421645058281513
-44.11756904045988
-76.30369460980019
28.80179815263716
1.046377341254825
-27.822196977439873
36.92745169367291
44.173895511338856
-59.459642394081015
27.6623820064207
-10.802262428717512
-32.221654233957025
-29.38626832032898
-41.509369258242884
-32.49658609913946
29.484076589529536
49.4987985428788
-70.0309822754768
-14.655965484622243
-1.196818803036436
-2.4916373214021235
-15.63762501399981
-47.89076075324451
-59.968830163748315
50.90465702053973
37.49660151872894
-0.13539365519363855
17.102014819762218
23.458088232181638
13.050323921804775
73.38757895061048
21.441384677066836
-15.507115412996157
37.056273933210235
78.62678120285503
-57.02315400751586
10.090243170208552
-60.4875274536442
15.917480546359172
51.57082268312027
-4.905631649476504
-43.62865938462617
-18.4169689460267
52.81083064680874
-5.9905248222951
-21.259171319873488
37.7658657351445
14.462171806605866
-66.99757308013886
-26.8853013752764
-6.688931892785902
28.457907737255255
29.370942104060703
-5.072042079601161
45.76743136908098
33.77685122738035
-28.998165697702078
0.04775778376125572
-27.749877398008422
-14.38152924589744
-1.8321816715443475
-30.539981780438822
-15.976893410896807
-6.887525159849702
-70.34170707292029
56.04100911188809
0.7818033027479032
25.95136082104662
18.007112313796014
-14.918085778286056
-1.1226680254440708
17.81749978583835
11.61536162160563
-25.189534833628088
31.463472058430597
16.030920514157856
-68.92302108244186
-48.29395628601028
-11.596209207561643
33.0715715917934
-25.129991281575457
49.70604665601351
36.760916015890245
59.15596944026447
48.635530111504096
69.80852479784932
-70.72918964174241
26.520258965260084
14.642070159295898
-16.487971086602357
-48.60879924583819
67.56084937434696
-5.977033950078749
17.09310333633084
-51.61136386887803
-9.801773068391839
5.401976934217387
75.34339514685036
-61.14903790815232
-13.00010088274621
-21.877770904748544
-19.706132748360147
-58.955130589499056
16.089536018277144
-7.351890984531195
-50.97555434521884
-48.158014724446936
62.40697926871658
53.54852422774064
-22.903992728380814
74.43697418569184
-61.11759079101254
47.87550642609713
81.49960270221851
-44.7706450603687
74.17848554788154
42.085063732210955
4.350577235032716
-19.498895962405058
-18.273150884834394
-62.64501589488757
56.370141638624744
-12.949165844774313
-42.64946169018494
12.272208525965752
4.688751186278566
-3.9781310299864714
-22.431512609917277
-36.808240701270144
-24.99812016190768
76.28424789825945
34.50368906373339
19.960666487378717
