24.83581390599879
-31.37434271884156
-69.7189508064323
-70.55284239875994
-49.08270100546049
-25.438413644451302
-41.14815406495023
15.76349370042199
-53.12963303745644
25.355054296584143
14.371445165570066
-23.554591991832723
-4.282685455827433
-11.60637270970922
58.68747179542163
23.447706212109864
23.96797038884563
-28.322015765505512
46.57472160579394
49.94036945891824
-29.792473125041738
73.23432897832186
51.2257979068319
-29.360599558739125
11.477087958577002
1.2425553131517546
-39.4971014415514
-24.05115572077075
54.33172161661966
-4.239674746205139
90.37560925829175
-6.542422602917441
-10.50357092516623
80.34415816783371
-25.736494855874156
33.41515227377354
3.0865486068023102
-68.92215470016009
-22.108602913125054
47.29818237421051
8.276334242707932
13.497089478133873
-33.76559897325973
-20.024720809670796
28.86406151865924
-93.46580582543514
84.2064816399785
-60.071752063893754
44.72058499849851
-17.58689704894121
-0.7354816910287667
4.538644171024686
62.23178794248139
2.8593257041349176
19.294559874827897
24.20894659871925
-19.939225238325207
-75.49521809277007
-1.1267259639007676
-1.8151724448521804
17.498119477422804
-40.23619162383909
32.98719074843615
-1.073472970209707
-12.627278324011058
-17.89610743506556
0.7294574920907024
41.802309435035795
-5.600970715183408
-7.696635591180552
30.101795895305898
45.766117835819585
-56.72070124474334
-41.39134959071009
-16.37871646304835
36.08859983789995
75.97560932057465
-31.743982843674274
-68.29605523599363
-33.94258044295245
-15.804498855966798
3.270233889107729
28.67441631401833
-11.519063859619436
76.6059024752968
15.743319477990497
34.988722989760305
72.78331167619626
-69.21413890269082
45.60894803834964
-56.23629505484175
-21.851029628924067
83.94766583303246
34.894356360912184
-31.215246067929996
58.90069679768649
-75.46854698592745
-32.20132367981026
23.42584167308833
-14.772687114725073
-0.6216065519770808
90.73552218699152
-7.319153409575748
-69.09048289408337
22.031805282980827
-5.612209299894758
-61.34994726606922
66.7714643723647
-58.70531685616089
41.91948694048108
-0.3782830032051123
-16.414434878513262
7.994382263706967
-7.845321624010694
-75.97169367253179
27.709286631841366
22.44540820215147
-4.353332267086671
0.6030550733561881
1.2342120796369898
-21.999476675252822
-48.71099498650061
-4.931554028023044
-29.52914439379137
-26.84879652328975
3.5174003457832157
-46.830243539592246
-50.93108364677422
70.32592427564185
-57.89931063763668
9.266768032914982
9.258490374210226
-32.54192837197739
24.05653838101823
-15.319630533653338
-0.49704495467987897
-34.5407606275519
-57.29109156831663
52.96073191674313
-51.02209718656853
-62.054121178495926
-15.290763289068366
-31.512741350531442
-42.59487592090315
-5.9963214126290865
6.171421919854211
-35.14938606262927
-24.46102419365799
-73.16142904274591
28.994043028374975
-88.35123562930586
-2.009934601963863
-3.3239295870022403
65.25541848493438
-2.233714998785956
30.081292042259776
16.13117486431237
-27.46018488761979
-28.068646016859276
-51.5774685403347
-56.99340769985349
25.436403851481046
-28.7193335093107
-66.66275585436456
62.06592326300233
58.15882284894812
5.339553954270642
-74.57267801802875
-34.91016736154418
-22.684683705850645
79.93620784933273
-4.600979208031589
0.1896150897573392
17.552736372668306
41.56138649409337
-12.853252771619609
4.669431037700235
79.15354873679675
-4.44652460347676
-15.349122620641168
-13.70139270495703
-57.83447791200818
24.6763790336296
50.080534916738685
89.49294175365017
1.4935121771298157
22.719182066824985
-24.53488513750291
-31.5460612556827
-44.369437435260416
-11.189777867280412
-92.36919764505431
34.625642434777376
40.43888574861617
-38.40639029889108
60.844083030397684
-49.733484290645535
-18.74912477994964
1.1135801448687062
75.16738498189142
56.261629434421764
-54.274272810207876
-54.56739270041619
14.6078381554142
-46.67732201745297
18.945011063538047
27.139351954990502
79.02348537866439
-35.93938391529881
-13.201112349822097
4.026882465211429
25.393352370400933
25.52151421695075
81.66210387693735
30.01309271600246
16.615800484807195
37.3359723466954
-23.406240354101456
78.48131206726009
14.487627205292611
16.908008321287824
24.004648916630956
72.42539783486527
35.328976742446685
-2.9233579206171356
-32.713284459895064
-78.43304128903979
-45.14137271184019
5.147747310281375
-32.37368957391966
78.51697445521015
53.906844548708335
-16.44688108212202
-79.005173815071
62.58824132388918
52.5652405769292
1.8673435971980723
40.2577020206611
-87.00292756495583
-26.097440231778208
30.553479285695573
-38.22425483863459
6.677740777718014
51.8285230071601
4.559184184426002
-65.05253843482825
13.297799252508213
69.92935240802419
67.7167952402668
20.606422259983134
63.632745018747954
16.630107169795835
9.08985934318585
-46.45571246187477
0.2263439093574391
55.28353455404783
76.29582798810546
-10.703820660618263
-79.50156790811899
-43.33247194480971
80.26593428265394
46.52038099679493
-33.895588839421315
-39.70817107118877
-18.48029705840429
2.389160529673788
63.94331729133887
-18.704026445531966
-61.82828989817781
-1.8212673563143937
-4.30943644504336
68.17536818771731
10.108689161718416
18.834918224911263
-27.682810530788558
60.06238772314714
-7.612348687263307
-39.924419211380524
44.166629873503496
-88.67222053671613
3.6997668436983133
-35.2399186317861
-8.112110794052768
61.66220357639
24.721619700950328
-36.529114385171596
5.677475804599567
-0.2711781645782878
-2.100377625658851
-49.480945281098954
23.333794786956744
46.84143136150615
35.827737424653236
-60.3809676686998
-34.774653895851486
79.47479686870787
16.14624741927669
-20.77091136471269
43.16448380367754
5.402484897530968
51.0496919756996
84.38199893027249
-4.3043762443281395
-66.6644739790795
29.828894063554543
25.128842748759567
-3.7711227765055924
80.30725644727752
-30.07552277103794
0.9658854553718328
-31.350104025357126
57.60057829874626
-31.456780464628665
39.51389107068721
82.15755086784759
-30.287244802643258
76.19521663113466
-36.17074564231592
21.764807893557617
26.2825190746714
-13.16385517967501
-74.46462146386767
-91.19836320343633
33.000588857521706
19.093998674087217
63.14058510145293
-43.697285700610394
-51.7256616528491
-70.59122789686657
81.02065623736902
66.63924356380662
-2.348547585050568
81.24322292221484
80.11792406786236
4.657426042550469
-5.906020954453069
5.250987334563092
-32.2833193845545
14.060547319931004
67.3101668607128
49.677214767594535
-72.0527201234702
-85.27356096856678
-23.250951266411732
0.5322549374977683
-52.13741109027708
-5.497997191490427
32.54285141603066
-56.97569011693672
2.5688136385140865
-64.39758470585195
-3.436197742534418
31.69006173646548
-40.823688190516826
10.642469618403112
1.3871899278601347
37.92698256096412
-9.938628723547552
-15.538141644440401
-13.497833312729355
0.09444799935849346
-31.367467775425382
-10.48489123420785
-24.653391500360485
3.462115203515836
-48.30438708203989
22.46948913790193
81.19524161814951
0.4303867403359902
1.1498278068887515
-16.71577605768752
45.632993707438686
18.495187205971618
-59.18492770481944
53.233883277136215
-56.797593989071665
9.408507626023237
-32.017468462333795
26.046591088872773
-72.0745322101892
8.999851654657064
-25.41955499718439
39.116511844974895
38.66934700229402
6.096199961498655
-22.085123598244294
80.22744617028471
54.534001675046966
34.264704461256116
-17.90424094956343
-17.689850895813734
67.78602726092896
-16.847027898879162
45.189011138539115
45.72586715130754
80.38600854782968
-13.72246399130546
-78.42300431572467
18.039070956908773
-57.60920285762638
-62.72543059480521
29.223512898399676
-18.07725881444952
-3.8100654402955456
-7.816810660917497
-37.40006087107429
48.9185209661791
-21.044762055359882
63.11640156228606
-42.05625769894426
33.4264839094607
-16.353762595073803
46.06823032380237
-19.651210358948475
12.227539543148382
3.706632272774968
23.719054275294766
-29.773511878418248
77.97619668870351
20.871557677915376
29.743522955449237
57.399272406071844
-0.054819685978372945
6.568773730958355
38.26303862743461
-58.24888878777006
3.5897255233842174
64.83812872346556
-85.63903064712954
-7.522567650073881
72.4630432721795
-68.8059288942325
-38.035060317996944
-8.854190460826644
-83.11833131291115
-32.6562828075553
39.68998095641044
-51.230513020580176
-21.155290155038912
-5.521159570143979
16.50049414598469
19.78370090087745
-69.48525927978895
-64.41793007653474
-82.34002156268384
17.624727244116386
-34.710474488023046
-62.95204853746717
16.163074277397726
4.538722228776521
-15.158897933035718
-23.227448355471182
-10.339374549743852
-14.819724416819284
-51.933788049691366
-7.548087832684402
36.9967272356013
6.5176322212513185
53.150715655823404
17.18733093435229
-7.911486675347888
-70.14215105988902
-94.71241473151515
-46.57763280113274
-48.724952222862925
-85.79660912353455
-17.6774644091671
51.34239682569475
37.41939039445674
10.248017705578661
-28.871159513039316
2.8990108026191876
-48.7008824064595
64.35555636616391
-58.32994568107846
-12.059996536489834
40.759316980475774
-41.36663387448744
-6.674932015091386
77.63501083060189
11.44180329060923
-0.13358269547084944
-5.068788893977555
-11.511083201371932
51.462079268011706
17.226863793954863
69.9262112451571
4.561313490314845
-21.09162024314982
-16.55838951136161
-48.51720505417602
-17.511943796742855
-1.957310573887554
45.95191780165638
3.038872418853259
-73.48017116137862
-18.390521288954588
-54.60046061077107
40.4237284452428
-8.74925264250777
-35.26125942253871
10.018093365854611
11.483807416649057
38.535189197986654
-47.04682434537728
-87.04529798260403
-3.0878665431751244
-30.461898007271728
-44.68556777916972
-60.485144484292405
42.45275642590332
-72.304981987685
-3.3835421264762715
25.535354864540665
-22.98076050026728
3.2884513089726255
4.656883119670837
-6.011720361157856
-4.331227083666434
-58.31290092173097
-51.83722530151622
-21.48898170676607
-1.1101705389866936
-39.85795388985956
19.803630457571956
-58.377559732568365
31.941527058590538
85.0580735215334
-4.241599323505326
8.033617165432588
-0.9833992827271203
30.039421804263114
-12.676650603280393
-84.82743625199564
68.83083769090413
88.71620291639485
58.35888595083671
24.00112770170813
4.242401292768847
-11.947202553634298
77.68893968027453
-19.690063997517825
-91.85245491306375
-6.707010847114418
-11.092924497489832
-1.29018153510944
-16.280254935973744
-11.069255453522729
0.9894659830983272
70.37007487671488
-3.533401452362895
29.70529806204972
50.39574179265708
57.563105724457614
-74.97290223760905
-22.657187060493854
-8.122519968213865
-45.56823914846297
29.62249370340446
1.8687937270526902
-56.14522572893234
12.780620622193027
-12.614026278209181
82.8931382367665
-42.274563587671814
-7.962036291624571
-0.07837977409469943
9.766086321680007
-24.51462998681059
-68.20455579697607
-59.52946179769747
15.491994078390803
-17.606087857061
32.460026737339916
-16.23957809470693
-10.520616522525785
29.482829379506924
33.89470075525247
-5.485403107614147
-6.9885770307766535
73.78035124731574
-43.92871725884471
46.440872257173396
-16.76690032180919
-10.731573210258048
17.153051773974738
15.710814893536181
87.19695272773396
-50.65309713852614
-30.565367341564468
-12.387189998326221
6.688188654146998
-12.713569781663296
7.003307118636869
-33.56921784779952
-2.0586521725157496
-55.13525300031091
28.335817505709628
12.01381154456611
-1.467782845208319
24.494368191754972
52.638869118468165
71.63792510481227
-20.29156161822233
34.20195506092841
37.99817101135113
31.604399660627735
89.14216949442729
-19.807604870909685
27.80472638147279
33.99344948938324
79.67629798724681
43.03574257699958
-1.6211225085825873
43.36406504242234
-10.036770470675052
14.88599717359152
31.76370338003241
-36.19818463838851
-63.87039911665648
8.599080607982373
-50.80175564323966
26.321039985171254
17.148272346721257
18.799480491807557
-4.509974361707165
-33.18452506373032
-0.9520063485212376
13.891826139500878
47.38713666480041
-18.660718582567014
72.79951640128954
-59.488906008065115
-29.02703497624958
-41.67905581246903
-3.1029535837647018
73.23918236794361
-42.286373562957344
19.54145755646654
-43.734687652823204
-15.777351917897363
-4.632901249125965
-75.14264657983334
-61.809954048183954
66.58204261791474
-3.4339370796149495
-37.69388647271935
-53.63944472230766
-13.125178996377329
-1.28983134598559
-13.113103660712767
-73.45856845004316
-7.506214545557285
0.6339270800628753
43.4079263524103
-51.528625880056886
-15.225622981899008
-94.66205998945284
-9.786351886720624
-81.41919704567246
53.03861660690413
-39.99305474994439
74.3899745692035
-29.616049477917088
11.00483610458187
-62.984481969519486
-33.827306494947216
53.372162913874746
-28.288950816631342
20.110235924266803
-3.5853147446587315
-65.41979092307609
9.323517717414433
76.09449503658365
66.21236314737075
-70.67069911772774
23.531717877694632
-59.23622620650301
34.45110662937566
36.19884485758442
-1.4016012950163343
-3.010263304887303
-46.08302195095076
10.398710665085986
-11.91377993587686
26.229298720472585
-47.20993369914048
-18.94722427127759
-43.20423271690163
-26.237242247207448
0.06992526706585522
-10.658015133059905
5.864382353048313
-14.49735654354464
16.370878390641423
-32.32373369890884
4.070688070897319
-86.75781122381511
-53.53238098968841
-10.889874139569216
70.44685794294642
-78.69207436558601
52.37949712739345
54.607387854967925
58.374713921051864
6.889958782738333
-74.83260010764411
48.26229132591524
-78.9458062378084
-5.456102839853699
-17.9903575083964
-14.827503444059218
50.270540797734554
-8.481330537824888
-37.6062960564048
-53.08176966756702
-7.236856055382461
-20.061608071048454
-6.306824805530454
36.36505358600479
-2.48174967093766
53.60705747183431
-10.66017810559606
-71.94618382651447
49.62430289956268
16.94589377420128
-17.95690681274651
0.33203099520422086
48.32013611569599
18.28331591585855
60.91928424153238
-0.014493267734792425
16.176937632666096
-30.712026571413674
-24.959644987749883
-19.020538220255062
3.754825376233015
-16.783767020493528
74.45049262839095
-12.290322725700932
31.302064118493604
-12.698975507136481
-66.6678200366257
70.13006685884008
-66.093602029734
35.35756338683257
-44.77398562773837
3.542665898369563
-14.038703151571141
-71.65405964336082
13.802370084853067
-9.04847730298468
-49.053570307139886
59.040232075691506
10.274088364194412
59.508463790001485
22.92963699614633
-49.810566555608375
-53.11915032498719
-38.13767218802032
-60.25157663363682
35.849158112310135
22.38850026122111
-17.704562420772703
-24.363636317425104
45.52859137959089
-11.659675126208583
-69.76735952571283
6.152812679769681
-72.55898734290497
-18.85005494620259
14.252167376530295
-34.49175222912485
7.6580952482921845
19.489653045810357
-45.393148283820956
-54.5424098697476
11.337164883334864
-0.23876033775101746
-11.486752715544924
-2.6694924812115346
-2.7520571321751675
30.02049342889407
-34.23271959353852
-28.179042877272153
7.716683487644858
25.816663119082108
25.082723473482204
13.773257060079672
-78.83651814585735
0.07616007968617566
42.78562199802704
-40.485173007476085
-14.858576228612748
10.34803058399909
-36.550738773357274
85.71840667966498
-3.406204711833226
-15.51804484829509
-28.42727173687163
3.6017993818539225
-18.796189079395674
-56.83435003062133
74.96933239087414
-23.725007649891168
-28.841312743520106
-11.414009749676524
72.15086239933802
-3.617187958399498
-35.673437940219785
50.11505710619548
-36.62074979043213
-13.700574072986086
-32.67836628315574
39.41953721392309
-0.9654134499736955
32.09591332625894
-1.0168251419485443
6.630701307385422
78.00307263096946
-29.154207602119556
68.32526872916205
57.0218023680043
10.07016655381915
-24.152038493764877
-19.9316893898811
32.74837106982244
-11.80591281591748
-67.02668971188592
-19.724742586110594
90.35707036426913
-17.206277439508938
30.79346603763139
-58.411035799429335
27.102369200962457
34.47646584676605
36.56674163112871
-12.42241956214761
56.69106088805202
-4.030257870949825
-6.316376195911644
-32.07206992120818
-5.430686294958349
-25.818698693915408
-13.990621266578714
-7.95234434699897
0.02858548548793749
45.754938054915925
-65.23275098635148
15.363696868564048
34.11927285706716
76.3072576706351
11.173317563001959
-64.84817647465738
61.62423917447046
29.98349761904717
-10.50631819020036
18.74063887112031
3.0765276827665105
2.781416669333126
-56.46357072510016
-90.11968326505932
-80.13761016312488
-22.34863280298029
15.634052568983378
-15.219610724535798
-72.36003411549774
-0.5550827324124299
-47.042652973766266
-89.44847650584595
25.814366057834306
0.5195791549830915
-31.01549568158258
33.6903911397998
40.11888824177734
-58.87368952925333
25.00460574183066
-12.63795942946048
-26.668505137029882
-34.957073188091115
-36.99034176632684
-27.080009270291157
43.30432810504362
59.56270823511829
-78.5291748885252
-11.511887896533636
-0.7309931352864965
-2.3193853170087095
-12.283744958106936
-42.121888020228646
-58.64050855934808
46.908516892394005
44.5741088560753
-0.6695677782476679
15.18199204727712
20.805631692491573
12.272591278486914
71.36626261728668
19.158179789000116
-12.337592056356954
33.385823792781764
86.85869328857035
-53.09217881640362
18.029104668551398
-75.5565249718588
13.864344181812996
49.63103649334684
-3.7817122208021345
-38.42865450194097
-14.89221165507324
51.9863718051962
-6.371607001666277
-24.196959222207767
35.140469642518696
13.212415130205244
-68.73550750905511
-21.64804382428754
-5.529161689368593
25.453578874541577
26.22405335114074
-3.5055582851088047
50.621964560807754
40.47713541473291
-29.713674197441435
0.0685811305191919
-31.314927097821652
-13.827278576317298
-1.7090176459708033
-25.53870069608469
-13.23169055121663
-5.008631462459206
-77.31820020223458
61.110049545483804
1.45023692309573
23.214797885294928
16.338216615409337
-17.930156488210315
-0.2078088061929293
16.632836626915477
10.53710012643728
-33.34165912261055
40.39672192804201
17.953472310387994
-71.54057646355292
-42.699500566300834
-11.968173979864034
45.988167097579634
-20.658251795570692
48.7143205407111
33.21795612370133
61.513603329585834
48.30340862897987
69.738399775539
-70.76049381718178
29.91314618560682
12.75950021991656
-13.227521234583023
-43.55217501665322
64.38125413077339
-4.250398589586609
20.426351630553654
-52.83822037130014
-7.478766331346662
4.761557094440619
79.44062393740771
-59.402597733533185
-10.54630969941546
-18.49809880716846
-15.892752662383216
-62.50926551686212
14.108109527065764
-5.853461663195347
-46.03439998861663
-43.576118530057364
59.618766845558184
66.86885795215079
-18.434720025906387
83.22325065928115
-60.05622573426139
44.13705805732093
83.26046179800485
-57.52978641574882
82.48188952791907
42.896901852344115
8.927987046285864
-17.481792698568498
-22.065223376649612
-63.03512376892927
59.39260690729495
-15.476926135914454
-53.078943874791584
11.227726742269255
4.772741104326897
-2.564385278631619
-18.202895935587534
-49.008571828414865
-27.37141201400074
78.19706092296187
31.13503526339815
18.22887028132112
