27.948847349429002
-35.19045428245802
-56.5328535749613
-56.12612502764054
-40.72890464839944
-29.896578202660265
-43.694950224967776
17.67807986130137
-47.98975929225527
28.290902413866533
15.790985518612402
-29.07382241608053
-5.998909404677633
-14.894920806386367
43.576997947646845
26.4995104701176
26.771304155016765
-29.740994679753214
48.60170321630136
49.29225758428049
-30.826273866891285
74.53442291124747
51.06727235299496
-32.39797103759477
12.513657915202842
1.091293392552771
-40.958524228161046
-29.087467658801756
58.24983324579918
-5.993826285702028
86.99159322054356
-8.256242625764287
-13.423604403955764
79.02430431166763
-29.358528803613368
36.38848482646159
3.164797939106222
-69.24813110715785
-26.138775081363477
51.30311377000257
8.787054814824586
14.942977253151113
-35.10716143205614
-24.94447994205072
30.192665456761006
-83.58365158314945
76.02117543878293
-59.471439728005585
46.12212906002429
-14.644720317271066
-1.5233551443806306
4.432647105374329
64.76369075272655
2.4314015377877354
10.510407792336565
15.681485911747288
-20.489006852884245
-73.05024708482445
-1.2903111734484014
-1.1345166180879431
19.500123853802606
-31.56938506876118
36.6541079706391
-0.6784247693299079
-15.632373616430101
-14.470028328566471
-0.010841111797390113
40.03046978237103
-6.9097492353705405
-10.145076645902535
33.36329428705545
44.9746800643081
-50.35755355126383
-44.93541317719341
-20.296041573470717
28.9962568928229
74.59093372181266
-36.329030495239735
-55.67447867453501
-38.910949199060894
-14.82174660279054
3.5909574766097165
31.651236623323342
-14.648450048254361
77.40913770581136
9.333809573266251
37.82825204548877
64.88920617790663
-54.44650977068229
30.567185044101166
-51.81375671876741
-26.892807893020716
82.77334124532749
38.382005603906606
-34.62548536717451
62.91974107960752
-63.4163075164001
-29.695441609397335
24.8817160913906
-16.43990732170529
-1.5391805643136536
87.15987338338147
-9.263173232481648
-64.4667174824414
23.927479651077533
-7.639208146052383
-63.605718795496664
68.04418878563018
-60.69365884445062
43.64406918286633
-1.1232502199457315
-19.381861040734236
8.493436843420639
-9.566936109558867
-71.94714370242451
31.124203946862878
24.42190306540695
-3.443208912552393
0.323283502852874
0.6554823809610042
-27.241496023819053
-49.207413142438796
-4.5071605577032585
-30.460106606474426
-28.517927490188114
4.082924708583818
-51.846900367540606
-51.84061286474246
62.180860025267265
-54.29700902003409
10.367033099423281
9.941385892542712
-29.12080539064995
24.656579047269346
-17.059268276693288
-0.6879250823945995
-25.677733373749135
-58.217976320455
57.156069730986246
-48.81410460680448
-48.363505454876
-19.248403053329113
-36.34176709078948
-46.126900102302734
-7.983834968040995
6.337364527961583
-40.417460298298465
-27.43391492060063
-69.70678239285736
32.46523591080046
-81.73274183962936
-2.44968488834094
-4.81616618166025
68.88727870396826
-3.60700314955713
33.64275724628993
17.78784003882329
-29.92251300465165
-28.42245325806695
-48.21775710848051
-49.02318406367082
21.387029999784744
-34.528558479841585
-59.1191883167334
65.69934093312227
58.46633905265918
6.470992670579491
-62.54669553967001
-39.688716247217066
-27.87060005866519
76.38093955936989
-6.2495935303022065
-0.3998677976399563
19.50793670751932
45.849833787070565
-10.697626025906231
5.290715716814617
78.66641813608382
-6.1754504976129
-12.790081206900012
-17.1810280142234
-58.72545316770473
27.74062075596852
43.954333844244104
88.6574300325085
1.7705694052615115
25.355706284493223
-28.537898784259184
-34.256164798499675
-41.77299254482989
-14.14282475125762
-83.89059447434964
35.76863276047297
44.16401068948349
-44.43601820123347
62.45430809595365
-45.93729358261226
-15.083832616097965
0.4975483962446816
70.53914376875264
59.99023247010106
-49.20902847218047
-54.5527350712377
15.554471491080463
-47.8600841289872
19.687268800824796
30.21306419449874
76.06958676957532
-41.53896542107805
-11.406559245099729
1.8551371250001836
28.01936484507361
25.141682967157337
81.31999297437989
33.373977286370774
18.361354137931286
41.049420436055215
-29.072111865032085
77.30195444338258
4.699980085776389
13.999202420326625
27.02087598994349
64.22109360312413
31.09810020014737
-3.798275450540217
-38.00558006506413
-73.28215872514338
-36.44425069413674
5.975336828910244
-28.65731706827937
70.86203305664
39.72633132161707
-20.49100403525759
-74.51791617021807
63.546505639576395
49.10792073588962
2.541197343503711
35.73323489716361
-76.30737691532265
-30.91548002069446
34.24140892918001
-39.30710914611866
6.935843978973992
52.75297525322023
4.587172567982435
-64.58391140636738
14.662377719530738
72.66802961055143
67.72052336999494
22.36636531092094
61.82437436854963
18.722246064326967
9.894967214900959
-51.30325368293655
-0.6296287806665646
59.07308884927784
74.29976863206144
-12.991468845205162
-76.52318091848181
-48.76449135241504
80.19157448591147
50.536129943757516
-27.873169113387632
-41.1538471138688
-23.07376664936595
0.9762667586035434
57.790375516174606
-23.397475304510877
-58.7312815237201
-2.5331032508781277
-5.481506982883147
71.51179028136164
2.157805591980406
20.528899676840027
-26.378661024881907
63.99242783568812
-9.575820890883293
-33.893662049696644
45.23509016213109
-80.7009536129843
4.211891015417578
-41.116120703247766
-10.597628636095337
61.92937358742475
27.699325425521607
-32.57173122190771
6.20457671990188
-0.9955088528561902
-2.9307405351900684
-53.531344012824846
23.557641503336086
51.01174692331341
39.72149469185803
-62.92773478541165
-40.406402462337546
70.75005894740391
13.69209458330947
-25.195398261186554
44.10577149977803
5.570808158406848
52.513222985745756
75.82254833361964
-4.658492663023679
-67.32799304760022
33.01220273030029
26.542953713469103
-3.515519823176021
81.21470069543042
-32.07785016352324
0.21231986608728448
-36.407965783166226
61.38417743438049
-34.07589104061046
43.04328021267389
82.03242382979317
-29.828552215451225
74.29075455059399
-35.545409370667905
24.49960625286262
22.33749395604093
-12.100654728816622
-72.12548898016338
-83.05915524465107
34.33135380916909
21.557984310942615
65.93205999617388
-37.652365683115704
-53.95045004406705
-70.27401028220402
76.51872770139374
61.96075989006354
-3.5244171351380658
80.93657523974747
80.68268827064608
1.5052338517890433
-7.9454179359046435
2.356244106442915
-28.492356365630414
5.36912726961225
62.336242676823474
52.16006526456911
-58.08805917125496
-79.21929413674948
-19.880291622984217
0.6253494021615325
-51.82528058863927
-7.4110439174724405
36.20483946167215
-52.08313944273395
3.3403058195018787
-57.89222514069004
-4.951441422346193
35.07009100981881
-34.13802797079038
12.11466823150569
2.0600525646308228
42.09344095202468
-12.836649927037143
-19.76475322390513
-11.749170368169644
-0.4264798709076558
-34.056867774850126
-13.399552145671322
-29.274513583665808
3.5148295545145203
-52.69761188021004
15.391553416060958
80.65443302132212
0.40383076491058034
0.7419300459142306
-14.708519525693276
36.52778177116801
10.036294406202515
-50.230809117305746
49.66110240844711
-56.58067576812306
10.119016545416088
-35.70281854618562
29.30141341655343
-69.63177406757673
9.799663513650302
-29.444447921740533
40.524829664466836
42.325583083810955
6.326905237854817
-26.3041752448037
81.61102233761048
37.921179519798045
37.608788368923655
-20.11306938625424
-19.40772668488472
64.22051563351766
-21.22937887960319
48.98524823874445
49.99977038932113
74.96471252119284
-17.281719252419094
-67.28361367593773
20.245571787941813
-60.70554497634502
-62.92271864701087
32.71239045125145
-18.544985201193256
-3.4195051852613005
-10.058426173146927
-34.851729919935394
40.385554662614595
-23.77140266373881
58.36692433314715
-43.246259020029356
36.82513925394835
-18.203956938115056
49.99452388155299
-16.422020640377255
13.26525729613067
3.430113555840691
26.707396724850256
-23.060613580124723
79.96323736222959
23.07944927849465
32.551704719631516
59.40956840699957
-0.30133944864215323
7.253718293807054
40.50518702029754
-57.74625513701223
4.1597662567811255
68.48518182596328
-79.47032215977278
-9.869373710682453
69.42888684979167
-68.98624927529016
-43.67657166788388
-11.243731361384533
-72.43336898896472
-38.14668228826679
37.25516831126876
-52.41173285287706
-23.292810259983597
-7.511523806216658
14.40959313194061
21.889873449265465
-62.85885348198333
-60.49562863893864
-75.73154209029624
20.007547468565036
-31.18199985217764
-62.01408626001791
17.773318831060493
2.9125462308147974
-19.064008288523013
-24.403766685247902
-9.184688242075481
-18.651508320208038
-51.75177058751352
-8.728166185901813
24.110643035403868
7.510499405967835
57.520505085618
11.876675306033093
-6.761776343950672
-65.81757252279945
-83.44201920558403
-49.98964448934906
-41.33799422296694
-76.77269012879081
-18.103028524296576
49.28135533302097
36.4905589638409
11.195006530628987
-32.81033863229368
3.4881576886150185
-46.35753131175756
67.72371075046087
-51.834147629801436
-12.47559780701377
44.862796558634926
-46.50834286255708
-8.775939247147718
78.62266943679899
12.686950461476798
-0.28808880767996925
-4.15644336232846
-13.072669542230656
52.53371688172237
18.44169451051357
72.29244397481293
5.434963553841484
-26.2942386591789
-20.844590664677213
-52.00803161330855
-21.395601350911704
-3.0579882884149896
39.22217150099294
2.043906714172792
-71.68477636069434
-23.240398898950687
-43.872479223054974
44.577788158299114
-11.391528780292433
-40.302802420047065
10.896171562979248
7.301502660741747
38.412731648712
-52.23171595564313
-80.6114686492495
-2.9843264176182345
-23.469340290878264
-47.19333633385755
-62.310067273145485
46.73630693708773
-61.56191738874537
-4.527105862016697
28.742912666129712
-24.8248817533309
3.0104724257039948
4.545055312963257
-5.84762151587374
-5.275949468266134
-46.78703341991835
-45.302405484176006
-25.54417620552924
-1.9285671645369575
-45.910974866888125
20.352563408814788
-48.39664876790334
35.69215113656992
84.9246500001955
-5.3868474330684535
8.510570244288445
-2.02150419495068
31.82976735593556
-16.214565679553417
-79.77016064870298
59.07488294315624
84.85738304528974
41.99416187775819
26.888937120796356
4.059873811608014
-15.12442695118689
72.38014923600522
-24.493277553756585
-82.40897480460512
-5.949387797444629
-14.271321780086609
-0.9486120530430213
-19.357477368874726
-13.815750845696684
1.077103180712399
72.46346693519155
-4.678100881928017
33.206508904192646
54.09076474634287
51.739145980611596
-71.41825910627887
-26.862790634633384
-6.819904404667213
-43.540197975725626
33.20135322236084
1.2994827842480703
-57.456592837466815
14.050999985759532
-15.75925437756986
82.90323840895618
-47.65196239710228
-10.46569150642118
-0.9188902590235557
10.592116302740493
-30.13875819511931
-64.35754603183298
-59.85699903654091
16.887528962693338
-22.285360596542304
18.493710032828815
-16.34882482958473
-11.832456861600761
25.70743560028336
37.19268708978012
-7.10705498312214
-9.258946075613068
74.10228544995502
-44.05111772235975
30.526281604943563
-19.344654515533108
-13.37109616262859
17.88758967688004
16.52860813537481
85.35471141398475
-41.769427536781215
-31.107248689326454
-15.861557371907509
7.9240072596339814
-13.009233599756953
8.273478110963225
-39.352194094089654
-3.0802862310308115
-57.818651104930275
30.011759706678347
10.784464825965983
-1.8868285650111005
26.133658663375442
49.2203522888621
74.54028190740075
-23.820102963740254
38.04036702048444
41.90677275479297
33.351240856560935
87.61629625002385
-23.051372396492155
28.782800611264122
26.55168508490199
73.67011239049714
45.884298019960085
-1.4086585591798553
32.31939583933908
-12.415318227869605
16.84942021524023
35.407979946602836
-32.761651336853745
-62.92644835455407
9.725918084050932
-45.342673617190364
29.664204247652748
18.97447856696631
20.693879872219114
-5.358171754460329
-38.21851680401521
-1.5025743332017072
15.290453106934535
50.34045966662595
-18.996197471755778
70.53193058823462
-57.40935008093575
-29.578933100640413
-44.525772999292464
-4.6104083214429465
75.60866441557664
-47.50036431605681
15.09535365472243
-47.49156998450074
-20.043900365520415
-5.547308164333714
-66.46709841664355
-58.54388056071822
70.02502689483126
-4.461549242792344
-43.77386722228283
-53.59683570840089
-11.388626079775321
-1.984437025098785
-10.878832305093908
-72.3624697506907
-9.702966450333406
0.4426071857706404
45.12598305875329
-50.727355278926574
-17.274138809108194
-82.89290345782463
-9.24475140010722
-69.93134563335761
57.35001221779106
-44.0177805483815
76.72092956656891
-25.61350597303162
12.21725334203171
-64.37766173688127
-38.828180054158885
56.21676863743201
-30.88728474883665
22.3839386427465
-4.8492780632259525
-55.19648213359418
10.428615135317685
76.344428848989
68.28530553510276
-69.85929352261631
14.952857549910249
-55.79001834909449
38.129417442893555
39.64692144681007
-2.0842337218669655
-4.0551496911434555
-44.050065274891345
11.360986125868763
-11.231543574371983
29.300731317320256
-35.20647912491729
-17.32211416336527
-43.112401587578766
-27.251156766244122
-0.1837162410080424
-13.727586471985973
6.306045982853121
-18.498876797959596
17.927924518489178
-38.28149686890024
3.9177944553182584
-80.1463466474633
-52.94514289656116
-13.96136864281543
68.98859657640867
-70.2237053906791
54.6979467751697
53.55785807296766
60.5402667956659
7.1776360900831975
-71.03086782744005
51.01615457499898
-67.09438802109614
-7.400113429586824
-17.097977669629458
-18.850526586670952
53.430267814037734
-7.111036449185718
-37.286704513239265
-53.768147425518066
-8.020219106402266
-24.733458510364002
-8.218840087785154
31.46027942243623
-3.0133613500225636
57.943243440514294
-13.64317766896042
-56.9968090045745
53.6175674898214
19.276725999645606
-17.343658330365642
-0.43619671210436195
52.57070593379629
14.466901290669142
60.83141615437381
-0.1283766205103234
18.373875224251194
-24.033826047959465
-27.14074130023893
-23.925537789534488
3.9097156811039895
-21.318040126968754
70.92210777066163
-12.463955974754654
35.059138155833665
-11.593963619715126
-66.56842353040432
60.92315991261333
-57.023844264636686
39.24986554234809
-50.06491109070089
3.4872213213358094
-17.577552311998033
-61.828759557041465
15.08163808127351
-11.68642909725071
-47.53509429458007
50.358023627802964
10.348951436102212
57.02843472172776
24.978882830741455
-40.96183119901293
-54.36441853845099
-43.527317054320626
-59.89165662290373
39.89496717202522
24.970062898372433
-22.285700919619913
-28.76317705630113
49.792045429466214
-10.960614871343594
-69.53358342159065
7.064019564595668
-65.3911540334023
-23.48052655855149
15.716697280363718
-39.75581705092888
8.07569724038764
20.378822477515072
-46.0289281386763
-56.57389367827512
10.826505279911615
0.28191092588699007
-14.121319088369532
-2.5628015582288413
-3.4967972164635626
28.831924232441423
-29.66403119146773
-21.324237256943945
8.467749513124133
29.03274817822735
26.98315498692267
5.403479221594949
-69.62327568214914
-0.4156900657327327
43.20314133284961
-31.3770568865813
-18.710343717017466
11.237720212113516
-41.985604680664466
84.76192423514249
-4.98035473545761
-19.53027712021003
-34.496002270524976
3.374901320798159
-23.677802489152143
-46.24076256590877
77.48493359312985
-28.643670410335687
-33.30208068411825
-9.528619167879526
71.90930946408011
-4.232860646534334
-38.853417708740984
53.962197707559795
-40.95315382395878
-12.76046335531909
-37.184306949521314
41.64211504841856
-1.5513631296648072
27.703543482635936
-0.6331594860373855
6.8883367160005236
65.71853747718075
-32.602985024949376
70.21042893108438
48.167354863524
10.917782111180045
-29.466380856004065
-16.982998042286255
30.320929342898864
-10.348099650283757
-53.186823878523036
-23.541929629903905
85.13537099909107
-21.747269841862675
33.01286618537887
-56.12402272744089
29.919167319682487
38.44959717954097
39.50192730783198
-14.69208192268593
59.135140278358534
-5.749117436006031
-7.822621492070908
-36.34728864139724
-7.244722763197714
-31.541643251051767
-17.775430547915988
-10.302764278591113
0.6629435011695364
46.44270403276289
-63.90308561493518
16.462131421144235
36.27162483615203
71.75914298539391
12.150968957524697
-61.00780176709091
64.5413495236659
33.60661031950431
-13.433726033696018
20.602792794506115
3.077757698019326
2.552429119265284
-46.06996503712181
-79.39418269608942
-69.9436209509455
-17.515244175637847
17.737666488928383
-15.512043757919145
-69.52854823813615
-0.8994849698251528
-44.071930806561625
-76.25474583709034
28.842809854346314
0.9811265690728419
-27.811370040908272
36.94375937860522
44.25493802357215
-59.423422576408825
27.672866304644813
-10.821314023388439
-32.3026571356568
-29.393389913454456
-41.515683667187155
-32.56454628210719
29.44245502268437
49.49708051363646
-69.97611356796159
-14.70548875041706
-1.2503018871571072
-2.577048649815765
-15.734726761258557
-47.962434708653106
-59.94574257681612
50.97254342374646
37.47737602202139
-0.2157609712864712
17.137168554413037
23.519167878199184
13.030167896692348
73.45897271083916
21.481881315454302
-15.540103278071157
37.11640203081063
78.66505304967464
-57.053443629534186
10.018689401377088
-60.466067971580614
15.950195827167647
51.57697549168029
-4.900680517135029
-43.66413696976011
-18.44786329495456
52.81168318340994
-5.9904672319833026
-21.262675842733515
37.76239232799952
14.454341488557375
-66.96090872324613
-26.99406967767638
-6.791926190519334
28.50896901778347
29.437637007305952
-5.085710739565528
45.757170456581235
33.75295357416334
-28.96629720871009
-0.009583597032602142
-27.742648408405273
-14.364088386141248
-1.9102801669386764
-30.58832960486731
-15.97793629963759
-6.913847908429943
-70.28712616972932
56.04378878729071
0.7715836950050488
25.99435203779919
18.008644432353506
-14.946646943150952
-1.1253137544661769
17.798722229907384
11.629074804062498
-25.24588645688425
31.434350746493948
15.996630005161663
-68.8851949513474
-48.357268446434745
-11.589095657413878
33.03978682422127
-25.17609512640631
49.70245569716732
36.80265140163348
59.1617232822982
48.628147530436905
69.8429621412339
-70.74682488867087
26.490870271462384
14.668066021562424
-16.5168314220236
-48.64700551224952
67.6437610881282
-5.997038767322138
17.05522052528991
-51.554961466613584
-9.828456419604763
5.388928692707836
75.3764974748913
-61.13979468565679
-13.00363817100964
-21.878906243188837
-19.74987941689804
-58.897004999632934
16.122725082153252
-7.347496912761784
-51.01652239283973
-48.175782601868285
62.45619884970196
53.55451240570682
-22.978356973763226
74.4694556934204
-61.094654896341254
47.918990155237736
81.5528363299899
-44.78044213241592
74.21018356188728
42.06865070429782
4.2810414307826505
-19.47707906713309
-18.299984400892953
-62.60718557578255
56.371813640715914
-13.03053711591015
-42.65199004970779
12.268402960435168
4.6905107452182335
-3.999957874635925
-22.483526318178278
-36.84306025005991
-24.98635596522898
76.32428105908443
34.53883202765945
19.952108332324187
