28.128718040872897
-35.20003212365506
-56.449421634835474
-56.05054565767375
-40.68598576362852
-29.960653050438864
-43.66034677715254
17.787207178047368
-47.897849520580145
28.40397960056825
15.828494406776727
-29.28567548696323
-6.063348332300734
-15.067905712966905
43.4849863527603
26.688570245213782
26.886209619507653
-29.68517433295814
48.61013246222072
49.2558216828796
-30.76559340504093
74.6062314130105
51.03917648643508
-32.37510198742804
12.57697631657659
1.0436230182716741
-40.895663009617586
-29.221357252478427
58.405196110495126
-6.0224240098612825
87.00871461915153
-8.42901822473651
-13.627399576448838
79.05024952326494
-29.365433265808974
36.43303643640044
3.19027092280443
-69.30408506370665
-26.1847559070997
51.4466504720107
8.835258247527847
15.027153323432401
-35.044758926183576
-25.12998780573126
30.1673805443929
-83.51771390913106
75.99263983206049
-59.40587080788295
46.11019796901047
-14.680940326605082
-1.5779351426154875
4.375096601006561
64.84352255986732
2.4502419314938777
10.379297525643892
15.562532053553142
-20.444113528751586
-73.04551531529799
-1.2680874834588138
-1.1753197481507414
19.599547216454738
-31.58077250859573
36.80053374064741
-0.7343886523732266
-15.666680873346152
-14.543268450287954
-0.023891483920309042
39.972977441452656
-7.083525782306012
-10.233190411083768
33.46109293040848
44.930485285999254
-50.263520300482995
-44.94254571609528
-20.38940065641252
28.903690404364724
74.60393861892126
-36.38636331469991
-55.591693378613236
-38.99688374137586
-14.805416467667044
3.546221786074028
31.71970266481935
-14.724458061978027
77.4759160166131
9.215556005686508
37.86079066335864
64.84471907518136
-54.38000654771854
30.449037283113086
-51.711058633597595
-27.058432920688077
82.81143082355027
38.474476166118194
-34.6159298008028
63.115284084713295
-63.30456770806387
-29.647809433980868
24.864238490170308
-16.406754285376465
-1.5190883440332499
87.17531993997224
-9.259301962906932
-64.36093648313039
23.935227581401236
-7.684952283347087
-63.682965554070016
68.08995650821072
-60.72310602087295
43.63600917926357
-1.1709936473103113
-19.385382277601977
8.542158739761263
-9.549866734676755
-71.88637881216742
31.324943828047395
24.43342793220046
-3.4825329696782177
0.26742901952053444
0.6393564264525509
-27.437909417483667
-49.13434151667984
-4.502335886993265
-30.399235028617653
-28.466605858745453
4.0522553654021465
-51.98282777890526
-51.78088326543903
62.131783957663544
-54.191709360161006
10.420006765190891
9.989480588562657
-29.08475129380136
24.616213251035774
-17.02619081748236
-0.6643716514725497
-25.740022208666375
-58.18594191476726
57.350750087582156
-48.717477460085014
-48.31982377804141
-19.38027663524825
-36.41822365915518
-46.137035492577645
-8.089677075780287
6.375771779562797
-40.529296516027316
-27.41487178110137
-69.64066334559033
32.64627939002676
-81.71994535956486
-2.566677096279477
-4.8160966556003615
69.06887146840756
-3.6253497719184935
33.82514445631605
17.835216167820207
-29.884519165205788
-28.36290242683954
-48.1209843621128
-48.94163320201391
21.30063828993589
-34.71708673469055
-59.00645171198715
65.862594021321
58.46072146449754
6.4580676337161975
-62.437319903049364
-39.75979112346474
-28.044166642755073
76.3750132404405
-6.344608962174661
-0.3725380080305456
19.594563867848393
46.08904785720489
-10.746918260026263
5.274950758455958
78.70607136057592
-6.247058670246844
-12.831000259302058
-17.261798401814872
-58.69541864955073
27.9109680560762
43.88348584754826
88.7147689670146
1.7071925673465103
25.461130249301405
-28.570933884562365
-34.221615866117695
-41.68907794902993
-14.194167029331979
-83.85918054436405
35.74025393950876
44.2686175539244
-44.626854778834705
62.48951309515286
-45.84637581812807
-15.156801730638946
0.5233463631748805
70.51470252469531
60.13189651706034
-49.113502116798415
-54.48142003281369
15.533261788911133
-47.7976677759445
19.652723681414855
30.319573854086514
76.06821650768691
-41.682386956378934
-11.426054223935267
1.7574482363202577
28.073187388807852
25.086371510411837
81.37029828493473
33.4937140275718
18.41903564200784
41.162363852448266
-29.312878194926753
77.32543407058222
4.546621106497554
13.914088175229125
27.193991733973746
64.17497984884051
31.01942588093854
-3.7723943365879933
-38.12101363180641
-73.20924719696362
-36.426614176630636
5.967910179368914
-28.626608622260463
70.82715755120611
39.62917562612762
-20.604294317070412
-74.47036668237263
63.56819379962528
49.05288139208716
2.4704867183782966
35.657918088982086
-76.18780557594359
-31.008992326846453
34.46881629356383
-39.23884888300757
6.977557193663898
52.74440056158792
4.533630897077771
-64.55385252355205
14.740351686458368
72.79722570515665
67.73575031273228
22.371345287923106
61.80133934685554
18.842017623264425
9.917905770808431
-51.42179233560082
-0.6440744079354914
59.216866233581726
74.30421179904565
-12.986792507126935
-76.55080941204326
-48.91485981454328
80.24456416900412
50.68024362068758
-27.875844147128106
-41.09074630568212
-23.23819683035464
0.8860770898824342
57.73908797780149
-23.576274785951142
-58.62902755943366
-2.6264576576590883
-5.458458769128399
71.67903641172148
2.009257563715181
20.538977817670187
-26.331080088351385
64.18137295759038
-9.769120707649137
-33.86352352387549
45.2151349710077
-80.64087703953805
4.187091593277188
-41.288039910452355
-10.721812693977654
61.93228322386378
27.842918482253125
-32.52687349611156
6.217539044014728
-1.041952600499684
-3.023454156302904
-53.610347096316616
23.51067484597513
51.18450787076904
39.88802994736139
-63.01294975381122
-40.55302023747405
70.71265147892464
13.610659158584284
-25.290745024617365
44.08190875467477
5.594957910370169
52.51533814707631
75.79281227157747
-4.634520915267387
-67.37242475319145
33.09972224278138
26.522104546692717
-3.505833045171869
81.29717681930745
-32.02793654223683
0.22931574843491376
-36.504207769636736
61.53931746170008
-34.038817374298276
43.12648099318233
82.08954418058536
-29.767080115530717
74.29625475951377
-35.472003231328884
24.653799537856074
22.25255476562579
-12.094819763440398
-72.1125540042358
-83.0244263512063
34.30637220220541
21.701359438826884
66.03122323251219
-37.604608807046134
-53.939084704922145
-70.31497289438155
76.50628913622927
61.92088059907036
-3.5918219344129056
80.98656138038058
80.75338070575415
1.3956117229816698
-8.031753186036084
2.25171834771551
-28.463259336832238
5.225308881054204
62.29585565750281
52.19226538561401
-58.00216835639344
-79.18636564731341
-19.88848689814472
0.5474408524028433
-51.74358179602123
-7.503382129666349
36.35822582488453
-51.9804517237267
3.2817902308835585
-57.78049906109821
-4.9523155610197165
35.170807948540244
-34.113301688971404
12.18088697570181
1.9783321642433265
42.34990868243054
-12.98601717224139
-19.979185565015968
-11.85468948032684
-0.4793124954952219
-34.021801451808294
-13.603206913256614
-29.35753808760883
3.5063719552951227
-52.793190171614256
15.280211780376462
80.69873962287247
0.32935442673731075
0.7087451710109889
-14.715143174420874
36.43878986135107
9.90611720310045
-50.15014297554968
49.60635015922432
-56.511691983367484
10.166567104463937
-35.705570793783664
29.493225167327353
-69.58909032312921
9.821612648399835
-29.47599149314283
40.50568092158852
42.42518284558213
6.360079445707328
-26.366446629391746
81.71081635846713
37.81369928214579
37.6861163914846
-20.08405116990788
-19.370404702842862
64.18993577775296
-21.405889444987096
49.097595150654826
50.1991195808439
74.9443276521202
-17.377643976106015
-67.16142668249297
20.368158570642095
-60.79586811246458
-62.90037875849445
32.89300288780504
-18.503817871299844
-3.4904842584009117
-10.074935202227607
-34.78711788446647
40.30363937992041
-23.75047015040792
58.320861317904985
-43.179465182987215
36.914129780831644
-18.170772510313668
50.12472521067761
-16.451095011426034
13.260224082092222
3.454684443861666
26.879619681681078
-23.111624928049494
80.08235615467441
23.131816247080238
32.594937290674864
59.44684488531726
-0.3761139089288008
7.276587716080968
40.509400018658
-57.67573251168415
4.1338646704757736
68.66612172615481
-79.43764134730688
-9.90993781146372
69.4122275036012
-69.03124070835693
-43.826675504884015
-11.442953004968103
-72.30824816745644
-38.281537414544836
37.19092893430113
-52.36027893951405
-23.256490359263267
-7.544998997629918
14.332144036384932
21.9446686337553
-62.74188879146163
-60.38920235996056
-75.65148599468426
20.146111952020746
-31.13861166219685
-61.95367016993942
17.806005574580652
2.8245295515891797
-19.188115477323862
-24.353572909799084
-9.2784474958585
-18.770874129218868
-51.671811428764556
-8.700517615101774
23.98733207643177
7.523191355427755
57.76057342549436
11.770725111640019
-6.782673691416463
-65.7181784995756
-83.35277746309366
-50.00960211139013
-41.28455982895715
-76.6674465776985
-18.062824332878847
49.23383939839459
36.43588030347121
11.21127986500288
-32.82896411924682
3.443458262607564
-46.263963820852105
67.87319562316247
-51.736285865085996
-12.444575373946833
45.03598446588816
-46.62307087155905
-8.794389353342908
78.69925433589609
12.761298083648967
-0.3594942893095805
-4.2084149329746765
-13.043597716262937
52.52746714368081
18.426854647458583
72.3989315585363
5.414629263326489
-26.506126426530614
-21.007996764337406
-52.04324494477723
-21.4663709490393
-3.03989695536724
39.14355275120937
1.9630811392350012
-71.68515124158974
-23.473710830458884
-43.8319545548829
44.76978378000862
-11.461166188298321
-40.39504703632025
10.927842501356906
7.196049634589443
38.36757739963255
-52.384572240963536
-80.58721298458488
-2.9700314474946197
-23.521639582729918
-47.16499142336082
-62.348561113148655
46.95874198154618
-61.45114809614665
-4.634680092004814
28.93295296869927
-24.78100397381587
3.0418475381208907
4.577507385145893
-5.8334496794415
-5.249614955618412
-46.737518857802314
-45.22653216538895
-25.59595520571004
-1.991821156181814
-46.10808644803314
20.312758656359136
-48.32972610704128
35.89915287393603
84.98909347760258
-5.524396335521459
8.556876142344393
-2.0556750371589345
31.81758928764495
-16.377089561587425
-79.77554764297481
59.018433152546294
84.86591006815169
41.89594404044732
27.027265520022112
4.088189486110949
-15.19646467645812
72.35573720619999
-24.665077587680187
-82.3386905911079
-5.9543296485611705
-14.418076271034678
-1.0843151290177246
-19.368125732482
-13.84246380938491
1.0959064099479292
72.55760895669306
-4.790797171787375
33.376405795716494
54.20396170225089
51.67975851959156
-71.36364217715123
-26.920177150766207
-6.87825353218831
-43.4516257030068
33.40802654203338
1.323486248176721
-57.432563448703114
14.124710373780744
-15.810597963095233
82.96592880854382
-47.791709907592136
-10.542607503193395
-0.946951334987574
10.579726281015198
-30.3503769217415
-64.25905494319355
-59.81676678030672
16.895031179800426
-22.511763210464167
18.35313593127708
-16.313920027686734
-11.80205008187248
25.6262856387431
37.26635521160793
-7.24464205554338
-9.357433109348634
74.14492895597795
-43.97076645493956
30.40495592310282
-19.329219753781288
-13.391186378058066
17.854492823097317
16.499984767090453
85.38802768157421
-41.72560486382948
-31.043479603960705
-16.02530451058537
7.933318087402171
-12.978462338300702
8.287531620400571
-39.5159400880399
-3.1545678730406195
-57.85533182830732
29.996762043328346
10.713803415558587
-1.9895786286165702
26.121526224333024
49.1656402688823
74.68882559268448
-23.83916051078245
38.21896986523845
42.05239542422683
33.33720714157556
87.65926421031787
-23.055746819074827
28.749470321997123
26.454602231626197
73.64493572985387
45.919752577056016
-1.3976736796212919
32.217988351797885
-12.420466311432406
16.959253648024685
35.57326439836456
-32.71119107931453
-62.871218457803444
9.769126668064843
-45.26048540034645
29.875886119610342
19.036841275115123
20.728362030431185
-5.5276919654758245
-38.31027537512431
-1.5822623934465696
15.357848642434803
50.389580277444026
-18.95476481283508
70.52432591748465
-57.31464293791589
-29.517709305555627
-44.502829329670725
-4.6546102853706515
75.73002122479849
-47.625465197139974
14.999911347599209
-47.518073199357524
-20.252329627881934
-5.716477782195469
-66.34545798823162
-58.4401862323717
70.19400015861271
-4.581165547377523
-43.96897910313822
-53.522592743817114
-11.406041211345169
-1.9578063587533165
-10.944167739492514
-72.40069054769819
-9.855832074489697
0.3822192804419018
45.119868458373475
-50.63879845841542
-17.246934567674174
-82.79356257378484
-9.234350453160715
-69.80610503353871
57.572302264439855
-44.047300425872564
76.84484788899218
-25.600878590543417
12.288200074164521
-64.41906388158588
-38.91683586110894
56.27746115012195
-30.85189734144663
22.471224774772438
-4.9520322739307545
-55.103739932619156
10.482250818542724
76.39289586074645
68.36007727132386
-69.87322839953748
14.832251322209387
-55.68450982734618
38.258111338754475
39.72867323069559
-2.1673220546749263
-4.159031166263503
-43.960559219589804
11.37689894262327
-11.21950649405403
29.42833306301877
-35.226145967767096
-17.308912823770015
-43.03065855986914
-27.195585198520305
-0.1581959914668971
-13.838785698440603
6.27076471462307
-18.729534412808135
17.946587676016463
-38.46815362891218
3.936774490235422
-80.11094923074867
-52.86129921953643
-14.152200661151625
68.98587907095842
-70.10378851056707
54.730955384488055
53.52505326939442
60.58708662455223
7.22039127326839
-70.96746801608546
51.05701694277832
-66.97357253459207
-7.481623617167443
-17.07333753538876
-19.034784423068245
53.49949163201188
-7.168339466709398
-37.21052034310454
-53.70911282776322
-7.99168096027195
-24.873624873791584
-8.221502590889244
31.37906908743298
-3.1386191963472356
58.175135264284364
-13.842194571128076
-56.92011338264668
53.76481955648657
19.41036936563188
-17.31444400565573
-0.4593079127748467
52.76322385469456
14.375170473240416
60.82570055438674
-0.20951616966496545
18.49839545882017
-24.074566299733235
-27.099660039668223
-24.142869872049673
3.9352539477438597
-21.55303278528642
70.90498828111936
-12.435263623918459
35.29671737260699
-11.712311521968147
-66.57045583716396
60.87034981546245
-56.92027665610394
39.42412714184971
-50.210945512888
3.486910310188776
-17.660381229021112
-61.71480596537614
15.093886767239908
-11.844484823861706
-47.442044388199385
50.29026377891893
10.301210004171054
56.99103350387804
24.993389185703847
-40.9217255637748
-54.322136230789766
-43.65374850664411
-59.83350293672632
40.13650084358602
25.070371940397948
-22.476557745964257
-28.82759561333029
49.98869405567527
-10.94967397009728
-69.56747593985486
7.072591304955665
-65.27262856745782
-23.641575824729088
15.789329325196348
-39.86724991245885
8.122740743291473
20.347841720178508
-45.95497461405454
-56.5710071109043
10.766654345845097
0.2771890241237571
-14.133711402153295
-2.5485702362681764
-3.6161535206357485
28.769868754188053
-29.638658348480476
-21.404212547176314
8.47151522978389
29.21852833218928
26.98138393579697
5.261985828003077
-69.50043347852824
-0.4711546705900389
43.16997302806237
-31.394605806840573
-18.83308636307008
11.2776496267103
-42.11367297202146
84.80876245587876
-5.025270425605413
-19.666681161653003
-34.72200330869913
3.389064898111201
-23.89914967987056
-46.18768448687136
77.62185716459274
-28.766411432654493
-33.35490987498538
-9.576862565580868
71.93297769052268
-4.387976212265386
-38.83508281469773
54.091452885121754
-40.99468656945297
-12.749665468248722
-37.23536052114202
41.64654316823689
-1.5243025562657522
27.62099201935976
-0.7633090116376451
6.9295738762066605
65.66882993712821
-32.596498773385875
70.28590490167409
48.096011063940665
10.978774420384553
-29.636518661872117
-17.000088624878728
30.25093767916161
-10.445481046561923
-53.121071245754145
-23.5853763843226
85.13373439002439
-21.95267335471874
33.016755471160764
-56.025766234475526
29.98099040113857
38.69670643701181
39.53922789463874
-14.679099472007579
59.187808456383294
-5.78392505906217
-8.00713421004808
-36.383154372067196
-7.24872931721616
-31.748642281313437
-17.924683002156314
-10.331349068998648
0.6437313106199269
46.418161369964224
-63.844657900774116
16.446739571597007
36.2711542732809
71.73739650966868
12.206709568252407
-60.90253691076756
64.64121121473593
33.82161651193846
-13.499773482212703
20.633162643361317
3.063817384338833
2.546619410820199
-46.01634907582003
-79.28544018914354
-69.81900675971715
-17.603129384437565
17.85604114350977
-15.477201177725277
-69.47505115027073
-0.9816549642070953
-43.983430254845345
-76.12660528541831
28.96937627817229
0.8868000434376171
-27.77832983913403
37.01334848871494
44.44391688888774
-59.38710581210225
27.737284874341015
-10.846119121068284
-32.486871176843394
-29.381395795077424
-41.570624903705664
-32.725427106114296
29.32617037998537
49.42543650543445
-69.855579405208
-14.799800473652397
-1.3259643073898957
-2.713325738259016
-15.916337834146987
-48.14648713384252
-59.9390758757907
51.125111290555594
37.39545989804452
-0.3396370046860113
17.248023374589366
23.680752151392355
13.004861391460622
73.55744768885685
21.606427968358645
-15.606107013796048
37.274492736213574
78.64028640321916
-57.158691679520096
9.891311705343028
-60.37603350226357
16.053856054461008
51.58949467495759
-4.8775096018544986
-43.7774334286079
-18.51571418626122
52.80143494911496
-5.982056881685352
-21.255314228233416
37.78241269979631
14.471039511981104
-66.91305000518912
-27.218904974532663
-6.96687745381621
28.65445256814202
29.61130584008771
-5.09604233823552
45.692404054682925
33.66755945217557
-28.907975727550678
-0.09049392640639553
-27.714277274617203
-14.32953482678225
-2.032163365411904
-30.710061196327317
-15.985508063700266
-6.950623652150568
-70.17570934599973
55.993000461636484
0.7784300919189917
26.124923252368788
18.05238087777292
-14.981291783428134
-1.1085556952813818
17.78309451681605
11.695843745276719
-25.299806935038916
31.33839454136566
15.921563636077053
-68.83068846852544
-48.525897745027514
-11.570109514070154
32.93356784072455
-25.2844631457301
49.68872602725145
36.9255772889739
59.12910859207102
48.60189493075305
69.86675872131727
-70.80975210870817
26.41228587738786
14.758504847863023
-16.577208286193056
-48.76822079826017
67.78397761068376
-6.020589372423927
16.96938047017143
-51.462333974959705
-9.871649181644742
5.377315646961819
75.36472057142598
-61.16191051049049
-13.010442423735526
-21.897167864001645
-19.843748148991637
-58.79127445931763
16.227956898632485
-7.329352307444395
-51.143566081624584
-48.257187519048216
62.541600589664824
53.48407949657897
-23.133898315834344
74.43735730808572
-61.08715990585407
48.028761174625004
81.57935687978338
-44.74921429219102
74.17880151431933
42.020472032170375
4.164855799165551
-19.444397351882657
-18.32811430387528
-62.56334115824176
56.33010473254507
-13.132687150603829
-42.615489476122285
12.29416986493591
4.725145943471318
-4.022942600894737
-22.597698107306158
-36.853357801244556
-24.954874152084997
76.33533893250123
34.65071432498303
19.970357707631067
