27.84436560421196
-35.21229274922536
-56.55680205339189
-56.13980368675243
-40.73196781785483
-29.87156024830699
-43.75143546477401
17.628632910469534
-48.04915230030091
28.241900297270135
15.793070060976078
-28.926121689323608
-5.934389455313365
-14.75450573918728
43.587808381107806
26.385877393818603
26.721017971440034
-29.797881773900087
48.59953633171946
49.30170553859887
-30.88556056033623
74.44250776338893
51.072535306655965
-32.43955729838787
12.497617530568505
1.1527437919171604
-41.028800972219486
-29.00496848567127
58.13548575232704
-5.959372653689272
86.89948462026288
-8.104094774044967
-13.254117619513138
78.94776490224092
-29.376353536430855
36.382347964757315
3.163929479224521
-69.23061033396752
-26.122907898876164
51.21007236766579
8.779068671807124
14.912456147715034
-35.17240172805164
-24.812011938993436
30.22309698883936
-83.61816905865635
75.96295429460969
-59.543185475513404
46.13192156458027
-14.599232757948968
-1.4598027892305794
4.47834906609792
64.68963059126352
2.439875360575428
10.619125766090576
15.765788647843891
-20.52705326932157
-73.06890803524567
-1.2947458887913825
-1.0981232378721018
19.460360672985217
-31.522087933645352
36.57568383632042
-0.6300901610829612
-15.609687779836548
-14.38124893618955
0.020511486501447962
40.054403763277776
-6.754600586135595
-10.067958284916884
33.32386090943504
44.992000993824064
-50.413931147893734
-44.96514033557252
-20.23273804075275
29.036720323198907
74.53124211479977
-36.3165225483069
-55.699464087036105
-38.87878124806935
-14.829210515180065
3.628357539830418
31.63318571782949
-14.589656554295388
77.313274394536
9.429258834036531
37.82778079570622
64.85560397256765
-54.4513509806886
30.623288856551767
-51.88735564958985
-26.780433312531812
82.68108171640162
38.34268487362087
-34.660195317302325
62.7645174926611
-63.46908349506112
-29.725029706822895
24.911333540376035
-16.469697822185182
-1.5383905481880902
87.06809928810011
-9.26111342460888
-64.54970237102452
23.94689653908047
-7.593257742576057
-63.579794377615016
67.98362650401262
-60.70495046544768
43.65612275056705
-1.0647799508555096
-19.389298080263956
8.485400250647857
-9.575985380750637
-72.00234859676551
31.002057358238687
24.439488306643952
-3.4066893529657136
0.39047754187740225
0.6903851967365568
-27.103780021807637
-49.28517947574869
-4.503752076358708
-30.518733550559446
-28.5717739135128
4.1337899580626924
-51.78204673032547
-51.912227194213486
62.152383357195845
-54.378622896379994
10.35672045259156
9.934021976942745
-29.136489986323582
24.692481610041057
-17.08981119016498
-0.6922945589551404
-25.57621633964854
-58.271629665430446
57.01301425592132
-48.893468601755
-48.35101089495227
-19.151025188483686
-36.314535215241
-46.15492978980261
-7.887866723160911
6.335080264732582
-40.36629441419906
-27.46786451348335
-69.76827629203119
32.360166709041636
-81.73821625822353
-2.3356046952885237
-4.8036976181165585
68.72968031270096
-3.5770622194391137
33.53630122255106
17.784706024699588
-29.97110568900885
-28.47565711075076
-48.29035646828112
-49.061991549628864
21.435616885134536
-34.40863745390093
-59.189307427043495
65.56332481559701
58.451084556660845
6.5094441349648235
-62.59735300875521
-39.66867350216466
-27.75317774563979
76.32315261577679
-6.159766428701516
-0.4042470873793178
19.4781627042844
45.68682980073683
-10.643892817836416
5.312144351800839
78.58356440315586
-6.105205362303167
-12.742240302945987
-17.122757558958597
-58.77757293893326
27.644450626323092
43.96568209504284
88.53885169855462
1.8456196321602647
25.312766839313085
-28.535225674691418
-34.30674360962247
-41.83612898007933
-14.103644279069968
-83.90300354622077
35.795942423582744
44.10984651528838
-44.32447714926097
62.412204452766844
-46.00169254744622
-14.994035666538153
0.49652863456196883
70.49793727370908
59.88278223802783
-49.27226214552262
-54.62945898933986
15.583811239484803
-47.93290758799916
19.72195761343123
30.16860080119156
76.01140780458633
-41.46359160465782
-11.381929523475904
1.9409612751604612
28.012326166489686
25.179865131494807
81.2243828407415
33.318204677417754
18.351778487899225
40.992774629191445
-28.899869204301666
77.23087682612592
4.851839089450749
14.05563027440455
26.921997124824998
64.18824095623384
31.132164108692507
-3.8065119121400244
-37.94933409870075
-73.34166990039563
-36.42359240623955
6.009194771232387
-28.66714723211669
70.81611701943231
39.748168240955124
-20.411449653702675
-74.56110147750883
63.50892058423332
49.11471116915018
2.622926451586409
35.760233051468475
-76.37817363403737
-30.86842019915214
34.09569789919263
-39.37818065766094
6.930659377011324
52.75022801163027
4.630017372306085
-64.63103301618708
14.636679411334143
72.54110068981919
67.67638676432315
22.387047956183196
61.80550883539743
18.664351276826764
9.901509280504612
-51.25194144137977
-0.5980767709487083
58.96589529340537
74.2441067841956
-12.995828442366431
-76.51262903530764
-48.687719581416914
80.097208925726
50.443860644924
-27.844191561280027
-41.22434689493447
-22.9558078153174
1.0553347119082588
57.77510965502091
-23.267937091456588
-58.8163313939258
-2.4387851894851025
-5.489531711365387
71.3590550821803
2.309244018835116
20.546988398106237
-26.41295958246708
63.84014309891808
-9.408472693041546
-33.89383943386216
45.24867174604907
-80.73883784401006
4.2581695179967625
-41.01733550865878
-10.4908004906777
61.903546677332514
27.625932029543677
-32.592988683751614
6.22256639551378
-0.9379277690078709
-2.837536230853175
-53.510071230747734
23.595044278512972
50.896556934662385
39.624748758053784
-62.8965488082227
-40.327472392453785
70.7023612864744
13.7463947357505
-25.13853364396782
44.12204302948177
5.579286332251272
52.506968177768755
75.76417825254293
-4.667894121627299
-67.32158205502826
32.98032479326861
26.573392049371165
-3.514745619889993
81.09896724830952
-32.13498530962953
0.21875920393769377
-36.36529693576748
61.26370159323537
-34.127827362877014
43.0054370352224
81.93090106669175
-29.879678515457314
74.23473734717845
-35.60801394341191
24.416139029546088
22.384267772961437
-12.099106518428172
-72.15120230740983
-83.07583139860283
34.35902246505347
21.481757254821645
65.84238961239558
-37.66802561933731
-53.99293939393442
-70.26570671403218
76.4616977647197
61.93962464269933
-3.4532726497534156
80.84212045854335
80.57605750422286
1.6058328865753992
-7.865857298466338
2.4490156682288955
-28.50048227501135
5.506015024713392
62.31379355535486
52.14002320027075
-58.11201434501135
-79.24391425198114
-19.85792475705756
0.7110062046701273
-51.906477000930124
-7.325477252571432
36.12115543953129
-52.15443220450417
3.4128835746948027
-57.9658114812574
-4.938408160952164
35.02748606075019
-34.13094823433621
12.094568629041603
2.1502580514771097
41.91890460945322
-12.712529290657486
-19.59809956071878
-11.623232431094792
-0.36278845167922213
-34.10758934427297
-13.230141243416654
-29.233633390238637
3.547242340625772
-52.66392890048503
15.468349859664727
80.56399205655862
0.4864192619655938
0.7910278902536163
-14.693607262881983
36.553211781068484
10.144827719180938
-50.26539430191615
49.666684302987306
-56.65563014656034
10.1120827103327
-35.72993708375259
29.186789188451854
-69.6801229508089
9.806633331410765
-29.44402943148259
40.544616981418784
42.277180657391966
6.328986225335228
-26.275673995526574
81.48240856367636
37.95373605282515
37.580622687659684
-20.1449215423376
-19.44368989827902
64.1955761613431
-21.097836282151164
48.91887752344752
49.864772539601574
74.91191558324891
-17.21098829869095
-67.34982383386053
20.18681237897377
-60.67246483617384
-62.966719171529114
32.60764645024014
-18.578617796417234
-3.3537381722087645
-10.040984609110183
-34.89658459435063
40.40207409799359
-23.80236665431103
58.35331125214748
-43.31947736271484
36.789601619044674
-18.236028579330167
49.91354503251091
-16.381696871929393
13.287154763794376
3.4352691463674176
26.609162858017015
-22.981179044845106
79.82514243405177
23.0740421480521
32.54914719832948
59.37280581597693
-0.21937362955694084
7.264756027146191
40.5162193542875
-57.821409877547175
4.185976521761972
68.32904149689134
-79.49422230943307
-9.831675866867428
69.39049537791942
-68.9770635305282
-43.59746541101144
-11.074221758872852
-72.5064542058656
-38.07502738255539
37.28200743909861
-52.47887709342446
-23.333051173599856
-7.475621594496644
14.460754127553173
21.882854169582487
-62.93890551472886
-60.58038700639686
-75.79036780630707
19.93361230036713
-31.203688995856467
-62.08126772918775
17.778913121588673
2.9861808640431917
-18.972837672835936
-24.45133324158958
-9.081210655529588
-18.563580111888584
-51.832369666671
-8.744445836935895
24.184016276773377
7.529539793692081
57.33962540281169
11.954015944746928
-6.73882512626588
-65.8981196879424
-83.48929448995462
-50.01145989037421
-41.35375174572846
-76.84014662391303
-18.13548594806835
49.29004334487934
36.51973476629462
11.205841885134916
-32.82334013347662
3.549760679346875
-46.43222453962631
67.59354673771293
-51.89365032284997
-12.497296930468806
44.75560629227107
-46.45881414508617
-8.754727847671191
78.51744575383353
12.662056594521886
-0.226254645945545
-4.108265236262369
-13.09552710006514
52.53058978663694
18.469767818674995
72.18271190570741
5.478644583697857
-26.141767942234054
-20.72346492229987
-52.01901339657165
-21.35271882959499
-3.057924765009986
39.24177824402574
2.1116589960318777
-71.70239357768213
-23.06411076603058
-43.86569430473499
44.45569550817558
-11.332219877586184
-40.26690438113272
10.89884875312704
7.386205624449886
38.43971359573973
-52.1535275597851
-80.62728806120703
-2.9860369569752834
-23.387240940412738
-47.24695302096428
-62.31359599546148
46.586509073934906
-61.61807941935449
-4.42390400565418
28.62967803862003
-24.870998632194983
3.0084682448662363
4.545101772527147
-5.851583502561482
-5.2866945127787375
-46.78582496015543
-45.34133825544524
-25.522906461968333
-1.8584084017746818
-45.79525851934117
20.388693089008342
-48.415601704261086
35.564038297441726
84.8111630139376
-5.259826442373921
8.503541549104895
-1.975716789198259
31.85507264870148
-16.08555680167916
-79.76792243846718
59.04965571831869
84.77411894270975
42.011764474803954
26.819820438283955
4.062795987668935
-15.069792240440833
72.33391088599657
-24.371605512148903
-82.44875058959241
-5.939321644423131
-14.152097133200584
-0.8173071483917482
-19.35940244164344
-13.79623343610767
1.0771526816387933
72.36185304730441
-4.5708396274490894
33.11067185220696
54.015377104202
51.7364661848151
-71.47085261323986
-26.838954808042317
-6.762244400342908
-43.611137772544716
33.074040767284316
1.3015696675330162
-57.50573288584177
14.02819800722304
-15.72285502580229
82.79603831277262
-47.58323388594674
-10.398593702916486
-0.8764597897657751
10.615406447056657
-29.99299008412649
-64.43911778759468
-59.91450145071331
16.90576511854576
-22.113206868958343
18.597780055213917
-16.375043958953626
-11.854614262978615
25.748892396003356
37.16734806611336
-6.98275697763512
-9.17146368467813
74.02902620460128
-44.12882181610577
30.585557465533384
-19.366147907266736
-13.356227805737703
17.921569724483135
16.56083436822331
85.25858450162588
-41.7714964097547
-31.166375370269165
-15.730841716120807
7.945801266394355
-13.030838354641787
8.291739018473038
-39.258372925910045
-3.002691424861027
-57.826749611787086
30.03903366041881
10.83456620191535
-1.783811707310079
26.161185234120722
49.2270114346214
74.3943123639053
-23.821899658291187
37.935029008696745
41.82454759350756
33.3762245194788
87.50906990624387
-23.06323984437431
28.815922623310982
26.598472822896127
73.62012732809654
45.87253508625554
-1.4069095514028476
32.35859132530456
-12.410970114361248
16.797727014306304
35.31509324941956
-32.789977334279214
-62.99001136879974
9.722596048347839
-45.3915791681991
29.531794436330443
18.96194617549088
20.69913558579087
-5.2042920675226725
-38.18117442039207
-1.4181505746823433
15.2730333407346
50.31390436622229
-19.029791206711337
70.48916108112218
-57.493629895512434
-29.635198830765134
-44.57533551859709
-4.560502378834201
75.48011028086944
-47.443116997040576
15.158087993205044
-47.50846102275586
-19.882914704776397
-5.393993111365617
-66.54309210656842
-58.62894799220433
69.87455385270698
-4.348154736197827
-43.65835304744212
-53.67505466116803
-11.365984973675808
-1.9907843133277083
-10.80695633690084
-72.35256472061732
-9.570179627988097
0.5136801058989136
45.13520840472239
-50.810137056283615
-17.301177793919422
-82.94596473081481
-9.247311069149589
-69.99983961202983
57.18417869648175
-44.031356621118746
76.58769714464026
-25.60646930863338
12.194565544246998
-64.37703656600121
-38.79381977674036
56.17266878088233
-30.93529464737253
22.354417898175612
-4.750629187178177
-55.23772258142205
10.417833470750196
76.26233589433747
68.20649932715821
-69.8706415234532
15.040338552219339
-55.87363929300931
38.06368886700554
39.61382690170143
-1.9978092833138845
-3.9543102540978907
-44.122002248118214
11.372116066542716
-11.235670714940795
29.240218160351972
-35.139776738887726
-17.325109305748754
-43.18926218759273
-27.304015556499834
-0.18835101759711392
-13.637520084348111
6.337784885646258
-18.3159021265773
17.941115870465865
-38.1677611348114
3.928368218138715
-80.17044144930077
-53.02705295938341
-13.803959083040937
68.94826780606013
-70.30156735945805
54.67283385034165
53.55851082730561
60.49576529696458
7.172817587392771
-71.08895202726791
50.99327823912847
-67.15662971211913
-7.323661001099168
-17.112895846006623
-18.707947120765795
53.3859681240136
-7.054045418111983
-37.35425278384007
-53.83906459692338
-8.036414696576813
-24.638773500186232
-8.209740698444364
31.493944711755233
-2.893170657953675
57.76838701368516
-13.478180801800676
-57.01010297192154
53.517870315090676
19.206206636910437
-17.363301445379108
-0.3971384776789506
52.43732014266709
14.527574808505605
60.811041889744075
-0.04095648171178823
18.31064505337565
-23.965502683086683
-27.188124613823376
-23.764178470010506
3.909588100693881
-21.1367019784947
70.87993998709612
-12.483346614960624
34.90427957496149
-11.449626089780992
-66.59249417028329
60.895105845196014
-57.07900764778619
39.147229271996224
-49.99189668726759
3.512995911652027
-17.518266854472458
-61.891229509816
15.09681158153623
-11.552792259421864
-47.61493321256469
50.353077676174735
10.38708641320899
57.020994136939834
24.99494737658719
-40.96072038906146
-54.42591182682575
-43.4669660781236
-59.95925993321706
39.734940905140434
24.93102092497675
-22.14390067054326
-28.736393240671717
49.65954253766205
-10.96378437284983
-69.53148905688393
7.08602489303847
-65.47129441072295
-23.36614342032226
15.695699264517401
-39.7043975002382
8.068434322777208
20.412584559332075
-46.106142747620915
-56.60984084410203
10.87045052225217
0.29424968467637314
-14.113869331185029
-2.5640779057998913
-3.382196265495338
28.868395839577204
-29.665768875904178
-21.20914619884941
8.482358930542858
28.923395868411404
27.00637914700772
5.537095498871096
-69.69956946780441
-0.3498083809014645
43.22256349555906
-31.322241806381484
-18.619681162135862
11.235982493362158
-41.92284977680712
84.65965758482952
-4.930480060600615
-19.42959062289428
-34.34470134438213
3.388693596342975
-23.512559440949687
-46.24553263941262
77.34017428404857
-28.56967225571033
-33.289888650335314
-9.47764005472871
71.85130719700751
-4.089455715754042
-38.89720212018971
53.875369021190835
-40.95627070486319
-12.763286100124446
-37.177364712026076
41.65169747694074
-1.5577670600518445
27.742798558136187
-0.5060825628965091
6.883328689909845
65.67435467035816
-32.63373091510714
70.12663634690236
48.166826867135455
10.902402380813399
-29.354384985418278
-16.95484456887864
30.355993435536988
-10.237056330181318
-53.19344035788845
-23.524338910780813
85.0546960442203
-21.592069602157935
33.0308688273839
-56.208964985764005
29.906302049039084
38.28538571155124
39.49707667453171
-14.705361794959032
59.09012101213554
-5.709039913364933
-7.659844867774879
-36.35098075934564
-7.2329029828922415
-31.401970127873383
-17.660635092738872
-10.275770788044667
0.6842158501697497
46.455524307272185
-63.96746207111661
16.489720620246302
36.28901680528435
71.71486528915347
12.139949919984446
-61.0924622443742
64.45431239345504
33.471938689676364
-13.381081094366309
20.6103668166964
3.114104028604885
2.581493147351665
-46.07583257646182
-79.45786459474196
-70.01708389234727
-17.399162353548192
17.67926807921677
-15.538332907722705
-69.58335320111178
-0.8121921174631694
-44.13785290962847
-76.321765115465
28.78318397279152
1.080560672482477
-27.825299622819642
36.921347797957594
44.13566465383056
-59.47889632497423
27.659045998673747
-10.792125118002602
-32.18320545202269
-29.379385473160042
-41.50919811096584
-32.46483924598216
29.498918389554532
49.49228549339276
-70.05390365450504
-14.631458165279156
-1.1688643546401352
-2.4471397466375606
-15.588524238966869
-47.858356690182646
-59.98216678613639
50.87313657961599
37.50025403930101
-0.09339818822182622
17.085145138673496
23.428220383224257
13.059911215427107
73.35195094987785
21.422355085688068
-15.491216486681026
37.028371451117266
78.60084684133054
-57.011269440189274
10.123776128724131
-60.490647609261856
15.90148068220978
51.567885630666495
-4.907960731959548
-43.61422051830052
-18.402468237845042
52.80936822788664
-5.990366770189368
-21.255610244576047
37.768724585472825
14.467013917611425
-67.01592099314158
-26.831812698518476
-6.635606228870216
28.4340464349942
29.338946446222707
-5.064986866269635
45.76726798276624
33.78316444754594
-29.012997735551707
0.07779216902865471
-27.751029866432958
-14.390117916824934
-1.79145425375863
-30.517992714131836
-15.977205937105936
-6.874142520327254
-70.36548886096935
56.03427069260346
0.7875608556808089
25.931492123782377
18.007819342403835
-14.9024253047032
-1.1209002491979732
17.826883933688876
11.60939771939924
-25.15724356239008
31.47211174446602
16.045164047976
-68.94147932704023
-48.265775067925624
-11.599386039155064
33.080951433452725
-25.108518301713232
49.70691563534268
36.74233362355159
59.149518986617466
48.637614884298216
69.78983988874674
-70.72178664436022
26.53084334895621
14.62951678285097
-16.47429265374133
-48.59316662671295
67.52072084867362
-5.966814028258312
17.108612333966988
-51.63851014328142
-9.788494641895241
5.408362822329664
75.32231795530711
-61.155841981205675
-12.998893002832205
-21.878595515033638
-19.685210920902733
-58.98191027622606
16.073394382877723
-7.354139838893275
-50.95856915681584
-48.15244966477886
62.38351329532671
53.53713784207761
-22.867729453719733
74.413712115767
-61.130733376532554
47.85605303701843
81.46972983272465
-44.759380677009396
74.15583935963386
42.09054459136473
4.384048659081188
-19.510455131024287
-18.257811868095473
-62.66457165219588
56.36520287902991
-12.906021756365604
-42.64255412880539
12.27514562311704
4.688700250941665
-3.966795150231121
-22.406688027132404
-36.7850761429488
-25.002191856266236
76.2611294061532
34.488342110232935
19.96605264228188
