28.123320112356083
-35.198844600135466
-56.45184311339589
-56.05295064176712
-40.68739900788545
-29.958512214495798
-43.65998486347236
17.78332786809601
-47.89962620789437
28.4000770505492
15.82651925879469
-29.2806554077752
-6.062545922932955
-15.064415110766959
43.48842485007262
26.682956350135527
26.882240712202034
-29.68570715528911
48.60973234785234
49.25697078643546
-30.766242505552498
74.60618772028965
51.040121072861666
-32.37471677000801
12.574309842670758
1.0436277683947992
-40.896060542939175
-29.21785770575015
58.401916876552605
-6.022311427976334
87.01105936000411
-8.425944561550267
-13.623399050708102
79.05171277727317
-29.364498587448054
36.43104649490988
3.1890356837564298
-69.30208086872604
-26.183144233326942
51.443101250609885
8.833075947585513
15.023901939478307
-35.04529520622373
-25.125680142295124
30.16732584410778
-83.51928592403412
75.99569998695682
-59.406334955689694
46.11028196880116
-14.680704194684864
-1.5776238919035421
4.37606116487602
64.84245484436826
2.4489072184475447
10.381498504778108
15.564908103989836
-20.444784251680034
-73.04501518322627
-1.2690083414703537
-1.1747327330011785
19.595905589612485
-31.581514774232318
36.796108358166464
-0.7335292957373412
-15.665851133844868
-14.542810893792705
-0.024481221982824763
39.974506092488554
-7.08051511764387
-10.231653838048743
33.45767032707187
44.93168811886116
-50.26545859442403
-44.94121728136512
-20.387141777110244
28.906191090577508
74.6053862382002
-36.384136114733685
-55.59405833526092
-38.99399891980922
-14.80580116965217
3.546904140496423
31.71695425550243
-14.722870904818024
77.4762382657565
9.217586469253376
37.85917631421799
64.8475902571709
-54.38230591951755
30.452245016085016
-51.71288354776248
-27.05441410511507
82.81289514129926
38.4713595162452
-34.61517745775302
63.11156229719984
-63.307318585354096
-29.648714643789077
24.863869110890576
-16.40725051946309
-1.5201491539667131
87.17772320136817
-9.259592066468812
-64.3626837535268
23.934056748991324
-7.684401603987084
-63.680301258898055
68.08998649870685
-60.721383383694274
43.635837710636224
-1.1708423415612685
-19.38496401529872
8.53989864112242
-9.550384627777206
-71.88713860087594
31.31917257015803
24.432143876629993
-3.4819916770502743
0.26764449787140165
0.6387788098475511
-27.433275163896084
-49.13492689148321
-4.502670376324474
-30.399910492138503
-28.467053488795273
4.051736341576969
-51.97876581230691
-51.78110885253993
62.13466478376034
-54.193434150706295
10.417491622071879
9.987299256161421
-29.085580238233476
24.61664051342855
-17.02665688335985
-0.6653653417694585
-25.74036193848194
-58.185555508493124
57.346562690116826
-48.718923374450654
-48.32171893375756
-19.377324415658478
-36.41560315350651
-46.13562970249656
-8.087936205218256
6.373835741932538
-40.52584940189053
-27.414575024739207
-69.64145764232127
32.6409595412654
-81.72015371919578
-2.565071320332663
-4.81659835942385
69.06596365169483
-3.6255924284537002
33.819831745400364
17.83293609382477
-29.884570521469755
-28.363676967591672
-48.12260681095546
-48.94355864823875
21.302638089375392
-34.712294515597776
-59.008767152726904
65.8597784561785
58.461424019137695
6.457053903469628
-62.44003277723574
-39.75719226855987
-28.0399462017362
76.37718618513401
-6.343193738936762
-0.37374778360293703
19.59123920220054
46.083142334252614
-10.746418898646127
5.274865423266732
78.70715332845091
-6.246105202600518
-12.830654519684003
-17.259965398494415
-58.69499443778874
27.90577079618774
43.88595916247962
88.71625873205082
1.7074666230719373
25.457368230477982
-28.56948374202416
-34.221447255323355
-41.69045900075347
-14.193092331456924
-83.85996209682634
35.7404417652848
44.26549507876962
-44.62175195054613
62.48935662493497
-45.847985560820234
-15.1563829207292
0.5220667047658054
70.51706477846636
60.129051577390044
-49.115317726574
-54.481967836891
15.533096036532882
-47.79796737014212
19.65295207954955
30.315863456103074
76.07021622090528
-41.67828045612926
-11.425914948289659
1.7589173072088045
28.070747552685802
25.087362011392173
81.37134351573167
33.48977750240718
18.41646882388723
41.158887167634134
-29.30729954958761
77.32681920737221
4.548543023545534
13.915829598164194
27.188723728109935
64.17788753825135
31.021517388189153
-3.7733724013431242
-38.117555676935034
-73.21037831405314
-36.42771779056526
5.966816577379149
-28.62739006690977
70.830062783042
39.63248951594312
-20.601633918713702
-74.47093323277667
63.56848746594528
49.054868220640685
2.4708619354750567
35.66008418357126
-76.1904693735303
-31.00621695120938
34.46258728052709
-39.239441118020856
6.975611412831611
52.74478689808302
4.5345118920775604
-64.55357877982141
14.73726788556003
72.79574720902707
67.73656363387329
22.370261519765293
61.802901658425895
18.837885999939886
9.916503318916682
-51.418083173147686
-0.6445951537963879
59.213901104379545
74.3058852513316
-12.986881023082987
-76.54979231836357
-48.91051352058692
80.24544968832228
50.67662864659002
-27.876405485800277
-41.09114671900842
-23.234397096157153
0.8874365344814663
57.741636175774886
-23.572178620664232
-58.63056270320038
-2.625317058915684
-5.459309154910628
71.67665977126674
2.0109798181889573
20.537749481595327
-26.331883457131823
64.17787887891791
-9.765561225496526
-33.86452975957468
45.21543760147833
-80.64211186436437
4.186448375681664
-41.28337668044858
-10.71954376424084
61.93298898313844
27.83830789113179
-32.52787897030069
6.2160362645607705
-1.041835110914917
-3.022300747612846
-53.607461195677566
23.511339419597277
51.180311642822176
39.883297245887974
-63.010098580510984
-40.54887588104768
70.71570393299214
13.612309717163939
-25.288189222873697
44.08228671669181
5.593295984805707
52.51537572764195
75.79592046761309
-4.6353278910880675
-67.37058658149923
33.096537066794156
26.521855711702088
-3.506313874124089
81.29747160145419
-32.028216984426095
0.22817621023125412
-36.50118327301289
61.536300784309276
-34.038714445088665
43.12380506353023
82.09048802155527
-29.767966279022858
74.29789579010566
-35.47302103364958
24.64891335734093
22.254543889203703
-12.095054036456872
-72.11219223376267
-83.02522391895093
34.3063983130522
21.696695020964327
66.02981094350346
-37.605864000355915
-53.938161642235414
-70.31333523361889
76.50869850916396
61.92318355677466
-3.591127194187692
80.98758190391865
80.75389522660743
1.397150273147659
-8.03039558948889
2.253267981402331
-28.464025111136948
5.227247882969621
62.29822031661675
52.19142613653233
-58.00468994481724
-79.18686316897245
-19.888677199058847
0.5480756853942665
-51.74441301941494
-7.501942729276649
36.35362965567026
-51.982335613791136
3.281872832405142
-57.7826823795442
-4.952791134316982
35.16737004482803
-34.114299400949115
12.178016075896338
1.9789578031834054
42.3434406982048
-12.983114431831822
-19.974601502246983
-11.8540199553982
-0.47910777734512067
-34.02165089787802
-13.599210592232126
-29.35504074314214
3.5054548104707095
-52.78995560452301
15.282474381571731
80.69987398790013
0.3299343629482365
0.7084893058972455
-14.715221865522253
36.441599466404
9.908283032434511
-50.1521501246342
49.608364748606164
-56.51219867729498
10.164400830114673
-35.70451699229088
29.487599547051232
-69.58930527819679
9.820243531693578
-29.474535759334273
40.50572686559525
42.42207989866813
6.358210472367958
-26.364497972720926
81.71076582228613
37.81716508678724
37.683335635841956
-20.084286561474713
-19.370864938930097
64.19200340694925
-21.401956560512303
49.09458406246958
50.19429792269946
74.9469099693506
-17.375508608325376
-67.16424358300952
20.36396473256174
-60.79285240568386
-62.89987458421275
32.88769942717346
-18.504477068079396
-3.4895003814874315
-10.074789001645968
-34.78825340875923
40.306418277461404
-23.75036476673951
58.323158031660256
-43.179932619380004
36.91103490406894
-18.171188720468493
50.12137939100859
-16.45098578967938
13.259589749990695
3.453182821411744
26.874366410569422
-23.111758373405593
80.08174647885556
23.129376283904676
32.59286747595496
59.44639553395993
-0.37548388601967986
7.274829497026147
40.50870337694505
-57.67629666843296
4.13408087195117
68.66319080919823
-79.43814918322695
-9.909340893995207
69.41418892877951
-69.02945898381746
-43.82239388899954
-11.439175126975996
-72.3110345021972
-38.27768671570291
37.1926406140218
-52.360296773340835
-23.256757023237384
-7.5446923349576736
14.333716074006674
21.942163230438055
-62.74412719778422
-60.39091050615695
-75.65292880523484
20.14154978055248
-31.139554448892525
-61.95405966933432
17.804140010320353
2.825947085847517
-19.185325317077513
-24.354172824739933
-9.277607974561832
-18.768200442212432
-51.6725908557709
-8.701263037853963
23.990235169353525
7.521611085073374
57.75550253603387
11.772747944872222
-6.7824691245365045
-65.71975069905173
-83.35493167751956
-50.00796419464049
-41.286027637295525
-76.66965019988578
-18.06348045715876
49.23546530437659
36.43712295272536
11.210042022910244
-32.82765686823821
3.4432547902937785
-46.26541205649838
67.87084662125204
-51.73829060494919
-12.44521959634794
45.03138115305737
-46.61946294356359
-8.794287236998528
78.69945642551303
12.758282363576896
-0.3583979076689161
-4.207689256914307
-13.044163204075772
52.52776459629612
18.426434915185595
72.39791009763081
5.4138236042529115
-26.50123925050407
-21.00433986697793
-52.04127942782859
-21.464497345221304
-3.040824938611564
39.14609035663952
1.9643779444954816
-71.68446839448129
-23.468568807457643
-43.83355442967156
44.76476723724582
-11.459908011858175
-40.39200009615381
10.926144778943367
7.197853092424339
38.36849532728908
-52.380169375225215
-80.58760269462823
-2.970649325381814
-23.521800004392176
-47.164450560509835
-62.34668356492138
46.95323066530531
-61.45376342836914
-4.6331302094908295
28.927353739040313
-24.78139667864849
3.0403173119579208
4.5758086093938175
-5.833957609551405
-5.250513530958884
-46.73931277014472
-45.22823427476599
-25.594253418484655
-1.9913133649581596
-46.10283792402845
20.313166084539063
-48.331629803835774
35.89339436803664
84.99011186197805
-5.522198522339991
8.554763420577032
-2.05572558789558
31.817125569549717
-16.37372171900708
-79.77522028966199
59.02149163110437
84.86832569522846
41.89945757498862
27.02276063055521
4.086582775512497
-15.194925869785934
72.35826194393437
-24.6610594581214
-82.34028917172374
-5.954425198365456
-14.415134623330047
-1.082422676939558
-19.36756342498012
-13.8418902330572
1.0949796280347925
72.55687606979035
-4.789136386195963
33.371347027372394
54.20128455551162
51.68221893167242
-71.36422557700718
-26.918301605371525
-6.877526130063771
-43.45298250870801
33.40218990875775
1.322162888852148
-57.43197608961329
14.12174415494492
-15.809425974307104
82.96681678759336
-47.78758508681856
-10.54126776152286
-0.9471940194702597
10.579392824824097
-30.345313264751525
-64.26055884955241
-59.81660813516686
16.893928092873367
-22.506806397807864
18.35590530412385
-16.31454389226218
-11.8026998269888
25.62826472485328
37.263648793195784
-7.2423346817774785
-9.355752396729642
74.14554941718848
-43.97163937496812
30.40821809842282
-19.329196543620313
-13.390768749523872
17.854687985105073
16.50004711819308
85.38982249403043
-41.72708093533318
-31.044247096656377
-16.02193437292577
7.93177957685198
-12.979088382932886
8.285879608254717
-39.51148247146064
-3.1537679025544634
-57.85339416449546
29.996357196626363
10.715142123730445
-1.9882920515674982
26.12098591334599
49.167618432852976
74.68711012953648
-23.83820627050052
38.21390287612971
42.048225877639396
33.33683865239257
87.6610058393876
-23.055132570479188
28.749678581362318
26.457112760425176
73.64761037210178
45.91843879704527
-1.3982672598743306
32.220932439282365
-12.42039638330516
16.95534892588023
35.568379092769845
-32.712223770684034
-62.87150208436502
9.7668285858352
-45.26216492779373
29.869854636546563
19.03414497996323
20.726418418780185
-5.524859946931699
-38.30728995215607
-1.5814584831833969
15.355047856760578
50.38817758579924
-18.95542798190695
70.52606508846713
-57.31590525513262
-29.518462792801117
-44.50218382288505
-4.654292428027148
75.72897368981793
-47.62163749467755
15.001901084829782
-47.516300847613415
-20.24784571810291
-5.713641378801924
-66.3479972397297
-58.44177510583116
70.19145302203381
-4.579381604959863
-43.963803418142284
-53.52321423522055
-11.405929693579836
-1.9588972692699116
-10.9435489472516
-72.39921343600366
-9.853059276541742
0.3825167348794025
45.11971223084504
-50.63985167503819
-17.247260871618394
-82.79595619132158
-9.234692186164494
-69.80899590860648
57.56757120143752
-44.045496131240085
76.84384579419722
-25.60143081280934
12.285264162112313
-64.41718526929316
-38.91389763930529
56.276176137373
-30.851853109393232
22.467884181399555
-4.950556644943674
-55.106041444727104
10.479719909939192
76.39356308121964
68.35942542318423
-69.87215953110908
14.834607694764912
-55.686195553177654
38.2541426271427
39.7258692204139
-2.1664134963024395
-4.157584611109428
-43.961925467042676
11.375667280121121
-11.21984829273866
29.424113393361196
-35.22713918411574
-17.30926837303791
-43.031607960483086
-27.196229777384588
-0.15928346042126407
-13.836570263494608
6.271195842256745
-18.724709497330423
17.945130305743945
-38.46327453574613
3.935324971912209
-80.11156359213675
-52.86219589468998
-14.148419960370276
68.98733141779636
-70.10623935358547
54.73026980502445
53.52635222509599
60.58647914337416
7.218330877617163
-70.96825136872762
51.05587224338896
-66.97643955932107
-7.4803960506812075
-17.073832044872248
-19.030837613241445
53.49779577554895
-7.167633183567773
-37.21151191831772
-53.70933107983577
-7.992456263954466
-24.870210850871032
-8.221734486910222
31.381280833310456
-3.1368135834367763
58.17026127007571
-13.838273832289062
-56.9225755477975
53.76135619997996
19.405915877224345
-17.314994495933604
-0.45967804974185356
52.75872721400228
14.377065095455706
60.82658791668507
-0.208770225089836
18.494148900891588
-24.074778002802887
-27.099888793580263
-24.137999662521395
3.933985757622537
-21.54796365327013
70.90709395474568
-12.4358687803214
35.29031068182658
-11.71165230210201
-66.56951650498551
60.873357571753985
-56.922625994550984
39.41920666331697
-50.206680656400536
3.485840334387291
-17.658484570642244
-61.717377970524545
15.092673115625686
-11.841485003759914
-47.44334273951366
50.29312949287953
10.301946449550599
56.99279083963765
24.992017930346137
-40.92314681352448
-54.32194248080885
-43.64994439144659
-59.83378592821207
40.130218390965155
25.066728647731736
-22.47228817620463
-28.825494804721828
49.9839137884436
-10.950000181512905
-69.56595709028012
7.071118301459833
-65.2749376985696
-23.637820061673224
15.786384375456976
-39.86382665770061
8.120555227605479
20.34794250097957
-45.95561084316926
-56.56992195040212
10.767723048486019
0.27694826880041035
-14.133400625107797
-2.5492036824631015
-3.614435542149778
28.7711902270881
-29.639448904149134
-21.404248618275133
8.470749469973157
29.2130246384215
26.980519051776298
5.263918431379224
-69.50303115158626
-0.4708989927053011
43.170641821232095
-31.395326642686
-18.83034338908071
11.275694514251214
-42.1098647154766
84.81017826260663
-5.024913840849877
-19.663624408331614
-34.716482976329594
3.3877387427189234
-23.894215112268057
-46.18944636979271
77.62065066874737
-28.76315153287348
-33.35287153597686
-9.576332892327557
71.9339060091992
-4.385499573037876
-38.83442232472547
54.08840799127225
-40.99267676234716
-12.749974614703575
-37.23323950231355
41.64589061171537
-1.5254090079110796
27.623094341384302
-0.7615471439139156
6.927649795498411
65.67222337315471
-32.59574019964262
70.28540169142588
48.09888373590766
10.97616374174963
-29.632291634846737
-17.00010636908459
30.252633265053134
-10.444711427497836
-53.123286826841344
-23.583938664248862
85.136478687785
-21.94815198825765
33.01581448754004
-56.02714372308105
29.978373970519172
38.69024485172909
39.53755117952278
-14.679259837493717
59.18694403551925
-5.783710472114109
-8.003855168806027
-36.38137417551441
-7.248997845893015
-31.743607642216205
-17.921479172338266
-10.330955372797717
0.6438424651036883
46.41869047933753
-63.845049512895606
16.446368352382677
36.27043932802309
71.73975437464131
12.204268781124327
-60.90420550402604
64.63966525572857
33.81562042921564
-13.498455784525689
20.63133646824319
3.06303453470629
2.5457168397150127
-46.01810067020117
-79.28789589916943
-69.82174619674177
-17.602878591688437
17.85193613026938
-15.47783444109237
-69.4755233718419
-0.980840177195546
-43.98491076695159
-76.12969200328635
28.96517133911651
0.8877435001533485
-27.77909547429141
37.0107342875674
44.438944723405456
-59.386844309608705
27.734564431316187
-10.845899675164517
-32.482248687164244
-29.38210301086484
-41.568322453138556
-32.72125091206249
29.329273779359042
49.428459380664975
-69.85805380263743
-14.797852913062755
-1.3252562620546087
-2.711325998262353
-15.91262823900469
-48.14147461712475
-59.938137321842646
51.12134319764587
37.398036418004864
-0.33802622196245125
17.244097338219845
23.67569659956719
13.004876225253454
73.55670597769708
21.602191974311225
-15.604660955265317
37.26982936796742
78.64339664141158
-57.15529781795198
9.893455716742736
-60.37870682985232
16.050079322010617
51.58916326331803
-4.878395614237263
-43.77389256443846
-18.51406121493126
52.80187926635284
-5.982431085729019
-21.2556842037029
37.781144677087354
14.469704289309234
-66.91328298830855
-27.21373290959302
-6.963850659839537
28.649813875067167
29.60606870031424
-5.096334716206883
45.694670545710096
33.67005821130502
-28.908858289521405
-0.08975993314790287
-27.715011410692455
-14.330184071776472
-2.0304926155321823
-30.706737101873102
-15.98518800605008
-6.950293448446686
-70.17782418973177
55.99534670217767
0.7774211990998339
26.12058237707585
18.050199652774424
-14.981080464025837
-1.1095953284007436
17.782709511584173
11.693024864891214
-25.300095472967087
31.341130825531877
15.923105632752794
-68.83115872024544
-48.52118880183152
-11.570565659441542
32.93667903239029
-25.281650997026205
49.68908095853027
36.921685963593774
59.13083382002
48.60261504904307
69.86751090252665
-70.80766897492899
26.414199158875817
14.755038817479914
-16.575814247745555
-48.76446394893024
67.78181729058744
-6.020572421764925
16.97122897217743
-51.463523849896376
-9.871004173274443
5.3771095794841415
75.36701005066305
-61.160358748959844
-13.010305902187184
-21.89632319111223
-19.841509937106636
-58.792946145774714
16.2241501935583
-7.330015963265467
-51.139683765222635
-48.254250311262155
62.54021217470881
53.487461965732024
-23.130276615387785
74.44046875577232
-61.08626681241456
48.025740934032996
81.58101445999606
-44.75086562553847
74.18184362511084
42.02168592378129
4.16659169226665
-19.444744430999208
-18.328085941356846
-62.56333679482777
56.33200497334161
-13.13211160784111
-42.617007502180634
12.292613974634548
4.723420068936392
-4.023071099315601
-22.59491105435032
-36.854461187663084
-24.955544891370536
76.33698647701962
34.6469964862176
19.96888936139635
