24.830768830367944
-31.374950617629878
-69.66031783392057
-70.48909956952174
-49.03561936710101
-25.44189665213372
-41.14722572916211
15.755916900009666
-53.09612728634436
25.35490980797897
14.371867776452603
-23.56813890705307
-4.2869122302668075
-11.6131927371285
58.6130960278405
23.439727410703526
23.966969357617003
-28.30974016271948
46.57891535731315
49.931607727973926
-29.778675367246265
73.27249961286867
51.220963358108804
-29.35582176793281
11.47451167537507
1.2332509699761829
-39.48798878762101
-24.05953380070339
54.35667392747865
-4.241359865049603
90.41446161324814
-6.551111786896541
-10.511924836134483
80.3774726395956
-25.73446445430342
33.41814971954642
3.0895464404124056
-68.96822397674117
-22.10927426699294
47.31477010934276
8.274823062358024
13.491787992697112
-33.75346704124466
-20.034265574600155
28.85897244549858
-93.49995218142304
84.19973937257743
-60.07772047377488
44.719853116414555
-17.570860770875356
-0.7424650387686285
4.532531768759398
62.258908075034526
2.8566364949938503
19.24888335334856
24.161187028207138
-19.926139254701823
-75.53457474613874
-1.121935458419955
-1.8139432116671088
17.494424197203827
-40.19121244426516
32.991079915417174
-1.0752566143134885
-12.626373852877578
-17.881038236798886
0.7248284224082795
41.78282992060829
-5.6104844222970485
-7.700282595264227
30.104453439097682
45.753712142619406
-56.68386555045778
-41.39832848418877
-16.38153021669018
36.04321106693905
75.99972487071588
-31.750455193013252
-68.23882758712688
-33.953876674300794
-15.790640194261698
3.267661838342235
28.676473514871518
-11.520920945612701
76.64697946158583
15.70644712018293
34.99150565350777
72.75825664473186
-69.14783689772212
45.533833310172184
-56.20890036246188
-21.86033058303174
83.98910649270368
34.89956683343891
-31.213176511580087
58.93363108209874
-75.42358505892301
-32.17585870208272
23.422496173677473
-14.764656262133926
-0.6204974990278771
90.77378438389212
-7.316647633155085
-69.08441012329847
22.03115476464339
-5.614318840904033
-61.390868544751626
66.79729068814893
-58.734026554040454
41.918977822367225
-0.3851041164781037
-16.410817367738687
7.990266477413542
-7.8412140211462855
-75.99424030959997
27.70596919606912
22.444979460696075
-4.350087025982461
0.5939761711384364
1.2285606675166036
-22.010882574346965
-48.704611481951915
-4.924730894087773
-29.51496877596088
-26.837568847184528
3.5054447856224726
-46.86167234207231
-50.93099788667713
70.29581711448469
-57.8786515016494
9.256664518794068
9.257814578500813
-32.51393897858863
24.048382284813968
-15.311597326079394
-0.49263494374908134
-34.49952857155161
-57.304462006665204
52.98575456129015
-51.00171569842728
-61.98894377328331
-15.295652906401273
-31.521096398513265
-42.603360416467964
-6.0018771683246115
6.168099096832449
-35.16459310114741
-24.455519611246686
-73.17938907788277
28.99334018800127
-88.40006959053198
-2.0202464366913517
-3.323665138491563
65.2963078301106
-2.235961104741577
30.08157509583154
16.131241080281768
-27.452289009364975
-28.052628793229957
-51.55148427796149
-56.94943663913882
25.405153052513768
-28.735609900117822
-66.63073713581197
62.101162967212616
58.16447360248233
5.3253226746349185
-74.52636936873282
-34.92060148832231
-22.69502534449589
79.95284315579133
-4.60692077724552
0.1920617718446067
17.550477840284387
41.57276147581209
-12.843091674346923
4.670606070970294
79.19040616620094
-4.451103724131968
-15.335746350342347
-13.70331746561186
-57.84890091131127
24.672010728122984
50.04257480487732
89.54649794110324
1.4818937412949822
22.71803477907146
-24.535158261944844
-31.54008465754312
-44.34314812687106
-11.190221422164896
-92.4152732654643
34.61970269080217
40.44804774168949
-38.43362259993052
60.862335115093515
-49.7042012802037
-18.732820135541985
1.114525114477189
75.16735060697579
56.28804873773001
-54.24188201260692
-54.566429867535454
14.605377159497024
-46.67310036438268
18.939229500976907
27.14036927382648
79.04252550726443
-35.958762087509456
-13.189128538974444
4.010446263615123
25.394397466647035
25.50786626231111
81.70487301142495
30.015411293971468
16.615435934609337
37.34308358647607
-23.421592416888615
78.51189348061979
14.444468205744428
16.883887979100308
23.999242587556225
72.39792435114202
35.29613508030948
-2.9194735673530374
-32.72660745445553
-78.45296773620954
-45.09403944823419
5.135311698495798
-32.345043059436634
78.50295667825688
53.834794630048265
-16.45089845258174
-79.0351591453106
62.60470469052191
52.54275599173076
1.8539303268687064
40.22408066991275
-86.99934534395504
-26.103823394194492
30.551894273831124
-38.212408357803916
6.677010345370675
51.83075542316817
4.554007628259356
-65.07427328809331
13.293775073356557
69.97190873053216
67.73522375107797
20.60567105800685
63.63228871899537
16.621724406541716
9.091421878489697
-46.484337902116835
0.22215111147149003
55.30893546596883
76.31621874108257
-10.700237432748565
-79.5530132735637
-43.361295709797744
80.3078767315912
46.53619824316172
-33.86078726029337
-39.69910556664204
-18.487874299973797
2.376505113764381
63.91670696588329
-18.71253319479382
-61.81762791697732
-1.8300355443996068
-4.305694645835658
68.21922760238505
10.073039459236128
18.834621307159253
-27.66213116174322
60.09655806796653
-7.621308055883333
-39.88653623554653
44.16367194405046
-88.70553011316912
3.6882777259596224
-35.261453059955834
-8.117495641433507
61.67251124768296
24.719375730229075
-36.49821172293981
5.667852758845868
-0.27801771634972283
-2.1087298035666038
-49.507526043560055
23.3237726767686
46.858447844746195
35.83371036460903
-60.422079234508736
-34.79313241871736
79.45556984549185
16.12441266875055
-20.77493328191271
43.16025476612694
5.396291932287653
51.05445484081429
84.37308661656729
-4.298301598552868
-66.70554076177865
29.831463854204912
25.124817338559296
-3.764823736088033
80.35603417976384
-30.065752177037183
0.9650857093722607
-31.360354571053847
57.62950893758722
-31.450293652881655
39.52163089853798
82.20275014502286
-30.268238419891603
76.21605976376236
-36.15080755194499
21.75870667825582
26.25157542422295
-13.151710283113715
-74.50074117125956
-91.2425491339887
32.99546598966725
19.08552775977708
63.17120059241361
-43.6583882649991
-51.738464218509534
-70.63610861492363
81.03283879125794
66.62495040867924
-2.3547057087266694
81.28543250645725
80.16401598297003
4.637158207862342
-5.910511746687746
5.23128082924373
-32.25453490005782
14.019437141357002
67.29500032612864
49.68691012151359
-71.9926020345
-85.31379983130918
-23.228877250319456
0.5210104653820622
-52.13016221706626
-5.503107835989979
32.54625666130792
-56.946508767374084
2.5552102571480617
-64.36843704089492
-3.435961577538393
31.693542961939244
-40.78364220166632
10.630546725987315
1.3736037970820973
37.93348462502783
-9.944620613887011
-15.547368334509201
-13.491395802304183
0.08647875514603243
-31.36132786715082
-10.493242400697426
-24.658120034758326
3.453770484031324
-48.332043980308214
22.42721130824239
81.23572878680244
0.41969479236772145
1.1423154615159206
-16.70046972104177
45.57981923514296
18.450881977056724
-59.137863063217445
53.2112841065597
-56.79940995143174
9.407998291716737
-32.01750264122491
26.04196214229033
-72.09958592685233
9.001451636775755
-25.41999867784898
39.113074582220804
38.67709677234578
6.090877740072344
-22.087118954994708
80.2792601591162
54.45321846858499
34.26926236682928
-17.896839151640037
-17.680846553159938
67.78047608207552
-16.854699817139263
45.20230877759769
45.74213572037439
80.39053433473615
-13.725260527684313
-78.38995057794747
18.032567725212942
-57.64766971186233
-62.74682670966934
29.223055244370514
-18.064733182661982
-3.8120681190228254
-7.815845633578746
-37.37329377420363
48.86869173500318
-21.038571277170504
63.09701959053433
-42.047409069363646
33.430829749988874
-16.34567404957177
46.08308679428228
-19.632739325500566
12.227429073632848
3.703932759987296
23.71338612338944
-29.740827285757717
78.02806067695815
20.871856522568194
29.74535719736886
57.41517990572609
-0.06467314307730021
6.5588879682585315
38.26378268624066
-58.2514273691449
3.5901026671317737
64.87839084108668
-85.67964901771172
-7.523417494984173
72.46890307257652
-68.84961077428451
-38.05747663718493
-8.862812204841788
-83.10148168392442
-32.67147968600068
39.66646678497588
-51.23311576132614
-21.146702604052763
-5.522462071010608
16.48026557145303
19.783820519503095
-69.464520981609
-64.40638200061542
-82.3600292890375
17.614000316660054
-34.681362835199856
-62.96247508119166
16.163474951636417
4.524381171589354
-15.163342855372804
-23.215085518266235
-10.336674415214944
-14.823871877685889
-51.92715592432747
-7.542214870876705
36.93048390034184
6.5051748294989835
53.17736063415978
17.153427005905428
-7.903915398333169
-70.14158168682451
-94.73624333093288
-46.59145135652516
-48.68117978811828
-85.80501080098377
-17.665015791565907
51.32671162029885
37.40305403528569
10.249339146814847
-28.87165543062848
2.886527056819915
-48.67790759753457
64.3927527407329
-58.29374610555094
-12.050159334823206
40.769934791024866
-41.38871558383433
-6.674567586636115
77.67936538164255
11.43412439903635
-0.13925599044624448
-5.066601770792687
-11.504230184732023
51.4648481638375
17.224719207401478
69.9659753565154
4.5481766927348986
-21.103405591001263
-16.5652628590162
-48.53562179181456
-17.513472646711065
-1.9556466152759953
45.9093879930453
3.0279669311370867
-73.51876881011104
-18.401931069413862
-54.54510305953009
40.434035327421526
-8.751437523402089
-35.274414028123275
10.019189910859566
11.456481882339574
38.52334913001911
-47.08075232997842
-87.08968824524591
-3.08189901848948
-30.42807168926369
-44.68853397221604
-60.5177259781299
42.46530202588235
-72.26261458941032
-3.39142696702055
25.53024200410178
-22.970708694735222
3.2887506471188743
4.654859756890048
-6.00428421170416
-4.326594525349265
-58.25507325882666
-51.79711585419542
-21.48995750846487
-1.1174311691108585
-39.88769829763199
19.796418233183346
-58.32578280210999
31.94261364747726
85.10850912743774
-4.250443686881482
8.03258483193791
-0.9882429500055991
30.036640574823778
-12.68292693701568
-84.87835162142537
68.78960909708468
88.74861245562576
58.27958161947879
23.9986797319833
4.239784034258236
-11.948765722067009
77.68900267336159
-19.698609175641167
-91.88373777689561
-6.699454694859639
-11.098557725980612
-1.3032841141366163
-16.27726752801128
-11.068096909027375
0.9935992509423812
70.40863863623787
-3.5414587938538915
29.705793760353146
50.41392057977012
57.53182138226657
-74.99674818081883
-22.658976378807168
-8.118239785923521
-45.54493405068618
29.621019583902694
1.8684621623903013
-56.159476660040106
12.776968455446763
-12.61424559233997
82.9406191313152
-42.3007857683165
-7.964937016901061
-0.0836595639795803
9.765946863413475
-24.528929987426082
-68.20278525493957
-59.54281614552543
15.492007682356288
-17.616729786639013
32.39323581729511
-16.227136642688947
-10.513527905197606
29.45222230654626
33.898985753039796
-5.493087840681397
-6.993141108664432
73.81245080567382
-43.91521960018842
46.36294252245801
-16.761350901069534
-10.730013338718777
17.147952999284726
15.706902648722817
87.24006437517258
-50.604136889165744
-30.5497125466849
-12.393529525529601
6.674152998051468
-12.703199898277461
6.989266370487556
-33.58813363422023
-2.0656542885388944
-55.161258164158745
28.33258714275884
11.999153751189993
-1.477806012154815
24.491682904875475
52.61665361684186
71.68482815827309
-20.289530178435697
34.206237263301745
38.006111289688505
31.601377297470805
89.19086293764482
-19.804153350981906
27.797908144914018
33.946802478910456
79.6754310172752
43.0421309624148
-1.6158201393895695
43.30291250004868
-10.034217498680107
14.87553906785378
31.766156598333794
-36.16887940572728
-63.88342749388823
8.58776064803638
-50.76570150015796
26.314978084131965
17.147729767135715
18.799787626867413
-4.520393230216044
-33.1958097760384
-0.9608868417061842
13.890025471381719
47.39752502029515
-18.647642011031337
72.81127551404018
-59.48130082542867
-29.01154205350224
-41.68087294073816
-3.106652373615134
73.2851490472234
-42.31080859648684
19.51001723277801
-43.74687550964805
-15.786352491889417
-4.643158100317905
-75.11973992394417
-61.79800347205303
66.62383860857827
-3.4425545153470125
-37.72067737755804
-53.63659117838309
-13.11320803699077
-1.2865082320305135
-13.103879236355311
-73.50606589237951
-7.513323110145748
0.6243226603720444
43.408190604759426
-51.517224328964545
-15.218655479636169
-94.67993048847187
-9.776644731605046
-81.39100618008705
53.06463444019374
-40.002354561462006
74.43777777733973
-29.5882663287084
10.99661941907334
-63.020592595078135
-33.83880182784061
53.388344129007976
-28.281756273370917
20.109009489914925
-3.592671364260312
-65.3715327973336
9.313452263833312
76.13060167715423
66.24305866252689
-70.70960380377954
23.484125885579573
-59.21852164656993
34.45626335264768
36.20454713762919
-1.4101267191067137
-3.0183159928392627
-46.059956268471524
10.399993268774054
-11.902670332735823
26.2290315143087
-47.152373995602574
-18.930539238824707
-43.18908543514646
-26.22371939992287
0.07385502353034212
-10.661943353122638
5.8623188357343565
-14.50707553984536
16.371158456392322
-32.34348103515141
4.066085135075667
-86.79845522835058
-53.52530984136639
-10.89759195580801
70.45993090006061
-78.68050635917282
52.391046339502765
54.600485255528554
58.39309232826909
6.8867129523049755
-74.85312417806874
48.27228189330944
-78.90898262914146
-5.460592809785439
-17.975286530294127
-14.83505511914052
50.28511830782796
-8.47655743164357
-37.587779731982344
-53.083694995366784
-7.230121553773472
-20.068353941224956
-6.305316247652314
36.32917681955169
-2.4919767136087785
53.63412328974141
-10.668295298539604
-71.88121684939225
49.64349267496405
16.934483588638514
-17.942299876448658
0.32676765584120915
48.33934454542785
18.254858872998284
60.9261387054153
-0.025030761376712007
16.1658560276081
-30.678480542891336
-24.950597148264592
-19.031404524968394
3.757629206310881
-16.794480947696414
74.45661692882092
-12.279964142444285
31.300843604307772
-12.694567562258129
-66.69950391632355
70.0935319138027
-66.05203088884994
35.363001324294544
-44.80409549357964
3.5354784913431416
-14.040742064789185
-71.61617284453112
13.802865701948434
-9.055151071758019
-49.03520262594173
58.99518327670367
10.26754489931993
59.49834918786169
22.929370998693756
-49.76177344237706
-53.12590545686474
-38.15756049580155
-60.260219634882205
35.853474400523766
22.38747801540019
-17.713328658669624
-24.366667655460674
45.544591403576504
-11.648718280107602
-69.80977708589796
6.140628780109068
-72.54123927102894
-18.8575813593812
14.249849592799478
-34.5062910436187
7.6548925656459375
19.48452159105696
-45.38390828318821
-54.55986609740756
11.32664447739569
-0.2346351539175089
-11.484447328844723
-2.663718939104399
-2.761493831856214
30.002261973786275
-34.20109793501609
-28.14781563548891
7.718345049455152
25.812269845553914
25.081204283858895
13.732997865523089
-78.81913786322632
0.06796087193976064
42.778297614432915
-40.43894637569988
-14.8629135210453
10.348563278043898
-36.56911728296212
85.76465224646691
-3.409716151418138
-15.523216835961861
-28.446268776877446
3.597051750747994
-18.807159289153375
-56.77973687235655
75.01947667691061
-23.732364545529748
-28.845489516895782
-11.405310816915417
72.17573301313433
-3.6278561385300634
-35.67223700038064
50.133892347903384
-36.62893940620852
-13.688128932090777
-32.68477942880715
39.42061384340326
-0.9618963337098023
32.062334377337265
-1.0299976142191696
6.63019754930508
77.95969827024899
-29.151712079718237
68.35844731604871
56.97445596741255
10.065977214728576
-24.163127571739253
-19.913002433278294
32.72398888821459
-11.801445366069856
-66.96301423075995
-19.724656776350784
90.38343038863343
-17.215630260122538
30.79280824649453
-58.39991245352149
27.103887635655397
34.47886281237555
36.570430202378105
-12.417649485554264
56.708942049641905
-4.032555609838411
-6.32581518888847
-32.07631310778841
-5.429688796478004
-25.83377307574976
-13.996288185767668
-7.952212103552597
0.0314063895279304
45.75080369458348
-65.24601931288157
15.361845206640197
34.118530281199384
76.30988456124408
11.172054592724322
-64.8381911040388
61.65319709872898
29.98195200933725
-10.507794741924613
18.74092628720807
3.068118876979824
2.774755706419654
-56.40963803067506
-90.12836730455592
-80.1159921279583
-22.327138626263135
15.623172042086551
-15.208011113260824
-72.381809502501
-0.5647934053924502
-47.0157645352103
-89.43077407499221
25.813882695479336
0.5066119628426122
-30.98872588283993
33.69447096160249
40.12887894525528
-58.887479720203466
25.00556077791053
-12.626664434257748
-26.682597055931055
-34.92267040096245
-37.000565279888
-27.09261038253095
43.233356567828565
59.51116780136067
-78.51639378544488
-11.51476892621561
-0.7398509259970893
-2.3306655422408937
-12.2909332805595
-42.15313170803416
-58.66142953891943
46.92501940736193
44.52951758819535
-0.6828981187395016
15.172292422479543
20.79710778273575
12.270083690301291
71.40670016612714
19.152768478617986
-12.338747719123717
33.389819873995776
86.85724832577702
-53.12726527045807
17.986277797816186
-75.49470179978941
13.850604305121607
49.637381452265146
-3.7781733794339374
-38.4473409804601
-14.893343607441352
51.98815585565464
-6.363950212186566
-24.174756449305676
35.142257096675365
13.213126312366768
-68.75564685486493
-21.661010072421362
-5.538803659355992
25.45179553027799
26.22105955784653
-3.506179399859434
50.590677023300145
40.433482060484835
-29.69390526718543
0.057915169902244656
-31.287137968070382
-13.81681987886681
-1.7201894082749476
-25.547065523031904
-13.22869990545287
-5.010459678669562
-77.31507156309556
61.086482618430466
1.4473166863135702
23.21231450376179
16.33840764777021
-17.91369961621892
-0.20759694747104618
16.630704230339063
10.529571356025386
-33.30308725202947
40.34365724031076
17.93349403501267
-71.56122560345447
-42.72970720364101
-11.957275418039075
45.91999220036513
-20.66313686636613
48.71410182397341
33.22228369428424
61.506772914791725
48.29898653305935
69.7612131080385
-70.81011861495497
29.884121253901313
12.746067485006265
-13.228244419932366
-43.577621222687306
64.41767209235687
-4.2516798373709435
20.39920811468123
-52.82540111905813
-7.479807193239566
4.763114096886838
79.45269055594551
-59.43061557131143
-10.54376591445758
-18.49580825866576
-15.89553860370411
-62.49613974327152
14.095555868791081
-5.849903544137447
-46.06364302610878
-43.596294570298426
59.64383610091582
66.80719492437638
-18.44175799653381
83.21078300542877
-60.078463017450815
44.149340690848874
83.29686917415648
-57.46742696656273
82.47119845686467
42.88284752882697
8.90048502741189
-17.4737764936841
-22.043912401735824
-63.050881887042564
59.379104068641425
-15.467100590347414
-53.02463033245267
11.228807097249884
4.771519906798105
-2.5667850885241705
-18.20735796565343
-48.94974897169367
-27.348315250555316
78.22211902723546
31.138139179204757
18.228955436103632
