24.83493921528678
-31.374532297555845
-69.7074376252391
-70.54032329055599
-49.073498620846294
-25.43916652871593
-41.14802945657242
15.762089924034356
-53.12309941426678
25.35511606413573
14.371565784609516
-23.557306477171778
-4.283537010679822
-11.607758709476258
58.67288767470748
23.44626086228004
23.967863732681607
-28.31968381474036
46.57558904703009
49.938672658679735
-29.7898422333718
73.24176915006959
51.22487261091348
-29.359737339323303
11.476629237206708
1.2407414088662136
-39.495380051119255
-24.052863236102766
54.3366702048051
-4.240029490638932
90.38309130237371
-6.544156697002123
-10.505253639204426
80.3506084034058
-25.736170477740487
33.415809461029625
3.0871310097880382
-68.9310983955646
-22.10880511490501
47.3015126123143
8.27606778181223
13.49611432976225
-33.76329344843728
-20.02665316791827
28.863098372617827
-93.47231662832323
84.20507731568907
-60.0729147723211
44.7204815568881
-17.583786140664984
-0.7368538932241933
4.537425140733191
62.23711755870909
2.8588077551550413
19.285641824254938
24.19960212341087
-19.936725968196967
-75.5028252088193
-1.1258090647785082
-1.8149611313619403
17.497470759658768
-40.22738768666544
32.988055335779876
-1.0738479465678807
-12.62715619760246
-17.893151721324216
0.728551789217974
41.79850735025275
-5.602861853710124
-7.697388229773878
30.102404360637053
45.76370813630629
-56.71350464667904
-41.39276771119983
-16.379330181363443
36.07970430025338
75.98027998054431
-31.745316742893706
-68.2848221350703
-33.94485260949761
-15.801836260589653
3.269706542396321
28.67489616003907
-11.519479165781718
76.61389345646731
15.73611105110028
34.98933351267732
72.7783617695566
-69.20112010527819
45.594239668109566
-56.23095131464473
-21.852915945440813
83.9556875297645
34.89546324159372
-31.214912577173536
58.90719570853139
-75.45969298708016
-32.19639318363659
23.425216990087037
-14.771172804941301
-0.621401119903723
90.74288707069559
-7.318700952419434
-69.08925794798937
22.03171948545169
-5.612652852549189
-61.35791790300487
66.77651588426926
-58.7109182497918
41.919431915395506
-0.37962168068118274
-16.413790026711226
7.993611332132261
-7.844557550985556
-75.97602113998232
27.708756912269294
22.4453685204479
-4.352728240050638
0.6012815260906876
1.2331097931426171
-22.001773307285248
-48.70978567006227
-4.930252971800229
-29.526439239485626
-26.84667003256196
3.515083282800262
-46.836412145887174
-50.93109758332363
70.31999120452977
-57.89528015782629
9.264842982015793
9.258388341256776
-32.53649756324502
24.054958137133283
-15.318116977958567
-0.4961997938319058
-34.5326485020517
-57.29370854093521
52.965705599710844
-51.018142808882125
-62.04133584369523
-15.291780597630051
-31.514442577042445
-42.59658500737603
-5.9974404112624455
6.17079623937579
-35.152418716782414
-24.460019313570342
-73.16487479928388
28.994019060537283
-88.36063396700058
-2.0119632089882487
-3.323899737805931
65.26344290237913
-2.2341703245703144
30.08146137131409
16.131235062451566
-27.458712230221337
-28.06557818972273
-51.57241468933907
-56.98480866491147
25.43027625782223
-28.72257960878865
-66.65647000003895
62.07285502839426
58.15994373124306
5.33680507059141
-74.56356392871137
-34.912270338782065
-22.68677335939735
79.9393952162853
-4.602167354673497
0.19008325324740838
17.55236287658431
41.5637284712318
-12.851288569237681
4.669645668744323
79.16069896450239
-4.4474457639884974
-15.346531876905928
-13.701827022309132
-57.83729808321222
24.675633430760698
50.073094511704454
89.50330351985272
1.4912488721296029
22.719041802010267
-24.53501082644867
-31.544963299231227
-44.36433918295766
-11.189915573549442
-92.37804048680248
34.6245146063587
40.44076560109963
-38.411759516047695
60.847673496627664
-49.72778770516365
-18.74592550791496
1.113760497315809
75.16732847350383
56.26685581974357
-54.26795513238276
-54.56722328361905
14.607364952267545
-46.67654079941007
18.943890117739983
27.139640443110522
79.02714767281401
-35.94322783552675
-13.198805566724644
4.023662526048753
25.39362495669893
25.51884995952787
81.67039804883476
30.01364185150325
16.615782364234008
37.33745611421338
-23.409306288806505
78.48723673482917
14.47925023932963
16.903273528882963
24.003700979935203
72.4199751515172
35.32254272214979
-2.9226210548729483
-32.71595281118647
-78.43684653367315
-45.13211653360376
5.145346404408329
-32.36812773688868
78.51416757419719
53.89272103194901
-16.44773011347978
-79.01093804653308
62.59147219390343
52.560839117951105
1.8647329383419304
40.25111646045565
-87.00210654720412
-26.09875908573457
30.55329535607865
-38.222000214913436
6.677618591166777
51.82898952364573
4.558148235930702
-65.05675545207188
13.297069428672614
69.93767360742768
67.72038947372945
20.606312420907003
63.63264732388234
16.628551904898117
9.090179834370488
-46.46133619801984
0.22552070647073208
55.28856556407462
76.29976745970492
-10.703168296923835
-79.51151431731162
-43.33814168210589
80.27407430463944
46.52356240617155
-33.88879985794655
-39.70645853810303
-18.481844039500444
2.3866751281516514
63.93808524611765
-18.70575499878494
-61.826199132858704
-1.8229936199968364
-4.308731943298909
68.18395743011337
10.101781433910915
18.834895972256874
-27.678822252708244
60.069122581968486
-7.614140013497931
-39.917034109010935
44.1660870435276
-88.67858930420616
3.697541605246812
-35.24418322554602
-8.113204920233272
61.66422786142479
24.721280593036596
-36.52311074211839
5.675624623335608
-0.2725198728719249
-2.1020241734245673
-49.486162589362394
23.33184342338788
46.844852618083564
35.829013790512136
-60.38897899199129
-34.77832411513144
79.47096708714827
16.141959439598594
-20.771766989181614
43.16369090951713
5.401298663582267
51.050659942495145
84.38016951625346
-4.303217832467851
-66.67245208042559
29.829481768711545
25.12808573988417
-3.769921240421411
80.31673517405241
-30.073682279678465
0.9657262771010977
-31.35217487411117
57.60629321470836
-31.45558269089524
39.51548739849159
82.16631808082269
-30.28358900092026
76.19924518769665
-36.16690541032141
21.763716066438164
26.27645215365989
-13.161523925447895
-74.47160208298496
-91.20684245310818
32.999622507205174
19.092438053424203
63.14659808926527
-43.68970258745211
-51.7281872755903
-70.5999329805712
81.02296731933234
66.6364209802523
-2.3497670710453775
81.25140984954584
80.12687768573576
4.65346931535575
-5.906931332788886
5.247133355898072
-32.277729870566944
14.052552367925486
67.30717103497366
49.67916196083857
-72.04090835896831
-85.28129647302893
-23.246668237881636
0.5300588855849355
-52.13602218579275
-5.499026984656027
32.543623332864115
-56.9699939748918
2.5661702081410738
-64.39186941760312
-3.4361738782421583
31.690832868654212
-40.81587436413021
10.640199125062438
1.3845426950419863
37.928380762753534
-9.939847918706704
-15.540006080322627
-13.496528154027246
0.09288797340894916
-31.36633796788567
-10.486573357341072
-24.65438733534772
3.4605004430330695
-48.309817304623756
22.461211617466688
81.20309157275904
0.42829779658761424
1.1483625459792677
-16.712823050121685
45.62257044603436
18.48653706467502
-59.17571540148836
53.22945840285243
-56.797958943843625
9.408438052876463
-32.017545453098904
26.04580196850395
-72.07936601856149
9.00017868189802
-25.41971425036391
39.11587934137117
38.67095086983514
6.095186219949113
-22.085584511129326
80.23752041586181
54.51817250915181
34.26567884882601
-17.90285653158398
-17.688151259615054
67.78491593895845
-16.848591088282163
45.19169497208705
45.729149954114376
80.38682396030939
-13.723068853382372
-78.4164671040221
18.03788472424324
-57.616709007448165
-62.72959110936192
29.223536792283497
-18.07486658337578
-3.810475485363554
-7.816661441519656
-37.39487509027674
48.90875184307086
-21.04361985523522
63.112589815533084
-42.0545830794681
33.427420657434936
-16.352240348673888
46.07122163574783
-19.647624886166014
12.22752844184474
3.7061162269964996
23.718054716269705
-29.767103943570817
77.98629465501273
20.8716761675676
29.743950251425403
57.40241619495214
-0.05674792332527545
6.566876396735367
38.263237122115186
-58.24938933155394
3.589778733637118
64.8460323867144
-85.64683853599408
-7.522772440127156
72.46415224686365
-68.81440780265312
-38.03949268209278
-8.85592031246722
-83.11493846142675
-32.65931621544375
39.685383908643615
-51.231050754593824
-21.153677736397483
-5.521444968342564
16.496520880029877
19.78378319313184
-69.48116803104963
-64.41565576524587
-82.34382466362258
17.62272401844791
-34.70482403651759
-62.95406928828219
16.16319304044322
4.535903614116393
-15.159828106245428
-23.225096163082327
-10.33882991578767
-14.820595781145201
-51.93252030373386
-7.546977467989109
36.98376310506012
6.5152350090761075
53.1560130800369
17.18069038525678
-7.910041646688356
-70.14199569727592
-94.7169070992413
-46.58037182497011
-48.716404330676085
-85.79813215054826
-17.675086555972314
51.33933455308329
37.41620767353433
10.248291401379063
-28.87132863965904
2.896587297587118
-48.69642592653572
64.36285865461028
-58.32286936364944
-12.058120545226174
40.761498327937005
-41.370995086447465
-6.674896054045675
77.64363835932235
11.440359106150183
-0.1347128641513109
-5.068388309966181
-11.509792082043063
51.46265258516195
17.226462618711253
69.93398364024091
4.5587727877274205
-21.09399017209931
-16.559796407211124
-48.52083474905838
-17.512308257948945
-1.9570023765044482
45.94358202662062
3.036722257267627
-73.48763915737118
-18.392815445252978
-54.58962012456023
40.42585364729382
-8.749723139656709
-35.26389209758573
10.018330157596793
11.478457269871527
38.5328944222002
-47.05347896295716
-87.05383529579062
-3.0867274282793318
-30.455263016948933
-44.68619529885046
-60.49149359009829
42.45532241543199
-72.29664840369281
-3.3851040683861413
25.53447045202914
-22.978862459496852
3.288514972165018
4.656502508719939
-6.010301205534574
-4.33034906346532
-58.301570079620525
-51.82939616492537
-21.489242915869042
-1.1115988111075694
-39.86380962831541
19.802227831817348
-58.36742183254203
31.941859827964606
85.0678494634787
-4.243353058001233
8.033442018411051
-0.9843553934459379
30.03891952559448
-12.677933108776728
-84.83725597574305
68.82272883374134
88.72243383414201
58.34333933970032
24.00074627376516
4.241903655244855
-11.947561572200115
77.68889241981802
-19.691801134584566
-91.8584141676999
-6.705569415697056
-11.094077081613321
-1.2927506104322646
-16.27973329360293
-11.069079136488952
0.9902601007499072
70.37760878628669
-3.534997851602384
29.70550543116262
50.39936890336506
57.556968288696
-74.97748758897578
-22.657608110986047
-8.12170521454864
-45.5637247915891
29.622326102935176
1.8687293589799765
-56.14801856627392
12.779960228752287
-12.61412412755979
82.90234802535801
-42.279729104959465
-7.962643956700717
-0.07941636665070462
9.766058911348281
-24.517491442078494
-68.20417452767111
-59.53206715185571
15.492022844069936
-17.60823137678173
32.44697748043697
-16.23719845181911
-10.519276509916509
29.476830671269468
33.89562051967252
-5.486936096999955
-6.989506250803188
73.78659772880829
-43.92612877306146
46.425614915971806
-16.765877356029264
-10.731317275852462
17.152061512615205
15.71005619222521
87.20528397858499
-50.64352293398593
-30.562371406142375
-12.388484132410412
6.685485788246254
-12.711590472006378
7.000605112073643
-33.57297452262904
-2.0600349475961366
-55.14034021062102
28.33522396255765
12.01092597225211
-1.4697521064817636
24.493877715228365
52.63452047347005
71.64708977198174
-20.291233438378626
34.20290469789862
37.99982521237604
31.60385031894546
89.15158202371248
-19.806998040286828
27.803418187217744
33.98430806711397
79.67606085061789
43.03705493656162
-1.6201100999566762
43.3520820337304
-10.036317877901752
14.884032360630911
31.764292426605664
-36.19249713010289
-63.872923502093904
8.596915952257689
-50.794726291865175
26.319976955049697
17.14822274776101
18.799588224679084
-4.512037178653173
-33.186795805986904
-0.9537498066339509
13.891525747802518
47.389229566914054
-18.6582187788176
72.80178024316444
-59.48742146652237
-29.024070699575518
-41.67946613535121
-3.1036965234726352
73.24815268635521
-42.291191106629526
19.535292744660495
-43.737116093406705
-15.779172637720976
-4.634933013520282
-75.13810696959303
-61.80761160335175
66.59023640853283
-3.4356423931106406
-37.69917087091596
-53.638909360872894
-13.122875446785017
-1.28919820074465
-13.111310037254697
-73.46777138031064
-7.507643464428568
0.6320512757485943
43.408022273250566
-51.5264272343407
-15.22431852692631
-94.66539009886311
-9.78449504283114
-81.41359683708237
53.04378907611982
-39.9949283417003
74.39929823735204
-29.610651578171385
11.003285658211766
-62.99150905736388
-33.82961759169971
53.37537847560344
-28.287615597057155
20.110069116237923
-3.5867745071105475
-65.41032718014084
9.321600349243013
76.10151465211032
66.21837457209006
-70.67823910282459
23.522408269633146
-59.23276887574933
34.452213880069706
36.20004417808039
-1.4032779171913887
-3.0118561275525337
-46.07855353272768
10.3989770575362
-11.911651454725629
26.22934218938157
-47.19863732392882
-18.94400807867048
-43.201322688807196
-26.234664353661188
0.07067950207866147
-10.658833020294963
5.863960179217855
-14.499315203342974
16.37096726681777
-32.327653393582
4.069804056061201
-86.76561912627386
-53.531022219474835
-10.891433627561739
70.44938940939579
-78.68973319716433
52.38180108649814
54.60604810271053
58.378340459509445
6.88935125818675
-74.83653832946092
48.264302049121426
-78.93852973800122
-5.4570111053803885
-17.98746088638245
-14.829039704210004
50.27345294969879
-8.480419678106387
-37.602733988041955
-53.08216910002859
-7.2355763788415
-20.0629946406131
-6.306563706931229
36.358023762796535
-2.4837643153869067
53.61243436345015
-10.66181500074589
-71.9334204253481
49.628137075663716
16.94375513573827
-17.954102452830924
0.33099969758480086
48.32398619384253
18.27773382109973
60.92063233326979
-0.01655465149882218
16.174858690205284
-30.70545885713817
-24.957945599525104
-19.022727155331523
3.7553721709166723
-16.78592346404443
74.45164541730031
-12.288344556961036
31.301953778420767
-12.698042618349746
-66.67396956858977
70.1228747365883
-66.08544743928894
35.35873735055614
-44.77990248464479
3.541276718395139
-14.039160589743915
-71.64660568106437
13.802490890313422
-9.049826879544256
-49.05001571773193
59.031391473153946
10.272793809893514
59.50648079226036
22.92963154617901
-49.80102542333699
-53.120491997131
-38.141612183307764
-60.25326036407612
35.85012812752643
22.38838208502098
-17.706340318435593
-24.364300766862115
45.531821583858516
-11.657576088237064
-69.77558801104752
6.150466515138163
-72.55546703138296
-18.851592461584914
14.251769382883353
-34.49465552848397
7.657499492827398
19.488662731860458
-45.391389496751806
-54.54583321132414
11.335090041361255
-0.23797781457221845
-11.486353014812622
-2.668390171418224
-2.7539189024804926
30.01693089224392
-34.226569388852006
-28.1728825378308
7.717009762732118
25.815918112450845
25.08246798143591
13.765424683987632
-78.83304138073794
0.07455511787158287
42.78421769776989
-40.476118603485816
-14.859484767087778
10.348162556799466
-36.554387197071
85.72735895185241
-3.4069124750132858
-15.519117746392453
-28.431047535248723
3.600884937520547
-18.798398020799752
-56.82365515667854
74.97911204059125
-23.726515929094163
-28.842200593192445
-11.412333655396154
72.155699665815
-3.6192948742789923
-35.67326957669368
50.11881687711866
-36.62241279517334
-13.698185527303394
-32.67968778568684
39.41980037719344
-0.964741680703753
32.08933273772794
-1.0194062279569494
6.630622649185014
77.99452126789015
-29.153791931599812
68.33175647816353
57.012513611200916
10.069390768555493
-24.15427441397368
-19.928068122067415
32.743599245634186
-11.805012924509654
-67.01419247715049
-19.724794410437653
90.3621109624481
-17.208169054993803
30.793388654195297
-58.40886800416014
27.102739635524244
34.47706306638045
36.56753113644572
-12.421539438161446
56.69459707770562
-4.030731381003491
-6.318255958532632
-32.07296864468684
-5.430521754258237
-25.821711150527776
-13.991787748114191
-7.952358575425194
0.029111030417396933
45.754160487866926
-65.23531647536115
15.363348058701987
34.119178298685796
76.30771792359747
11.17310992032202
-64.84620563029333
61.62993431007985
29.983318251238742
-10.506655972231329
18.740740686353647
3.0748983439245734
2.780125892613981
-56.45301053012513
-90.12124144213495
-80.13329978293618
-22.344384229155168
15.632009798507013
-15.217394955849784
-72.36422745400013
-0.5569859352978597
-47.03743223650992
-89.44488797179939
25.81436654797959
0.5170472756409339
-31.010304420007515
33.69126934928207
40.120951373309765
-58.87638238809544
25.004864403123577
-12.63578561145897
-26.671326290344282
-34.95036951050981
-36.99240073384151
-27.08254002735137
43.29043039285642
59.55259408277334
-78.52659762099825
-11.512503499812354
-0.7327309529795798
-2.3216046889441486
-12.285204682698378
-42.12803134082342
-58.64459239126804
46.911833293010375
44.565368863431075
-0.6721775785997579
15.18017537223956
20.804068911606493
12.272100852976834
71.37415862191963
19.157208763993864
-12.337872414565567
33.386712400308596
86.85831435917257
-53.099041685028375
18.020740396064852
-75.54436738440474
13.861738863380722
49.63232111486147
-3.7810454780304354
-38.43235998000189
-14.892493595343169
51.986749479917734
-6.370145589442302
-24.192657753380885
35.1408801041712
13.212578641715723
-68.73939780529636
-21.650644199236297
-5.531077574530414
25.453331059836827
26.223578321122034
-3.5057020617060317
50.61583465549779
40.4685799281238
-29.70986773062073
0.06649517494264501
-31.30953356695032
-13.825284513312994
-1.7112124106759552
-25.540405951167628
-13.23116136118945
-5.009017473446619
-77.31751277095333
61.105420869440536
1.4496674539679901
23.214406034259582
16.338300041057465
-17.926963846720767
-0.20777621635669163
16.632435937101405
10.535680559135102
-33.33408413023197
40.386322443022806
17.94954947022434
-71.54455384305801
-42.70544084813095
-11.96608801144329
45.97480999765415
-20.659275821353205
48.71431084587596
33.21889974176554
61.51226020887694
48.30257016837325
69.7428451728477
-70.77012282093347
29.90745861695744
12.756948490916571
-13.227719298465786
-43.55718668877358
64.38840279399199
-4.250674478796327
20.421026345860753
-52.83574038893655
-7.479008325742413
4.761848069089027
79.4429192653441
-59.408061719130885
-10.545860490192098
-18.49771751197531
-15.893360052408582
-62.50669068355597
14.105735206323573
-5.852798318983787
-46.04014503773697
-43.58010382467395
59.623706431561544
66.85674999337985
-18.43616174156037
83.2207301788311
-60.06056072959086
44.13954456100274
83.26750223153508
-57.51756003742811
82.47971932377766
42.89416903513393
8.92261741347528
-17.480286852307415
-22.06107937818929
-63.03818387567453
59.38995845849104
-15.474957962383172
-53.06831009412999
11.22796106656908
4.772516394781391
-2.5648721141033235
-18.203834544040035
-48.99703186861612
-27.366943456043202
78.20190541019943
31.13573596180356
18.22892546512078
