27.93222237637289
-35.192841269281764
-56.539202221452825
-56.131028787254735
-40.73124817613093
-29.891799329027975
-43.70286897686863
17.669956719069575
-48.0002674338124
28.28246720818875
15.790662011352609
-29.050473887213926
-5.989242902172066
-14.873502740974402
43.5817185398036
26.4816569009907
26.762707562118123
-29.749544937993136
48.601266057598025
49.294665087090806
-30.83529751094987
74.52065112127204
51.06886128280911
-32.40365560807622
12.510574756311328
1.1002668734389829
-40.96898225471267
-29.07394260987843
58.23142951756208
-5.988670877234554
86.97942579446075
-8.233428587427923
-13.397951223352962
79.01377035863874
-29.360468586845528
36.38678669672399
3.1643341207997935
-69.24471857510281
-26.135567104666436
51.28785588296205
8.785287361250724
14.93769683306516
-35.11696913683117
-24.92365488909371
30.19744081241214
-83.59035716024943
76.01495698464473
-59.48229720593229
46.123809402947444
-14.638274776883748
-1.5139986132690098
4.44014143346223
64.75205624259874
2.4323336027140243
10.527845491073393
15.69570089858658
-20.494914070489813
-73.05300219405245
-1.2911939166243798
-1.128745637326034
19.4933034344196
-31.563869662912495
36.6410770953768
-0.6707473883512165
-15.628583878146003
-14.457226324601834
-0.006369173036972597
40.0354620795228
-6.886547651486964
-10.133340807467249
33.35626267981772
44.97835742034462
-50.367835344506624
-44.93887908883077
-20.285868993115017
29.004502733521733
74.58292234160797
-36.32595900095803
-55.680912624812485
-38.90473971292394
-14.823164897772642
3.597046242542646
31.64756227342116
-14.639241472616277
77.39499432213631
9.34925614812093
37.82753858945708
64.88668942220863
-54.450068342224874
30.57810574420131
-51.82625077707949
-26.87488795872453
82.76047404110534
38.374993005785115
-34.62996819504446
62.89515607917289
-63.42693872975767
-29.70075378010526
24.886186439549093
-16.444326636525417
-1.539292954604008
87.1478045939784
-9.262806385668526
-64.48035803361418
23.93000927198534
-7.63225492895792
-63.600625955237014
68.03512672181103
-60.694374847231046
43.6459430458882
-1.1146675159010329
-19.382556898347104
8.491700974990366
-9.568278167531432
-71.9559946755089
31.1048494477115
24.42410630742762
-3.437509868129254
0.3331358141499834
0.6604707153766753
-27.21975052245564
-49.219165075725776
-4.506724193111822
-30.469060723451676
-28.525947294335538
4.090265727709465
-51.835427731033185
-51.85120261980715
62.17917150733149
-54.31047883470528
10.365028334380767
9.93968050150066
-29.124140838573695
24.662500490273302
-17.06378189031551
-0.6888196246440543
-25.66396962357375
-58.22559072653146
57.13320072306999
-48.826956297302175
-48.36419797025311
-19.233161193264365
-36.336403710776715
-46.13008197844419
-7.969387966038468
6.336551752083267
-40.40826884447301
-27.43852355946484
-69.71653248360546
32.448326910883054
-81.73429714192267
-2.4327508172426633
-4.814381010341734
68.86258226364001
-3.602620798623036
33.62560239389313
17.786642751007108
-29.929478329714044
-28.4307395660159
-48.229884253039096
-49.03105072286634
21.39599032932024
-34.509103925821236
-59.13173135326005
65.67784942909475
58.46457589245466
6.476460920965522
-62.55700315575939
-39.68437142355623
-27.85186681648895
76.3738139326901
-6.236137906095323
-0.40080621101422764
19.5025993845977
45.82394505777776
-10.689703902986963
5.2940510597733805
78.65467794863989
-6.164920667127021
-12.783168671097314
-17.171772474154395
-58.732826540862575
27.725213408682052
43.95833333993792
88.6407387798017
1.781575166136932
25.348247574942206
-28.536641828000313
-34.26329936895703
-41.78352911029791
-14.136598502872417
-83.89358195478898
35.77308124613646
44.15471950330303
-44.41746729894544
62.44792312340019
-45.94828638539253
-15.070929416391863
0.49709105786797636
70.53478929938154
59.972970390042946
-49.220104078818906
-54.56433905995761
15.559008364130023
-47.87087779401022
19.692861616907877
30.205287639794165
76.06224760397453
-41.526019542974545
-11.403042770679335
1.8686708555972444
28.017451765650492
25.14836022958913
81.30634292936776
33.36443285064931
18.359129783680558
41.039711402818114
-29.045087927462333
77.29218168434349
4.723150332439573
14.008989681776669
27.005111995410232
64.21874569772402
31.10510161895138
-3.799698066573086
-37.99568189103887
-73.29193539607537
-36.44291834830269
5.980098363684405
-28.659795417361266
70.85758669602333
39.73253499905741
-20.47837139706202
-74.52494184702546
63.541064496899196
49.11071476609146
2.5532004797696572
35.73927450150899
-76.32018536604468
-30.90726874424041
34.218465460526374
-39.31784070532508
6.934553139147155
52.7529201598274
4.594201254469894
-64.59074378519215
14.657801832625182
72.64839074559984
67.71442024871635
22.369128732902738
61.82273313926066
18.712861446404048
9.895520374094957
-51.29387990850466
-0.6251076150597612
59.05583217314344
74.29254355098377
-12.991946212151177
-76.52153112029418
-48.751190336571696
80.17800236751268
50.52097880829339
-27.870027032972587
-41.16434115184299
-23.05522417822499
0.98873807586466
57.79035207857987
-23.37717979612991
-58.745008769790346
-2.519115747243603
-5.4828393727162705
71.48799970409675
2.1807518047911003
20.53121474899369
-26.38442111588114
63.9683350297274
-9.55068808752381
-33.89511760356643
45.23749659248523
-80.70783003113797
4.218537177895286
-41.09960906834755
-10.58143894524882
61.925990104187946
27.687259846074724
-32.5760688427396
6.206911076191716
-0.9870633165047167
-2.9169066458508723
-53.52668234195673
23.563953186157846
50.9930637409673
39.70564919818244
-62.92177899571446
-40.39294610987765
70.74553081513073
13.701503505131441
-25.18595555088058
44.1086445745585
5.571679687886146
52.51240842805686
75.81637262698786
-4.660075612050704
-67.32622055416884
33.006348646397385
26.547616372088555
-3.5155084288927725
81.19763021002467
-32.08624095376685
0.21300956926825165
-36.40021304357602
61.364927840084476
-34.08326511534816
43.03655940831419
82.01783833480627
-29.836726306216107
74.2834495888759
-35.555384783182845
24.48620608844854
22.346195264162475
-12.10064133977427
-72.12932345301644
-83.06274045633558
34.3357536216771
21.54580479995481
65.91794983320531
-37.65626258089666
-53.95605945685051
-70.27214877139791
76.5119437846233
61.959514899306384
-3.513857213472633
80.92307879396833
80.66708083618423
1.5209068258348282
-7.9334196426381425
2.370834245997571
-28.494582321598642
5.390240188134868
62.334861315460955
52.15667977927086
-58.094510966652535
-79.22371163439522
-19.877579971925684
0.6379641400769032
-51.83775763097097
-7.398173316284186
36.19102078386476
-52.09538635708043
3.350927870915001
-57.905099284910186
-4.94956533878829
35.06256035832081
-34.13846841843217
12.1112025471936
2.0733330055330157
42.065940081087604
-12.817769890895761
-19.739140770096952
-11.730828411593208
-0.4171342299233629
-34.06403376354176
-13.373911584191887
-29.267320946085064
3.519380619869267
-52.690993593335016
15.404633651364406
80.64160482132397
0.41598960887142766
0.7490542346632196
-14.706619062374145
36.534137787384964
10.05367618996982
-50.23818642695453
49.66373761342345
-56.59200583230635
10.117373121104407
-35.706039400954154
29.28324602810801
-69.6392029663641
9.800292334588903
-29.443508253509833
40.52802663666654
42.31717563616863
6.3267786880177965
-26.299013498550735
81.59187534069463
37.92897747527522
37.60353510681597
-20.11764671886756
-19.413055031495716
64.21841101298841
-21.208911720030073
48.974120223535294
49.978058321119164
74.95877192591206
-17.270582341122235
-67.29610349601953
20.2359618258359
-60.69919808139208
-62.928922646638
32.6955205947456
-18.55022845210324
-3.409316694358239
-10.055676262770163
-34.85944132676233
40.39060074686904
-23.775671330095733
58.36686191294379
-43.257216570036746
36.81871394393943
-18.208669788971818
49.98112248704473
-16.416451860598812
13.26842484905032
3.4305113760802755
26.691743025716974
-23.049815879228547
79.94240179788912
23.077823880759084
32.55054189549983
59.40383630059429
-0.2892590035873326
7.2549881896475625
40.50662126878518
-57.75766953252789
4.16395448695944
68.46069134805595
-79.47464982427257
-9.863565214203135
69.42456991749287
-68.98414847795155
-43.66299701810198
-11.218193618278548
-72.44668245254066
-38.13441567421309
37.260770861553624
-52.42152489653243
-23.298657102971887
-7.506087527918794
14.418503300788359
21.888003203310745
-62.87263093872768
-60.509491335725706
-75.7415029586432
19.995823632507765
-31.186308106299393
-62.02425268872439
17.77353830873291
2.9243305269833684
-19.04970723188235
-24.410981506473277
-9.169365595855524
-18.63771607673212
-51.76411469128233
-8.730690930420337
24.123753143257602
7.513009892416392
57.49188082554667
11.88960800783525
-6.758318803474282
-65.83069358437466
-83.45101094319733
-49.99181847909642
-41.34216091866117
-76.78456167672209
-18.10809858826515
49.284079247698855
36.496098765868936
11.196255868505375
-32.811391880714936
3.4971236558725423
-46.36974008575338
67.70324231776652
-51.84492837857839
-12.479010107803788
44.8453200160682
-46.49927535158203
-8.772670096563274
78.6070795569106
12.682636855460274
-0.27830127412025263
-4.148972438109226
-13.076084465566524
52.53354494159217
18.445905057256184
72.27554135396912
5.441217065089063
-26.270339261131795
-20.82570316551329
-52.00847657523035
-21.388468720465013
-3.0581588130654183
39.227458334832676
2.0547426991979307
-71.68723462473515
-23.2131331540717
-43.87365730068489
44.55805587289953
-11.382400350913429
-40.29597526847205
10.896050013689674
7.31523543444294
38.41766426471102
-52.21818437451283
-80.61458982458691
-2.9847214462509584
-23.458189738762144
-47.200744542212504
-62.30960439231374
46.712380138051174
-61.57287674240111
-4.5117255020791305
28.72497691266615
-24.831694461021613
3.0097840213614546
4.544638594050014
-5.848342908447137
-5.277715395480726
-46.78920718871805
-45.31003403448907
-25.540160271022614
-1.918208939447382
-45.89175387809012
20.358492745447904
-48.40175387411659
35.671726180439805
84.90836785413833
-5.367888253217188
8.508954327604073
-2.0147954270329365
31.833519482328853
-16.19476993973393
-79.77021560173627
59.07393349471886
84.84659569929678
41.999889846872634
26.877531009273397
4.059912822047096
-15.115821172478448
72.37517970408109
-24.474096696790156
-82.41643071723833
-5.947914973507054
-14.25309260470911
-0.9291393664400829
-19.357314255972696
-13.812524387547015
1.0768788938612488
72.44790053964158
-4.662110111653973
33.190941868345135
54.07835244997932
51.74098712619761
-71.42659451245963
-26.858322177373367
-6.8111502995345035
-43.55177739709927
33.181146746791285
1.2994732628409622
-57.463413254339805
14.04686995748466
-15.753373986809692
82.88778564914685
-47.63991234891871
-10.45543940948177
-0.9127220091507127
10.5956375722008
-30.115639118399045
-64.37074591965839
-59.86534455512212
16.889928818523643
-22.258771195633045
18.510946602100034
-16.352986964547
-11.83581950501943
25.715390478349434
37.187880674549206
-7.088430679665635
-9.245704919928784
74.09167388684523
-44.06309968726109
30.537672112823202
-19.34757477706937
-13.36859851399501
17.893047989190634
16.533715577207786
85.34151642953898
-41.77170497196796
-31.116386549264476
-15.841527604437545
7.92695169446084
-13.012647220417918
8.275887083647177
-39.336499013977765
-3.0687781020770615
-57.81874914916996
30.015847509681933
10.792987588635683
-1.8715611061097235
26.137716560152114
49.22311679062838
74.51775520467328
-23.819734065679043
38.02325869902219
41.893116623057296
33.3549945786385
87.6014362954615
-23.052613661667166
28.788155395114245
26.560823549819716
73.66472200828431
45.88196769819237
-1.4085238254369443
32.327795997195125
-12.414473184125029
16.841074929194008
35.39279472300453
-32.76698302080894
-62.93602348596161
9.725005179038689
-45.351638337126325
29.64344541772877
18.971782675934122
20.69400621776066
-5.335218071685063
-38.21152665480206
-1.4900953661737475
15.287083097205965
50.3358418966387
-19.001462014351645
70.5267363787332
-57.42269342923204
-29.587634328923755
-44.53251076541825
-4.602986442187898
75.58899024068222
-47.490089373559506
15.106243969009043
-47.49294820817243
-20.019114229630887
-5.524431725257912
-66.48061843821581
-58.55766681904214
70.00150249093466
-4.444652827645513
-43.754728559479936
-53.608710345182274
-11.385408525282855
-1.985625556955739
-10.868236142942024
-72.36052492505199
-9.682959924538082
0.4530387103179834
45.127430763046846
-50.74026597613102
-17.27804887686402
-82.90292337791674
-9.245284195330115
-69.9441905733384
57.32366840633992
-44.01865517525437
76.70059575961847
-25.613379119991052
12.213297373846828
-64.37663741174602
-38.821633095458175
56.20954086665648
-30.894107683021673
22.378572854527008
-4.834564041606612
-55.20508948712886
10.426537605634977
76.3325319210604
68.27315891192583
-69.86057317988782
14.967494477123026
-55.80371659106271
38.118306508946176
39.640905470280074
-2.0714387856192786
-4.0401385957543
-44.06179421882148
11.362281420196965
-11.232355876983291
29.290540016620255
-35.198450561476136
-17.322980367272024
-43.124337701339094
-27.259216770908438
-0.18467653484154312
-13.713736492019919
6.311205701460651
-18.470916942772377
17.92942118154899
-38.262814286321884
3.919012187967226
-80.15079200060305
-52.95778721658979
-13.937478056906158
68.98354148312649
-70.23733549200759
54.69386354510951
53.55902572411122
60.533285375275796
7.176413460611087
-71.04013719007305
51.012201552083184
-67.1063969193172
-7.388603552432173
-17.10056726459915
-18.828554543397246
53.42285034654597
-7.102401013933601
-37.29734534856141
-53.77864592154387
-8.022778362056044
-24.718319487095414
-8.21743604063181
31.467325549227297
-2.9954998536203874
57.915537405998265
-13.618178535141368
-57.00171755412103
53.60132111539113
19.26555131143077
-17.346934958516314
-0.4305507062729248
52.549251737428534
14.47741754202535
60.82899775369674
-0.11548331038122228
18.363794985302917
-24.02470809869307
-27.147634054781605
-23.9004550339223
3.909347818171767
-21.29014494178675
70.91734002116857
-12.467043624789696
35.03481997338787
-11.573008463731412
-66.57154172722464
60.921704465017115
-57.03440205640206
39.23313945379607
-50.052180119129936
3.4907651005997025
-17.568123837934195
-61.84052767936181
15.083536362573255
-11.66619510795195
-47.54784403969686
50.359964927404036
10.355306425858487
57.02876421480548
24.980818653133326
-40.963602452344794
-54.37325888217392
-43.51662977604032
-59.901781033008746
39.86968358278244
24.96320098117907
-22.263638358741076
-28.758173073051424
49.77071211778042
-10.961276598437891
-69.5326619165231
7.066978743076305
-65.40499680930986
-23.46249685093926
15.712777930752068
-39.746605833743146
8.074077268630532
20.38419689676489
-46.04062651436559
-56.57848527016031
10.833943721022052
0.28376872371730144
-14.119926394593833
-2.563134705685073
-3.47975401400646
28.838622507122068
-29.665423454728526
-21.308190427175234
8.469759758181809
29.01536007225225
26.98639306625911
5.424133275303262
-69.63685998075094
-0.4060163459119508
43.20671120857904
-31.370444320289437
-18.696138122457384
11.236871712678365
-41.97458467847731
84.74755209470632
-4.97292294169533
-19.51452382742238
-34.47181771802669
3.376622402449456
-23.65215570820304
-46.24373793318122
77.4628224624233
-28.631456529705048
-33.29916007545782
-9.521035234891485
71.90118516051479
-4.211503407829895
-38.85928186245326
53.94797351215368
-40.9524168892598
-12.761124699074799
-37.182080507856924
41.64334849233816
-1.552571896786091
27.711292631784985
-0.614323857741482
6.887074057043478
65.71506081937156
-32.60688650939714
70.19761526044562
48.16996871633998
10.9148685713713
-29.44837846910883
-16.979260340300343
30.32773711985064
-10.331776508643557
-53.19054427813519
-23.538567977433786
85.12527393419185
-21.72324049418141
33.01525933436312
-56.13757476974844
29.91631864398859
38.42375425521493
39.50052056462329
-14.693886832870504
59.127957987403136
-5.74312571695674
-7.798248138565498
-36.346758925263934
-7.242942424653734
-31.519362685784245
-17.757665670365157
-10.298554368717603
0.6662904571149255
46.44514990419793
-63.91287036966608
16.46629331134386
36.27402845425442
71.75430030764736
12.148648759429747
-61.02160746102526
64.52757582822505
33.58530904086595
-13.425501772873275
20.603304540222467
3.0829111254072643
2.556489190303722
-46.0730822371216
-79.40576019559632
-69.95697212993956
-17.498754144892672
17.728314209022486
-15.516183221066811
-69.53709011325219
-0.8865929642129515
-44.08297401252345
-76.26749957689253
28.832762350815713
0.9958017707665476
-27.814376556192755
36.939418976842376
44.235634736124894
-59.43139886974745
27.66987123598784
-10.817081075916334
-32.283382822579355
-29.392510692325857
-41.513419960135444
-32.54824387960235
29.45336193184248
49.499203903519145
-69.9897624981626
-14.693988767762761
-1.238276492768378
-2.557750091081644
-15.712399610831554
-47.944954025727604
-59.95053425827668
50.956292362839974
37.48317422737594
-0.19763649794525406
17.128742007984187
23.504758984239615
13.034858022611914
73.44260536831405
21.472095832787886
-15.532344184598472
37.10191225164354
78.65793821699131
-57.04556155179584
10.03557503519123
-60.472758620327326
15.942424051204853
51.57551606209395
-4.901917432077624
-43.655058050415384
-18.440491548775398
52.811733558837716
-5.990554481501661
-21.262280397112335
37.76285085628501
14.45581895230228
-66.96926754797377
-26.968664441881288
-6.768555347632002
28.496650472416817
29.421784785135728
-5.08266367394468
45.76076947390456
33.75974435844262
-28.973858200713323
0.003300610715143648
-27.744863624654613
-14.368147519328204
-1.8926519623166769
-30.57657909664242
-15.977502295471567
-6.907864186255537
-70.300468289952
56.04442936522196
0.7737058421305534
25.98390107957499
18.00781390494805
-14.940408030015348
-1.1248875499522768
17.80296441957165
11.625568770280168
-25.233932743828433
31.442399003035263
16.005162417068973
-68.8939386172998
-48.34170964144726
-11.590836039588382
33.04857413337919
-25.165027770235028
49.703489950255175
36.79237893143738
59.161274539036526
48.630214678101794
69.83545748748253
-70.74233152632365
26.49856166678029
14.661829330018861
-16.509985141738923
-48.63724778923585
67.62441267588153
-5.992520560153835
17.064700211318396
-51.56812085671252
-9.822308481987747
5.3919076382842945
75.37003868279393
-61.14129963179927
-13.002707873160176
-21.878289667902806
-19.73952868247143
-58.91085532576301
16.11481862355656
-7.348547030107667
-51.00611779391522
-48.17078216725469
62.444631615934895
53.555105170978635
-22.960919165852886
74.463710049583
-61.099440855755816
47.908381103023714
81.54146575172294
-44.779660644027565
74.20456628116261
42.07304615975224
4.297252692704362
-19.481946323594386
-18.29426587687243
-62.61565672041719
56.37241851765029
-13.012496161134791
-42.65270484773293
12.268923728570044
4.689802532145052
-3.9950752973947345
-22.471197511159687
-36.83640779915075
-24.989465124691577
76.31589795691448
34.530085619998374
19.95370600856333
