24.842009101362564
-31.369559845275205
-69.85545880650308
-70.70137043750566
-49.19026571141438
-25.427001737342565
-41.14754179811864
15.777089660932887
-53.20544809715316
25.351081192446557
14.36865301683872
-23.520442277830824
-4.271839457075217
-11.588266753467948
58.85959172138456
23.460465909149008
23.96599939285288
-28.346831132675803
46.56286635057248
49.95962381129547
-29.820833482416788
73.14812930595326
51.23589708445124
-29.36808227956051
11.480810006703166
1.2635502251902437
-39.515052254537
-24.02866098847396
54.27134321701354
-4.234634088586986
90.2921822049764
-6.5208815369213085
-10.482108368930952
80.27097891253831
-25.737662929287197
33.40490251943021
3.07986029065799
-68.81978753640233
-22.103673099596605
47.25611407728488
8.278383956477285
13.50625784701073
-33.79016320756898
-19.99971562366379
28.874175505416105
-93.39562038840815
84.22597164383635
-60.05828312988844
44.72036476772692
-17.622396031134457
-0.7192130421031351
4.5537796264172385
62.16848323773277
2.865075824180707
19.39848344900794
24.31853439238897
-19.966320265543317
-75.40936961901197
-1.1367459043211312
-1.8165870776434758
17.50302952845564
-40.33954465231338
32.973329100108884
-1.0681261820450771
-12.626741282907858
-17.931007734914104
0.7400465734739186
41.84654220401043
-5.5777448950061626
-7.686419202791697
30.09147617259056
45.79372694295964
-56.80470640538591
-41.37280215635195
-16.369244141372477
36.19343081530184
75.92256379576659
-31.7258910631179
-68.42909262934862
-33.913683461974415
-15.833943814124282
3.2772939452591032
28.666003770758252
-11.512331410957742
76.51388355441779
15.82765609250356
34.979187582335584
72.843026330627
-69.36848899054773
45.78182756810227
-56.298365328727414
-21.82650308299776
83.85672868231634
34.8782383028653
-31.21656888643099
58.82256008815983
-75.57443735698669
-32.25725456481658
23.432083969306973
-14.78838806482824
-0.623616199820475
90.65352860072349
-7.323107641294953
-69.10616675392268
22.031311159334365
-5.605918155283419
-61.25775141875466
66.71230949478058
-58.640181138328266
41.91852549829727
-0.3624720040914724
-16.41972904743217
8.002155125602954
-7.852861701696838
-75.92396916206195
27.711194350285652
22.44427532165757
-4.359287836030276
0.623713145436696
1.2469799854039394
-21.970191842494316
-48.723729410718946
-4.945580917588529
-29.55838752273931
-26.871188194120563
3.5437280788167556
-46.75718361609808
-50.92979460843205
70.3969744595191
-57.94614548389883
9.287434067464432
9.258579905135875
-32.60395657472239
24.074500774057896
-15.335278627831386
-0.5063227309972831
-34.63748313708418
-57.26034919954836
52.899655607842476
-51.067251428393504
-62.20524335059683
-15.276651350080883
-31.490378947172545
-42.573046099583145
-5.982068956421813
6.177849297830818
-35.11173825269776
-24.47020012680514
-73.12347528896834
28.9902344659409
-88.24668141766207
-1.985782593736701
-3.3235093855966795
65.16050886295184
-2.2278286937295775
30.075205424294467
16.128755216446876
-27.474839944595132
-28.10222642800855
-51.63563471044234
-57.09409009711528
25.50872483937772
-28.679032997587413
-66.7372305231781
61.983363330355985
58.145130932674505
5.370456342256404
-74.68149509585005
-34.8832726625216
-22.65778131194385
79.90125037087034
-4.586147767408363
0.184492439530743
17.554634429498677
41.52976651097188
-12.875406276752145
4.667466559254692
79.07192375033904
-4.4348383578491735
-15.378532213304837
-13.694225564887361
-57.801451582684926
24.681180902101957
50.16822533745835
89.37566497872498
1.5196522775202226
22.717783258865992
-24.530799370183928
-31.556349529742647
-44.427571115050455
-11.186338039561917
-92.27173655442304
34.63762383088638
40.41371929900026
-38.341924171919466
60.801303898459224
-49.79909073379576
-18.786947272541894
1.1116111342899444
75.16981669768197
56.198325256459015
-54.34763524676576
-54.56867846999931
14.613083799469138
-46.6848511819027
18.957780652990152
27.13274531024844
78.98280451828899
-35.89239564631634
-13.226779579614032
4.06480818693889
25.387698769904432
25.552528279534855
81.56752593153126
30.003217203849246
16.614083047712455
37.31526080540226
-23.368030537218857
78.41396516538418
14.583486718328118
16.964090014779913
24.011793295529444
72.49063977996747
35.404704367657814
-2.9311737214874114
-32.67975465200783
-78.39178946999252
-45.24973087642943
5.174693102446625
-32.437342846090345
78.55215711318749
54.073373535302636
-16.43465529624102
-78.94127789534167
62.55002020559772
52.61690499928031
1.8974166296612225
40.335165092540564
-87.01690373683975
-26.079442605512753
30.551094423161345
-38.248399398992824
6.6784058676920495
51.82198266467816
4.572172886271787
-65.0043525745364
13.304259015011255
69.8320108151133
67.67507039463945
20.606366168479184
63.634182577582635
16.645255634722332
9.085560219802588
-46.38891166595543
0.23606978028556114
55.222381217594744
76.25143775443615
-10.709721435161057
-79.38923033966807
-43.26487230065826
80.17289206346413
46.4799876365675
-33.97445734492912
-39.726031222756795
-18.459829514935393
2.4186584830132887
64.0055501996375
-18.681439083149556
-61.85296538672959
-1.8006719084308145
-4.31671223185856
68.07441978235931
10.187318879318326
18.833881297459556
-27.727480827991627
59.98169631102053
-7.589975015158416
-40.01003634770515
44.17169761839381
-88.60290773712248
3.72499812127505
-35.18804049474762
-8.097836050732667
61.63820117717705
24.721987135045737
-36.597963173817355
5.6980008956171275
-0.2553525788962503
-2.080655501414114
-49.4191407936589
23.35632588217203
46.79804223663072
35.8089074265298
-60.28816948361146
-34.72961956517344
79.52209996269278
16.197103022785825
-20.758396890829133
43.172531458302785
5.41544200505578
51.03704705282513
84.40648921690243
-4.316874661166537
-66.57295233238682
29.818946372965343
25.13661115794909
-3.7840938660378782
80.1984778395043
-30.0945266239478
0.9678267504858553
-31.323451504620863
57.53165085263478
-31.46823895437784
39.492234989398895
82.05751584961436
-30.327831567652083
76.14976185649391
-36.21357184375546
21.773920214916302
26.354106426756857
-13.189558033805781
-74.38587184660875
-91.10494128999713
33.0106179177472
19.108785153855465
63.06929090658687
-43.78520924609614
-51.6952765157175
-70.49187928952328
80.99614989238029
66.67324917553523
-2.33375100745441
81.14982214018968
80.0152854934633
4.703532493805952
-5.8942238989223625
5.296140639885024
-32.347321781025784
14.15259575335186
67.34628733370954
49.652586906582485
-72.1930208174319
-85.18781856088509
-23.29986436927875
0.5578217546532045
-52.15262266622989
-5.484868123864743
32.53000322757026
-57.04199582326743
2.599110088994621
-64.46504768830255
-3.435691099496765
31.67778294610426
-40.91453242710125
10.66680442302625
1.4177918129934852
37.906073788542756
-9.922655550071568
-15.514142931719618
-13.514746853432513
0.11273381515998437
-31.378125992800065
-10.463437601524362
-24.639157823975225
3.480364219753298
-48.24000041529158
22.566763294982977
81.1057889496472
0.45473425594884986
1.1668082501903427
-16.748882056833708
45.75588425266392
18.59598338866857
-59.29309203886868
53.28585762933787
-56.79294944862326
9.408221120796071
-32.01401760989545
26.05163628808971
-72.020294428005
8.995504659402542
-25.415067741531885
39.12248263815249
38.64740187448544
6.107059943250647
-22.077172008771342
80.11163672867872
54.72042559282295
34.25031122950418
-17.918172229136033
-17.70753711926841
67.79994480999343
-16.82645561773029
45.15461152267844
45.6838190099661
80.37894520086263
-13.71329762051117
-78.50219984996089
18.04985116513069
-57.5218843039074
-62.677553156159284
29.219147744483223
-18.1031928991069
-3.804583168763415
-7.8171470290865415
-37.45900490063549
49.03374938063908
-21.055661303533384
63.1617703287275
-42.07383573681539
33.41239303799679
-16.369435032140544
46.030139621266926
-19.69220923274105
12.227286466098732
3.7122188967637584
23.726817316244322
-29.849103525948195
77.85961276615419
20.867997853503397
29.736048157466456
57.361296903911835
-0.032234149501888965
6.589650447246967
38.25880607114232
-58.2428636956541
3.589847680226555
64.74456404052606
-85.55250757678776
-7.51879443202192
72.45137787864192
-68.70892810268454
-37.98138601537594
-8.83236898683117
-83.16159658483905
-32.618528432931484
39.743734591861994
-51.2231612193583
-21.171747734740777
-5.516731191782924
16.54764147794755
19.780604988882914
-69.5344477752569
-64.44512689074676
-82.2994518572863
17.644740706185416
-34.775081202278876
-62.929031167032306
16.160217776064655
4.572247598216805
-15.145812911201375
-23.25261729741466
-10.346321770931283
-14.807351691267826
-51.94756105517548
-7.559716150659057
37.14886286124329
6.544247755639262
53.08562159719776
17.265464117134
-7.927108705185461
-70.1455512478492
-94.66588991836645
-46.544217627861485
-48.82458759904268
-85.78311855595041
-17.703254836554038
51.37804590054023
37.45620616503365
10.244255187377135
-28.866565858391027
2.926698282499217
-48.75173347864511
64.26909327209952
-58.41269185008471
-12.080232472132167
40.73002318480138
-41.31399820364176
-6.674095712671601
77.53570061718986
11.456604217291144
-0.1195885812853561
-5.072485772894055
-11.524431850387089
51.454221450596265
17.230898851518234
69.83538952091484
4.589991645351105
-21.06151018200346
-16.539652943362512
-48.47366852810886
-17.50531581861827
-1.960314392848062
46.05015672890397
3.0646930346971146
-73.39561288754093
-18.361384551581438
-54.727920211247536
40.39492504179918
-8.742200479575445
-35.228245212057615
10.014503904349255
11.546696199364561
38.56129965208655
-46.968171982651356
-86.95053366765882
-3.1001957162924185
-30.540284551320127
-44.676489609444985
-60.41159567586642
42.41869139962364
-72.40430500821945
-3.364562478124185
25.541537857534763
-23.000534045282805
3.2875020750616244
4.660770406288805
-6.02706695104763
-4.340507171111568
-58.4463684537156
-51.92835808650951
-21.483380809589306
-1.093178623466585
-39.78796163359382
19.81976617113247
-58.49670910715008
31.93330472574152
84.94677986369862
-4.220222060895907
8.034683019821358
-0.9719145660131829
30.04379769198907
-12.659652832502843
-84.71742329720713
68.92738743660428
88.647101404967
58.5422300399334
24.002076655997584
4.247688961819904
-11.941085425148188
77.69161267139395
-19.66733655135795
-91.78841903556649
-6.722570741894231
-11.077601682744188
-1.2598953589745605
-16.284107530597396
-11.069517297092617
0.9806761113303111
70.28217719790251
-3.5139919382633025
29.698893009051446
50.35071073004403
57.635629233388784
-74.92201990683492
-22.64968607631124
-8.131238317148672
-45.619524988012685
29.620108405390724
1.8695089938954652
-56.112290926071
12.786387598864309
-12.610906688926164
82.78805330729989
-42.212704375453114
-7.953481639444561
-0.06612766040487372
9.766409986045119
-24.478769308736148
-68.21027507734792
-59.499162190928004
15.490709640438894
-17.57873366915223
32.612389593948336
-16.265504152700814
-10.534638938831847
29.55352745737676
33.88099142111062
-5.4663893562378405
-6.976394397162707
73.70834912359416
-43.957165770542666
46.62012569596192
-16.776630961928603
-10.732808194558558
17.164394521932664
15.719464194391719
87.10300781142891
-50.76517684587154
-30.598069061940635
-12.370082873091405
6.718272369174258
-12.734983649884228
7.03331388025407
-33.52313744007533
-2.042008607870514
-55.07560571515681
28.341384947742498
12.04828918956828
-1.444431396993906
24.49885580108925
52.68990843024514
71.53094862941978
-20.292909706604917
34.18680639920632
37.975168685885706
31.609323320671024
89.0359390808409
-19.81224965055314
27.819127759647245
34.10115745154789
79.68147895747762
43.01811591740264
-1.6320901961162946
43.50520965149701
-10.040395878099716
14.906067558324722
31.752875538266295
-36.26319675851415
-63.84167173096263
8.622611122429205
-50.88327957670148
26.32906349435794
17.146802984853466
18.796492560912995
-4.484934299748701
-33.15561528980706
-0.9313835012381446
13.893458685355753
47.360438616939604
-18.687905411630283
72.77429326589319
-59.50617674932624
-29.05936625689297
-41.67225054881465
-3.0935739146213592
73.13488005370286
-42.228534218949875
19.614230312728353
-43.7046097614977
-15.753846955214456
-4.608201620506122
-75.19796847150724
-61.83756528754966
66.48543369356821
-3.413275010956113
-37.63035958577105
-53.64487830011012
-13.150782613179743
-1.2966518116918024
-13.13371177843257
-73.35389526286463
-7.48810330508654
0.6557632328025136
43.40520922856092
-51.55323444768878
-15.238799411912794
-94.62903856196596
-9.806586810716112
-81.48792813196023
52.97506647140921
-39.969116692242146
74.2817443917659
-29.6779593858695
11.020918958921214
-62.90343548304428
-33.79795390163844
53.332694709609
-28.301985976692166
20.109543856824246
-3.5674903940732605
-65.5315550329749
9.344085276738213
76.01382012595235
66.14170143401108
-70.58486345542273
23.640823968396717
-59.27651770813883
34.43459396391577
36.18178003404523
-1.3816659520375936
-2.9909931973793107
-46.13380176862058
10.395023187884576
-11.937099195197476
26.22533558486701
-47.34363629215973
-18.983180587429445
-43.23640817939679
-26.265010762791007
0.06160213493200217
-10.646658766355245
5.8700009522967065
-14.472329071904383
16.36860067169306
-32.27573012391707
4.0804247239919675
-86.67147067843496
-53.547406779682326
-10.869812352903665
70.41812119018473
-78.72233986674493
52.35090182250303
54.6226969033045
58.331106202179456
6.896062376702119
-74.78920507645
48.23671216840975
-79.03373362240632
-5.444401844978273
-18.022432257793398
-14.807372505322235
50.234256962370296
-8.491163666673273
-37.64586087464719
-53.076247956901675
-7.250493793246989
-20.04293932727144
-6.308673093921783
36.447837420108016
-2.457665242291867
53.541134601580325
-10.639234960678166
-72.09775052447128
49.57651512112491
16.967555079058315
-17.987847430073998
0.3441458607175605
48.27172504803298
18.34929083431956
60.903226476106056
0.00962797899585155
16.198063775363323
-30.789177240163724
-24.977008406268254
-18.99259545766401
3.7484696528052552
-16.756303792023417
74.43859697171385
-12.311761477307769
31.298736665580577
-12.712409535237526
-66.59748006516531
70.21592665889528
-66.18998383309858
35.33985159230605
-44.703650583689495
3.5583026648140077
-14.031235973933946
-71.7429588721007
13.800087636070643
-9.031086116397105
-49.09382722996056
59.14480616279536
10.289784897870618
59.531841729799424
22.928016808581077
-49.92224457794015
-53.102677023754616
-38.08969115475139
-60.23207949868676
35.833282874875636
22.386927891804774
-17.681448608427075
-24.353264911200498
45.487161385979675
-11.682665170450477
-69.67340638570221
6.178918858137038
-72.60199195311583
-18.82968075729289
14.254814527182589
-34.45557179986181
7.663941470661825
19.50076683988894
-45.41198691277222
-54.50195872003921
11.362090283088918
-0.2470457408189901
-11.489596200718097
-2.681431891131851
-2.7297008659510453
30.062090894648136
-34.30349867206614
-28.253077049142902
7.712811299176678
25.82126276460933
25.08421022679819
13.863538288003085
-78.88004378489315
0.09497046847685908
42.80104379587675
-40.591693803372394
-14.84576623458976
10.345469385012706
-36.50603974072784
85.61690368108944
-3.397183536707786
-15.503268145009642
-28.380852460960043
3.6119688785038164
-18.768023411288922
-56.96010447902667
74.85583227639736
-23.704829768404636
-28.828342838731317
-11.432712422608134
72.09519095611611
-3.5918027944290287
-35.672995491218494
50.06832095643813
-36.59904381472976
-13.726896675635075
-32.660448592438144
39.41456142022679
-0.9727099381144626
32.17344685108998
-0.986459076827245
6.630886286835732
78.10561378250489
-29.15645370783895
68.24936403482488
57.1315830976755
10.077653866651872
-24.12341836103694
-19.97287608955739
32.80435678084251
-11.817365054176364
-67.1746446928039
-19.721659612540535
90.3021578884252
-17.181867813857608
30.792522166593614
-58.43613539842118
27.095381563810676
34.4648596633198
36.555047009195164
-12.430827372207034
56.64826382678146
-4.023865249989441
-6.293164310466693
-32.05904651391816
-5.431527766873074
-25.781084565051827
-13.974866500154178
-7.9507467005603445
0.023380150390636345
45.76292087731966
-65.20375333741146
15.367296732882565
34.118552404968995
76.30377297889885
11.174310782677637
-64.87189697219632
61.55643917178671
29.981171187277482
-10.500607176937734
18.73779484099171
3.0950212177990863
2.7960665440343178
-56.58768982387163
-90.10651316934299
-80.19107522051819
-22.39997790896345
15.654868324814373
-15.243646497584606
-72.31327314656652
-0.5326850195545774
-47.102413488111765
-89.49508586172068
25.81093076118013
0.5490379863213946
-31.07468117935325
33.67721928150752
40.09081929975355
-58.842282967274414
24.99898176243053
-12.662132339170185
-26.6331013488507
-35.03467932149889
-36.96406324083596
-27.047965002885647
43.46770269114296
59.68233610245673
-78.56216399712918
-11.50280825883155
-0.7104800436920868
-2.2929489837922006
-12.264712571601137
-42.04873062699961
-58.59294088211416
46.86650942795106
44.6771209462151
-0.6389445496587456
15.20033669710989
20.820150672103026
12.278332594408724
71.27428283978281
19.166383604354223
-12.332358009509107
33.37157002541602
86.86655935827497
-53.01174902531608
18.12666856489193
-75.70132508566452
13.891860334710003
49.61442572464034
-3.788616156951221
-38.38340115900329
-14.886730677072634
51.98091269963581
-6.387414416251573
-24.24584571166983
35.13347088930334
13.209612193721895
-68.69168127855056
-21.615251721878124
-5.505658407473575
25.452835457701838
26.225627937572824
-3.503090847572011
50.69411166783516
40.57795346113713
-29.756080410292043
0.09296990896793034
-31.376586547347117
-13.84877125131213
-1.6829938549909969
-25.51621922166656
-13.23588444953505
-5.003105619695887
-77.32897837419964
61.164927667666916
1.4568184465559142
23.215993715820147
16.335568344527744
-17.966593834174006
-0.20789148797334178
16.636934637750073
10.55178324180342
-33.431484083562026
40.51926012529782
17.999973851352422
-71.49618855089756
-42.62872902990934
-11.990951971523074
46.145428251765054
-20.64377960040764
48.713240640804855
33.20341018675077
61.529577319515425
48.312270074173284
69.68694077992484
-70.65046605235501
29.980137946591796
12.786621482560435
-13.22316694853778
-43.492192748957294
64.29663833485296
-4.246276019359428
20.489317326973264
-52.86627135012721
-7.474563206931677
4.75863865321665
79.41605506695552
-59.33914741613477
-10.549837744964407
-18.500159011365838
-15.88338726164821
-62.539691145986225
14.13295885179457
-5.860067020754244
-45.966159345209036
-43.52800153653897
59.55963156981326
67.01232902813672
-18.415478530531814
83.25567822741678
-60.00594334576167
44.10492509698216
83.18089873775207
-57.674075710839944
82.51011629099895
42.928319138980555
8.990571459009885
-17.497191332104293
-22.112875290809228
-63.00005422750252
59.423875179607705
-15.5016200995872
-53.20389040134988
11.22414273687886
4.774840302609036
-2.5580776829257132
-18.18952410586246
-49.14500433234361
-27.421976539104477
78.14235593012953
31.12345979541405
18.226828059826033
