28.536926008952307
-35.358485100490675
-56.226842475283064
-55.8122940562485
-40.5484766623304
-30.154130178227305
-43.7772389669518
18.10788068691774
-47.80738913160972
28.72253218369906
16.008092925915832
-29.60020879150342
-6.076718362856269
-15.248459691798871
43.15204553441811
27.11180643049184
27.209420804044328
-29.73025976972974
48.665865505145916
49.178757547260375
-30.801863825588313
74.54583148818705
50.97847677720759
-32.48569975531318
12.804847421421485
1.1175614177898296
-40.962373639299884
-29.47229791858723
58.60633501014712
-6.010495892683011
86.73581431766632
-8.547447371396018
-13.818765723192442
78.87095652610842
-29.49956357163387
36.62279812541993
3.2851182486267447
-69.44502956648738
-26.342084769610324
51.6934914505311
9.021698402931875
15.302064243893824
-35.09684857379176
-25.398262215222644
30.213637316154035
-83.37406252969255
75.66891152884193
-59.44576211162733
46.13245710126429
-14.651479322915321
-1.537514347013655
4.332332508699338
64.89052726623433
2.5746639959473896
10.273197957715809
15.415927840629863
-20.453891969179722
-73.08744751889093
-1.209900574165374
-1.1955383096480858
19.90130686013171
-31.440312477491332
37.14019490562873
-0.7639890224782278
-15.743502113518801
-14.47875406808781
0.059750330664755325
39.86815717999784
-7.1894286692904075
-10.304699709050183
33.74646014575853
44.853858171471245
-50.14989500702543
-45.11374381352613
-20.550506559237874
28.706815880096016
74.44100657597875
-36.59802691081421
-55.377668509202614
-39.24295753615685
-14.796997725474213
3.518656517116071
31.96367171148961
-14.826933070848725
77.37963045379033
9.117684548284458
38.02307820812126
64.55502866606687
-54.13927365225565
30.18036071374263
-51.63361726922204
-27.32308644694369
82.61787703915473
38.73407626887786
-34.750429084724544
63.313494633406606
-63.09001238371804
-29.613394284218487
24.93424098833188
-16.425188618931458
-1.4387608909426888
86.89728919902052
-9.254994953104159
-64.28954959954058
24.066669570987102
-7.701002645871881
-63.88239218891896
68.05344689480788
-60.88593678156736
43.682857417452254
-1.1215120440637776
-19.461633604007005
8.741585333824261
-9.53891813725059
-71.85989753179805
31.74939893513266
24.57375198497583
-3.4980943042762647
0.32714677845724793
0.728630861369524
-27.729437641230547
-49.1842981264422
-4.486174361231335
-30.43225206652437
-28.5166490419561
4.171678631897109
-52.28125010080208
-51.85294377029063
61.84355009268424
-54.133009232412455
10.656655709260306
10.17553366272719
-29.03617512145665
24.61982578064105
-17.048429180698506
-0.5990866142305009
-25.57096118084806
-58.282684406414305
57.603243028927125
-48.68846459762979
-48.0986614781589
-19.564688179188593
-36.64841606877258
-46.31180119174876
-8.15373863918856
6.5480730057801395
-40.80276249618325
-27.51057436583355
-69.62226072392632
33.043438744909054
-81.66912787536441
-2.5823633566932074
-4.774790182848136
69.19267092051723
-3.5829513497493792
34.219849974337706
18.039996327823715
-29.964677822447584
-28.37965230434962
-48.065588900270754
-48.80246103354342
21.164082777045138
-35.0391804031641
-58.86771254855949
66.00046279903086
58.40551969054087
6.617005411163305
-62.22397734810517
-39.99327481201883
-28.3210756659729
76.145494584039
-6.383119654426423
-0.28569516632533976
19.874410287376094
46.47819610424634
-10.73298603009954
5.295345109025348
78.55515096958962
-6.267440086402161
-12.809588756700734
-17.388838350625676
-58.792962469568636
28.307677393843676
43.668477013437325
88.4948603971288
1.7776582452371343
25.771559474696488
-28.728244770661078
-34.32196355785378
-41.64946719979839
-14.272816864659518
-83.7612150630141
35.76476091580315
44.515604071951856
-44.97606651950281
62.487175850233115
-45.782160354195604
-15.08683900226302
0.6233787684649172
70.27812476074936
60.30162527198959
-49.02391344286676
-54.52676729351304
15.576753324125505
-47.8693652863998
19.66968949316019
30.625263074522536
75.85505417469639
-41.986416751792
-11.419081399074855
1.7113115398117174
28.297398907395433
25.04025458837566
81.21075727695438
33.81018709651778
18.64496745646116
41.438067225647075
-29.650194670221154
77.1580858760594
4.5079574224509
13.81026229020695
27.595762589941145
63.88116690328803
30.86238937682006
-3.714901341034377
-38.3920519656505
-73.15212639789323
-36.286361838987666
6.124200685604393
-28.573760176327
70.52738113030279
39.32048315759795
-20.78316193433544
-74.44280881678479
63.529929151823154
48.88893978649648
2.5442499470246105
35.48798195726326
-75.99735897081885
-31.234066877375767
34.91144079495399
-39.28978293140987
7.142119914393575
52.728958313879104
4.49500756702237
-64.62274343294072
15.001667099330803
72.82721246260809
67.64459345867706
22.49471432495045
61.661964136593014
19.179929138856778
10.042834899367477
-51.70480081490528
-0.5680001357300313
59.397485783029026
74.12388110053527
-13.011084555614758
-76.59983511161683
-49.229675340002125
80.10026016703554
50.93371846128278
-27.784516493651637
-41.15728658706442
-23.476921818248826
0.8441855309750252
57.4982405673492
-23.828705644719847
-58.587881825420475
-2.625048292949373
-5.413319777014152
71.7612388745276
1.9936996743980728
20.67104195979347
-26.316840548539545
64.3624154834109
-9.916426590814424
-33.768678073251195
45.22048964810887
-80.53652538031562
4.311820912726674
-41.616105188873746
-10.82523868395225
61.86745698627479
28.20483904521616
-32.46691991008262
6.3872561315729826
-0.990194796639372
-3.02578908213367
-53.85070224950232
23.493235491258787
51.466721238958456
40.23774863639784
-63.22415399560078
-40.85766257026398
70.39402342432527
13.513691343021435
-25.486535706650855
44.08236687000212
5.760040952385879
52.52846799229749
75.4631814425162
-4.594654915756564
-67.51438936076113
33.37066486891047
26.583337578906708
-3.480481932472415
81.184048944084
-32.09601594208989
0.32792580105174807
-36.75308934354583
61.7109025954976
-34.1348828347167
43.34939122977062
81.9333682661134
-29.768389833835997
74.11864317472964
-35.4729409873023
25.0351490916034
22.115620601977923
-12.087831762767891
-72.15181498192254
-82.9312301710989
34.34526600200999
22.072093310061945
66.09291715225334
-37.506364191341774
-54.07708842880443
-70.43206370402224
76.2539743631364
61.70395717958195
-3.581830036051599
80.8302792294925
80.62990604990054
1.3567863058227374
-8.080703635383145
2.2040488272556473
-28.409374395918903
5.1727258427991245
62.071317876623425
52.271033137295774
-57.76753227977678
-79.13558919632962
-19.84915795505421
0.5945759676651932
-51.77195558346718
-7.551552830364514
36.708374527487535
-51.893483925208685
3.3734556168436427
-57.66139031351105
-4.912821398083736
35.45511436339399
-34.00750632901174
12.445714595315792
2.038531708509254
42.78086588181981
-13.129773931922685
-20.232531459127898
-11.772608135745898
-0.4257373320651965
-34.1207947798825
-13.794246647448347
-29.56529847574177
3.632757206409437
-53.051773271035934
15.140113399636405
80.53613883018312
0.37657697076475927
0.7884648735791444
-14.700762429380305
36.19464295168464
9.803941042034339
-49.99456463838145
49.438612077959476
-56.55581822816557
10.351472160219444
-35.85772313708083
29.912569698141823
-69.60733112492802
9.943822173819044
-29.636078858667105
40.5385964330807
42.6757322156445
6.5357187340831615
-26.539675893654433
81.61507748500438
37.494139554547985
37.92609633920878
-20.129498575962586
-19.399707032586505
63.99534554019215
-21.640841628921933
49.32317390431399
50.51745451937015
74.67703001416538
-17.517711987941013
-66.95820405911087
20.708006156980346
-61.023177204093074
-62.98890568509143
33.28883699197695
-18.50912715184967
-3.5097539692027624
-10.091967835202297
-34.74975303018645
40.05653152405702
-23.825975910450083
58.109543362947306
-43.24115650360266
37.1749157533489
-18.19959683510733
50.36555382296851
-16.415926087604447
13.335519177986896
3.5915609695556725
27.280908292040266
-22.99406178124272
80.02566699537212
23.35376613897752
32.793102876099994
59.47555813900783
-0.336847827591896
7.46370306047659
40.60156022429709
-57.71321911670399
4.133430429758533
68.7934526308758
-79.3846935959918
-9.943074778924867
69.21834299191113
-69.16227965625566
-44.13971259929546
-11.610700783306129
-72.11340134532213
-38.5702869802694
37.06909869712493
-52.44502622417203
-23.30874951546707
-7.5510734555373915
14.239780772834251
22.1701244266134
-62.62146290658781
-60.329079782036494
-75.56119704123337
20.513570811101474
-31.086703212009624
-61.990932573984466
17.98090757671322
2.7707581035816986
-19.36488271592158
-24.3824340452297
-9.238436850966679
-18.94062074751696
-51.70431678589463
-8.677341528248505
23.769647279283575
7.709305327815997
58.053034338191225
11.657484956322932
-6.785889148748154
-65.65809562849964
-83.17091327101272
-50.19302163387386
-41.161631862049205
-76.5158608879436
-18.066853663990344
49.10892532559285
36.362708229992734
11.327023784591319
-32.98950939160612
3.54655798813549
-46.23053096428885
67.97603525353875
-51.619459106424436
-12.436342651405354
45.36326267636247
-46.90565905103081
-8.801531581821308
78.60440661327755
13.024281756617
-0.39484037236948666
-4.225223720082141
-13.04664780034966
52.519796389488135
18.494225963398748
72.40633466983437
5.556569956515247
-26.804033492840546
-21.229704811244076
-52.24063103823774
-21.61634840353973
-2.9744552538928417
38.92688739933115
1.91489466421271
-71.74446666038844
-23.767754019104956
-43.65599280555574
45.11956159326985
-11.530129682432317
-40.65006354020034
11.077269505515687
7.113300420380213
38.32464795430994
-52.69784950250018
-80.53372434885759
-2.9359432827052103
-23.397524554339313
-47.290706543194666
-62.51365251447686
47.32506951973863
-61.25776779954007
-4.664974359707429
29.35166262040481
-24.82812959637458
3.166729618509109
4.726198405681302
-5.812437785846768
-5.203667675714968
-46.54770596501948
-45.113737548228315
-25.755307440375475
-1.9618878485832454
-46.46376563385759
20.315470875681555
-48.160666723635615
36.31360949311096
84.81510721027948
-5.586586155787856
8.73665422562759
-2.0067814635253853
31.897267428166174
-16.560914403932912
-79.76713917154022
58.709561074373994
84.59347198346316
41.55863841981099
27.38335781527377
4.232555157055387
-15.299773639994811
72.09869707273708
-24.919414655871606
-82.20067650572058
-5.949504064395526
-14.57271512979274
-1.098657087905309
-19.450972774403823
-13.898719084519044
1.1617627290348906
72.54791391297792
-4.826555812769527
33.75779331016071
54.39121405199279
51.45697665192887
-71.35082935670286
-27.092040300300454
-6.882208284172506
-43.42438553530684
33.83209114182162
1.4339736547260742
-57.54314125411159
14.37684809579271
-15.90240673774639
82.80928144351492
-48.09731405112746
-10.608607812883974
-0.8822573680869255
10.627486062731677
-30.670565023266406
-64.20871322699892
-59.89512663253382
17.012226717550945
-22.793548562260952
18.175845145138737
-16.312111201666255
-11.795974119805237
25.48629122371554
37.50223081996421
-7.324287807024064
-9.428367832723609
74.04397550027633
-43.999328711948685
30.131994395184194
-19.38608795668459
-13.438546189355463
17.872405143157778
16.526945087048418
85.16152532546124
-41.57905514911679
-31.06763748421696
-16.207064609853873
8.122922872019572
-12.971373038446231
8.48400831241375
-39.83301303341469
-3.1448705866955606
-58.03820832285228
30.07170389151544
10.642069037274965
-1.9883655897175458
26.205958234194185
49.002538283940396
74.72021203053538
-23.95770989422965
38.59097987670816
42.365390257035415
33.40894896032813
87.42758366936656
-23.155240801032434
28.77328446183165
26.26164110020528
73.36941870667337
46.04743568082222
-1.3606242429749074
31.968367648564055
-12.448292353797314
17.286038504783676
35.94107548891199
-32.65964665580813
-62.91225532020112
9.99587765888434
-45.16582998426333
30.317525686669484
19.27259322957127
20.912968188055302
-5.614651531989509
-38.560136370594
-1.5596516985638402
15.597314291048136
50.511863590527014
-18.95919758928916
70.34853447061181
-57.299771610027285
-29.54024131140831
-44.63626612614818
-4.639510362665391
75.72084710067895
-47.91766807902086
14.876793496308935
-47.711094150624305
-20.50320023589296
-5.805074222240165
-66.18565187352701
-58.394231071197275
70.29344738143524
-4.619973565556677
-44.3210908011286
-53.56431587194159
-11.399433430159775
-1.8861671889663398
-10.918111854487094
-72.49822754120028
-9.972845993975398
0.44005226278609655
45.16320669967152
-50.649810692881246
-17.27805430346791
-82.59721826721014
-9.225195540205178
-69.59645230172339
57.849881883212674
-44.2435268088625
76.8270390067963
-25.54619328515264
12.547121753389163
-64.57610624248122
-39.16528659761762
56.372887387211335
-30.939707205230576
22.753620766106252
-4.9820165193935395
-54.924131931628274
10.719799883491106
76.27944413008987
68.36587469634782
-69.96279774046937
14.690561178493567
-55.63068521541663
38.56878310227094
39.96668448898822
-2.1534737642252537
-4.181608787085764
-43.93336934552291
11.49256598201643
-11.211857494898197
29.765628070934795
-35.02743231194625
-17.294629046020802
-43.051729974671034
-27.225703074999572
-0.0841859265630518
-13.960901144438054
6.258900116094466
-18.98531032599216
18.091873907728186
-38.80174957652975
4.079557067377451
-80.04753253795113
-52.883120625376826
-14.338336112617966
68.83927684256125
-69.95102516743056
54.791500492012034
53.42674415248064
60.622414446708746
7.401836745235897
-70.94380368299663
51.160056967668055
-66.75915183942746
-7.521578424459477
-17.06494254294192
-19.257381378705247
53.63081654919998
-7.17106159075
-37.21978744943174
-53.778426916888996
-7.96500081450165
-25.10395670682844
-8.212791854603395
31.20885817494434
-3.166646900098698
58.45611384680785
-14.031829115562857
-56.67422449729426
53.997284268176486
19.772341467834607
-17.308147108823178
-0.3862699428285197
53.05369492347148
14.25996027775983
60.7489849457595
-0.17304770335879027
18.847367092112606
-23.963429007171314
-27.16302403784951
-24.429303166060933
4.034666122885739
-21.83426721948598
70.6939205295912
-12.426841353291579
35.746553924308614
-11.61164504563908
-66.66862504787068
60.566422620387556
-56.75673730134619
39.78521451387806
-50.520878810507064
3.6172536897014567
-17.79222280287871
-61.53569659299678
15.216062530667799
-11.984355914188939
-47.42926316848448
50.01781387478661
10.271105304012849
56.84103869090316
25.140609437894568
-40.7763582038599
-54.41653182293461
-43.94535849156462
-59.88413745903209
40.56603218278366
25.37321556621268
-22.73059496505222
-29.015874035795548
50.305867486837485
-10.94210265484115
-69.68228458199621
7.251032989899841
-65.14253029980824
-23.880422131433036
16.03985374556214
-40.138962047829295
8.313639366263985
20.375890285307733
-46.0031090454156
-56.711985784567695
10.71321366457876
0.29780706852787375
-14.180690790554692
-2.5124107699245144
-3.644698285796167
28.692292241593776
-29.571261389610683
-21.254050063388448
8.546095644971643
29.631319238428276
27.091629243428955
5.207506156908821
-69.33185439641076
-0.41929745403426466
43.145786509765855
-31.245254568852246
-19.00599737786807
11.447381819088676
-42.404715433110646
84.61037269523337
-5.014435013000707
-19.85689340964673
-35.07441585177851
3.5239580325348783
-24.18698740877433
-46.01176111910164
77.61023118958289
-29.005527159504013
-33.55206676688391
-9.569961789031538
71.81873617215453
-4.452063890958897
-38.96866346981838
54.29977261990027
-41.20058335221565
-12.74219258588029
-37.44316285232995
41.73384836950288
-1.4512160122092865
27.466544554793145
-0.7698948529786236
7.091802839412111
65.30628204697899
-32.7281760145091
70.27374606862767
47.825641143483125
11.204689329654116
-29.919590257519886
-16.970308398300332
30.135601020723342
-10.389735857439192
-52.89364100309429
-23.72524285479048
84.83161472674567
-22.21415145753444
33.133388812554955
-56.00261464310349
30.216933341645415
39.13972642398227
39.703679259393
-14.708347679125978
59.245316633613044
-5.773823836488091
-8.130515711499896
-36.5731881550264
-7.232291365501553
-32.07234598332241
-18.11112775181398
-10.35945658717091
0.6454726798078099
46.40217120000696
-63.87539894724298
16.50749662881971
36.36883651168063
71.49919005850177
12.41584310664247
-60.84536212870126
64.71727005031761
34.25337311042725
-13.584029599539477
20.80921339422069
3.18198056680572
2.663192191301178
-45.84349269424666
-79.10155575640862
-69.63197790544046
-17.484298625241678
18.196009401557532
-15.475304096316421
-69.4779933739035
-0.9543504185121634
-43.936062901341586
-75.88908903189629
29.306095322137395
0.9255298462040855
-27.734216824760182
37.24367099612476
44.79254337476226
-59.47295714787721
27.980295994699503
-10.840180375512702
-32.79573748982682
-29.29762212069126
-41.79118068827447
-33.01617603746665
29.07068352432455
49.13366342326265
-69.70073217831533
-14.91721306048153
-1.2976735989190757
-2.745360052261688
-16.110914611864914
-48.49131681523741
-60.06229980403923
51.385042279286125
37.17667060520222
-0.3368040614604979
17.57485187716229
24.07424780263193
13.03079610249678
73.54314495235872
21.948138638145252
-15.708010478407644
37.62654345035841
78.3082167371249
-57.415203708816996
9.78878198984026
-60.12412214282376
16.37924241369322
51.633141343349905
-4.82772534244144
-44.057111069462316
-18.641967482401128
52.781060220778215
-5.96697526971937
-21.221335901787498
37.92013903281628
14.601021490618066
-66.94196112571605
-27.531379512652038
-7.072531277187224
29.01740952744362
30.008244138189482
-5.063418938088645
45.50001763507311
33.463051801740676
-28.90345531120333
-0.05255570919864283
-27.664492589271433
-14.32668452870142
-2.0459090055850453
-30.958318936858248
-16.04221553316229
-6.953290122444372
-70.05567952019737
55.7788212398668
0.8804581793227868
26.471447278001648
18.250398333409663
-14.951096018879767
-1.0242573149947702
17.846869392776142
11.945032944230746
-25.152693399560434
31.11235533347275
15.829756541194755
-68.83662615241096
-48.85715022751509
-11.56140566156958
32.66511518657987
-25.491203554122933
49.68214779961414
37.234275393004054
58.9787950388546
48.56559384528191
69.77287339590319
-70.94676420930017
26.27796577872091
15.064258258071774
-16.682398103473346
-49.056387819866266
67.87752887499556
-6.00529651056317
16.852185046805303
-51.460526361102936
-9.906368025069412
5.4058873337714175
75.12645154990017
-61.31428018650314
-13.044199068778752
-22.003336980110646
-20.00124121479321
-58.73681686811745
16.552682457711
-7.3006612904799795
-51.43494608267641
-48.507363109035396
62.618139658255615
53.13799589143477
-23.364836508472806
74.10827641502561
-61.204097215666145
48.25846683885203
81.3766938966148
-44.543260260979295
73.85880645584567
41.94580991594208
4.106588475755899
-19.481278877478175
-18.28143937510005
-62.623406601773155
56.16602219341894
-13.04148386650165
-42.44485495009771
12.435958272224369
4.872611788315822
-3.9874573349130458
-22.791559902470468
-36.65444891685676
-24.925242701224548
76.15100953796568
34.95264310440959
20.119464743099684
