28.24088594297976
-35.232742269768025
-56.39743783900911
-55.99687968171361
-40.65480637037627
-30.00790703984886
-43.67934336436064
17.87194861962449
-47.86843765092072
28.488337422456155
15.874382890738516
-29.37986252983299
-6.0724090790725995
-15.127937085724113
43.40650229215282
26.805038246572792
26.97197454178975
-29.684771568532085
48.62098763119798
49.23295386664077
-30.76293037026464
74.59556715835632
51.02043540154074
-32.3929003662185
12.636782496303155
1.0542585835765692
-40.89999333630118
-29.290753027204104
58.46499052200102
-6.0206104796929765
86.94414000718706
-8.47667621946131
-13.694479960147547
79.00781070629921
-29.3919883445448
36.47937356305158
3.217304923575611
-69.34555113614564
-26.221458721601607
51.516024761014705
8.88452339088748
15.09929281026156
-35.04547013378344
-25.210319873787213
30.174458983374578
-83.48485345437581
75.91579116565296
-59.407090910146685
46.11173079650183
-14.679919118786572
-1.5748345505895998
4.359765265581672
64.85880088798092
2.482318988332068
10.343894400939675
15.51979097385869
-20.437511463847997
-73.0582070126592
-1.2493232972105517
-1.1838214778215246
19.679289978294264
-31.556095213335908
36.89275524809392
-0.7470423045846246
-15.684196707553525
-14.539905405809023
-0.005260601895926698
39.9431544892972
-7.128955450687201
-10.25773821403996
33.53561341667148
44.90742313012751
-50.22963668867532
-44.978984898768175
-20.433441243543683
28.852546259774016
74.56429890669708
-36.43721526157842
-55.54132909433745
-39.05943789717454
-14.799889766036245
3.535889616177073
31.781630657772638
-14.753527805996711
77.45639548542468
9.182653343092568
37.89938849014396
64.7754121230412
-54.327165250334566
30.381956918448168
-51.68275302021242
-27.1351887318729
82.76669902061766
38.54196656924799
-34.64085026439175
63.17896016257268
-63.249962257622755
-29.634084724997848
24.87801106383688
-16.402640286326942
-1.4956423607702192
87.10946584279984
-9.254096627242376
-64.3345553201787
23.965751503078693
-7.691540484913304
-63.73873829729809
68.08233735658183
-60.7637622099153
43.64364928252036
-1.1649677065108506
-19.398493868462964
8.593911159649522
-9.541386884370837
-71.87664360677799
31.44309802759065
24.466321581578782
-3.4900302034175326
0.2739397337405052
0.6585356120526882
-27.52486303482671
-49.134981436449806
-4.49585200983627
-30.395876191717804
-28.467653236847326
4.074318632119059
-52.06571701140265
-51.788329829604365
62.062854081511404
-54.16681817564271
10.47908391495757
10.038659297731073
-29.07021367193677
24.612737721129278
-17.022903647100335
-0.6438512411780266
-25.715325332133432
-58.20350936366133
57.42714946535446
-48.699050979892306
-48.27355242819606
-19.434882965797797
-36.47572466612567
-46.17484223753639
-8.11557978323573
6.420537232846826
-40.60156917329447
-27.42955402590168
-69.631466597174
32.75594403884497
-81.71356835382718
-2.5851871999889227
-4.803768115377082
69.11342582372134
-3.6157417609069284
33.93433955758974
17.88764134861843
-29.893639821551375
-28.356435965632954
-48.09744004026759
-48.9048433430242
21.262479455235493
-34.80996353634437
-58.96558350437886
65.90834333065789
58.44457356092664
6.4904922519369705
-62.383272588201756
-39.81766693024116
-28.124732190238447
76.31908979682564
-6.363685879963256
-0.3466816294335615
19.668039860867907
46.20296328541039
-10.750516387850396
5.279378259734216
78.67132745153538
-6.258688095024368
-12.832095268667686
-17.296746725050014
-58.71352830664511
28.01949472434883
43.82952378997928
88.66570257860062
1.7142808288801348
25.543064923799093
-28.605991384206234
-34.23589030188997
-41.6698712618591
-14.214560992421212
-83.84068363013313
35.74163508027789
44.334059795434825
-44.72713580279569
62.48891216389697
-45.821859987301046
-15.152350795905775
0.5517095158176772
70.45665334678489
60.182735032294545
-49.08379262437939
-54.48216336201835
15.541579506580575
-47.80405070041366
19.65323565621628
30.40006240141011
76.01621141006197
-41.76582974446012
-11.426606585769335
1.736601933987231
28.129404900046026
25.070387991527994
81.33451898432352
33.57785400185219
18.477317569453177
41.23563994887141
-29.41611017557112
77.28555561797782
4.523440699232253
13.88287134971398
27.30396199685869
64.10485703117234
30.977426532364717
-3.75290234379527
-38.19295718947071
-73.19167591876128
-36.398316188491826
6.000983759754206
-28.612083010211748
70.75553886057543
39.55525913143367
-20.655011569360852
-74.46271662713147
63.55804143047857
49.0100950938037
2.4767655472591485
35.613310821187525
-76.1370911650292
-31.067249544111704
34.59409298570492
-39.23903342224196
7.021451039035128
52.73728102753
4.51973751416449
-64.56703384401277
14.808946862095894
72.81381075128726
67.71281118975332
22.39992848447376
61.76497340780841
18.931671761493007
9.95055743756123
-51.49882501575098
-0.6271543957941503
59.27051554942733
74.26001627451211
-12.987544949209465
-76.57021482852144
-49.00274751448004
80.21256416519327
50.75126749985699
-27.85907231424565
-41.095034759198604
-23.309129148085702
0.866801827934168
57.67997583565085
-23.652222473011804
-58.60848676579633
-2.637564670031807
-5.441926932629087
71.71217375065683
1.9909938113637793
20.570336945898973
-26.320673787651202
64.24023956388845
-9.82581031200371
-33.84170028447258
45.21220917057434
-80.61652846225151
4.211228322485155
-41.3806145948817
-10.75853680700223
61.91450639127697
27.94060570973359
-32.50915520105265
6.256982652457069
-1.0352646243741646
-3.035156247973333
-53.67309948628892
23.5019351298416
51.26550949773866
39.984650817952854
-63.072220270469174
-40.63688921383635
70.63719107949578
13.581249520232248
-25.342621335608968
44.077626097398735
5.635712070536286
52.51565233394558
75.71476646761758
-4.619434153366299
-67.4120950617983
33.16981334114945
26.533371116808993
-3.496439261339205
81.27533736197316
-32.033210842216604
0.2559770699527064
-36.568503443531434
61.592096439501006
-34.05183425896014
43.18405394909257
82.05518486541845
-29.757671166434008
74.25274695197604
-35.46135088991438
24.757098694786976
22.214433867076636
-12.091077379619819
-72.12335089432597
-83.0063275852904
34.311432225548856
21.800942950338438
66.05197047180889
-37.579762472594524
-53.96745993154278
-70.34946398023536
76.4450124366011
61.86690773882978
-3.596789363552233
80.9515070375424
80.72793464438217
1.3752096218383656
-8.051473057992098
2.229961442481539
-28.448780284440346
5.199873745724773
62.24024066463943
52.21050369018681
-57.9476820485387
-79.17674122150378
-19.881807919564707
0.5475949206382893
-51.73899780536594
-7.523923726278824
36.45369482763658
-51.950367689478504
3.29357196967635
-57.74340540672536
-4.940505893011263
35.24523881732344
-34.09026202888492
12.24736989712801
1.9801034419450758
42.47568133122547
-13.034871993530103
-20.06057352056324
-11.85062913680349
-0.47340833547723093
-34.03569918521203
-13.670199595184343
-29.410473794773793
3.5339050137543495
-52.86201693376199
15.23930793699212
80.66170568735868
0.33015921572182094
0.7230817062661714
-14.712485212643571
36.37817922837033
9.871558627303145
-50.11053590145648
49.56274795543993
-56.51283256348919
10.215427375146973
-35.73605939529202
29.60923202346423
-69.59081587134128
9.853543654757459
-29.511509173323006
40.509396534862276
42.491033253932585
6.404483231729088
-26.40885715227479
81.69485182712808
37.73711823519184
37.747471200906716
-20.0862835847482
-19.368209562442445
64.14099535841791
-21.477768674829008
49.158611529610226
50.29168899099753
74.87957753316167
-17.41757736578893
-67.10744431515464
20.458742345640744
-60.8588443322234
-62.918460852214885
33.002303208399184
-18.49671320419678
-3.503167105204824
-10.077219694057078
-34.77066490662107
40.24272596069298
-23.76033900725062
58.26802734120699
-43.182536417689896
36.981654488461714
-18.168899755525942
50.19124691437955
-16.44806359722058
13.277860609119926
3.490182249314472
26.989379370437845
-23.095746658653724
80.07759055807762
23.18799231544662
32.6434819648905
59.45370912958754
-0.3768265216118323
7.321046894932948
40.528788129591334
-57.675475867753576
4.13220976065665
68.71142932052965
-79.42764070713622
-9.919218700326766
69.36388650371921
-69.06900332032656
-43.91330998949272
-11.50461245239633
-72.255624093395
-38.360040427077315
37.15714024671348
-52.37160723600755
-23.259431785376023
-7.54762054269996
14.304130692719653
22.00206866708197
-62.70412121738137
-60.36450563744887
-75.62645877393868
20.24413956776857
-31.122486722488375
-61.95550281191063
17.85001129931608
2.803111326617568
-19.23996092988544
-24.350180992598624
-9.281815630469367
-18.820535853684405
-51.66829957203599
-8.688113761981427
23.930096641019347
7.565429146840771
57.8516842402735
11.735658269062114
-6.784983788292578
-65.69514722917407
-83.308800830884
-50.05127548716272
-41.25454510832649
-76.6265349778437
-18.05558423496055
49.19980551021732
36.4133320923994
11.240883637888231
-32.86310615703775
3.4599263935037925
-46.244899473193776
67.90914444845066
-51.70131982728543
-12.43566024867377
45.127843069301264
-46.698635028097314
-8.794907155792657
78.68105574035388
12.829304522009778
-0.3753572749715204
-4.218113106338464
-13.036617370008074
52.52231799183804
18.44101068854104
72.40773556072818
5.442656547607427
-26.596646128041314
-21.07514198097533
-52.09039067115657
-21.50480568201455
-3.019823777393995
39.08900938131691
1.9435630898507128
-71.70196758096998
-23.566477927489842
-43.79420642990874
44.869069919308174
-11.482310374426945
-40.460591394993735
10.966916664745526
7.1671724415836024
38.352282845686176
-52.473108280910374
-80.57847747914109
-2.9579087353824463
-23.504642092363895
-47.187249614402724
-62.391295505794226
47.065338063001974
-61.40052446184322
-4.654289108191222
29.048615992844304
-24.782059994515663
3.0761343373520447
4.616683121109276
-5.8243587096363
-5.232523810681002
-46.69608259921695
-45.195241532347865
-25.63387122274038
-1.992236890204012
-46.21087813757633
20.30946664867723
-48.289616611610576
36.01559752205759
84.95132160186631
-5.55526397041686
8.604527933791573
-2.0474205790060154
31.83335459612931
-16.436175758636324
-79.78029696488059
58.94542317440377
84.80093346569265
41.81631913754322
27.123093553026578
4.125796691299371
-15.225116613121415
72.29320052307554
-24.740437530209732
-82.30621264545225
-5.9521274010338345
-14.468736368861883
-1.1060120705170107
-19.383635498245752
-13.854508930737367
1.1157063906012468
72.56109239834117
-4.812334040813099
33.48115206991429
54.25588835962671
51.62437358840003
-71.35752474539741
-26.961640966967565
-6.88640828707986
-43.434210582371534
33.52672195095954
1.353679956772865
-57.45402318415227
14.190862536969433
-15.833771949342704
82.93199834781629
-47.875930077868816
-10.564274207071108
-0.9345813520819775
10.590485730389858
-30.445801971241522
-64.23792154742083
-59.82962685311078
16.923197184319307
-22.600912202253653
18.3029383571417
-16.30631686590435
-11.792997604974033
25.587793117245468
37.326400616587534
-7.278868971243327
-9.383515846712342
74.12203052967274
-43.96539158691679
30.336846336087916
-19.335611496462278
-13.40038325222315
17.855514170295294
16.503646083972498
85.33530080648828
-41.6926850652815
-31.03810054043298
-16.08415310167088
7.97545109947616
-12.969959455991173
8.331791131133386
-39.604762124545154
-3.160770916227321
-57.90070016701305
30.011360234515834
10.690869873652176
-2.002395324294554
26.138986967546458
49.12304288421285
74.70792237866885
-23.86366705615481
38.32224302943493
42.137957388428845
33.35083587897972
87.60616249510954
-23.07410704965993
28.75085270751545
26.403974998219113
73.57836807010179
45.949995340963284
-1.385429253166734
32.15563624080755
-12.423360989009495
17.044978540997178
35.6742190955608
-32.69416070417634
-62.8747256718029
9.824501190298136
-45.23158727131936
29.999129044351292
19.097785739847723
20.774370256396693
-5.568809995511543
-38.3743704802117
-1.5869606987737797
15.42054557128985
50.419690552807936
-18.947564303229214
70.48047791259592
-57.30026108446302
-29.51221062409182
-44.52704040914082
-4.654688252949327
75.73657998622858
-47.70471939396695
14.963736002151336
-47.56227348027698
-20.332298472801085
-5.757840418044239
-66.29970452553263
-58.418462991715366
70.23137942904509
-4.604480551299602
-44.07038783546267
-53.52203459646565
-11.40632221160385
-1.9352412235180623
-10.947418379855705
-72.43106072133662
-9.899904245360133
0.38755663549608244
45.12678028662333
-50.62960576810767
-17.246236201863937
-82.74516990299855
-9.228883318579477
-69.75055043598826
57.65782095144769
-44.09203981638604
76.84967607945796
-25.588571274178037
12.35479954999525
-64.46091431324379
-38.98027093771775
56.30225478267607
-30.863061578174452
22.54508773187942
-4.970755387285351
-55.05813436172576
10.541617330027677
76.36762925224343
68.36517479106934
-69.89799376185123
14.790387204151386
-55.66068069862627
38.34150099173607
39.78987007746889
-2.1742715541496267
-4.1765275413967515
-43.9430637094536
11.406420569533324
-11.214344040624908
29.518505428758814
-35.19160182959046
-17.3032078377974
-43.0234942426243
-27.192034415846834
-0.13546764463256977
-13.877276305068108
6.265293902809603
-18.81389078652323
17.98226289785846
-38.56363954913804
3.9724061485688793
-80.09849372985622
-52.855243349899254
-14.216166919263927
68.94894660392484
-70.05990541715502
54.74494276962537
53.49751731842889
60.59638067431686
7.26768452510828
-70.95778916530759
51.08179144565847
-66.91771114560353
-7.4987646018654885
-17.06665150883792
-19.10521411525029
53.53363983866129
-7.176124337679312
-37.20121717964747
-53.71639882764379
-7.97861546634941
-24.939295730567807
-8.216337742855004
31.334137764790995
-3.1609008384612878
58.2625767658343
-13.908164822165318
-56.86493097495502
53.83116255619228
19.5065030672949
-17.307336668283938
-0.44446953985989524
52.848391145635475
14.340955950070708
60.80458594582538
-0.21190507563431993
18.590639093263547
-24.05879394988081
-27.104617568145272
-24.231684025891298
3.9632343364977487
-21.643340149043155
70.85278411930582
-12.426841146128766
35.42479747469872
-11.705394770485597
-66.5947127444652
60.79828939186726
-56.87606644367746
39.52429841913434
-50.29740424583538
3.5166840607553382
-17.6966491574304
-61.66634924316377
15.123964694912203
-11.89393951821512
-47.42714689377724
50.224564956359984
10.290100755337193
56.951747485270175
25.028106707547266
-40.88952053227228
-54.33708971654033
-43.732421111177224
-59.83806537891759
40.26026022659147
25.15005316283714
-22.55459614510984
-28.873696096307967
50.080685041238524
-10.944690760993325
-69.60033809050216
7.112684555850137
-65.23296364175715
-23.71205021244593
15.855010666454163
-39.93899983083225
8.172606888859647
20.351168975216254
-45.954676727400845
-56.60168488419655
10.748945816720166
0.28330660422696496
-14.141719905312584
-2.5359938828372464
-3.6374838764827047
28.746206817134208
-29.622345386139955
-21.384702389174038
8.490573617943681
29.33238487448908
27.005694116466486
5.236305299355763
-69.45301899539473
-0.4660430157165223
43.15946354792533
-31.369014773575927
-18.88391480636639
11.322187871198352
-42.19222545558297
84.7636839603395
-5.026314130418996
-19.72318225069327
-34.8267318447875
3.4223301763281313
-23.988847044133763
-46.148250599930265
77.6295892035852
-28.8316564350081
-33.401690344083676
-9.581636987742499
71.90537130207801
-4.4222826345597355
-38.85913816805314
54.150100963139835
-41.042706564365105
-12.745016491537214
-37.284612611134946
41.66474644311836
-1.5014038921652997
27.579327576805966
-0.782579506011075
6.972929213198952
65.58504332124105
-32.62101384167569
70.28687263336354
48.03067464383321
11.037725727976166
-29.718001618616512
-16.99635858960481
30.218426343698923
-10.446034527892536
-53.070702545819344
-23.617844766893924
85.06158163520345
-22.034425881162804
33.042427111448916
-56.009059644113286
30.04054569464438
38.82426505043199
39.578663602991185
-14.67978685697608
59.20287394464995
-5.783474951998329
-8.057735190201782
-36.42638671694354
-7.242158806532444
-31.84425159844163
-17.98230048397724
-10.3377607188812
0.6434404818824078
46.409969550387046
-63.845744131254456
16.459541928052204
36.29173065398524
71.67903740364778
12.26165017495751
-60.87864967326915
64.66541059060722
33.943007228756244
-13.523540090604712
20.67677835542503
3.088819589391605
2.5728169088192487
-45.977390504955785
-79.23784730172738
-69.76782016870317
-17.590427078307528
17.94560781264296
-15.469388937117259
-69.4720396552236
-0.9859223935856818
-43.96228097240867
-76.06557044816418
29.059340392686025
0.8823635215643577
-27.76497397521902
37.071689692189295
44.54260184334254
-59.40200689433724
27.7990186686944
-10.847673728653945
-32.57609845254821
-29.364022148952046
-41.623732241163474
-32.80746357755247
29.261815426758773
49.35578204016326
-69.81118160658656
-14.834742631794157
-1.3288801211436265
-2.7383313333569532
-15.98057331628209
-48.24544014826602
-59.966110512232476
51.19858759027059
37.340348741667185
-0.35604865940409525
17.33400858004424
23.78744311962538
13.00893489198124
73.56031533860755
21.69768832732173
-15.63356870993455
37.370869308304464
78.56153436792181
-57.22928080971543
9.856860058176395
-60.31786997670236
16.13787808905738
51.59778904905971
-4.8599813731533885
-43.85171674011273
-18.548618524143833
52.79305596893954
-5.975302177871214
-21.24733028681416
37.81407518902381
14.503487693494336
-66.91578970220988
-27.314435144353297
-7.012462390003236
28.752536764303898
29.720215614464053
-5.0871225153824895
45.64332908926383
33.61524068147912
-28.897899195742426
-0.09257136590977666
-27.700606313733957
-14.321292794531146
-2.0511999956348035
-30.77725896079852
-15.994924525835785
-6.953071798695987
-70.13949959062279
55.9395108392479
0.8040651535502121
26.21777908513978
18.102837771970087
-14.9799239237976
-1.0848214513675458
17.796416010600566
11.759948548168566
-25.27856300500173
31.281098646632017
15.893928394260769
-68.82804452873066
-48.6198222734814
-11.56345736353802
32.867191156082185
-25.34054158188124
49.68334929046338
37.00797207156273
59.08991046131209
48.58887937017096
69.84387235740033
-70.8516662698278
26.37517881600388
14.836645344732958
-16.604539862397118
-48.84625970040766
67.81670035123085
-6.017290431860545
16.935321359955793
-51.45011309418312
-9.881660878708416
5.384153953347024
75.3066074273305
-61.199401506010574
-13.014835369052875
-21.918820401969583
-19.887086947138926
-58.76761825343338
16.312273619703006
-7.3169622430073815
-51.223539433635096
-48.3214038307173
62.564399916083914
53.40366259594131
-23.201878135304312
74.35952430435233
-61.11297112524272
48.09051299972705
81.53157949443334
-44.70729356942341
74.10283892434688
41.99773390403121
4.140054956271911
-19.444336213714536
-18.322849400683353
-62.57236504197065
56.28758925737512
-13.126562185181925
-42.57923337549881
12.330646121585602
4.764466057624233
-4.015476209860324
-22.651770833536744
-36.81774456984181
-24.944156359655707
76.2906552117581
34.730510997929656
20.006580012906085
