27.968250625990322
-35.18829193453128
-56.52457232892185
-56.119412516812304
-40.72547527603666
-29.902507433937416
-43.68645566829282
17.687814067007267
-47.97735585987253
28.30112854642347
15.79186131790108
-29.100733098516116
-6.009691222730353
-14.91919050225897
43.57029728029906
26.520240920207428
26.781706588900803
-29.731457125143294
48.60226913730813
49.28908964564954
-30.81615880266841
74.54959818915503
51.065099857154564
-32.39193141424218
12.517677947332245
1.0814443640129099
-40.94694814078348
-29.103293960239156
58.27100852626788
-5.999518612792187
87.00410562367784
-8.28188624581199
-13.452587711722344
79.03537509819239
-29.35676272173059
36.3909062274123
3.1656300273310336
-69.252490935261
-26.142820628043026
51.32087604558771
8.78952386059622
14.949498463586664
-35.096239446388395
-24.96841529146495
30.1873379589816
-83.57551629304413
76.02673774041835
-59.45937399392431
46.120181695132885
-14.651727596845063
-1.5336818951842446
4.424034932370219
64.77683717882931
2.43068627657793
10.49053836288526
15.66498215749671
-20.482296933742617
-73.04732288600155
-1.2890995498452895
-1.1410609051098959
19.508454254140474
-31.574829852915116
36.669530972665115
-0.6871514304686883
-15.63679095371485
-14.48402640689153
-0.015616420716071389
40.02426366611695
-6.9357963279699675
-10.158305705245212
33.37191565260818
44.97007639570546
-50.34530207699882
-44.932130054817094
-20.307817033679385
28.986085783307814
74.59922413710274
-36.333153677436194
-55.66613394335525
-38.91870175731668
-14.820002586375097
3.5839920464241857
31.656013118653334
-14.658965045835927
77.42459662126618
9.316143239921473
37.82948672586136
64.89071425355885
-54.441305739978574
30.553897122397018
-51.799205593795115
-26.913531392363794
82.78697999782008
38.390558865944854
-34.6208877761643
62.94781429040026
-63.403260985853855
-29.68913565952299
24.87683821999046
-16.434947831652437
-1.5388040772550795
87.17225222544226
-9.26353331398164
-64.45101427636052
23.925000278281686
-7.6469744477429344
-63.61217388824691
68.05415353665654
-60.69348348758051
43.64199657620253
-1.1326950390289596
-19.381276463557114
8.495856428866446
-9.565359144725875
-71.93709365762786
31.146696114077145
24.41981707736025
-3.449636596602957
0.31242932979935745
0.6501359071992567
-27.266542555651682
-49.194332579457594
-4.5075428007535265
-30.450053977636728
-28.50901236123967
4.074953962547696
-51.860778795552
-51.82895482665151
62.1814356431627
-54.28147535299044
10.3697306583759
9.943800610405134
-29.116657918828835
24.6498099115757
-17.054215820928007
-0.6866827661449832
-25.692364766471186
-58.20979839614426
57.18235190412079
-48.79938512493896
-48.36161179788546
-19.265864019644937
-36.34850678605375
-46.12395377789437
-8.000055488707261
6.338702772300152
-40.42863507078606
-27.429020719299785
-69.6957493180693
32.48501428259996
-81.73076361425782
-2.468580693855685
-4.818018092524014
68.91527896927374
-3.6117605051690305
33.66281916177351
17.789750759762114
-29.914913343116424
-28.413071784397403
-48.20371154672154
-49.013528011677224
21.376305099550024
-34.55123572776916
-59.10432290034022
65.72380214551308
58.467987560610226
6.465151585618656
-62.534013743065195
-39.69435369385122
-27.892271126162427
76.38794736848351
-6.264651555206854
-0.39853599749625346
19.51459816697904
45.87969351556109
-10.706380172326277
5.287028094398778
78.67896262283816
-6.187210086662276
-12.797657563628675
-17.19167287232193
-58.71755125351268
27.758666190088363
43.94879416070057
88.67524885870807
1.7584279108622667
25.3648147218737
-28.539778607140917
-34.248459961071674
-41.760791043373004
-14.149956726096548
-83.88681486497381
35.763577620928345
44.17509077942438
-44.45787904379522
62.461378186025826
-45.924467793829216
-15.097919493963317
0.49836205105366105
70.54297464392238
60.01005058904104
-49.195996499492495
-54.53982724225749
15.549460565621416
-47.84817703010682
19.680944826909524
30.22254506030123
76.07690667532299
-41.554425822059954
-11.410384892917207
1.8397999827325293
28.022122394059423
25.13385640203812
81.33465054734458
33.3854608171759
18.364456454435995
41.061028511117854
-29.103161019750203
77.31221573083644
4.674108704423475
13.987721534176643
27.039305055506347
64.22239269434556
31.089442543070817
-3.7964721016968213
-38.01751406099832
-73.27093574278618
-36.44496435615994
5.970303223552207
-28.65411627145096
70.86568840110192
39.71806955238179
-20.505562681057356
-74.50991718492718
63.55237938844104
49.10394552685949
2.527931391327357
35.72559239168038
-76.29212088165302
-30.925336140550414
34.267939507565586
-39.29514702735075
6.937737899291719
52.75284484085725
4.5790987763884345
-64.57651742740384
14.66811062799249
72.6900928847341
67.72694336951304
22.36360211161417
61.82554081021323
18.733400647783682
9.894729746650398
-51.314739308945256
-0.6344728781406559
59.092929336379996
74.30709786633787
-12.990965877222777
-76.52519991581516
-48.78043978970391
80.2062054120419
50.55378708208926
-27.876142088441682
-41.142230212269
-23.09506995849368
0.962128619263865
57.789264576131785
-23.420763539632418
-58.71558545270344
-2.548676354371864
-5.479842581555616
71.53865725539515
2.132256717699363
20.526674018500117
-26.371959448803167
64.01990884668879
-9.604107231822994
-33.89141996592793
45.23225756618325
-80.69279625673025
4.204710085408024
-41.13561735661339
-10.615885090981479
61.93281929220902
27.713637423047004
-32.566397257172056
6.202311903164357
-1.0047962032030853
-2.9461481382295887
-53.537438736893144
23.550351318202885
51.03341246375814
39.740084642754056
-62.935194940993284
-40.42242237736659
70.75372459530718
13.681062260881049
-25.206494342711338
44.102392745990585
5.570210543806326
52.51405961345327
75.82803595027698
-4.656539675198658
-67.3305273774764
33.0194781606302
26.53782093009592
-3.5153997950531988
81.2333783131678
-32.06859589254884
0.21183074379324296
-36.41742798603979
61.40622363090861
-34.06789954921905
43.05142219968553
82.0481454398456
-29.81921190081087
74.29818550304435
-35.53403881676099
24.515359012269187
22.327050733378172
-12.100540614386873
-72.12134586350912
-83.05472934458557
34.326411948293554
21.572308200012586
65.9480324535875
-37.64735241203193
-53.94467400656163
-70.27654624760035
76.52524890707232
61.96113995157438
-3.536145049826459
80.95107333017262
80.69968580217545
1.4875642582688329
-7.958879874971885
2.3397311514037114
-28.489435558021654
5.345444805971795
62.336744425454754
52.16403447436889
-58.079616609961086
-79.21412098176818
-19.883027084150953
0.6113755662249218
-51.81129354735572
-7.425473710146733
36.221154069225975
-52.0688191309619
3.3286086814472355
-57.87707674529962
-4.95339968248274
35.0792714149126
-34.1368844568717
12.119016314394528
2.0453371831439284
42.12511359317659
-12.858000632506204
-19.793899981509213
-11.769276136759387
-0.43677362884095317
-34.04912190552139
-13.428520524050143
-29.28317107424246
3.5100225924671804
-52.70594949301985
15.37631009298579
80.66815455883946
0.3903698030027414
0.7341681191061156
-14.710475926772418
36.519530633452774
10.016499719345859
-50.221634751423444
49.65729078443317
-56.568081801453474
10.121362334768563
-35.69970226242878
29.322555355589643
-69.62350950031598
9.799334018005226
-29.44598642449759
40.5212134533422
42.335680575415694
6.327456150040135
-26.310447547161544
81.63209114650294
37.91115892244454
37.61532595744217
-20.108027984695696
-19.4017764259075
64.22197147965738
-21.252788449949946
48.99833731626822
50.02488310822977
74.97021040088555
-17.294490477441457
-67.26855811101582
20.25702299722178
-60.71349655200498
-62.9161065103189
32.73212692541796
-18.539009514955794
-3.4309817330322403
-10.061509623381411
-34.842706846875515
40.37873776232772
-23.766815221337424
58.36598467974872
-43.23410394953255
36.83303641768049
-18.19870283157927
50.01019466899362
-16.428008060738847
13.26191504780543
3.430024307917961
26.725697046062564
-23.07212142331855
79.98633940106279
23.081879623441196
32.55355162403012
59.41601164689189
-0.3147214711194408
7.252670853549546
40.50377510682213
-57.73354210032665
4.155044839309255
68.51296226540322
-79.46524018705355
-9.875910354111511
69.43286107989667
-68.98910748489726
-43.69277885994919
-11.272519438767162
-72.4174809046558
-38.16130846407229
37.24820643427839
-52.401030954432436
-23.286361212489993
-7.517574329205829
14.39912975974076
21.89258479878484
-62.84272640507766
-60.479697333477965
-75.71997101982302
20.021308071700517
-31.176738058214184
-62.00279921288235
17.77357335712027
2.899112193853142
-19.080403196353103
-24.395667202348193
-9.201617061967738
-18.66731662595363
-51.73795289174487
-8.725214285214946
24.095116662611773
7.508029883048849
57.553286252138975
11.861699847315734
-6.765609820047416
-65.80252310077995
-83.4311482931245
-49.987876544255364
-41.332569323164385
-76.75868577290298
-18.0972432382964
49.27762617137799
36.48387201966841
11.193958871359328
-32.809666042226524
3.478339832623348
-46.34349888467391
67.74692832150768
-51.821326201820135
-12.471656517744634
44.88318752183369
-46.51945542607134
-8.77957524552167
78.63975709800144
12.692319677576805
-0.2992037986529681
-4.1648610570007065
-13.068795257788793
52.53374853210076
18.437125863932835
72.31136921923516
5.428231443794473
-26.32167985303481
-20.86620941280725
-52.0082591960908
-21.403971735256235
-3.0575826059587996
39.21519172333669
2.0315548237588104
-71.68225526344561
-23.271523666642096
-43.87020996634485
44.6007305390429
-11.401855946076154
-40.31128270112582
10.896751103944737
7.285779199117812
38.406853867356176
-52.24793807327045
-80.60773242220574
-2.9837251142567567
-23.481217632596753
-47.18546434445046
-62.311222230027305
46.76395568478236
-61.548587201046665
-4.544290738700141
28.76378692009571
-24.817320183387253
3.0116034690470457
4.545912846545306
-5.8466809684388465
-5.273788983537557
-46.783585014625935
-45.29312842241179
-25.54912566348048
-1.9400329849389806
-45.93361412676268
20.34580008747342
-48.3899756447812
35.71588574799836
84.94220251233693
-5.408083314469678
8.512861717369319
-2.0288514300531375
31.825713271344
-16.237053888152218
-79.77003671762367
59.07454133022648
84.8683434435404
41.98635218441581
26.902501787664008
4.060204136797665
-15.1342759659818
72.38458903537443
-24.515346153701046
-82.40002178996652
-5.950965197423599
-14.291985429077187
-0.9703539728157722
-19.357873482704903
-13.819478515975177
1.0775931614372354
72.48083619528381
-4.695976954212568
33.2247881355741
54.105197467671985
51.736001306069056
-71.40884684068521
-26.868289521763586
-6.829690268498965
-43.52689369975471
33.22482188095546
1.2998097313339656
-57.44936073498455
14.056222645525565
-15.766042528251532
82.91993127446548
-47.66648040713757
-10.47725819858725
-0.9256027506681477
10.58829107333625
-30.16544356777638
-64.34244435001389
-59.84792887114514
16.885173879568498
-22.315692083701308
18.473834342091905
-16.3440368502108
-11.82860926527492
25.697796841643935
37.19871410004731
-7.127954626013832
-9.273844733709296
74.11375499120473
-44.037651381820865
30.51247561999091
-19.34151581248014
-13.373985175163767
17.881429750724593
16.52288595416229
85.36858014740477
-41.76603526086088
-31.096943117207104
-15.88429729217492
7.921037100387579
-13.00528877446088
8.271117094815494
-39.370731720294025
-3.0930737251490825
-57.8192348640719
30.00731478075147
10.774539073797541
-1.903834410985496
26.129293327101294
49.21641405900519
74.5655775057206
-23.8208505984514
38.06038638775178
41.92286643363073
33.34715274553318
87.63201218664037
-23.050257596628228
28.7767367266014
26.540551297690968
73.67494856701967
45.887239404963
-1.4086495832039958
32.30889280287187
-12.416305097852117
16.859351136523358
35.42583580150486
-32.75523734094946
-62.91584733962712
9.727358862631078
-45.33197722880002
29.688228302524422
18.978127386760548
20.69425974605305
-5.383906523215586
-38.227146484019144
-1.5164260610920763
15.294837780177474
50.345956641214826
-18.990188942832944
70.53697773579248
-57.39420965146187
-29.56911275344818
-44.51867440541387
-4.618622768804798
75.63063584777069
-47.512860634582765
15.082574663854217
-47.49071649851731
-20.07212777576997
-5.5729596967501465
-66.45109377812167
-58.528091692948614
70.05164843157615
-4.480441084781631
-43.79638384756983
-53.58360093162365
-11.392117225733188
-1.982859653654785
-10.890534710464749
-72.3650194517425
-9.72549087371334
0.43109983971559984
45.124377767989216
-50.71278747654106
-17.269800268895338
-82.88080820863942
-9.244039069892409
-69.91588385937715
57.380222739601464
-44.017484858832375
76.74360887207885
-25.613240545407137
12.222205072063517
-64.37941651872093
-38.836315848856124
56.225116910644346
-30.87987632524404
22.39065701409072
-4.865719427374387
-55.18583138544534
10.43139623958119
76.35729714166382
68.29888951515417
-69.85821229049297
14.935911747311707
-55.7742648472821
38.14265485620538
39.65430954370677
-2.098452732231948
-4.071908031438625
-44.03659505266725
11.35988614653543
-11.230508685330918
29.312945704050478
-35.214532641184086
-17.32094675255179
-43.09894560301911
-27.24210260969636
-0.18237954952445534
-13.743304612154503
6.300170963284344
-18.530618293710788
17.926665653306273
-38.30339320335837
3.9167813534352973
-80.14108819777488
-52.93094202623941
-13.988387872649653
68.99360772423336
-70.20765281895314
54.70264072250322
53.55600728727154
60.548140499422374
7.1794548140060215
-71.02035689807346
51.02084264468627
-67.079817845261
-7.413010171999801
-17.09490650732471
-18.875549540779602
53.43893963266035
-7.120682299094611
-37.274630875471004
-53.75658905048738
-8.017207864989459
-24.750977697730008
-8.220349339637124
31.451522075895127
-3.0333129249099215
57.97497947616702
-13.671432781024578
-56.990062999705515
53.636403778279686
19.28985067466536
-17.339826950538225
-0.44230875919392076
52.59548327044564
14.454567516887266
60.833721917233646
-0.1426747756935356
18.385765511822385
-24.04346719079153
-27.133155370220337
-23.9542311534491
3.9104514261104555
-21.349805950085184
70.92651993309966
-12.460372082071402
35.0872093565136
-11.616887180796212
-66.56531728606387
60.92340791342971
-57.011078381539974
39.269451200345685
-50.08021785596469
3.48355800509988
-17.588404502817752
-61.814588404186516
15.07986835657185
-11.709267268356427
-47.52056729659273
50.354573506060575
10.3416305904869
57.02731589487567
24.97711712861438
-40.95901545089298
-54.35483702756375
-43.5402408678379
-59.8804660966589
39.9241551094303
24.97849358866071
-22.310941137165784
-28.769334083573312
49.816733204220384
-10.959750911220638
-69.53506154291296
7.061039551599251
-65.37492857356037
-23.501265373067326
15.721709938250939
-39.767002865159164
8.077982833142102
20.37278507052632
-46.01588497411024
-56.56928087470629
10.817868099809502
0.27991753819171095
-14.12297442641524
-2.5622651052310914
-3.5158349097671078
28.823930860839695
-29.661987055041365
-21.341503456344
8.465728915848302
29.05301912756117
26.979799848103596
5.380289614197267
-69.60718680811817
-0.4263543747913303
43.198876754832355
-31.38370556697957
-18.726619766711664
11.23915801663614
-41.998884497295926
84.77723363709828
-4.988589822416216
-19.54832335614178
-34.52401671729796
3.373307280395437
-23.70712180718955
-46.23646363591876
77.50962059056354
-28.658001159394956
-33.30596997958946
-9.537029836936867
71.91792275967032
-4.256775234029874
-38.84728029839811
53.9787134001171
-40.9546776203889
-12.759586266922256
-37.18747933408896
41.64091155527336
-1.5497565317025277
27.694072796352373
-0.6541785955063233
6.890196882595703
65.72083526509107
-32.59902305417906
70.22470030624774
48.16316081472078
10.92157602739212
-29.487275786032342
-16.986943732432124
30.31265380623546
-10.366073432076675
-53.181486303513914
-23.54608133020325
85.14542167881379
-21.77470433643755
33.01046875047061
-56.108595544793936
29.923000318028798
38.47940151898413
39.503946200431244
-14.690105831101334
59.143314707982086
-5.755747481671918
-7.850008856260587
-36.348501793649326
-7.246632527181731
-31.567425874688226
-17.795684844822517
-10.307506582937293
0.6592009539870958
46.43974239404315
-63.89220771900575
16.45760262127817
36.2691451800213
71.763521740053
12.154118169212552
-60.99195439147232
64.55698973468822
33.63130406233077
-13.443093753251645
20.602718384155224
3.0722620243027308
2.5481667799747925
-46.06551821705821
-79.38037238574191
-69.92770346226564
-17.533134466678547
17.74873421868061
-15.507289868034533
-69.51896716939699
-0.9137929736010904
-44.05912715138305
-76.23931374716689
28.854860126100462
0.9648253910270057
-27.807616419113714
36.94925062647883
44.27739922883276
-59.4147972343745
27.67687833926847
-10.82595355837634
-32.32507007318921
-29.393837415873392
-41.51896649039872
-32.5836092906048
29.429214274637587
49.49335982344698
-69.96002643111154
-14.718589665995054
-1.263637074533662
-2.5986142038063065
-15.76004570219871
-47.98312285673366
-59.940846358771914
50.99144487636465
37.46982244451047
-0.2359726351791238
17.1472063040585
23.536009708717685
13.0249305264404
73.47722394134252
21.493555799719815
-15.549008633000625
37.13347197086043
78.67159546437915
-57.063201257598905
9.999434068138854
-60.45729281894213
15.959417415795869
51.57865155664214
-4.899111077827456
-43.67523192629815
-18.456417507271198
52.81141431862051
-5.990256211282642
-21.262819892976154
37.76223344403974
14.453069587655818
-66.95163785290231
-27.023228887117355
-6.8181611350943285
28.52357203946879
29.456203060109218
-5.088996907002667
45.752168687307716
33.74435380395539
-28.957616659915715
-0.02386987948808894
-27.739760034987285
-14.359433852690628
-1.9299508525775764
-30.60218960109283
-15.978551143478512
-6.920500187626189
-70.27156609065467
56.04203885885542
0.7694849845125304
26.006836313445106
18.01013010205375
-14.953417066703167
-1.1255363480613312
17.794107764513655
11.633517677366285
-25.258571844270506
31.424301031993593
15.986580770501064
-68.87539811466041
-48.37577911562646
-11.587016732517156
33.02881228062981
-25.189028694843074
49.70112732446813
36.81494528158703
59.16148770001661
48.62553269931166
69.85095513353616
-70.7523727526822
26.48154373598466
14.675548682263752
-16.524734207054465
-48.65892004756777
67.6656986530684
-6.002011486436174
17.04401307688555
-51.54005366953736
-9.835375223919286
5.3856724126706865
75.38271126314936
-61.13869755522835
-13.004737751408527
-21.8798864188784
-19.761839410196544
-58.88110297850634
16.13211965903443
-7.346197795547226
-51.029182963934325
-48.18226187172018
62.469364360244725
53.55232044976546
-22.998412600538728
74.47445759032976
-61.08974338935265
47.9315074631875
81.56475300678889
-44.78027231295861
74.21507979911829
42.06324430349372
4.262696464129959
-19.47167963025582
-18.306083109793676
-62.59790698307619
56.37032097923202
-13.050270540221177
-42.65026548870063
12.268242398144324
4.691701927426422
-4.005290223647805
-22.497803926575912
-36.84955794776432
-24.98256232139684
76.3329033660855
34.54940313485761
19.950741663298245
