27.863331911952372
-35.20721629162542
-56.55553826757384
-56.140595368188535
-40.73364297936907
-29.875218928711305
-43.740186945959195
17.637418328443374
-48.03983465338964
28.250142680323336
15.792102309236995
-28.952970465155644
-5.9466428953379875
-14.780873139811945
43.589447470845585
26.40675869977666
26.729547494028793
-29.7871634721823
48.59985204515493
49.301081663962265
-30.874523213825867
74.45985668099408
51.07247635889891
-32.43109891167019
12.50006256149021
1.1408295548225453
-41.015465903258345
-29.019432972601265
58.15573245022526
-5.9658841392416235
86.91874326270423
-8.13310738347802
-13.286180620861629
78.9632634741134
-29.37219065969329
36.382732934758735
3.16382461228838
-69.23315975933468
-26.125032205791797
51.226272425932336
8.780089948428497
14.917637443851149
-35.1601246152984
-24.836212615486943
30.217664567707146
-83.61340567807383
75.97684434451611
-59.52979953830562
46.13035102591712
-14.608291954186768
-1.4720453147807149
4.470470236632494
64.70301436816479
2.4379935776988617
10.599990831155637
15.751760518612869
-20.520083750549148
-73.06541185083763
-1.2940694644143065
-1.1046313164148387
19.467129309614776
-31.532910598563134
36.589269076815356
-0.6387231898244039
-15.613555115280803
-14.398617875034077
0.014370652754323032
40.051540986954194
-6.784258307910392
-10.082431057017033
33.33021680089979
44.99000394154797
-50.40544738949621
-44.95847739765996
-20.244042709711977
29.03165709402751
74.54355427707046
-36.31763425259506
-55.69792311425736
-38.883428439981785
-14.828147679022294
3.62186454506201
31.63564937362682
-14.60040017009078
77.33161858913226
9.4126069306257
37.82723291370482
64.86488135165101
-54.45379321862734
30.615695875634003
-51.87517868587407
-26.80068393704883
82.69958385375
38.348988760151286
-34.65285839238724
62.792436733608724
-63.4623008196281
-29.720490281059085
24.905857882497727
-16.463976061327088
-1.5387055941305476
87.08735105848149
-9.26138795613852
-64.53543538838338
23.942904518248355
-7.601889058045629
-63.58347910357046
67.9950627503296
-60.701821735474645
43.65396901329237
-1.076062250172214
-19.387415068252054
8.486474854121965
-9.57419758313442
-71.99261980966827
31.02427847024009
24.435786765510514
-3.4133328719293416
0.37748268079755576
0.6835490236877888
-27.128838011279782
-49.27063646478247
-4.5044435044230795
-30.507854186608796
-28.56154095571698
4.123850615464235
-51.7925315168351
-51.89858071059721
62.16077086373198
-54.364665037415826
10.358306643552197
9.934891024318176
-29.13471137927324
24.686381488657602
-17.083928498967566
-0.6916492007640755
-25.597096346042846
-58.26107450334452
57.038543096524506
-48.87961142495198
-48.356423282066906
-19.16887255783824
-36.31835435185168
-46.148558733563966
-7.906066178239968
6.335118660831739
-40.37441235677466
-27.460912801038987
-69.75731053616049
32.37899275168175
-81.73806756888854
-2.357523357801
-4.8060905766544835
68.75829275526249
-3.5828095097401444
33.55533953652173
17.784633055847337
-29.961568854411496
-28.4659688603236
-48.27811662380765
-49.05709201975443
21.428420169880226
-34.42989456139436
-59.17844614315176
65.58781933177042
58.45456112821881
6.501865874517904
-62.590966711071566
-39.67106769825592
-27.774330710462223
76.33580167119905
-6.176866717231263
-0.40363281237515025
19.483008922244622
45.71623122342052
-10.65422146680423
5.308291068174782
78.5999602143417
-6.118548532338281
-12.751607559367557
-17.133271462091983
-58.76729629172353
27.661801152172018
43.966242545377355
88.56249221875714
1.831090396705875
25.319942526482507
-28.53481869369425
-34.296701039511234
-41.825477561129446
-14.110690196516884
-83.90197284619816
35.791248976625724
44.1188707767283
-44.343759270396156
62.42006358866644
-45.991116220738085
-15.01165662405441
0.4964855664883885
70.50780218146346
59.90182764664746
-49.26220706632773
-54.61512835077064
15.578503028037005
-47.91905191195942
19.715921226104157
30.175943503761488
76.02394998836382
-41.47618232986077
-11.386806001631854
1.9255479728428355
28.012831704867722
25.17380058432373
81.24319771040825
33.32760143162733
18.352866239204815
41.0022436610665
-28.93140721795831
77.24527663001882
4.823735773481957
14.046538580951719
26.939924051074243
64.19744645709861
31.12796696677694
-3.8050779758153226
-37.95847505013479
-73.33143917061
-36.4296108969479
6.0024798067355505
-28.66650125078283
70.82760593054229
39.74752514025241
-20.425828884472537
-74.55361860380904
63.51622395071567
49.11550577851432
2.6071100397938665
35.75748308832215
-76.36732756012799
-30.876137151166745
34.12232156406222
-39.36486757922731
6.931203394337913
52.75116908046408
4.6226368692287
-64.62193741209504
14.640919597170026
72.56439501394547
67.68528323691817
22.38286532660854
61.81042608453566
18.674752793594223
9.89991002871001
-51.25992519570841
-0.6042359481409676
58.98486110736357
74.25586876814214
-12.9947693499482
-76.51463981198556
-48.700424490338996
80.11566358683527
50.4599103505156
-27.85111783039538
-41.210972989887495
-22.97735433239724
1.0411310605257853
57.780632437350675
-23.29167589672693
-58.80142354567483
-2.4568995372320614
-5.488079219882252
71.38693303901059
2.281025864544503
20.543234618997914
-26.40721490101049
63.86755504896436
-9.4403498664212
-33.895524223868456
45.24656694366951
-80.73306971917991
4.24910156964782
-41.03432355687935
-10.510954228229778
61.908969603748545
27.63885743862629
-32.59035488931546
6.218841081398537
-0.9490439617722188
-2.8554223881598944
-53.51257513029585
23.58884545906345
50.91685197052013
39.64172057205977
-62.90115161648342
-40.340763721703574
70.71441104227713
13.737633930455402
-25.14836563460291
44.11950515746335
5.577343020378095
52.508307438313494
75.77817552680636
-4.666242241194681
-67.321995554686
32.98529429533494
26.567836166950087
-3.5149603445619277
81.12113729121245
-32.12400235233724
0.21732644049576777
-36.37197110600021
61.28517210420276
-34.11756739987342
43.01150581478984
81.95078079242558
-29.870622925021806
74.24653559505612
-35.59689106709193
24.431199137031015
22.377428440012395
-12.099652220025519
-72.14639487905403
-83.07394779666586
34.35414892866129
21.495598375184727
65.85857520719395
-37.666923583718614
-53.98412694418449
-70.26669238898583
76.47447250833648
61.94583867401377
-3.4668988116805224
80.86069388354855
80.59661296492519
1.587556816363957
-7.880906322134834
2.432316466363389
-28.50016251973065
5.480941117842363
62.320326946550665
52.14340428126178
-58.11086641785764
-79.24013461376184
-19.862934989555214
0.6944663636624284
-51.89152770576866
-7.341704924286432
36.135746880519065
-52.14280662242876
3.398810085203067
-57.95407586259676
-4.94090249872815
35.034408585137015
-34.13409130442562
12.098030941445387
2.132824415518286
41.95067455030244
-12.735884431306673
-19.629197518836037
-11.647608265585063
-0.3750919537539943
-34.09753030629545
-13.262191109806594
-29.240270652470272
3.5408149439507355
-52.66868516257529
15.455717311386962
80.58188110099675
0.47047250247256045
0.7814828493646218
-14.696836063083182
36.55141798147994
10.125693015767268
-50.261461529405295
49.667732405784676
-56.641626062489856
10.112866940310838
-35.72390669328451
29.207656157033483
-69.67125313793028
9.804964733963999
-29.44317401644868
40.54119487153545
42.2851458848142
6.328225005912785
-26.28013795949498
81.50685743971601
37.95106592047199
37.58490711124563
-20.138653808108614
-19.436794085169538
64.20215995799953
-21.12209692704539
48.93017608770231
49.888777278214036
74.92414094479966
-17.22386551832811
-67.34030468044564
20.197269405678753
-60.67730970900279
-62.958036124066034
32.626397766142134
-18.572474997512572
-3.3657842257326536
-10.044107676132526
-34.88928997696875
40.401988176457365
-23.796086342945202
58.35817854056643
-43.3056571020373
36.79521878773417
-18.229827269386647
49.927517663965375
-16.389903451653097
13.28297825873095
3.433983653262473
26.626983828612182
-22.997505272537083
79.85108719437832
23.074299120949476
32.54886874088899
59.3794989967933
-0.2351837057992725
7.262337248928674
40.51394935998559
-57.80742977050426
4.18135938347163
68.35736454954875
-79.49059872092974
-9.838637746768171
69.39937663095256
-68.97809949133025
-43.610693545680505
-11.10642165034443
-72.49537596871042
-38.08703856079707
37.27880213133494
-52.46593422274305
-23.325221458308675
-7.482345175531535
14.452553409702873
21.883417331180084
-62.925861029601236
-60.565738862878
-75.78058598659433
19.94714445783694
-31.20086106871274
-62.06873862441636
17.77729493603593
2.97315131339424
-18.989510893897574
-24.442432700184824
-9.100961902879675
-18.579658433246436
-51.817483915572204
-8.741395867673091
24.17269190015182
7.525630039175681
57.372247113580386
11.941003180487755
-6.743145045622342
-65.88413592530662
-83.48253993749225
-50.006190802219336
-41.35293143725862
-76.82943018021243
-18.12956797520252
49.29006326552167
36.515610804339076
11.203484009009472
-32.819924555728775
3.537780080868643
-46.4193171743514
67.61708413702135
-51.88460926789097
-12.493340631512623
44.774445298623476
-46.46649620466061
-8.758614549025438
78.53751452075016
12.66629826950799
-0.23733429108195025
-4.1170885039452685
-13.091142195733482
52.53153513571402
18.46455363029139
72.2029229309631
5.470068037277969
-26.169705631646053
-20.745755522383817
-52.01568779017002
-21.36010980816694
-3.058052619162609
39.240843512180675
2.099656875917688
-71.69894096811058
-23.096820604472228
-43.869595626186204
44.47734880880131
-11.343224812228513
-40.27219970489478
10.897885874073694
7.371444354529174
38.4356822115285
-52.16648447304485
-80.6251983540739
-2.9858098146133614
-23.40412315059669
-47.236165745053455
-62.311924356536686
46.61336723672798
-61.61045003904826
-4.443652100777868
28.650310036524814
-24.8621595741742
3.008530945060386
4.544741388190161
-5.850934801855644
-5.28475625768462
-46.788857957722705
-45.33611567752686
-25.526059134458748
-1.8719037411491826
-45.8152887419314
20.382518543294537
-48.414712916823845
35.587159813931066
84.83342516380662
-5.284127024958266
8.504387791113544
-1.984543069535846
31.850324415338235
-16.109648494956645
-79.76885798432146
59.05774085505115
84.79176485177302
42.01211485907285
26.831955225677802
4.06191244394644
-15.079720994450511
72.34488798115993
-24.393773033008486
-82.44295276723447
-5.941248203868213
-14.174426303920612
-0.8425796994712726
-19.35853130382037
-13.799586557646023
1.076969686692678
72.3806587331116
-4.591363034500361
33.1276851967788
54.028424985522264
51.739597620133026
-71.46147966294785
-26.842525667551257
-6.773023589725753
-43.5988615929002
33.09714257429502
1.300919418411553
-57.49590151051668
14.031898125147649
-15.729298488587318
82.81697660193578
-47.5944563909268
-10.411132123989987
-0.8846826265513101
10.611116754454258
-30.019404659535326
-64.42485653959054
-59.903390155122196
16.90205119881375
-22.145188765565265
18.580121498787364
-16.370336883393733
-11.850417363207896
25.743117119887984
37.17112327594202
-7.0064544094999235
-9.187969140827875
74.04325569337894
-44.114556721778264
30.577363154062567
-19.36172456292597
-13.358728302898385
17.91563421886798
16.555132056356044
85.27811123983139
-41.773456859544346
-31.155530352423654
-15.75528329884122
7.941384548160769
-13.026922631607462
8.287992486823313
-39.27449258000889
-3.0175726181626317
-57.82407150914616
30.033961130389613
10.826294511380794
-1.8036198924616116
26.15599545134495
49.227819021906896
74.42117930225822
-23.820865661979596
37.95368042467649
41.83875026535651
33.37158916428251
87.530702892628
-23.060399288830723
28.81017936671772
26.592152766115902
73.63197758717945
45.87417187509894
-1.407321016791343
32.354186656663245
-12.411546099961342
16.807067771810992
35.33145887152679
-32.78592746682297
-62.97811252474842
9.722891158696711
-45.384281844429154
29.55613463165045
18.963566113844962
20.697533731567248
-5.233773189461061
-38.186799245275694
-1.434397692208293
15.275653547503367
50.318242340145986
-19.023690549094866
70.49860800022162
-57.47856052552872
-29.62488216154705
-44.565241053720484
-4.570017239280375
75.50394250695996
-47.452213588708595
15.14799723387091
-47.50405875199645
-19.91290380581674
-5.423357492013963
-66.53121492134437
-58.61410172915155
69.90192522359683
-4.369868089077102
-43.678400382188755
-53.66049297049754
-11.370485357979888
-1.9897551026876101
-10.820757714447893
-72.35402536195404
-9.595380963682018
0.4999393714327738
45.13358191056412
-50.795110960155
-17.295870601429115
-82.93830062373674
-9.246978511955405
-69.98989449352584
57.213968687874825
-44.027569523639
76.61246306787339
-25.60892302344797
12.198414795553745
-64.37622111190981
-38.79887420081191
56.18032157970944
-30.92580976168483
22.359135223922976
-4.769487651126369
-55.23279610277984
10.419506741559601
76.2782796173972
68.22099423116182
-69.86811475084477
15.02564828396288
-55.859216931298555
38.074863933038216
39.619008659731406
-2.014421807607647
-3.973622628877564
-44.10953768827098
11.369704362906532
-11.235102213084502
29.250615201529854
-35.15471939977207
-17.325043518557223
-43.17524814791557
-27.294183744975584
-0.18767817691642108
-13.654284772420965
6.332285175867696
-18.350229258814124
17.938201963066348
-38.18767255927578
3.926056922943104
-80.16687830855393
-53.01203819546483
-13.83365887873427
68.95699265490867
-70.28912960250074
54.67723299919223
53.5596279298739
60.503818008867995
7.173308898576707
-71.07866442728677
50.99704204526978
-67.14799569771876
-7.338139276331191
-17.110487908028716
-18.734478496763145
53.393495796607084
-7.064720357626982
-37.3421085079511
-53.82556727532351
-8.033436790661781
-24.65578718910608
-8.211370616704201
31.48994627581871
-2.9162468765395175
57.79987673682339
-13.509363787442098
-57.01103936770879
53.53532636388769
19.219129234159297
-17.359970553079833
-0.4047335459757875
52.461012097653764
14.517793645935413
60.81560760920104
-0.05781745440776831
18.322179970439038
-23.979755337352415
-27.178929425793882
-23.793976118556472
3.9093284320019706
-21.170517045649248
70.88966709854472
-12.47985726753582
34.93263543646685
-11.477621223686725
-66.58748008507624
60.903621483303965
-57.07128175320372
39.16532965307431
-50.00389485389975
3.5078266985130426
-17.52895279424183
-61.8822450255033
15.093632464659493
-11.578046592944801
-47.60078481819867
50.35716710055354
10.380651645367536
57.02406868209252
24.991490608067195
-40.96324763704808
-54.41392439372163
-43.47670651240208
-59.946532289830074
39.76401786572043
24.937468886713916
-22.170058144168905
-28.740428220451292
49.6830800306642
-10.963388775205843
-69.5313070842378
7.0815524174116575
-65.45828839813586
-23.38698239626197
15.698988262660052
-39.712582638665054
8.06936024822295
20.406636171895755
-46.09173267804183
-56.60223064186632
10.863157283313924
0.29197585949108884
-14.114952497803117
-2.5639343020335446
-3.40417908888611
28.862972020689426
-29.666805879469152
-21.232280558196592
8.479485986186162
28.943246914287045
27.00181132822054
5.512672336703986
-69.68764918367093
-0.3625317154323966
43.21968832077121
-31.33451646359046
-18.6362778335985
11.235792435902539
-41.93307598843586
84.68005243470347
-4.939973871769396
-19.448053287318984
-34.37191568280642
3.385788607570163
-23.543118833904288
-46.24732433817531
77.36707203775913
-28.582555682747312
-33.29104609934198
-9.487359866221468
71.86288237780113
-4.11696098203285
-38.88818027349114
53.890482059628994
-40.95441530060633
-12.763025661474245
-37.177432182188376
41.64971609804786
-1.5567396489938972
27.73758584423004
-0.5305489215977275
6.883840410053082
65.68639056053738
-32.62715375128637
70.14216129148102
48.17009785175955
10.904798156534369
-29.37441419297619
-16.960759031151795
30.35120549825396
-10.258385685526633
-53.195425980496765
-23.526897312293997
85.07220625772396
-21.620832548021184
33.027208526445264
-56.19389582015781
29.907840323137634
38.31535191161166
39.49731081858414
-14.702605004018395
59.09813921658477
-5.716632222307766
-7.690930901514832
-36.34913775381617
-7.235081460335692
-31.427140235093447
-17.68190306732471
-10.280685316717495
0.6804090215266143
46.45373453738475
-63.9555075178029
16.484622462510913
36.28557518932425
71.7252746824746
12.14144644298841
-61.07778347779348
64.46993927970331
33.49644933152018
-13.390716040370222
20.608365087344154
3.1069370122223177
2.575718850778472
-46.07739017798945
-79.44816462469498
-70.00592036346147
-17.422134539595945
17.689885674538743
-15.533567925250438
-69.57342328876776
-0.8290081995160676
-44.12677952808519
-76.31222662674404
28.793426566249508
1.0613726465931563
-27.823774078769276
36.92459807444274
44.15679167789577
-59.46809637178305
27.660771771665964
-10.797825523899903
-32.20449112851972
-29.383504456539754
-41.50907253517519
-32.482373286250464
29.491173673863116
49.496540892580924
-70.04151438921916
-14.645102937614354
-1.1845459593902774
-2.4721012404013862
-15.615952950403127
-47.87616611622405
-59.97461138222622
50.89050561289079
37.498728616505616
-0.11696676414297258
17.094514000108973
23.44483781564125
13.05462324707193
73.37179101731064
21.432887496202085
-15.500033450723336
37.043761376578175
78.6158636225193
-57.01765294826737
10.105311859160182
-60.48954719949369
15.910390188753766
51.56951618033324
-4.906664675244016
-43.62202374657872
-18.410479546378184
52.81027381032743
-5.99046753020734
-21.257752052490062
37.76705488179766
14.464260301477637
-67.0057137737839
-26.861576846281466
-6.665495478945985
28.447232166799125
29.356691454199392
-5.068928878953713
45.76780902247421
33.78013010832791
-29.004838479402295
0.06093682810380585
-27.75060296683641
-14.38534518276083
-1.8143025857854838
-30.5300885886425
-15.976965173014165
-6.881615158915551
-70.3525381824426
56.038475880076504
0.7843123023265122
25.942457395690127
18.007328626943902
-14.91126559769657
-1.1219083265429646
17.82167259006303
11.612670474806094
-25.175564944269723
31.467808709432973
16.037479969114784
-68.93124743048938
-48.28122673239521
-11.597649011391553
33.076291043512526
-25.12037160203728
49.706515102844776
36.75251937347517
59.15341236913372
48.63659394908515
69.80036798128151
-70.72581293624344
26.52530009484687
14.636497307811823
-16.48185953827901
-48.60162280951092
67.54296489112951
-5.97252158914705
17.100269547375802
-51.62349292633668
-9.795888427173892
5.404826499980146
75.33443524998111
-61.15189502231562
-12.999518943699513
-21.878029762072103
-19.69680349042514
-58.96719614082304
16.082376110562166
-7.352874627266587
-50.96777729592354
-48.155305947061706
62.396490840837345
53.54419572716327
-22.887882509649316
74.42725999028033
-61.12329527006849
47.86671231095201
81.48664140128042
-44.766190997216206
74.16902487455945
42.08772718508794
4.365534719819152
-19.50396552181617
-18.266519272745754
-62.65364318017136
56.36829992059472
-12.930235217892829
-42.64687966524297
12.273445195634324
4.688679679125272
-3.9731403136923547
-22.420440355825136
-36.79845839658397
-25.000084020269952
76.27426382278455
34.49673175454333
19.962982200048103
