27.999493411456882
-35.18636784436741
-56.509946917326715
-56.10699645235716
-40.718758662483864
-29.912742864444013
-43.67486886873835
17.704306843990977
-47.957767692999276
28.318578097678596
15.794713697996528
-29.142701884210325
-6.025491118030047
-14.956018037068048
43.55722292195
26.553392521549426
26.79942967291511
-29.717461469317357
48.60330956484424
49.28330798283008
-30.801213020149717
74.571027625928
51.06094774300277
-32.383799134543395
12.525398597581173
1.0674917087656297
-40.93023597968839
-29.128520817856256
58.30363433927897
-6.007622972301121
87.01941622690023
-8.320278954991338
-13.496391141807635
79.04955481380367
-29.355139494636802
36.395950660448506
3.1678562869783775
-69.26046902148519
-26.149929884373492
51.348862587835214
8.794713479052888
14.961090534669509
-35.08028926165399
-25.005572925512325
30.179702252259887
-83.56229898353044
76.0313633111598
-59.44192802909791
46.117197458586986
-14.661585358137899
-1.5484957366956422
4.410933003723002
64.79631628919009
2.43069781743759
10.460596054802465
15.639441344044485
-20.47212084271196
-73.04361995418611
-1.2865756439205427
-1.150816559158784
19.52293951863591
-31.581307535836388
36.69474066855528
-0.7002397434053762
-15.643700067953489
-14.50387391697322
-0.02191894003793493
40.01375962040089
-6.974711295172895
-10.178114516106604
33.38681027749837
44.96219278388463
-50.32572758348042
-44.92880420969944
-20.326243514257527
28.969055043457487
74.60947703983081
-36.340989338475886
-55.651482024488644
-38.932224041746025
-14.817030325234299
3.573490756321789
31.664976832774585
-14.675034444829905
77.44608406289615
9.289380845907885
37.83254107533
64.88973681004225
-54.431116183398245
30.531983399979197
-51.77661521938618
-26.9459988569414
82.80478741796708
38.4051557079508
-34.61513655649458
62.99052121086686
-63.38166396893067
-29.679081670830556
24.870153050552204
-16.42749404092953
-1.5374099103552794
87.18731222564196
-9.263798018276177
-64.4270299397559
23.922435994716025
-7.658339017321239
-63.62374793585901
68.06814613259056
-60.69490435609849
43.6390766342777
-1.1461483667141863
-19.3808236429945
8.500961444357714
-9.562694039277119
-71.92213728093574
31.18258619369888
24.41790571694291
-3.459151780327076
0.2969134678957204
0.6430055791493601
-27.305558601141257
-49.17531378068978
-4.507731958534507
-30.435164003946724
-28.495990694210008
4.0639685852960525
-51.88401369728736
-51.812328490470044
62.179112013638075
-54.2576761474736
10.375246693594605
9.948940275892738
-29.109676955873425
24.639677266570246
-17.046659152599915
-0.6840606750035221
-25.712181808694965
-58.19869400434426
57.222864033419
-48.77703857010546
-48.356503614813654
-19.292794396307627
-36.3603545157406
-46.12117781678271
-8.024213305812609
6.342056960069016
-40.44745464791126
-27.422408791747245
-69.67938723341096
32.516863837008145
-81.72756366051806
-2.4964314784325126
-4.820222601176042
68.9572512333558
-3.6182763237463718
33.69508797781336
17.794293310989133
-29.90415697438398
-28.39899378622225
-48.18206232407487
-48.99755316125815
21.359034180722333
-34.587202360964184
-59.0807225479838
65.76071301230084
58.46952500077799
6.457461840361802
-62.51296100853676
-39.70466818373295
-27.926244286879935
76.39562727682747
-6.286929511659892
-0.39564911496910327
19.526551475144743
45.92634185483607
-10.719001170900455
5.281865649557062
78.69560474238162
-6.204500211559022
-12.808447741299872
-17.20814130244898
-58.70687191995312
27.787886856717577
43.938226458233515
88.6989099279742
1.7410124421532913
25.380565464142165
-28.543726990184282
-34.23777649868729
-41.741979656713056
-14.160867844290124
-83.88049155440463
35.756083351424934
44.193284727561576
-44.4931158995324
62.471436701976415
-45.904506383367654
-15.117844384250262
0.5005485985377476
70.54590817025021
60.040425484176495
-49.17549714653644
-54.52110308893707
15.542435994025467
-47.83111569404926
19.671661137833695
30.23883310488995
76.08521374220572
-41.57982473608897
-11.41574546286951
1.8168701132820786
28.027992910441256
25.121655911843547
81.35431120517077
33.40475327447487
18.370887545149188
41.08021913576485
-29.1513638030536
77.32532717512674
4.636282601966613
13.9697223455738
27.069078069920096
64.22107387875067
31.07490958138777
-3.793093749998164
-38.037378637977376
-73.25393478427772
-36.444396970444835
5.963851754608513
-28.64850457131388
70.86775397914374
39.70294420003148
-20.52821274952882
-74.49801990106053
63.56032141368644
49.0961185821497
2.5088236244695565
35.712393377265784
-76.26773260257242
-30.941624540612267
34.30985742123153
-39.2776739391676
6.941950557476034
52.75215571721688
4.566832778886379
-64.56638499028946
14.678512215252695
72.72251376297694
67.73516494947464
22.360565013184086
61.82552038344977
18.752043604094766
9.895569853349997
-51.33431134966041
-0.6409183908932334
59.12342847025903
74.31575556364442
-12.990183154844019
-76.52886653453584
-48.80680074558999
80.22598480246262
50.58167083462055
-27.87937734946219
-41.12545775880126
-23.12810810023153
0.9409792533936354
57.78490503052413
-23.456819951778044
-58.691831813637435
-2.5714973283773475
-5.476773181497023
71.57860031018294
2.0950683307675035
20.524528052612965
-26.36152232594381
64.06160810664429
-9.646575034505034
-33.88684625025427
45.227803691807026
-80.67992934411035
4.194935704782026
-41.16713166315627
-10.643311663340441
61.936913624913416
27.737273865394783
-32.55754191125658
6.2001202294640905
-1.0180033117200509
-2.9687408670510393
-53.54873102659177
23.539248122364356
51.06738477854023
39.769998691565576
-62.94835158440297
-40.448622536753405
70.75563300150128
13.663780857691378
-25.224267933088598
44.09708862006232
5.570563076798152
52.51507911804285
75.83249784799037
-4.6530508997754225
-67.33581384550102
33.03229954263222
26.530656018460206
-3.51476355900526
81.25942365222241
-32.05527324925565
0.21204033298609204
-36.43344030807547
61.4398816661093
-34.056747281276984
43.06511575178294
82.06940478021593
-29.80502629949322
74.30702100812445
-35.516858326046105
24.541083254320327
22.310175202208455
-12.100024501957037
-72.11580894337644
-83.04749970087055
34.31923734246223
21.59578233148453
65.97180404304927
-37.638622248437706
-53.93747617104197
-70.28161517696327
76.53198076872633
61.959191423157506
-3.55320466350679
80.97053341003033
80.72315778881597
1.461350152023428
-7.9788713549239105
2.315091393459511
-28.4842312336054
5.310578531197166
62.33490117979491
52.17030268242803
-58.06465721398289
-79.20620226146285
-19.886410097199217
0.5911306176469964
-51.790732659258545
-7.4468865821142884
36.24772957953141
-52.04647193105764
3.3119126125142344
-57.853245132282005
-4.9557750321726814
35.094975172530184
-34.13384981875991
12.127057500875452
2.0240077678657684
42.17460323190127
-12.890266384726502
-19.838471260589884
-11.797850798589025
-0.4514761125618776
-34.03836261270354
-13.472299597470908
-29.29752673252115
3.503854158879946
-52.72069600967996
15.352601521321958
80.68640727254441
0.3708958738921808
0.7233720087978384
-14.712959639031595
36.504852584572774
9.986694873136116
-50.20623251651713
49.64966667492729
-56.549846030415445
10.12639854307794
-35.6963173880516
29.35640888688006
-69.61163467556104
9.800017609906902
-29.44946664131173
40.51589543463959
42.352464101858885
6.329601493284542
-26.32096697459221
81.6618227365093
37.8935056557454
37.626817719624256
-20.100706282285287
-19.392948007818404
64.22182513623241
-21.288848409455184
49.01930318877896
50.06415635031334
74.97528848349043
-17.31418126197096
-67.24414212382392
20.276196409434135
-60.72750218875684
-62.907308252892896
32.763913037164514
-18.52988345788235
-3.4479942972470923
-10.065969326125625
-34.828595711306846
40.36607708679321
-23.760453176594993
58.36215232233502
-43.21650442639447
36.846684246093304
-18.190907778278728
50.03506807787298
-16.436286859398308
13.25769617725149
3.4310463518823013
26.75527002558522
-23.087797033724456
80.01944521831138
23.087282387911287
32.55784641573749
59.425445865857085
-0.3341061706625936
7.252371847443982
40.502277917736905
-57.715078341898646
4.148148499550501
68.55464352472134
-79.45743541798919
-9.88558657109445
69.4364339885054
-68.99477785259202
-43.71939780044224
-11.315862656180315
-72.39201970776892
-38.18527882944289
37.23644033312661
-52.38596674427375
-23.277016992965855
-7.526334436947948
14.382712626852793
21.898430811770538
-62.81752257238291
-60.45541533593151
-75.70213657204717
20.043835694330326
-31.168066499266118
-61.98652527408882
17.7754630315184
2.8788562139649514
-19.105710105006636
-24.383627595108763
-9.225987902183618
-18.691704589626667
-51.717688178108276
-8.72039101027572
24.070411009461594
7.505535161001703
57.60360009906037
11.838616287348586
-6.771113894696086
-65.77966721511638
-83.41348453081929
-49.986984637558024
-41.32300936656952
-76.73659365878717
-18.088387987241248
49.270540878767235
36.47299120104083
11.193516748382521
-32.80993064139756
3.4645175413778446
-46.322087955340855
67.78170894304412
-51.800888365832286
-12.465448809980685
44.91560439232691
-46.538385503880555
-8.784775776731365
78.66365319042646
12.7020358710202
-0.31586964064079837
-4.177334089649804
-13.062822056542132
52.5333757244438
18.430950795634402
72.33897022810626
5.419166687617931
-26.364228362736014
-20.899539631652345
-52.01047816812273
-21.417323988390592
-3.0562486300735543
39.20253960493429
2.0129339664708397
-71.67931058115518
-23.31936324243611
-43.86490013375065
44.63702572355413
-11.417381800375281
-40.32597951882528
10.898973973955464
7.261924198115707
38.3974566196423
-52.274752757279664
-80.60191269201025
-2.982298574913017
-23.497379207589205
-47.17493735853191
-62.31464769541424
46.80724171997903
-61.526749122773644
-4.56966812526494
28.797230507393664
-24.80627317654607
3.0144293756268183
4.548436410398551
-5.844847147907643
-5.269964106801865
-46.77640705078931
-45.2779437854968
-25.557574699644988
-1.9565969524727649
-45.970080764489545
20.335715043005678
-48.378169883706654
35.75363515200803
84.96596363978202
-5.439637321862804
8.517760283692795
-2.0391807936341024
31.820265165974035
-16.271308275908282
-79.76998699918227
59.07071197962705
84.88138412239758
41.971693853757614
26.925007686549918
4.061900268591003
-15.149376552624588
72.38821497942524
-24.549653280328513
-82.38564408456828
-5.953032852941703
-14.323332356856397
-1.0024612596271254
-19.35892383868803
-13.825201379430894
1.079098022534808
72.50598725639043
-4.72240878789863
33.25438394156234
54.12781731317688
51.7288384944851
-71.39497202243439
-26.87766768832587
-6.8440377631686005
-43.50659860464803
33.262182091131166
1.301322938987326
-57.439786401998944
14.065829793784161
-15.776559199122275
82.94261236997073
-47.69063840289067
-10.49458291721966
-0.9349001552930787
10.583128724910594
-30.207153744516432
-64.31958909323953
-59.83533885640885
16.882749359922173
-22.362258095119756
18.443346054155455
-16.3366064119721
-11.822592377240568
25.68203092330549
37.209426035079304
-7.159111544419318
-9.296104083292079
74.12932391958765
-44.017749329486385
30.48981453231437
-19.33711823274224
-13.37839991986607
17.872420140254178
16.514631914320148
85.38637642234127
-41.759297076274926
-31.08158149646883
-15.918901445807421
7.917766390175686
-12.999080730940094
8.26878435040561
-39.40070598863681
-3.111708797630598
-57.821929553045756
30.001261761852234
10.759146680801933
-1.9287928475099108
26.12348879895444
49.208649255179296
74.60275027409307
-23.822751054449142
38.092514367125204
41.94889288283753
33.341565123353206
87.65246307325646
-23.04924087333363
28.767805682087285
26.522192213079236
73.67897460513873
45.8924597012913
-1.4080886216169404
32.29099806161025
-12.417754069945346
16.876036597565474
35.45476120769408
-32.744856600730216
-62.90064666133421
9.730914234415664
-45.314859362737785
29.726354627055514
18.985422258329336
20.696385063621122
-5.42225963483375
-38.24197821067215
-1.5365827897775262
15.303204313894597
50.35487883146678
-18.981001133655226
70.54231641024347
-57.371552880504595
-29.554449400686693
-44.50933203830017
-4.630441387184106
75.66254917579565
-47.53392837717413
15.062520963874206
-47.491225857960686
-20.11533975429772
-5.611197342468429
-66.4257131997559
-58.504141556410154
70.09138693606698
-4.5083956989846
-43.83259093593943
-53.56433512008037
-11.396983026466131
-1.979711593379264
-10.907390018578411
-72.36992928821766
-9.759282708918292
0.41459692835968553
45.122107244609026
-50.691150805434056
-17.263389277109454
-82.86117014082596
-9.24263030450065
-69.89084581680913
57.42667026826976
-44.018791632957424
76.77647690506211
-25.6119898667844
12.231257878567334
-64.38367204007002
-38.850420800093964
56.23798454270013
-30.869484487809842
22.402735980423003
-4.889993112332405
-55.168045604451166
10.437042413360828
76.37479929878032
68.31862248594325
-69.85767778384022
14.90978946669118
-55.75022238213634
38.16448112508212
39.667026974904104
-2.1191974746815276
-4.096611355441382
-44.016059935488364
11.359364427592212
-11.228620850923306
29.33341379057984
-35.22439694939121
-17.318763284667938
-43.07896333245355
-27.228657761159567
-0.17955488568121325
-13.76715412671659
6.29142010551665
-18.57898482290085
17.926087380409086
-38.33840307536286
3.9164239419479827
-80.13292021408907
-52.910009872995786
-14.029278055042653
68.99918971300204
-70.18236231891878
54.70980226443393
53.55194991785905
60.559745853742584
7.183583747445681
-71.00473369508808
51.02839705121261
-67.05600656915283
-7.432107637531047
-17.08994923217371
-18.913839484783182
53.45261034979424
-7.134808846604059
-37.25651144582142
-53.74011290008059
-8.012254058398824
-24.778437794443377
-8.222283374138854
31.436727261272324
-3.062791322744104
58.02368278612431
-13.71415759730769
-56.97753865800631
53.66585207796726
19.31138298893407
-17.333760486002703
-0.45066578386173717
52.63407234238932
14.435228883762804
60.83601414059288
-0.16344319382585581
18.40542777621556
-24.056439531436936
-27.122240853604353
-23.998470242524903
3.9125669667380265
-21.39844712862272
70.9305648998319
-12.454688101286735
35.13141805868784
-11.649344926536813
-66.56184677060878
60.92047363674723
-56.99031604963641
39.30088820035101
-50.10561924026356
3.4791346180585663
-17.605218181648425
-61.79164493383157
15.078372420377747
-11.743682602059508
-47.498671125007334
50.346545317574
10.330502947531883
57.02381950494339
24.975732054082826
-40.95314574053639
-54.34156647369546
-43.561851035025256
-59.86444120000939
39.969987433397165
24.993208653998266
-22.34984580218257
-28.779843952417664
49.855376468055454
-10.958119940301273
-69.53854527415388
7.057756486885992
-65.34952539444674
-23.53348533993156
15.731052998639925
-39.78581006017557
8.082867305289767
20.36402790691912
-45.99685495166835
-56.563873724632145
10.80455218047507
0.2773305041055636
-14.125567873694905
-2.560919596438353
-3.5439549753840254
28.811137594405608
-29.65796132452624
-21.365339730590648
8.463519482589717
29.085574408797598
26.97571830130225
5.346100711772209
-69.58165319535723
-0.4416187254940951
43.192023832294126
-31.391896513774356
-18.751718396667883
11.242781839114656
-42.02098029757441
84.79744393477986
-5.000466099868092
-19.57615964811602
-34.56804272704498
3.372035808047471
-23.752282135416948
-46.228131892976194
77.54549153152101
-28.68093046960054
-33.3132867562735
-9.54921825634392
71.92914765232891
-4.292315655078653
-38.83928937738201
54.004564457425744
-40.95870749730129
-12.75792526697883
-37.19389469835022
41.63966981985604
-1.5465491793803352
27.67840735987994
-0.6851774161022348
6.894350950247599
65.72039527939918
-32.594164716679174
70.2452721072845
48.1540778833328
10.928882203636363
-29.520196749155716
-16.99223267228352
30.299067743439622
-10.391809999126082
-53.17119975696845
-23.55317227884791
85.1568185069325
-21.81686681743099
33.00779977491962
-56.08539350431157
29.93052767703381
38.52617408104703
39.50816378223112
-14.68718398754622
59.15557311044543
-5.765252268477809
-7.891004112772848
-36.351859091145336
-7.249102262537022
-31.60787794248506
-17.82670435008211
-10.314499618778669
0.653819158613544
46.43488247500022
-63.87650355610357
16.451448233686534
36.26615299540441
71.76724502652712
12.160480927006958
-60.967841622840766
64.58040498479139
33.67048915039308
-13.45733184184023
20.604108777857988
3.065024875710705
2.5427866309342875
-46.05699147479259
-79.35826576884618
-69.90222972931171
-17.558161098146712
17.767146451537826
-15.499916700186432
-69.50498093906549
-0.9346114583745475
-44.039360068768126
-76.21415214517617
28.875081611943983
0.9410515651745612
-27.80126548537315
36.959133415372435
44.312982474529264
-59.402936998853065
27.684732186389226
-10.83254025245516
-32.36048785800743
-29.393375339489978
-41.52573056664477
-32.61397843107375
29.407448390086984
49.48479310080927
-69.93465567268979
-14.738569724082126
-1.28299730391646
-2.6305173197028893
-15.798521411110173
-48.01668140951742
-59.9348936298363
51.02120167096828
37.45633261382014
-0.26573113805665116
17.164083942860074
23.56329422373817
13.017428633321032
73.50362646636404
21.513113242191523
-15.56271472875899
37.16116729382429
78.67757068751465
-57.08008525564084
9.970385922327011
-60.441705869899295
15.97490173728039
51.58120679524234
-4.896147747752764
-43.69405404870192
-18.46982097800999
52.81047188531406
-5.989561069901342
-21.26238630825631
37.763018787134456
14.452381376788551
-66.93834575182824
-27.06842086232554
-6.857352585494141
28.547650741898522
29.48622664753617
-5.093392624116248
45.74257959096562
33.72948927386602
-28.94434537436848
-0.04461521089267251
-27.734643592335033
-14.352210576056123
-1.95895123890665
-30.624540592253396
-15.979693126195116
-6.93012539833957
-70.2473758751412
56.03699192607161
0.7672936092463658
26.027707060642456
18.01399985294657
-14.96291396865314
-1.125016034850276
17.787838554322988
11.64178964225124
-25.275719355164412
31.40721358652422
15.970756583000323
-68.86111414324716
-48.40603500287615
-11.583564687412164
33.01013134488659
-25.20958614080351
49.6987629374905
36.8353761905519
59.15928953087533
48.62097641567908
69.86147029965463
-70.76206828582139
26.466276195808177
14.688377026099431
-16.53699932926537
-48.679119424171276
67.69851910373231
-6.009027231761223
17.026257528619283
-51.51778108326176
-9.845626433410303
5.381230606628421
75.38913361291696
-61.13866216622429
-13.006401756955299
-21.882009863915812
-19.78050179794819
-58.85689522411456
16.147908650408965
-7.343804724919622
-51.05055121115255
-48.194118552166046
62.48914540278258
53.54555581241809
-23.029561455947658
74.47821731765913
-61.0837217128772
47.951668494702574
81.5799334326212
-44.77785065286662
74.21876908027753
42.05420753419139
4.235331847627663
-19.463744793527496
-18.31440992075875
-62.58486166298666
56.36613489121575
-13.078223564043654
-42.645810616322045
12.269309029275945
4.694735388092198
-4.01270442362231
-22.52018782299922
-36.857112787315444
-24.97629554877595
76.34342554216673
34.567265630271805
19.950014846421496
