28.17465366675718
-35.21175714102582
-56.42870737958179
-56.029562918519396
-40.67371733423896
-29.97936684115922
-43.66581213737317
17.821120644255615
-47.88440888269664
28.437893856048433
15.846391839675235
-29.326193723598152
-6.068498183967009
-15.094909120784962
43.45444142626428
26.736299911631235
26.920699035923448
-29.68282249459409
48.614020050722075
49.246239466575275
-30.762294343964527
74.60395690638279
51.03129168381642
-32.38036573799633
12.600660347781854
1.0458816021880892
-40.894901792218675
-29.250356474945747
58.43120841175232
-6.0224165542154395
86.98520167811517
-8.451720805490709
-13.65801027082955
79.03506232604994
-29.374799901499458
36.45101356871464
3.201166301322104
-69.32121847070366
-26.199051607223467
51.47583731104521
8.854732776877313
15.055834958355732
-35.04264445926744
-25.164635270534944
30.16913200059159
-83.50453943154773
75.96373403985694
-59.40427506616347
46.11014317784114
-14.681704127043972
-1.57851384269334
4.367950736156672
64.85099348405288
2.4625959614168806
10.3629186953724
15.543880592023541
-20.439878749685818
-73.05040316897234
-1.2602317879731118
-1.179479707175247
19.631436084410524
-31.57262989777496
36.838228056177115
-0.7405488085049967
-15.673694659922816
-14.544459086261654
-0.01745855502717575
39.960420539021044
-7.105507740091312
-10.24463027977356
33.490934113701655
44.920663739362
-50.24849548320525
-44.95567878241699
-20.407917896774634
28.882725038273392
74.58943719492407
-36.406209909455356
-55.571544011969586
-39.021923742087374
-14.8026159964419
3.541292690639011
31.744115723816947
-14.737045799497352
77.47025159410592
9.200380388387714
37.875581067306825
64.81825489458373
-54.35963588324247
30.42187845208923
-51.69764730709172
-27.091130736416062
82.79572968821157
38.50155018620296
-34.62421554212783
63.14391231320366
-63.28193131531493
-29.641189721726704
24.868713627569747
-16.403735677209866
-1.5096652775078212
87.15129746422863
-9.256898697958746
-64.34828684546503
23.94654213140737
-7.688526821017561
-63.705801148752144
68.08806346771735
-60.73884657855072
43.63830418419053
-1.1702937455796416
-19.389766070719176
8.562467765459573
-9.545830745662514
-71.88133904021385
31.373672219471217
24.445707518985245
-3.4862992758271787
0.2679489793988665
0.645847994302926
-27.47530475648564
-49.132068798405605
-4.499511953327897
-30.39568121311038
-28.464904188198915
4.0590679727476555
-52.01708056039273
-51.78153730315015
62.10538024354719
-54.17942379816823
10.442878109516343
10.008933724382388
-29.078293545286968
24.613771966118648
-17.02347122635311
-0.6558439034378267
-25.733512541888743
-58.19128685985173
57.3840169733395
-48.70766970201598
-48.30247966087908
-19.40389344855437
-36.44109718448595
-46.150781916843854
-8.102261920396543
6.393276590820051
-40.5587150814713
-27.41909972990028
-69.63557966119527
32.69135525122894
-81.71795576762284
-2.577187571995424
-4.811326890521599
69.09007346419273
-3.622236363460601
33.870087960804085
17.855743797402752
-29.886149012058297
-28.358289825401357
-48.10938666231851
-48.926074464045165
21.284451701529647
-34.756393733402284
-58.98843197728175
65.88368700680607
58.454331566142685
6.469092756454245
-62.41495672863815
-39.78266607983988
-28.078502621376202
76.35410596664653
-6.35441400871882
-0.3619900136628189
19.62382833569633
46.137378102055465
-10.749725019236124
5.276312630699934
78.6940707318895
-6.253376324514576
-12.832653842417173
-17.276638986399377
-58.701036911740346
27.955310991806712
43.861984938267824
88.69801118259505
1.7075727173380386
25.493964161687146
-28.58421950882665
-34.225251203299344
-41.67936328897509
-14.202803939742992
-83.85228979874648
35.73978683583047
44.295254479366236
-44.6690404249518
62.48990197294509
-45.83462852361295
-15.15760720223976
0.5347073367288857
70.49262390375802
60.15421868572676
-49.0998390139884
-54.47935125768031
15.535767976706836
-47.79777269745845
19.651951760158056
30.35187310414534
76.0488431491159
-41.716890795487345
-11.426719689453648
1.7470750623845532
28.095138611745398
25.078977927797396
81.35821213294275
33.527702688607604
18.44197857903586
41.1921295873079
-29.357615637043423
77.31111858033182
4.533982597296244
13.900421204400075
27.238930810192315
64.14820183476542
31.002038313590674
-3.7641408154049145
-38.15039896017054
-73.20103700915502
-36.41622870137853
5.979414831626173
-28.62035496889142
70.80002179684476
39.60010914122168
-20.625881221151516
-74.46658025875041
63.564712981565066
49.03568437591835
2.4702641266484733
35.639664658397436
-76.16634684037824
-31.03265113343099
34.52092359927502
-39.236409371124545
6.994928873540047
52.74124472283614
4.527132850934137
-64.55785016159139
14.767600458144045
72.80661447608597
67.7274145803894
22.381896403765694
61.787149101130154
18.878001882986
9.930663102417142
-51.45334920686795
-0.6382840929392017
59.24028230527375
74.28782911764279
-12.986475555696217
-76.5592708882206
-48.95132507221963
80.23393751399172
50.71005389668298
-27.87006808831518
-41.08996525311412
-23.268760633199932
0.8764771651416368
57.716124345631584
-23.609123116968448
-58.618447443501395
-2.6334719970309237
-5.451354789374946
71.6956244765048
1.9984582985479449
20.55071621905647
-26.32554837004534
64.20804106893624
-9.79573441134383
-33.8548560559521
45.213246712756444
-80.63086355488194
4.194857933718751
-41.32676948985539
-10.738855543828137
61.925514923545535
27.882561740339582
-32.519032744988465
6.232096007108467
-1.0409735882469136
-3.0306434183220716
-53.63550450206339
23.5061501225712
51.21881732814214
39.927905279211274
-63.03729000601247
-40.587766138176015
70.68411513920748
13.597743073651387
-25.312142819317728
44.07943064984278
5.6104702552244134
52.51518274782566
75.76346296343687
-4.627910607839397
-67.3884803181354
33.127651875671404
26.52554979468009
-3.5017843695548265
81.29111217421365
-32.02782173002045
0.2397330913873077
-36.5301837034333
61.56274857130498
-34.041916719274326
43.149622994379996
82.0781686991975
-29.761405866112398
74.2801495424888
-35.46554013860173
24.695764466357375
22.236418124453934
-12.093015764025552
-72.1164650624069
-83.01754754254884
34.30735106286889
21.741627236246146
66.04125890042712
-37.594282573591855
-53.94889444768823
-70.32913003686771
76.48329127260936
61.89996494786189
-3.5956791251835085
80.97473196280745
80.74565595880247
1.3850578917167837
-8.041443776458067
2.2408303409617645
-28.457081495894386
5.212111513304961
62.274341239914946
52.19949644205036
-57.98052716628199
-79.18248139553336
-19.88631001384256
0.5448707334542604
-51.739212347924536
-7.513588723290653
36.397311140701106
-51.966430457063396
3.283936151097137
-57.76380176337105
-4.947763130273316
35.20068578509091
-34.104424957722706
12.206776241650573
1.9761224640758428
42.403077027231205
-13.008235539598004
-20.015207671717633
-11.856572478544038
-0.47886752469229066
-34.025282368284955
-13.633781803388658
-29.378922346607098
3.5160082086878504
-52.82106380384659
15.262399548369203
80.68602788522259
0.3271527763324258
0.7128738946556439
-14.71423860254096
36.41456109383236
9.890057749908777
-50.133671590386015
49.58886546184101
-56.50988736939235
10.185891119731366
-35.7162775066619
29.540904835781035
-69.58869400092813
9.834080514232312
-29.489399200553237
40.506269354472636
42.45183487950541
6.377220559114988
-26.383338887782102
81.70740808363004
37.78347402825253
37.710515155449826
-20.08344778005508
-19.367944361658573
64.17102035674071
-21.43720634938242
49.122813220622305
50.238454510872685
74.91990916193973
-17.3947875613905
-67.13863936784767
20.404598995592636
-60.82165425597495
-62.90634824980648
32.937933613769644
-18.499522357808274
-3.4971720339056844
-10.075916563094921
-34.77898232459004
40.27945532626248
-23.75288642226539
58.300235015849324
-43.178161442386575
36.94112864962412
-18.16855764349522
50.15247899663291
-16.450918049926372
13.266634219731216
3.468447935453
26.924454036595293
-23.10780017080421
80.08362027116522
23.15377737272415
32.61372621301351
59.4500307766277
-0.3788358381850827
7.29325496484438
40.516347448465694
-57.67340391087679
4.132694618548314
68.68758027879792
-79.43363712143685
-9.914262984893199
69.39383270117168
-69.04667295433183
-43.86258505413498
-11.471509648959909
-72.28587389084049
-38.31392990593828
37.176799529898716
-52.36260918575257
-23.25591505611743
-7.546725187637932
14.319842444809268
21.9671616788535
-62.72483384184729
-60.37704821831508
-75.64043938641146
20.18562460987873
-31.131354690179947
-61.95252653675986
17.823048257972772
2.8142429206868655
-19.210479342015148
-24.35030411543555
-9.282592547183498
-18.792295891502974
-51.66788000411695
-8.694718030931227
23.96349196167938
7.538638314219156
57.80058625979413
11.755112458372125
-6.783958828797481
-65.70695885713823
-83.33486673557607
-50.0251419494994
-41.27229626220648
-76.64993662398412
-18.058512964575755
49.21995600751089
36.42603889688195
11.222711475138908
-32.841477540651766
3.447783212704934
-46.254007938031776
67.89028575608268
-51.720763351829724
-12.439949382990875
45.07429631510246
-46.65387464147551
-8.79481897110557
78.6943546624027
12.788128881625283
-0.36730509541155243
-4.213412091946282
-13.039684866243135
52.52509272858333
18.43163452058485
72.40479945982125
5.423875244739875
-26.545320668287815
-21.037173134622023
-52.06130214783242
-21.482111471080046
-3.031730637441484
39.121688772077874
1.9536850638658194
-71.69165233049627
-23.514436673533766
-43.81757422073384
44.811368076389584
-11.470728945374148
-40.42139267764143
10.943170958618424
7.182632138442159
38.360587746371664
-52.42142680602023
-80.58397054717376
-2.9648360635871853
-23.517471456215517
-47.171898675130954
-62.365390189732906
47.00389785790105
-61.429888108544674
-4.64517012852572
28.980452336037217
-24.779518550041345
3.0554871255205143
4.592862466421181
-5.829353446581834
-5.242195211006489
-46.72157767458504
-45.21302368350866
-25.610878363551407
-1.9939551446295667
-46.15141049720338
20.310446184649606
-48.31359003465965
35.94745484062463
84.97667406692239
-5.539944833893344
8.575725574441549
-2.0536573481612237
31.822850361969785
-16.40338009925331
-79.77809798416112
58.99047712506919
84.84203987265835
41.86486697942436
27.066083681836602
4.10283141659859
-15.208763003899122
72.33203957978836
-24.697478259534336
-82.32547925609322
-5.953408471700897
-14.440830586808474
-1.0967071353731797
-19.373610128499777
-13.847266029657135
1.10400169868079
72.56116589037339
-4.802153228620043
33.41936632014972
54.22585674513206
51.65797141699639
-71.36008750885081
-26.93656833713362
-6.8829442860558885
-43.44238257108556
33.457133036431685
1.3354083407670743
-57.43955247362217
14.150961746502801
-15.820221226771253
82.95486740128746
-47.82648076037627
-10.55262215845535
-0.9432757133354244
10.583446860375687
-30.391337378561744
-64.248506844012
-59.82019121494707
16.90558942208102
-22.550960552506467
18.33134629170962
-16.30966905677903
-11.797354043791572
25.61010585817361
37.29017329970017
-7.261339932418366
-9.36979893987828
74.13734961390787
-43.96602543493849
30.377364236268022
-19.330556589104063
-13.394743157005067
17.853968207446997
16.500566457256454
85.3692703960796
-41.71272070410788
-31.039128588566157
-16.051555637084007
7.9485596956849065
-12.97400208023106
8.303690388815298
-39.55302187432
-3.1591268134130104
-57.87293469991067
30.00154111179286
10.703525922580909
-1.997567136405607
26.127479680158274
49.14851772148384
74.69970905196016
-23.848165171686304
38.26163420027402
42.08760532417514
33.341619950418504
87.64063027900295
-23.062050577512807
28.748943307615534
26.433713078547115
73.61977135898823
45.93150292029438
-1.3925540353924788
32.19286914635936
-12.421256604067523
16.99346788260506
35.61470193064608
-32.70337272679765
-62.8708695036956
9.790314297235028
-45.24755518430996
29.92675997921569
19.060877466727163
20.746139950831093
-5.548036739791144
-38.33605353331997
-1.5865353974427876
15.382692568755758
50.401644574412245
-18.950436512843325
70.5077759242615
-57.306470158858225
-29.513386767353538
-44.510566267105084
-4.655862227850605
75.73550252711041
-47.65796018547468
14.98419183772802
-47.53468731445156
-20.287636910922515
-5.736890563326085
-66.32551422582085
-58.429136677389174
70.2121947738224
-4.593410178648057
-44.0117009988659
-53.51994171009869
-11.40653307189045
-1.9484408107213795
-10.947397150348934
-72.41333144681519
-9.876519871318393
0.38214910770639676
45.12193995109067
-50.63254331220737
-17.245334518014303
-82.77373556822272
-9.231720478926675
-69.78268914915063
57.60973442471524
-44.06414292909358
76.84977035825958
-25.596040638864196
12.314402749963648
-64.43572522134116
-38.94228196664161
56.28788567605207
-30.854354036688676
22.500629557438558
-4.9620242820944185
-55.08481688851307
10.505248428752822
76.3846102885527
68.36366760559386
-69.88298464078454
14.813866645502785
-55.67261103021179
38.29205323701021
39.75312470799551
-2.1724991828113502
-4.1686504658842125
-43.951261490512316
11.388287325861413
-11.216947096352143
29.46477662259474
-35.21493671479242
-17.30621499191801
-43.0252248254822
-27.192108547177497
-0.14881426034455103
-13.855965859520737
6.267902530023235
-18.7671840389729
17.96018889585126
-38.50838007727678
3.9503402866877195
-80.10599355735559
-52.85635676393988
-14.181240520458346
68.97196910253939
-70.08460853906846
54.73664314941428
53.5138509618954
60.591428204224314
7.238941750071291
-70.9623367983989
51.06688996761537
-66.95019264058845
-7.49023389107073
-17.069840062268568
-19.06585813540218
53.51359726207758
-7.17286635719708
-37.204448792815995
-53.70977384192671
-7.985623620234989
-24.90148207584744
-8.2193511158206
31.36057472615107
-3.1507499256040603
58.21355926012609
-13.87223920340486
-56.898583870028276
53.79299964972253
19.44903292287627
-17.310619911402824
-0.4545855137105548
52.799642339892756
14.360249639210878
60.817491534085406
-0.21307604165617988
18.535388541002334
-24.07044447849539
-27.09967542409335
-24.181635708125015
3.946483768405656
-21.592941497323707
70.88518093700463
-12.430908519622037
35.35014533442063
-11.713535274993504
-66.57954692867452
60.84278498634714
-56.90143396259303
39.46552776718201
-50.246779691632725
3.497657964677998
-17.675763033972856
-61.694167525148636
15.105309244286545
-11.867237926425446
-47.43357523405451
50.26467521942837
10.295900982179333
56.97546333418288
25.0064111169347
-40.909216375886984
-54.32611300714504
-43.68600478033205
-59.83335974315968
40.18848886704939
25.102242804506943
-22.51056611988713
-28.845898591070537
50.027737378979936
-10.94721688070291
-69.58079386550597
7.08714494928077
-65.25489485306957
-23.67186075541261
15.81539452007091
-39.89645715198183
8.142349159412703
20.34818794633813
-45.95228074570917
-56.581986805840735
10.758586453850612
0.2795503043398355
-14.13657472301577
-2.543214411503527
-3.627714536360557
28.759492299130955
-29.632008923883305
-21.400010064444544
8.478776590081736
29.265253493425135
26.990116638780165
5.248759317329402
-69.479911584111
-0.4710890534349801
43.164993141698545
-31.386363853984236
-18.855040963210726
11.295191095926995
-42.14591456189315
84.79317358346864
-5.026884522720948
-19.691129926275053
-34.76682162911954
3.4016219164774526
-23.938368529426782
-46.17228239517142
77.62822929894543
-28.7935436178756
-33.373108558615016
-9.580035969141719
71.92315810540711
-4.405419130183773
-38.842823478846476
54.11628243472114
-41.01305563688712
-12.747358342342366
-37.25443412407099
41.65305395235339
-1.514803221537349
27.60363916722666
-0.7746500596108348
6.946743309878045
65.63721483134634
-32.604718058202806
70.2880006159148
48.07048222376878
11.002044210725117
-29.67107663329911
-16.999234282808686
30.237163550179105
-10.448748261024093
-53.1015521567166
-23.59805726604418
85.10701344283638
-21.98850847635235
33.02606655030746
-56.016626210135726
30.004366098823326
38.75023964189694
39.554444087025416
-14.678472203449232
59.19443274351846
-5.784629905805517
-8.031313352154555
-36.39954832056424
-7.246132321065147
-31.789523099352635
-17.94997986456694
-10.334225562344486
0.6432803819097472
46.414227471420276
-63.84336041312878
16.451037860689098
36.27844652725065
71.71526080311699
12.228441863890822
-60.890717197621306
64.65253408894696
33.87194687924696
-13.510129688541312
20.649951904861908
3.0723649774706985
2.5559254644367115
-46.00108622831901
-79.26550590352751
-69.79711850137676
-17.6015136563866
17.89188805238409
-15.47286145615847
-69.47259586712212
-0.9858887520133806
-43.97290733671414
-76.10125649140753
29.005716793918225
0.8819723711887804
-27.77237607474477
37.03642812874955
44.48519298832099
-59.39138155317791
27.761557767819
-10.847327837249836
-32.52470214589269
-29.374885191207426
-41.591277479050184
-32.759896077751335
29.3000063662125
49.39838711571099
-69.83619425757428
-14.815119387872727
-1.3294652301811993
-2.726842561784011
-15.945132188705486
-48.188035702280416
-59.94870430425395
51.15606785333833
37.373325573166284
-0.3497518983019887
17.282383497309652
23.724125738934674
13.00573046332525
73.56090482910383
21.643185127188133
-15.617769469595672
37.31404252711792
78.61075408431387
-57.18762143539023
9.875359690114237
-60.35301051944
16.08716770208015
51.59254347612068
-4.870048952203149
-43.80767677748983
-18.52937701888284
52.797775364616484
-5.979012276983227
-21.252112133913528
37.79431395205361
14.483465367716818
-66.91277471124722
-27.260334998103716
-6.988960136785735
28.69429302387657
29.6558903531038
-5.09285938352501
45.67276249494424
33.64634014548878
-28.90217968957245
-0.09393976455720576
-27.708394799144358
-14.325030787646284
-2.0430609083360878
-30.73787347748234
-15.988705816753736
-6.952413679207666
-70.15951649010869
55.97204989645954
0.7880805017881727
26.16244177617338
18.07208522382767
-14.981881060261259
-1.0991627158972364
17.787556499509122
11.721041836035738
-25.294230960269132
31.315177179164323
15.90946410579565
-68.82831433891837
-48.56513294041068
-11.566755842492327
32.90692977818219
-25.307807408392094
49.68608335800053
36.95899643329267
59.11367434966161
48.59614971165621
69.8586703953327
-70.82731679208706
26.396664266151348
14.789297371465054
-16.588626406845336
-48.80017257229928
67.79961013454852
-6.019871662685588
16.954677269419477
-51.45488561993235
-9.876327973556172
5.379685949948296
75.34288572260107
-61.1762814396662
-13.01182353999009
-21.905115926148184
-19.862032315687273
-58.77948126618476
16.26146043246858
-7.323891288476631
-51.17645695928557
-48.282835698460296
62.55199232011185
53.453299098367836
-23.16310259388966
74.4080519226469
-61.09635046290009
48.05417800119383
81.56223115402335
-44.73377269670697
74.15017108709989
42.01068656530262
4.15258072334413
-19.442850494313788
-18.327144940534026
-62.565339097169776
56.313276054154784
-13.133758077478902
-42.60175458087283
12.308361727427211
4.740646710868077
-4.0207528375163974
-22.620515459868002
-36.84147665490785
-24.949846287875374
76.3189443055895
34.682880378406225
19.984113637129454
