24.832706518053868
-31.37483909586878
-69.68088418801423
-70.51145458380162
-49.052195565231635
-25.440774857825446
-41.14763486908616
15.758696179624764
-53.107945890010676
25.35509114840083
14.371774032911645
-23.563465941988397
-4.285461066413319
-11.610868432333618
58.63921341269767
23.442701942655503
23.967450786702784
-28.314159712084262
46.57750810582925
49.93471522631879
-29.783628754570316
73.25903119764897
51.222693899461206
-29.35760767791703
11.475483574420181
1.2365333546442372
-39.49128361882823
-24.056685468652958
54.347992830887364
-4.240803494364471
90.40062051156562
-6.54810446989957
-10.509056008030939
80.36565471406055
-25.735284325171378
33.41719781821706
3.088485790716902
-68.95191591944331
-22.109140773248
47.30905790116029
8.275396889189366
13.493742868418721
-33.75783359490721
-20.031001868613885
28.860809851141298
-93.487693555194
84.20198746124044
-60.075613466340435
44.72016820496441
-17.576540683545133
-0.7400171078328412
4.5346485363104705
62.24940178752166
2.8575942598146753
19.264979035117577
24.17798805359965
-19.930831193777777
-75.52059447890356
-1.1236502735237934
-1.8144179236810913
17.49583172074243
-40.20703029549089
32.989862109948575
-1.0746668025163473
-12.626771575269984
-17.886328602188712
0.726456678744384
41.789695698272624
-5.607180863456676
-7.69905639350344
30.10364689150039
45.75810160212674
-56.69683899001928
-41.39594964139769
-16.38063200014777
36.059156278518174
75.99117230424642
-31.74827615314956
-68.2589069843199
-33.949992599643785
-15.795586330625838
3.2685317049435696
28.675861959341873
-11.52034303140563
76.63246276403436
15.71942680700404
34.99062257910609
72.76700108986316
-69.17109367963107
45.56024032520489
-56.2185608069464
-21.8571550467763
83.9744031431106
34.89786068293034
-31.214008025915376
58.92212559598707
-75.43931948761443
-32.18489200556097
23.423716340709788
-14.767563975931225
-0.620904509667298
90.76014842850498
-7.317584012597479
-69.08649307960187
22.031443700618524
-5.613621518820864
-61.37642097801392
66.78820329178424
-58.723903855097646
41.91922155413417
-0.3827106745877984
-16.41218119634405
7.991763969073006
-7.8427164745540665
-75.9861870778326
27.7073092493943
22.445194329784684
-4.351273435712827
0.5971738169649115
1.2305535476312741
-22.006964322572642
-48.70691448430869
-4.927180333339479
-29.520054607215414
-26.841620377104206
3.509682359282479
-46.85064411651401
-50.93107247580806
70.30634650991067
-57.885935820269395
9.260293574992815
9.25809596868308
-32.52385106107663
24.05127393855122
-15.314507627952025
-0.49421198909999475
-34.513968281881596
-57.29975978045948
52.977065183255576
-51.00893390148926
-62.011824374336655
-15.294020717635007
-31.51825355293107
-42.600446683229215
-5.99996923006357
6.16930329450615
-35.159326462446536
-24.45756055144517
-73.17297206077183
28.99375207358031
-88.38266406994148
-2.016635085471421
-3.3237900143485035
65.2819590167814
-2.235194097697047
30.08164075871177
16.131286206537823
-27.45517129027337
-28.05835906303662
-51.56066873665253
-56.96491098279878
25.416127377981155
-28.72997321040573
-66.64197007396214
62.088820041481824
58.162507919970636
5.3303802639296265
-74.54258248478311
-34.9170199432317
-22.691483298354314
79.94689330232652
-4.604867946352456
0.19118570152754444
17.551371421589295
41.568928913620425
-12.846700723493228
4.670170564039893
79.17735177486702
-4.449529577278483
-15.340490107637152
-13.702724087769695
-57.84382443684076
24.673705518927775
50.055909067471816
89.52748849433667
1.4859950471755639
22.718560409103944
-24.535166878371868
-31.54229056549211
-44.35246204162841
-11.190139268378033
-92.39881521857292
34.62184189376643
40.44495132671517
-38.424102075878835
60.85594248272483
-49.7145500810656
-18.73854244923767
1.1141860069683673
75.16729037922013
56.27883819235831
-54.25330520193204
-54.566795971338976
14.606254896950588
-46.674650279168596
18.941278170720523
27.140141068480375
79.03573609636885
-35.95202108102061
-13.193399159942615
4.016222390135582
25.394128537254687
25.51267607662352
81.68972056121663
30.014734128602143
16.615641236978846
37.340716047724186
-23.41628189952546
78.50105029558597
14.459748770995802
16.89235062294857
24.001303627538306
72.40752014823553
35.30767598862025
-2.9208736121738355
-32.722009868214954
-78.44582239939113
-45.110697545035706
5.139732752892542
-32.35518274295957
78.50779453168414
53.86010190176103
-16.449576554755822
-79.02446206981116
62.598927316491654
52.55066231312733
1.8586685441920139
40.235897298046524
-87.00043144879083
-26.101679239929098
30.552634842038458
-38.21666731130872
6.677297225902322
51.83001320140988
4.555795145258159
-65.06657569388612
13.29527397667087
69.95693085720546
67.7287244155768
20.605989114822464
63.63243696405357
16.624796202478365
9.090893559358449
-46.47430111196396
0.22362175581825738
55.300088795508515
76.30897297072178
-10.70156862259931
-79.53474283369437
-43.351199586434035
80.29302611923441
46.53075986090079
-33.8730590533386
-39.70238327801663
-18.485302149967197
2.380943680007988
63.92603071650001
-18.709633628979745
-61.82137177620399
-1.826966758874974
-4.307051029184734
68.20381034034236
10.08567836699406
18.83477767137076
-27.669489498084943
60.08460920796992
-7.61821200223352
-39.89990184154706
44.16476452040459
-88.69359722574276
3.692352030930067
-35.253951757799754
-8.115660215179545
61.66889612383676
24.720309971294057
-36.509144540152064
5.6712835977801035
-0.27561695288139276
-2.1058097925140373
-49.49819930154867
23.327312029142448
46.85259517067263
35.83176547397292
-60.40756973332625
-34.78671126320586
79.46223485032104
16.132070731308787
-20.77361802001363
43.16179250967048
5.398507220428158
51.05283168563227
84.37609734095025
-4.3004822547781885
-66.69101158579808
29.830682965307375
25.12627770433312
-3.7670844381602393
80.33878102893792
-30.06929244290383
0.9653629956448952
-31.356843113149495
57.61941086782974
-31.452679059498905
39.51902711211304
82.18673929997345
-30.275015687963815
76.20865569067979
-36.1579094789025
21.761000637607978
26.26244252924235
-13.156047796665064
-74.48790950455877
-91.2267647282152
32.99732022734156
19.08864782859979
63.16046397868175
-43.67211143517945
-51.73399039394571
-70.62020989523539
81.0284479392057
66.6299405639677
-2.3525607339117727
81.27048013746267
80.1477081991267
4.644300965442838
-5.908978077793108
5.2382158382524295
-32.26472213023719
14.033969573276153
67.30029429055418
49.68357237947566
-72.01367922885488
-85.29944521044989
-23.23669447980174
0.5249716540195379
-52.13275475356652
-5.501353418414524
32.545212004396774
-56.95679362983432
2.5600217591697856
-64.37867276930652
-3.436077157546407
31.69244886013192
-40.797760727506954
10.634831062258868
1.3783988377271328
37.93138020434509
-9.942580740345065
-15.544208302275294
-13.493594109651937
0.08928084881689813
-31.363591372875987
-10.490374460167288
-24.656559006712
3.4567317952875527
-48.32234209278193
22.44207583636127
81.22138236270038
0.42346017145919745
1.1449646067634944
-16.70591472670776
45.59849686844461
18.46649469169526
-59.15441410877313
53.21922929040562
-56.79878501343328
9.408220968400883
-32.0175924557594
26.043759480694277
-72.09067364043712
9.00090899959028
-25.419947571048453
39.114341736629626
38.67449760600627
6.092789808993658
-22.086519206184164
80.26094104436152
54.4816024483913
34.26777878393003
-17.899535444307205
-17.68410416574352
67.7823922269506
-16.852091014584076
45.197750042355636
45.73655758428703
80.38884047151998
-13.724360437279458
-78.40147687038794
18.034980235223387
-57.63410837168007
-62.73926243637889
29.223380721057353
-18.069224238199013
-3.81138994033914
-7.816242594892074
-37.382784394543435
48.88619199102999
-21.04084918807831
63.10380930978701
-42.050603932950175
33.429426352775096
-16.3486069121155
46.07798331294751
-19.63927836997759
12.22748313443229
3.7048998315001
23.71553869027207
-29.752306278831284
78.00974421547298
20.871838359061798
29.744811129777815
57.40962953711448
-0.061207577128016055
6.562418834540566
38.26359765617977
-58.25053982584111
3.589940159361902
64.8642655261892
-85.66515818769449
-7.523174459667018
72.46678719865312
-68.83414592930632
-38.049658169121294
-8.85984154715274
-83.10726984450838
-32.666220601955246
39.674743820770544
-51.23224135050517
-21.149821804898778
-5.522048282633179
16.487359260843547
19.783863758294885
-69.47176755294134
-64.41042283337978
-82.35282923441451
17.617912234334995
-34.69166961652143
-62.95877916503257
16.163392465570524
4.529407764008624
-15.16186692076468
-23.219531167144325
-10.337600470803068
-14.822499707191241
-51.92953220504405
-7.544337038103379
36.953782512448925
6.50961507709016
53.16810975009119
17.165343671250596
-7.9066314805971984
-70.14171821016483
-94.72761476872918
-46.586641308403415
-48.696602040130784
-85.80188015785791
-17.669478754439993
51.33223889960334
37.408820483964234
10.248896192733824
-28.87158542654484
2.8909459439883705
-48.68604576873045
64.379703630086
-58.306489712923685
-12.05369050410252
40.766350442945026
-41.38100658356496
-6.674747114219144
77.663688852441
11.436909937974974
-0.1372893840378424
-5.0674107454739925
-11.506713048015598
51.463919884003076
17.225500304521873
69.9519760932711
4.552840631145827
-21.099352486879283
-16.5629349180912
-48.529181135387034
-17.513029537268494
-1.9562572396831541
45.924327956934604
3.0317795240707284
-73.50506913543822
-18.39800677541696
-54.5645632676602
40.43056716476926
-8.750731359349516
-35.26987171452109
10.018836343472486
11.466089194493264
38.527545792919256
-47.06884062620666
-87.07385812078239
-3.0840395687499296
-30.439947002907005
-44.687558774886774
-60.506226998755075
42.461050375528856
-72.27745480842746
-3.3886812416581193
25.532208679356955
-22.974344244140525
3.2886526189880527
4.655593535868647
-6.006951973060907
-4.328265355909252
-58.27539218874405
-51.811252525791076
-21.489716107153498
-1.1148883285305118
-39.87728681944196
19.798967627897213
-58.343986331151164
31.94240569421146
85.0906333414338
-4.247366282387986
8.03298677139368
-0.9865514025947562
30.03767965130905
-12.680798065625012
-84.86023435908231
68.80405105957783
88.73705150085371
58.307435438172064
23.999682239055176
4.240725527503258
-11.948292966425697
77.68889396155106
-19.695697629247164
-91.87249908652112
-6.702166395109174
-11.09664917656923
-1.298682984615695
-16.278409591990325
-11.068577527927914
0.9921240635637503
70.3950563555307
-3.5386534074872884
29.70577944376336
50.40762774098053
57.542802589424724
-74.98824318060885
-22.658449760420737
-8.119778308709684
-45.5531981890374
29.621713344921247
1.8685794073748525
-56.15446989220912
12.778331627344912
-12.614248133066056
82.9238000980558
-42.291611796903425
-7.963974848456715
-0.08180757640636216
9.765995710581365
-24.523991547895477
-68.20335752704389
-59.538107307109904
15.492040691574857
-17.613075037326496
32.41675910086934
-16.231592457128684
-10.51608959362126
29.462974406103214
33.89759639030666
-5.490427261508586
-6.991588173225978
73.80110955394034
-43.9200437531891
46.39034243232712
-16.763394155357204
-10.730633550810722
17.14975726530848
15.708288658945563
87.22474797042292
-50.621367786656904
-30.555316737657478
-12.391377360077712
6.679152995166277
-12.706919761554715
6.994270849093226
-33.58155996559964
-2.063209746244411
-55.152108579219785
28.333779298770423
12.004284469088219
-1.4742920626131735
24.492678118557208
52.62446552112277
71.66831105573272
-20.290345230945064
34.20489303551457
38.003464063356375
31.602501370005683
89.173567263027
-19.805466802026075
27.800344080824374
33.96319077412386
79.67563794089804
43.039974215081884
-1.6177217216018533
43.324398484872376
-10.035183656030512
14.879335832009005
31.765451769573417
-36.179255472359685
-63.87880842292837
8.591815294791203
-50.7784207620879
26.317288868923143
17.148002559687143
18.799748595845216
-4.5167634100459395
-33.191930958357034
-0.9577716329195596
13.890734077993955
47.39395818072035
-18.6523271965374
72.80708531724935
-59.483981142635315
-29.017089284984635
-41.68031302465988
-3.1053792534019777
73.26894515535523
-42.30226577113985
19.5210580893214
-43.74265140232795
-15.783272765067679
-4.639586211243881
-75.1277143747618
-61.80220128125102
66.60915921602958
-3.4395511253018753
-37.71131436763852
-53.637628181905974
-13.117475180304965
-1.287702022213523
-13.10714037532226
-73.48922618764817
-7.510877739681405
0.627705988036567
43.40816174982692
-51.52128171172779
-15.221191745135144
-94.67340293379823
-9.780121009614717
-81.40080086110885
53.055600898103194
-39.99916124062877
74.42091915890052
-29.59809506612544
10.99959262960715
-63.00783399081521
-33.83484767576666
53.382723917529034
-28.284392148090404
20.109546912247197
-3.5901131510456565
-65.38847772856833
9.317068273693778
76.1178350403141
66.23226889393354
-70.69581337069953
23.500870986407847
-59.22475944176826
34.45459190781327
36.20266249335626
-1.407140231462975
-3.0155083865525683
-46.068134873377815
10.39956440565615
-11.906643962400338
26.229264313997263
-47.1725725883342
-18.93647876573378
-43.19449166477108
-26.22857494129424
0.07245131883625788
-10.660633013810923
5.863018018336561
-14.503739281890844
16.371109288005
-32.336615307507884
4.067728222124245
-86.78394814323848
-53.52783313424237
-10.894948679432545
70.45529385888668
-78.68446301855299
52.38704782043553
54.60292902708878
58.386671743564534
6.887894550671035
-74.84579184195402
48.26884867441069
-78.92183266166167
-5.459056605917951
-17.98066373346991
-14.832483699435826
50.280077280128125
-8.478269846007919
-37.594381483529844
-53.08305053842861
-7.232545700397722
-20.06607751247168
-6.305896395241646
36.341782569767304
-2.488398991510252
53.624720193831934
-10.665510463974371
-71.90399557713906
49.636857642608334
16.938633344858374
-17.947515970654436
0.3286168644666674
48.3327207435201
18.264848839505603
60.9237375350975
-0.02132356694454529
16.169883531821355
-30.69027528924012
-24.953882732679034
-19.027673032503657
3.7566402087391566
-16.79079918800342
74.4543964874947
-12.283678478180775
31.30145925782449
-12.69601585794662
-66.68828601284343
70.10632041261039
-66.0666245997821
35.36124793290145
-44.793540395211394
3.538031451667891
-14.040109666223486
-71.62944114705567
13.80272585505574
-9.052866937244602
-49.04172076968349
59.01099193723988
10.269826053378097
59.501901394498134
22.92953208375772
-49.77894607986744
-53.12355797087727
-38.15063461110162
-60.25716844297278
35.85213809853744
22.387956210591454
-17.710335745604027
-24.365704667199495
45.53910765195383
-11.652637527989029
-69.79475259143413
6.144969249823006
-72.5474134727792
-18.855027782586333
14.2507452895441
-34.50126148967447
7.65606381158517
19.486346542280316
-45.38722981531252
-54.55373663279387
11.330321501845532
-0.23612197667658563
-11.485332833645757
-2.6657895863266248
-2.758196687474353
30.008682006880633
-34.21227515142401
-28.158727489161464
7.717762214101924
25.813981380845007
25.08179919272247
13.74722523293407
-78.8251415326451
0.07084394554665607
42.780915842486195
-40.455193791052004
-14.861474616731655
10.348416027633192
-36.56272807849335
85.7482448044137
-3.4085110793620714
-15.521485806285455
-28.439671209335657
3.59874266541766
-18.803390775962768
-56.79893517222141
75.00179152849833
-23.72987627401116
-28.84412252600049
-11.408408442235114
72.1669422362447
-3.6241318487404044
-35.67275594105552
50.12737471478235
-36.62614625480783
-13.692574174197802
-32.68262003373306
39.4203112432771
-0.9631574002128929
32.07413131714446
-1.0253694902027206
6.630403501753747
77.97486212599176
-29.1526951374005
68.34677026606767
56.99107490172281
10.067514415177342
-24.159322616128946
-19.919626790772583
32.732564128543174
-11.802979390688648
-66.98535814452205
-19.724786419645696
90.37398778703664
-17.21242947202738
30.793114023451096
-58.40383779535547
27.1034597986918
34.478205633790196
36.569230974836415
-12.419404628757434
56.702706457306846
-4.031782144974883
-6.322542598568901
-32.0749196660622
-5.4300841927094865
-25.82856147375378
-13.994378342909982
-7.952316846951277
0.030375808324421882
45.75230349603919
-65.2413073656862
15.362516088210953
34.11886503938021
76.30888245439354
11.17255598519472
-64.8416788873669
61.64305295491366
29.982674143874164
-10.5073462526872
18.740891208235922
3.071099776501754
2.777116812458644
-56.428599187260474
-90.12510824524404
-80.1234801023879
-22.334637303682115
15.627124211249182
-15.212169574549918
-72.3740518695402
-0.5613822691945529
-47.02528159061109
-89.43682050579372
25.81419053495067
0.5111809559883369
-30.998210272997355
33.69315172653825
40.12552170174243
-58.88262078827779
25.005328886708597
-12.63069012274471
-26.67773240667853
-34.93481245546692
-36.99705375811748
-27.08827204859611
43.258306110452395
59.52925513014077
-78.52077900636965
-11.513830740935362
-0.736741968498464
-2.326715397154203
-12.288481819189087
-42.14218445255683
-58.654055997637485
46.919341295355025
44.545181470334114
-0.6782113152956555
15.175821993947068
20.80025841340961
12.270966073342166
71.39245216531248
19.154799160472578
-12.338419865565584
33.38856896330856
86.85761689395892
-53.114919352120694
18.001365537278758
-75.51636113083029
13.855557809649952
49.63521206925924
-3.7794555405506713
-38.44083879232755
-14.89303308968725
51.98756973844036
-6.366696906171384
-24.182628761864862
35.141716363190795
13.212911397954102
-68.74848946322179
-21.656540661249963
-5.535454474917557
25.452569435537683
26.22227322411078
-3.5059932797478837
50.60167120875363
40.448817475976995
-29.70094865866045
0.06166837223474886
-31.296976839151625
-13.820574789961782
-1.7162725218365296
-25.54422232861947
-13.229833106026675
-5.009857702793241
-77.31606302448967
61.09474725036296
1.4483465610956188
23.213324393793485
16.338407138905268
-17.91952829684756
-0.20768444021656762
16.631478285982098
10.532297188127771
-33.31661529883041
40.36229963311666
17.94050176884477
-71.5538705373651
-42.71912457333134
-11.961176582731824
45.94394834887433
-20.661517263038803
48.714226737367994
33.22090188044123
61.50916590739493
48.300580885775645
69.75316149530454
-70.79254479078989
29.894319075178117
12.750903506130044
-13.22807206333519
-43.56871729738579
64.4048948837985
-4.251265777162288
20.408735704055914
-52.829951497475115
-7.479496717160799
4.762546548868272
79.44835054809587
-59.42073330125059
-10.544731136160806
-18.496710966607935
-15.894648890069789
-62.500747415409435
14.1000905103474
-5.851202879270247
-46.05338966487276
-43.589251516938816
59.63506757255345
66.82882391095714
-18.439375913697916
83.21505103433245
-60.0706171766558
44.14514083679353
83.28394153609074
-57.48932726178506
82.47484541229855
42.88781614155636
8.910176287341258
-17.476687160819154
-22.051446324868138
-63.04530489392408
59.38384452181589
-15.470490578324927
-53.04372680441982
11.228460249223232
4.7719699915446085
-2.5659660932326744
-18.205883363258692
-48.97039708966957
-27.356513399475233
78.21321951833428
31.13718272045412
18.228981278958358
