27.845741782213068
-35.211909177365634
-56.55676035201991
-56.13991383220858
-40.73212584358385
-29.87181307653134
-43.75060686379572
17.629268408979243
-48.048502184436344
28.242489037894174
15.792992444863359
-28.92807055952943
-5.935286244138169
-14.756432248359928
43.587987462453015
26.38739637917449
26.721628444112
-29.797100475720157
48.599558762078146
49.301678690205534
-30.88475807488375
74.44377570223654
51.072546182694225
-32.43893167405206
12.497789182743972
1.151868150268001
-41.027827674503754
-29.006010574268387
58.136944527358
-5.959848350467425
86.90092212979653
-8.106221343627098
-13.256463981844462
78.94891421807901
-29.376038687500042
36.3823656711358
3.1639189215779453
-69.23078659301332
-26.123051200058356
51.211235477786005
8.77913759177028
14.912827806503017
-35.17150711777846
-24.813770343874197
30.222706243698326
-83.61784671683498
75.9640151711616
-59.54221182003253
46.13181201760685
-14.599902022697265
-1.460701325450671
4.477785400800386
64.69059937821794
2.439734672529511
10.61775253206828
15.764795484737874
-20.526548220958745
-73.06865388073227
-1.2946981535416455
-1.098593028264716
19.46084604894044
-31.52290791645588
36.576659218979955
-0.6307130218739871
-15.609964496463803
-14.382526092708346
0.020059926505950898
40.05422120802976
-6.75677562277302
-10.069015218373622
33.3243102935549
44.99187567908851
-50.413345882808244
-44.9646397980041
-20.23355546219088
29.036391781168206
74.53215830333329
-36.31658683003943
-55.69940095520394
-38.879101435966874
-14.829138842373041
3.6278922180049307
31.63335298219218
-14.590436915047718
77.31461910809
9.428065920878879
37.82773234490159
64.85632832741831
-54.45158141573056
30.622783470953095
-51.886493956309785
-26.781900579526166
82.68245137801685
38.34312965712445
-34.65964909636766
62.76653602719344
-63.468637258142735
-29.724715499801093
24.91093670301116
-16.469278682579557
-1.538415121435122
87.069537183633
-9.261131464193681
-64.5486827010368
23.94660154597028
-7.593887846691985
-63.580047336123805
67.9844623441783
-60.70470885788427
43.65596829001029
-1.0656081901870635
-19.389153838048884
8.485473606012263
-9.575853257982985
-72.00164921668623
31.003669977757596
24.43921371477923
-3.4071708472854993
0.3895228769289787
0.68988236384277
-27.10559924178328
-49.284121184010374
-4.503803224733829
-30.517943100016637
-28.57102663155932
4.1330583110713945
-51.78278893344341
-51.911230397965305
62.153043959433774
-54.377627031880074
10.356832071606576
9.934079306181616
-29.136379462064383
24.692047551251036
-17.089380053823703
-0.6922492863832161
-25.577766621351685
-58.2708540874719
57.014856835876344
-48.89247530603182
-48.35145371025062
-19.15232268098167
-36.31479630440866
-46.15445017994395
-7.889198796648458
6.335078532907119
-40.366866638186224
-27.46734960732593
-69.76748602603443
32.361528554605144
-81.73821828431274
-2.3372136634307594
-4.803872475589259
68.731753388425
-3.5774831950866286
33.53767773837609
17.784692488519553
-29.970404825092032
-28.474956142210402
-48.2894864460223
-49.06167208871746
21.435122805802322
-34.410172450955876
-59.1885514745658
65.56509626921834
58.451348254772455
6.508885345617188
-62.5969357221268
-39.668829588173324
-27.75471029679676
76.32410439960526
-6.1610189519210365
-0.40420436991601605
19.478507049318722
45.68895767682312
-10.644650135529233
5.311866425606269
78.58477468497642
-6.1061820302845575
-12.742929890045815
-17.12351932861914
-58.77681752652177
27.645708040611353
43.965766089214725
88.5406002918613
1.844551706408808
25.31327893692898
-28.535183534257527
-34.30600407966479
-41.83537198283114
-14.104154260835159
-83.90294718288557
35.79560785253338
44.11048839092126
-44.32586220382924
62.41277754843708
-46.00094578592881
-14.995332130103463
0.4965230475582558
70.49869100723666
59.88415476169641
-49.271557966871484
-54.628416396696025
15.583428146329837
-47.93189579400035
19.72152562321608
30.16912304638838
76.01234892518693
-41.46448939485742
-11.382289684396724
1.9398489784405655
28.012352331549593
25.1794407292725
81.22577028311505
33.31887559049048
18.351848968580555
40.99344886119641
-28.902161891199555
77.23194470201108
4.849799454575418
14.054991199763379
26.923297671685134
64.1889611824972
31.131893158973526
-3.806408216239447
-37.94998196032322
-73.34093837154668
-36.42406537053529
6.008699279191603
-28.6671198182445
70.817001142425
39.74817745654104
-20.412492025252106
-74.56056552838689
63.50945768786852
49.1148022888558
2.6217637469815998
35.76006959839657
-76.3774195307313
-30.868968215174178
34.09763128913551
-39.37721152394882
6.93069410783508
52.75030393914449
4.629489450070238
-64.630367149407
14.63698186337757
72.5427926682926
67.67704579145169
22.38673975716921
61.80588959840952
18.665105184887608
9.90138841608308
-51.25250165419649
-0.5985293934684393
58.96726154521613
74.24498606034604
-12.995747508231744
-76.51277666541716
-48.68862363392976
80.09856800896262
50.44501274832234
-27.844720586940014
-41.223370815730185
-22.957373275315845
1.0543094528074448
57.77555504802916
-23.26966300687603
-58.81526145511386
-2.4401145119535244
-5.48942589018796
71.3610774587045
2.3071928018461136
20.546710638447607
-26.412552378961692
63.84212530639178
-9.410808805487903
-33.89399001276783
45.248525986561276
-80.73843702228457
4.257501771430896
-41.018554444787085
-10.492274173903624
61.9039517195292
27.62686419506535
-32.59281878972676
6.222289844276872
-0.938743877402942
-2.8388485599958244
-53.51023375686794
23.59460576676956
50.89801789188411
39.625970230288914
-62.896867783610055
-40.32842179976036
70.70329000001192
13.745778641085153
-25.139239867872703
44.12186681844824
5.5791401960971285
52.507069112376115
75.76524823222476
-4.667774837915275
-67.32160183784741
32.98067350250798
26.572990467662294
-3.5147620832059374
81.10059304956422
-32.13418147900437
0.21865224463792288
-36.365765835608556
61.265250731408855
-34.12707253072947
43.00586499265518
81.93236560953846
-29.879027534027344
74.23561878979177
-35.60721369017071
24.417230819511033
22.383800014447502
-12.099150791359122
-72.15085275990938
-83.07571216372625
34.35867305893876
21.482762207871204
65.84356084419255
-37.66797484841665
-53.992285766758876
-70.2657712350831
76.46266297370556
61.940113860981484
-3.4542716975919916
80.8434898606248
80.57756684938175
1.6045109394527515
-7.866958044134407
2.4478101523862534
-28.500478745250618
5.504199213821693
62.31430723617669
52.14026463658968
-58.11198279838371
-79.24365117468386
-19.85830357636334
0.7097910261799854
-51.90539265330329
-7.326664904757237
36.122204578082346
-52.15361252446236
3.411848653654502
-57.96498842514339
-4.938590363947711
35.027976249137964
-34.13120660013394
12.094817773406888
2.148976699874339
41.92120881302361
-12.714236317993283
-19.600368941140985
-11.625019758714899
-0.36369200621172126
-34.10684875882611
-13.232486662567197
-29.234103672468265
3.5467684194536844
-52.66425470253771
15.467457905019984
80.5653125530797
0.4852477459293567
0.7903263026381779
-14.693850121789481
36.55312893068563
10.143453915665646
-50.265147966868234
49.666794333761516
-56.654611247765466
10.112133792032552
-35.72948448187376
29.18830396858482
-69.67948002828253
9.806507557265505
-29.443954239919535
40.544372901797004
42.27774573158021
6.328926263580385
-26.275987650523916
81.4841986133338
37.953597596151866
37.58092129099421
-20.14446040708519
-19.443185116917974
64.19608685131928
-21.099602416208654
48.919684760135624
49.866504125709156
74.9128445732295
-17.211923073792775
-67.34917444990963
20.187568784423704
-60.67279990544696
-62.96608090302477
32.609002614857786
-18.578172913890228
-3.3546118931804045
-10.041210136757115
-34.896071228303725
40.40211628213095
-23.801902150743658
58.353703280989976
-43.31846974498928
36.789996752151154
-18.235573800374553
49.914546268253815
-16.38230586569196
13.286850288088914
3.4351716753984505
26.610455913454317
-22.982391540812543
79.8270370942407
23.074051190498935
32.54911681136494
59.37329135136608
-0.22053479086281413
7.264574985652089
40.516051802260506
-57.820393622702525
4.185644719465742
68.33109319455733
-79.49397089625006
-9.832182328521881
69.39117008066029
-68.97713011904598
-43.59840886097495
-11.076580159465806
-72.5056865674492
-38.075884502317294
37.281803078779774
-52.4779295847161
-23.33247653038201
-7.4761119787528685
14.460178373406322
21.882885641607103
-62.93798527347458
-60.57933902981428
-75.78967357441347
19.934596455185044
-31.203503180780345
-62.08035647576646
17.778788152853238
2.985243547629352
-18.974049243608874
-24.450685292370338
-9.082655097424151
-18.56474840682914
-51.83128922021298
-8.744223052358734
24.18323098838289
7.529249719478074
57.341985420327774
11.953091636350237
-6.739140753148845
-65.8971179581167
-83.4888330070187
-50.01105979007564
-41.35372609832028
-76.83939441642075
-18.135057509319765
49.29007133185729
36.51945589341503
11.205666355219734
-32.82307767190967
3.5488793688578824
-46.431301659711636
67.5952505861932
-51.89302481443626
-12.49701029573697
44.75696216027811
-46.4593527894766
-8.75500989080146
78.51891593166647
12.662361215224081
-0.2270543284764699
-4.1089054950573
-13.09520574321057
52.53066498882919
18.469389555076077
72.18418109780788
5.478012671655506
-26.143799153446793
-20.72508688614346
-52.0187537934443
-21.35324928527625
-3.057935021011943
39.241754099917785
2.110795203965381
-71.70214046446088
-23.06649506677772
-43.86602035404192
44.457257025941004
-11.3330216051382
-40.267271165755304
10.898773103835651
7.385148039720718
38.43943652182216
-52.15444979975646
-80.62714865104567
-2.9860214124568074
-23.388494777340213
-47.24615698499575
-62.31346065169008
46.58845029134008
-61.61756834391898
-4.425352196610035
28.631176092675062
-24.87035191475904
3.008469357451091
4.54507145620272
-5.851537511450459
-5.286553649342622
-46.786090385044766
-45.34099073927467
-25.52312501465768
-1.859398724795497
-45.79669769932789
20.388253022069946
-48.415579064618136
35.5657129276301
84.81280392531684
-5.261608691199243
8.503597756077411
-1.9763643290935278
31.85472759799393
-16.087315016697474
-79.76799842076474
59.050299277506866
84.77543926569413
42.01184954468451
26.820695121852125
4.062727657492445
-15.070512593068699
72.33474847312971
-24.373215265832997
-82.44835225095441
-5.939462925317628
-14.153727608908838
-0.8191634161598671
-19.359331715361364
-13.796473666785062
1.0771375611318064
72.36322153269529
-4.572344701876943
33.11190012709284
54.01631256668719
51.73673668939227
-71.4701772270689
-26.83920303317484
-6.763029961274398
-43.61025981743967
33.07571615680928
1.30151942455619
-57.50500828858312
14.028461084708638
-15.723319916622373
82.79758011177128
-47.58403009709134
-10.39950850012444
-0.8770636071709959
10.615095745332482
-29.99490620833157
-64.43809462852727
-59.91368773782384
16.9054912261833
-22.11553867503565
18.59652453180624
-16.374704413526302
-11.854307413488101
25.748503280207075
37.16760986252575
-6.984493678000447
-9.17267044878298
74.03007243439319
-44.127787804802004
30.58500829042893
-19.365819750253294
-13.356406039680877
17.921144557148168
16.56042473893362
85.26003385757537
-41.771676733948595
-31.165589439236058
-15.732625932419495
7.945474132751016
-13.030555107176284
8.291460978424425
-39.25952933402223
-3.0037829013768373
-57.826538770180356
30.038665659453784
10.833980898016677
-1.785265861267746
26.160807661284608
49.22710331508429
74.39626518505082
-23.821814588248458
37.9363742199958
41.82556614330818
33.37588846967702
87.51067366293165
-23.063024112321003
28.8155121422281
26.598051603091506
73.6210313688957
45.872646618234484
-1.4069403502918334
32.35831796238179
-12.41100850322131
16.7984049115383
35.31627264689382
-32.7897027922085
-62.98914531535111
9.722613525978517
-45.39107723843721
29.53356473620724
18.96205516269349
20.699011101522714
-5.206455228880827
-38.18156604872152
-1.419343254406428
15.273216587581373
50.31421158768805
-19.029349986758007
70.48987300975827
-57.49254359857521
-29.634451238550113
-44.574588951982065
-4.561199038231791
75.4818453353362
-47.44375842048223
15.157379249103712
-47.50812329273737
-19.88510238973761
-5.3961475585935545
-66.5422628932527
-58.62788353460465
69.87653790723948
-4.3497474092025215
-43.659794264259716
-53.673995977140464
-11.366317664219054
-1.9907107653925493
-10.807967579973038
-72.35266629508122
-9.572024877382333
0.5126706125815019
45.13509230144953
-50.80905046198934
-17.300787378505262
-82.94543964844294
-9.24728934677286
-69.99915896942355
57.18633197444075
-44.03106360283011
76.58950130251415
-25.606666835119654
12.194841780149346
-64.37696473282486
-38.794169628075956
56.17321792995327
-30.934596757788682
22.35475156019244
-4.75201179743074
-55.23740748831955
10.417951442237694
76.26350821347398
68.20755264854714
-69.87045239102333
15.039296141875539
-55.87260816739717
38.06448783198522
39.614190426810325
-1.9990285020508196
-3.9557267192524534
-44.12111053441719
11.371936633541281
-11.235632829297856
29.240964017619874
-35.14090412552441
-17.32511298161215
-43.18824789126883
-27.30330081036135
-0.188303979168694
-13.638742559625584
6.337391137849423
-18.318409952373756
17.94089823157671
-38.16919522888207
3.928195604164671
-80.17019580708389
-53.025964857478634
-13.806131269119945
68.94892286400335
-70.30069377024547
54.673150490669485
53.558612320277405
60.49634854791546
7.172848638472701
-71.08821169050003
50.99354533737829
-67.15604703143558
-7.324720209610078
-17.11272697954722
-18.709882070725257
53.38650573618446
-7.054823727564113
-37.3533766300154
-53.83807894050989
-8.036198071950324
-24.640005463118513
-8.209858128787133
31.49369025661008
-2.894864396191565
57.77066439372453
-13.480462280888545
-57.010224733354775
53.51912503949876
19.207146732569953
-17.36306466610884
-0.39769647621839965
52.439028579441384
14.526887310316539
60.81138701699945
-0.04219492893048482
18.31148355869604
-23.966564419968122
-27.18745024829903
-23.766348357767953
3.909566054600404
-21.139169353453283
70.88067859876702
-12.483094630981626
34.906339550255524
-11.451679238991531
-66.59212231738525
60.89577917235144
-57.07848547188119
39.14853349436643
-49.99274911812041
3.51261420985837
-17.519040938884743
-61.89061698269314
15.096576105939548
-11.554639776388356
-47.61391560810911
50.35342670091768
10.386628682558268
57.02124529615645
24.99469003562247
-40.960941581488875
-54.42503242148791
-43.467655347681024
-59.958332493748394
39.73704925635269
24.93147997784081
-22.14580500328931
-28.736674141416742
49.66124006060957
-10.963758985021272
-69.53146840147488
7.085693616808825
-65.4703776383672
-23.36765666611845
15.695931290695626
-39.70497489826089
8.068496795355031
20.412157724061018
-46.10509458172394
-56.6092745184563
10.86993376535564
0.2940848106292009
-14.113943765646937
-2.564068446954323
-3.3838093440343897
28.868023171857743
-29.665866726341164
-21.210855876311527
8.482148457000292
28.924836115399643
27.006044174407904
5.535327592711013
-69.6987370491264
-0.3507427689671374
43.2223666302919
-31.32316817598496
-18.620887404187314
11.235962474440157
-41.92357498771144
84.66116584439462
-4.9311749656319535
-19.43093299408436
-34.346672486595395
3.388477727430697
-23.514785468693944
-46.24570576378343
77.34213362197366
-28.57059906938632
-33.289957679913385
-9.47835156225348
71.8521629380264
-4.091474334855903
-38.89653344065864
53.87645389439717
-40.95611809887995
-12.763271795551347
-37.177352816900054
41.6515511888347
-1.5576938189216207
27.742452884436318
-0.5078797105208253
6.883361075409724
65.67529291758723
-32.6332402540441
70.1277663401309
48.167116385900556
10.9025714510597
-29.355833953288425
-16.955286412323375
30.35567297736307
-10.23861808781784
-53.193635669725715
-23.52451537444672
85.05601198682135
-21.59416563789904
33.03059885396644
-56.207880629373406
29.90640258823018
38.28756068553602
39.49708458992626
-14.705156749575949
59.09069972749276
-5.709594951173997
-7.662124231632134
-36.350830652901834
-7.233060965982958
-31.403793897788063
-17.662184697045674
-10.276127155082975
0.6839411919538634
46.45540416408835
-63.96659335640645
16.48935114076511
36.28876426275778
71.71565825363251
12.140052245993786
-61.09141126782162
64.4554418510144
33.47371728973303
-13.381781070932803
20.610213666384382
3.113576014618573
2.581067414521087
-46.075988208237064
-79.45719085417079
-70.01631005216392
-17.400854729383397
17.680039460954006
-15.537988352787238
-69.58263522140743
-0.8134269035428474
-44.13706667867601
-76.32111544575385
28.783918767028894
1.0791507901900985
-27.825206348648365
36.921571677813205
44.13718783986724
-59.47810430149991
27.65916044614663
-10.792544840198246
-32.184744186056705
-29.379709962647837
-41.509170703762095
-32.46610329533459
29.498400451295367
49.49264982863136
-70.05303415328333
-14.6324510883056
-1.1700156171589526
-2.4489723261998506
-15.590527947638918
-47.859633167139926
-59.98160652164611
50.87438460522452
37.500187216334325
-0.09512952440691436
17.0858246268445
23.429428150823355
13.059530905447488
73.35339527375729
21.423115963972705
-15.491855163012232
37.029478523692546
78.60199005139438
-57.01171445468591
10.122451442840458
-60.49062190385112
15.902128751243623
51.56800410878671
-4.9078665305281675
-43.61476866947714
-18.403046018890393
52.80944227649877
-5.990375373071245
-21.255780023934832
37.76859664535431
14.466808849164906
-67.01517940594381
-26.83397721866733
-6.637798377548378
28.434997152023428
29.34023136560029
-5.065274893004428
45.7673464705984
33.78298545351913
-29.012413129758556
0.07655408243188333
-27.75101759605623
-14.389771784790298
-1.793131850018824
-30.51886062024181
-15.97718293024144
-6.874688126907287
-70.3645715290086
56.034616138883024
0.7873208372314053
25.932281560469733
18.0077755397063
-14.903078918486472
-1.1209756001410938
17.82650614858997
11.609631712615823
-25.15860544050119
31.47184285915054
16.044626346210393
-68.9407390046153
-48.26687943929519
-11.599262667928684
33.0806614962101
-25.109372301547523
49.70689395301798
36.74306089377819
59.14982866525918
48.63755294199484
69.79061712814092
-70.72207152853056
26.530470405204838
14.630023660940765
-16.474839214683584
-48.59376129578918
67.52233099720416
-5.967230834539265
17.108030747323397
-51.637426504389424
-9.789032757435905
5.408107206854524
75.32323321133202
-61.15554175337099
-12.998934719168702
-21.87854556611785
-19.686049811005972
-58.98085697956416
16.074047174477613
-7.354046738321102
-50.95921843095804
-48.15263739313162
62.3844501506282
53.537713905529074
-22.869192852255964
74.41474998749001
-61.130182409601815
47.85681377725771
81.47098527351639
-44.75992223982994
74.15684917122067
42.09036006087021
4.382712966442796
-19.50997874914691
-18.258459777013513
-62.66377357323652
56.3654585136141
-12.90779895594136
-42.642909994499284
12.275016524923714
4.688694655070222
-3.9672597317209153
-22.407682970207887
-36.78609106682383
-25.002052567481968
76.26210837897392
34.488939207192374
19.9658233617388
