27.920998093401522
-35.1947109955069
-56.54302046902191
-56.13382508399741
-40.732477243986686
-29.888740123673898
-43.70849854329638
17.664555794672324
-48.00721745488872
28.276926047005063
15.790625448569102
-29.034625152678714
-5.982544116191875
-14.858787421044681
43.58432414106886
26.46955465303506
26.757050102612922
-29.755471073856185
48.60099482845695
49.296115796351955
-30.84152783144512
74.51106899874682
51.06978475063738
-32.40772798088226
12.508644179597454
1.1065463166984983
-40.97626240267983
-29.064867895741486
58.21896184895408
-5.985084726465729
86.97058003462575
-8.217664598691883
-13.380285009630725
79.00621818607439
-29.361987474508254
36.385816305753195
3.1641209117479008
-69.24256660030946
-26.13354438128708
51.27759472147446
8.784237955249537
14.934256865091967
-35.1237705393796
-24.90949161741969
30.200727277283505
-83.59467933328288
76.01006293086226
-59.48982302326344
46.124935288068855
-14.633725018414893
-1.5074720865001296
4.4452059715781616
64.74409314827747
2.4330896841504313
10.539714239761622
15.70523389441827
-20.49896018864665
-73.05494898984078
-1.2917305555212835
-1.1248062710463955
19.488834212419775
-31.559710238667137
36.632386894472916
-0.6655120512220094
-15.626045204041773
-14.448231373242223
-0.003197679697194644
40.03862237848779
-6.870501932243684
-10.125259404439788
33.35168949988656
44.980673526705374
-50.374580003457474
-44.941527244884874
-20.278993614260997
29.009755837968797
74.57712505734048
-36.3241246997036
-55.68480520324363
-38.90078118974785
-14.824079391826913
3.6011722743356387
31.645276982714336
-14.632959858144417
77.38510148112431
9.359739484950552
37.82721578077624
64.88437455803361
-54.451936469646476
30.585149126931498
-51.83460864906876
-26.86275664866845
82.7512957154608
38.37042245501934
-34.63324986973827
62.878411348973174
-63.43373169524895
-29.704253186143532
24.889306530725563
-16.44738970245936
-1.5392889348134702
87.13901649686215
-9.262548554753607
-64.48956743695692
23.931883089603076
-7.627446691931382
-63.597407911246655
68.02881573188833
-60.69512351070481
43.64723960548261
-1.108671665361598
-19.38313116544846
8.490665253639676
-9.569192914247353
-71.96202367310995
31.091752174249308
24.425766325253235
-3.433602012936305
0.3400167744882765
0.6640027523583285
-27.204983544596658
-49.22730874849949
-4.506390819928285
-30.47523611606097
-28.53152104069072
4.095431103742854
-51.82791985795053
-51.858596223250544
62.17742170305979
-54.31956239108199
10.363791637013875
9.938681196272356
-29.12624739557586
24.6665075941616
-17.06691519485146
-0.6893580052256851
-25.65410137314224
-58.23098984629271
57.117683843995934
-48.835671784176625
-48.364135785727235
-19.22277514601832
-36.33300396513712
-46.13254109795926
-7.959407701807947
6.336137492169868
-40.402280342233354
-27.441829779994563
-69.72319466065562
32.4369413023918
-81.7352329774272
-2.421000437723208
-4.81310376526298
68.84569046957463
-3.5995432165081667
33.61405279018339
17.786024299163984
-29.934382715852365
-28.436418998453377
-48.23803439676864
-49.036074307956625
21.401848802841954
-34.496009439944736
-59.1399990606251
65.66318965570986
58.46322617548199
6.480338208332938
-62.563573474709045
-39.6816921052113
-27.839187371334276
76.36849743411238
-6.226824098882275
-0.40136112004439894
19.499156877714256
45.80638303470178
-10.684180012012774
5.296355896547183
78.64634767375236
-6.157627517632918
-12.778318886016422
-17.16548995660017
-58.73806140683413
27.71483661123547
43.960606832542
88.62888001593771
1.7892572960850401
25.343369294027596
-28.53597694931446
-34.268354602742086
-41.79061226835626
-14.132366313398421
-83.89541932977411
35.77610475814316
44.14857237138767
-44.40508237425683
62.44349722112642
-45.95562931590298
-15.061853058260795
0.4968761745790857
70.53134087218723
59.96126362692786
-49.22744931156613
-54.572380654197275
15.56214870302874
-47.87840548165417
19.69667491391708
30.20020327022644
76.05681700141909
-41.5174651305698
-11.400565240625298
1.8779234282744852
28.01636278363266
25.152796318690278
81.2966858148483
33.35813800995655
18.357816523084367
41.03329340700273
-29.026700370306827
77.28517189829014
4.739166289200057
14.01549755300482
26.994479073517496
64.21653684288952
31.109551689912678
-3.800614744968769
-37.9891907316373
-73.29854231850302
-36.44162261751345
5.98349278756244
-28.661303412142615
70.85394359970991
39.73620816826781
-20.469802578765865
-74.52971099330213
63.53723085969435
49.1122608788979
2.561570958277642
35.74303433845017
-76.3285941292613
-30.901867199109844
34.20289449660601
-39.32527474124964
6.933818018525258
52.752800798744886
4.59895146238766
-64.59555771173285
14.654852049028676
72.63488799757388
67.71004950323126
22.37115443965169
61.821316300606895
18.706588318280353
9.89603749751251
-51.28780735063878
-0.6219072246778978
59.04413904131033
74.28725180756791
-12.992304728228746
-76.5204331381887
-48.74242695677567
80.1684246057597
50.51079568119604
-27.86759493783154
-41.171645824223454
-23.04261126439671
0.9972624248662214
57.78982920889885
-23.36336056840409
-58.75432774340398
-2.5094006085954703
-5.483708834943229
71.47168935343814
2.196646450296754
20.532944765013468
-26.38828361170387
63.95191631351304
-9.533334299444817
-33.895827380313634
45.239091017052345
-80.71234744669572
4.223225278193269
-41.088602916673956
-10.570284460417952
61.92351948551618
27.67920687881231
-32.57883570007418
6.2086434431594455
-0.9811610916495113
-2.907300659942365
-53.52382164873265
23.56819275615274
50.980458295438154
39.69502169751004
-62.91798091161248
-40.38403308001233
70.74179221528695
13.707761597949613
-25.17964317315908
44.11054948572328
5.572411267629889
52.51181578024176
75.8114948393114
-4.661111750058566
-67.32520956023302
33.00257945924042
26.55085292131409
-3.5154597014681173
81.18569395192549
-32.092102593546855
0.2135809296211022
-36.39517863798702
61.351850055567155
-34.088477894863004
43.03216426298417
82.00754334324361
-29.842286553959553
74.27810830095137
-35.562179833996645
24.477196904119452
22.351871117096664
-12.100579907231591
-72.13201279508985
-83.06500185624238
34.338768128638065
21.5376110763183
65.90830070394048
-37.65864012149611
-53.96014401521903
-70.27103131879727
76.50681486463083
61.958212920947005
-3.5065170819751046
80.91353285423068
80.65613644230675
1.5316639137350876
-7.925131346452687
2.380818527527751
-28.495914663766712
5.404784039236802
62.333451268946675
52.15442107872394
-58.098378503773056
-79.22663278256489
-19.875564483765572
0.6467508300869156
-51.84635785127847
-7.389276276497753
36.181787191051654
-52.10355158064313
3.358348594688337
-57.91363756829845
-4.948226910340452
35.05764446109427
-34.13845864134065
12.10895679754266
2.08258230029287
42.04725011908704
-12.804782955231985
-19.721592706049208
-11.717971426943123
-0.4106072410113768
-34.069108286931666
-13.356253785339845
-29.26260084501338
3.5226278177735253
-52.686801288327004
15.413379130274507
80.6325074152038
0.42446105397370104
0.7540577388600838
-14.705228815573093
36.53799869744958
10.065512023434792
-50.24283993633824
49.66516814860955
-56.59986023648102
10.11641713403202
-35.7084769902073
29.27095905085433
-69.64433637804912
9.800858884090772
-29.443068525573892
40.53020650077926
42.31163947869166
6.326831071547346
-26.295654052564956
81.5785333384861
37.93376244629732
37.60016244728487
-20.12085781857037
-19.41675546432326
64.21657218487695
-21.194943169844464
48.966692021949996
49.963375037926596
74.95418518497158
-17.263003721464756
-67.30421630792682
20.2295538173651
-60.695153824976586
-62.933337704330384
32.684163621819465
-18.553813071823342
-3.4023171684932834
-10.053790239511159
-34.86458202400971
40.393544778663454
-23.778713207084536
58.3663728066187
-43.26483141279617
36.8145479680187
-18.211949279280873
49.97213808743737
-16.412488931846454
13.270676478811481
3.430908128889371
26.68118371868485
-23.04208518819341
79.9279524505015
23.076927998121647
32.54994770642682
59.399901773789566
-0.28084522892973496
7.255992024606073
40.50768340243371
-57.76557048423715
4.166816374296857
68.44394582153936
-79.47750453305227
-9.859571297312954
69.4212319494736
-68.98289007624176
-43.65402491740962
-11.200579328505668
-72.45540822599033
-38.12630093298081
37.264317456159404
-52.42839494063861
-23.302748928834504
-7.502323990925532
14.4244215594331
21.886939687897524
-62.88180878263727
-60.51886466847146
-75.74817222688124
19.98792034596792
-31.189074164720793
-62.03130172193979
17.773872785202016
2.9323500897658903
-19.039968282428177
-24.415963170874136
-9.158685045212621
-18.6283228897949
-51.77263243757459
-8.732401706704792
24.13240430783675
7.5148595621165555
57.47240168477143
11.898299591998452
-6.755920301723066
-65.83957694232315
-83.45683376174902
-49.993599746937356
-41.344671431313614
-76.79241701302811
-18.111562182909395
49.28565420038217
36.49969424207265
11.197242090519424
-32.81233850514674
3.5034054873428033
-46.37799676445191
67.68925297336781
-51.85201229983723
-12.481328204493167
44.83356546693716
-46.493403701695385
-8.770413012737137
78.59619292299183
12.679836030518814
-0.2716202878030458
-4.143841963644576
-13.078439249697695
52.53335841729148
18.44885240021297
72.26389799319583
5.445635352679048
-26.254071226997652
-20.812820824032798
-52.00908626325029
-21.383699508010196
-3.0582088582118985
39.23061740685719
2.062117496553796
-71.68900815216074
-23.194493046987702
-43.87401148223557
44.544747826482336
-11.37613435579847
-40.29160402699036
10.896124677414676
7.324548186605952
38.42089995699078
-52.20926682615511
-80.61660725368282
-2.984944179449414
-23.450203652801704
-47.20604125932739
-62.309540863107095
46.6961752978014
-61.579936398368176
-4.501064756700558
28.712845748405073
-24.83643837465958
3.0094318540061096
4.544485047174035
-5.848798959161442
-5.278879614601877
-46.79021783517995
-45.31494754993333
-25.537577892940874
-1.9109944426784153
-45.87891651123143
20.362511314386794
-48.40481688598423
35.657917880195924
84.89687349619732
-5.354761759278659
8.508007225543054
-2.0100992786155416
31.8361551571123
-16.181195022143754
-79.77019185501311
59.07264671697931
84.83869662631184
42.00319861197519
26.869930510882668
4.060067980436315
-15.109961100719389
72.37127243932139
-24.461062608138803
-82.42128206975269
-5.946876550503177
-14.240574758472462
-0.9156290801067541
-19.357301916973427
-13.810352247539697
1.0768032068102968
72.43715531046595
-4.651028913856294
33.18049092515491
54.07000710586604
51.74176872867247
-71.43229446478442
-26.85544395518481
-6.805100325018145
-43.55961140145001
33.16747360825423
1.2995735158251023
-57.46828896175166
14.04422509277849
-15.749399017081657
82.87689265609808
-47.632003013353554
-10.448386645145646
-0.9083891879466535
10.598097912633108
-30.099963145162064
-64.37970068154189
-59.87121550455909
16.89170261844174
-22.240584665055636
18.52256994416588
-16.355814632732802
-11.838124925491456
25.720536993409496
37.18481244991054
-7.0755525114501125
-9.236572828694705
74.08420054945657
-44.07134672690038
30.545043538175406
-19.34966120526974
-13.36692208912578
17.896774303502013
16.537219002476377
85.33205308369926
-41.772870501785704
-31.122666215158787
-15.827785955515793
7.9290955142614195
-13.014964086092746
8.277663129879983
-39.32603969762145
-3.0607793555585374
-57.81910133359109
30.01870753975544
10.798686445535466
-1.8609577452339465
26.140573773604473
49.22464445811039
74.50225777078288
-23.819627910390636
38.01175741050224
41.88399355078988
33.35761855419619
87.59081796250095
-23.05359721376746
28.791803309373805
26.566709132209
73.66049116429411
45.88049423710976
-1.408380856773718
32.333082916992026
-12.413920354682574
16.835494961271138
35.38261600810716
-32.770452856116336
-62.9426740336479
9.72451120097702
-45.3575121118017
29.629351407918165
18.97015030541226
20.694285761517833
-5.319329996319411
-38.20702901334529
-1.4814141641084007
15.284972948121435
50.33279192870282
-19.00505632436399
70.5228365644937
-57.4318056562333
-29.59361176958822
-44.5373556531629
-4.597822805041162
75.57541125826111
-47.48339486160785
15.113484139874515
-47.49419052358668
-20.002141962650768
-5.508598605252843
-66.48954024223735
-58.56701423182172
69.9853958338891
-4.432943866550431
-43.74193542676659
-53.61692868853546
-11.383137875274372
-1.986366451476357
-10.860845101817475
-72.35931355819086
-9.669154589821517
0.46031958670253914
45.128430461419924
-50.74912274389468
-17.280781817263986
-82.90942341545245
-9.24561145355301
-69.95254535475374
57.30576125665101
-44.01954831113303
76.68654907451972
-25.613096516885932
12.210737091670325
-64.37617148194931
-38.817443195482326
56.20466665610965
-30.89892692962971
22.375123894444826
-4.824366705047183
-55.210545254205634
10.425251298236333
76.32415616499102
68.26478931756179
-69.8615854717281
14.977332651184412
-55.81297446929121
38.110935689450514
39.63700677875542
-2.062543649573854
-4.029728818586065
-44.06973203402864
11.363299060950155
-11.232869550574407
29.28379142774999
-35.19245980169859
-17.323490162297134
-43.132534650916796
-27.2647758729876
-0.18525278023231806
-13.704238849521332
6.3147091961174056
-18.451725683285858
17.930605471022417
-38.25029057170992
3.919973852903283
-80.15370784266742
-52.96649033320166
-13.921039047585651
68.97978997758315
-70.24636915657234
54.69110244292497
53.55959388007773
60.52850335752373
7.175723787002099
-71.04645922669536
51.00958460303352
-67.11415192715631
-7.38064663457709
-17.10228298658015
-18.813511530236127
53.417887317110996
-7.096429530903777
-37.30461903575732
-53.785974162091264
-8.024503065443284
-24.708077768632066
-8.216455534520193
31.47178383221734
-2.983112793182059
57.89668850071209
-13.600967975826322
-57.00450363534445
53.59036759902091
19.258019108498914
-17.349130656333642
-0.42657390361894443
52.53473510870421
14.484411767751709
60.827165072970104
-0.10650800050225939
18.357018271078815
-24.018142138593262
-27.152460585630322
-23.883334768472736
3.9092052599153817
-21.271040505936966
70.91366238906602
-12.469133267606395
35.018298013535116
-11.55830058056317
-66.57384272446777
60.920081989587686
-57.04123879045056
39.22190416732167
-50.04380971141797
3.4933203875871612
-17.56172707426238
-61.84817726588564
15.084973063213852
-11.652256704020502
-47.55652633597499
50.36072342451618
10.359586622179293
57.02866419824227
24.98230269748275
-40.964423165668194
-54.37949422714444
-43.50963618128554
-59.908824343205964
39.85252324947916
24.95873233444449
-22.248582186281524
-28.75494805288342
49.756290290921015
-10.961687354348939
-69.5321930729085
7.0691367320385865
-65.41420788526747
-23.45024361769164
15.71029175647486
-39.74059906943431
8.073121027911697
20.38787750503147
-46.048724837622665
-56.581874611664496
10.83892677137031
0.2850725141100554
-14.119016382181172
-2.563313209366285
-3.4679357385938374
28.843009941816092
-29.666151825771124
-21.29678681929532
8.471223268258157
29.00361421821772
26.98872328010576
5.438350957995894
-69.64582077703027
-0.3992630555072054
43.20904940464064
-31.36551633312743
-18.686460361319746
11.236460392943712
-41.96735391400168
84.73733033851227
-4.967756204690019
-19.503788418773425
-34.455461835896344
3.3779261468988295
-23.63464179684675
-46.24532486468274
77.44755542769721
-28.62327893253844
-33.297403733174335
-9.515761861982043
71.89539428145682
-4.196709992949039
-38.86351899250537
53.9383968546459
-40.95220281889323
-12.76152643107963
-37.1808289119328
41.64426613304022
-1.5533239620523318
27.716268998109967
-0.6012519629011592
6.886357797356325
65.71194823183086
-32.60976078433167
70.18876207846688
48.171193463516545
10.913038915469187
-29.436223744235846
-16.976566277701494
30.33212861425622
-10.320370950645241
-53.192547136913056
-23.536412057624915
85.11778793014795
-21.706816672974924
33.0170144435113
-56.146807190271126
29.914595232763276
38.406196649954154
39.4997238083167
-14.695168423923349
59.12306754219563
-5.738960362011937
-7.781400938034807
-36.34665673607381
-7.241693223403061
-31.504283711047123
-17.74551645561189
-10.295666494397253
0.6685895410136595
46.4467353932113
-63.91964642193179
16.469200893105437
36.27576359326909
71.75051760450805
12.14724172259784
-61.030950615742896
64.5181757900991
33.57087683897964
-13.419884142383012
20.603841505488234
3.0865705547310114
2.559394601766712
-46.07477239995912
-79.41334993829861
-69.96572953466115
-17.48710571026365
17.722039368779008
-15.519000821074044
-69.54296165190102
-0.8776228454663482
-44.09038982600996
-76.27575882533885
28.826111385471478
1.0060098173059515
-27.816268633949562
36.93666717050559
44.22262275284433
-59.437028752045194
27.668050191244703
-10.814113897531769
-32.27038649168607
-29.391644928340156
-41.51217014516497
-32.5372980351044
29.460410035464307
49.50005578864821
-69.99880283657642
-14.68612669984067
-1.2299065695837044
-2.5443677583189412
-15.69706686932345
-47.9333210448276
-59.954033791851316
50.945354053044184
37.48668460451495
-0.18505379186217397
17.123113110919988
23.495029322790657
13.03808144285125
73.43130165282861
21.465579337618664
-15.527072780948444
37.09221716692278
78.6524189468337
-57.040494246212944
10.047061160745244
-60.4767600123903
15.937210802670364
51.574527982378896
-4.902716274362305
-43.64916636670254
-18.435522282101857
52.81167807008734
-5.990578921517141
-21.26186626274736
37.763303992133245
14.456975514734879
-66.97506089993146
-26.951365864633416
-6.752391452988363
28.488426835805654
29.411112742043997
-5.080520695550561
45.76280975396534
33.76396812329378
-28.978982339026558
0.012270234626726051
-27.74619868966768
-14.370916189575652
-1.8804190312065998
-30.56874279625535
-15.977268844052801
-6.903716728316439
-70.30938220911375
56.044411397078676
0.7752666977761322
25.976957457941282
18.00744381371659
-14.935998122310991
-1.1245094227264332
17.805929221178346
11.623319110822166
-25.225349750915072
31.447470263627906
16.010815392746878
-68.89995453347296
-48.33139706130454
-11.591990495763497
33.05411091275636
-25.157597206628665
49.70412822252504
36.7855843898179
59.160645980877405
48.63150692683374
69.83012407810537
-70.7394208116086
26.503534245861772
14.657672945707262
-16.505354299480118
-48.630909937048884
67.61118693405288
-5.989373623659844
17.07096277367367
-51.57712067290417
-9.818080126364634
5.393979591523745
75.36515869071795
-61.14257706381744
-13.002102855322903
-21.877994162873875
-19.732523629673835
-58.920227668487904
16.109522230500204
-7.349240785301063
-50.999340435965486
-48.16769177990438
62.436751354051836
53.55481737039699
-22.949067694881464
74.45912466358465
-61.10292616670374
47.901313667439354
81.53329834734635
-44.778616376979706
74.20008730916513
42.07585571871681
4.308346609621665
-19.48534361704816
-18.290172156497135
-62.62158276957659
56.37247741108607
-12.999829839208687
-42.6527517158905
12.26943466580083
4.689450505757804
-3.9916568336847575
-22.462864031507337
-36.83135856486889
-24.99146584349309
76.30980840806012
34.52433840509232
19.954962781400596
