28.038966003105713
-35.18692582297415
-56.490788662645855
-56.08996479779169
-40.70909631788805
-29.926592967509208
-43.66469670053866
17.72708251279559
-47.93528622327801
28.34253552262561
15.80140855340342
-29.19197100844147
-6.0418171942232135
-14.997282434375407
43.5376707971823
26.59493538564395
26.823752829325045
-29.702982646771815
48.6048838524961
49.275183239878686
-30.785581883741813
74.59089292082331
51.0547871702162
-32.37682828577171
12.537883631287741
1.054275880770689
-40.91357386881339
-29.159118860160916
58.34062683704832
-6.015344301507724
87.02838041606586
-8.362231397684823
-13.545180768043878
79.05940925785433
-29.355404581895627
36.4045956647675
3.172602720476803
-69.27229933267559
-26.159739467794665
51.38204389616914
8.803937867840474
14.978197233364455
-35.063992013270074
-25.048860794097678
30.172515045677955
-83.54666466838651
76.02881726921433
-59.424615901591324
46.11398603748401
-14.671059112189468
-1.5630276259584832
4.396690107290482
64.81652051068136
2.4333736572953484
10.428293712455698
15.610722367985886
-20.460892550131746
-73.04135069518472
-1.282137222729844
-1.161061438710803
19.543554545001783
-31.58549303543043
36.72696829608836
-0.7141896165636155
-15.651686764325007
-14.523146663440798
-0.026668384178933024
40.000425749497026
-7.017056660458465
-10.199608419008356
33.40749038301436
44.95199511673084
-50.302914389576976
-44.928446234312126
-20.347896101272084
28.947712402518093
74.61570158218083
-36.35285002446612
-55.63240991758353
-38.95078896295891
-14.813146505398748
3.5622945277929574
31.678811951348536
-14.693116298114717
77.46521953609383
9.26029192880614
37.83855661874418
64.88237963696193
-54.41640488146012
30.504896556367015
-51.75127504854183
-26.984363499413973
82.81801683206336
38.42496271399597
-34.61119045108861
63.037813549221795
-63.35529925461459
-29.66737311688061
24.864566848941053
-16.41925395435335
-1.5338532971141632
87.1959136760222
-9.26329792691152
-64.400767683377
23.922384836486955
-7.669978359807047
-63.6403094602051
68.08091366678136
-60.69998067311169
43.63647568698573
-1.1590935553445973
-19.381075434032823
8.51014848813496
-9.558961065060217
-71.90661514573338
31.227135640455487
24.418693062825824
-3.4690506066069844
0.28183800478936405
0.63742395531375
-27.351269384667702
-49.156146738506216
-4.507007114484395
-30.419523112487724
-28.482613926053958
4.05443330354008
-51.914262070176264
-51.79623028019615
62.17048347251571
-54.23148238451215
10.385050905640398
9.958150240292397
-29.101006118624397
24.62916681490482
-17.038385915706428
-0.6793918723639365
-25.72973316669676
-58.189170270375335
57.26901564498789
-48.752777964610544
-48.3474067421737
-19.323768714834912
-36.37677512447602
-46.12151131613642
-8.050207195014792
6.349009511335453
-40.47214463361841
-27.416651790560564
-69.66245796319346
32.556882754789854
-81.72422281851902
-2.5257611743040655
-4.821166646722844
69.00222527452365
-3.6238297570295686
33.735506341125955
17.803145225064682
-29.893778133912136
-28.38387249220824
-48.15802663693105
-48.978123161504996
21.338545140446882
-34.63052196365813
-59.05340763814605
65.80078027014133
58.46920581158193
6.4518641421832115
-62.48717962883069
-39.719657489914304
-27.966433434421262
76.39786531613788
-6.3105444264240305
-0.39035566066337424
19.544254704531966
45.981440078446184
-10.731651409457484
5.277303651015728
78.70858439035021
-6.222522009441178
-12.81904147859359
-17.227093380587135
-58.69783282140499
27.82512561689265
43.922816353320286
88.71751544434767
1.723952753139443
25.402658594538593
-28.55026814418575
-34.22796117399576
-41.72108245944186
-14.173096013324681
-83.87299750657627
35.74847393740214
44.216463770613416
-44.53657570178504
62.48092197393703
-45.88204347443621
-15.1371042544651
0.5052770605056622
70.54329690856025
60.074447145730545
-49.15209087364031
-54.50235412900987
15.536192640186727
-47.814405617983496
19.662418421978828
30.261356654274152
76.08841657488614
-41.61202408936843
-11.420818057833515
1.792490629942563
28.03834697709634
25.107992004061202
81.37018085694336
33.43051888747621
18.382045966611273
41.10502219669905
-29.20756198089512
77.33435588899007
4.597489475022158
13.949174591082794
27.10692732914761
64.21332258413764
31.05667942349274
-3.7877655345768915
-38.06302787134247
-73.23569147616605
-36.44118140363996
5.959640290821568
-28.641220000704593
70.86315725213697
39.68176173459142
-20.554616804423247
-74.48579351694931
63.56687046870928
49.08427196591532
2.4899153922496566
35.695215446897635
-76.23917134411604
-30.962436551650995
34.36091738031098
-39.25984996172337
6.949830112711922
52.75043436692832
4.553548299261806
-64.55758103155992
14.694242072773946
72.75564684133039
67.74086227510782
22.3599068193721
61.82188432247483
18.777267313621124
9.89930323791424
-51.36040573101619
-0.6459215290582279
59.157806945411096
74.31999825658144
-12.989090868580519
-76.53456826888703
-48.840507435853155
80.24231253883073
50.61488393248908
-27.880883224572628
-41.10873426081466
-23.166512886639666
0.9184736545689134
57.77508394290325
-23.498636463196476
-58.66618890570361
-2.5951750535754314
-5.471996848894918
71.62059842181023
2.057252377781438
20.525017604811367
-26.34969636559765
64.10750717533867
-9.693278064673223
-33.88005152501685
45.22275285481797
-80.66535501234075
4.186790250016941
-41.20616371649815
-10.6733837075911
61.9389802835214
27.768280746265376
-32.54672888498234
6.200793736563966
-1.030653484179311
-2.9922160216797096
-53.565411521545
23.527327679574
51.10742480351698
39.80721757565266
-62.9667783986429
-40.48162711256874
70.75057666684302
13.644089433030985
-25.245952495040342
44.09108433207891
5.574060977870616
52.51570096005335
75.82969652393865
-4.647912392676801
-67.3447793167521
33.05058561240648
26.524351179590667
-3.512968164804718
81.2828580409417
-32.04199554384968
0.21458362273459386
-36.45458092153579
61.477316045038066
-34.04634974390792
43.08320335489489
82.08698206559245
-29.789536272291414
74.31150047561658
-35.49829419770323
24.574422849122527
22.290063629975734
-12.098782463986879
-72.11152846042529
-83.03913007062201
34.312280844144766
21.62651207107872
65.99673341299513
-37.62739102822225
-53.93272527881125
-70.28995668644757
76.53281585533298
61.952144350938596
-3.5705523225292097
80.9862703172503
80.74372497041912
1.43382763540518
-8.000202536689486
2.288974912939068
-28.477362717339872
5.274400595461401
62.32781927311186
52.17768321547763
-58.0449869349405
-79.19784730125917
-19.8888671896633
0.5707455826545385
-51.76959659633793
-7.469719295663154
36.28154916412126
-52.02122350100534
3.2958142594007995
-57.82600206284498
-4.956931368372139
35.116441227378516
-34.12852330484845
12.139821515271493
2.0025335110711495
42.23333402736819
-12.926106680457238
-19.889158362667573
-11.825636640495986
-0.4657311982307135
-34.02843613289041
-13.521058234859552
-29.315946829834687
3.49973091795583
-52.74131891909653
15.325762836385238
80.70077261709037
0.3513583437405572
0.7136750154957809
-14.714842197838337
36.485018360016966
9.954588248531692
-50.187171781143675
49.637948806931064
-56.531668460015716
10.135488968783264
-35.69523173355694
29.39874996992593
-69.60017217039457
9.803539298999297
-29.455588939662462
40.51060091604026
42.37428624678404
6.335212108577792
-26.334653851879168
81.68942613602351
37.86977871712429
37.643063601969516
-20.093144229879357
-19.38348370761453
64.21697339935943
-21.33031622914808
49.04485483717028
50.11035191247936
74.97420140907428
-17.336750778626552
-67.21504870336695
20.302114210120422
-60.74705269182781
-62.90023862209281
32.80384805597029
-18.51966749155396
-3.46583536321603
-10.070294263120559
-34.81259561154918
40.348134868909284
-23.754516335077923
58.35335980069374
-43.19887365840425
36.86556315506519
-18.18251518962765
50.06493641739311
-16.443998375483858
13.25509272595707
3.4349935732285957
26.79289612694545
-23.101905898043867
80.05138104960454
23.097223338501095
32.56596963903044
59.434965897774276
-0.3536257022387872
7.255295616391123
40.50212655906731
-57.696572363243504
4.141327238893041
68.5993932735345
-79.44916417831577
-9.89571480862368
69.43529408964696
-69.00398492728252
-43.75313025110232
-11.363795564335817
-72.36211138463686
-38.21556457920062
37.221548051244156
-52.371794937347566
-23.267485708050387
-7.535042000335494
14.363978551403306
21.908917270572346
-62.78895602519768
-60.42890513539811
-75.68244181492707
20.073390386338815
-31.15756310750146
-61.9705016929617
17.78103088526005
2.8570309218943493
-19.13484379492732
-24.370822965579265
-9.250280453362677
-18.719744831912777
-51.696945598715764
-8.71413652071493
24.041394256264596
7.505956353248095
57.660624303123285
11.812856606646605
-6.776499938982624
-65.7548793134474
-83.39242212396034
-49.98961524336291
-41.310553037657264
-76.71122818461316
-18.078432552953373
49.26016492082596
36.45993886411921
11.195710290290222
-32.81276576215551
3.451701736623761
-46.298662951816304
67.81883991628663
-51.77713512665125
-12.458032344583657
44.95494833173427
-46.56360403486271
-8.789716817265386
78.68528913065327
12.716832711399846
-0.3336603606502422
-4.190387954031905
-13.0558430458656
52.532140710756295
18.426010811384273
72.36665664836872
5.411929800039644
-26.413722509681648
-20.937906564372625
-52.016732398230054
-21.433466899094114
-3.0529967124492146
39.18508890294788
1.992881547307718
-71.67813962444512
-23.37425003166534
-43.85619159508604
44.680775491678105
-11.434304418954682
-40.34599564602614
10.904570891786719
7.2359534134208445
38.38648331674534
-52.30904812215586
-80.59574517047943
-2.9794841675240065
-23.511886092503417
-47.166178142525034
-62.321936430553166
46.85847170953315
-61.500434237744734
-4.596496021577309
28.839124464518463
-24.794867383555612
3.0202311482724156
4.554199880641335
-5.841852353730729
-5.2643597943268645
-46.76554175949329
-45.259718303150464
-25.5688163364202
-1.973154060353707
-46.01501057187354
20.325330960577176
-48.362705726988224
35.80000626537955
84.98570154671609
-5.4735174653283
8.526596326029662
-2.0487507820383826
31.815978765879407
-16.309929842907906
-79.77073888097746
59.06032381795063
84.88808291953859
41.95057931072998
26.954758230938737
4.066686701591294
-15.166455762930042
72.38589714704591
-24.589697157921478
-82.36886724613244
-5.954561720516267
-14.358389362220066
-1.03643058336624
-19.360880787167403
-13.831560195282606
1.0825776191906016
72.5307832118009
-4.75044157038478
33.291842359915734
54.15425056740963
51.71659902062885
-71.38084493947065
-26.890143871022957
-6.858819595559822
-43.48439700942626
33.308274253224056
1.3054645459330203
-57.43212267177558
14.08060823399127
-15.788613874067138
82.96163272859354
-47.72181770060506
-10.513357365701452
-0.9431457959422573
10.579037812015017
-30.256289281604282
-64.29493747228975
-59.82394471839045
16.8827576365032
-22.415575535723633
18.40942672910191
-16.328051522074475
-11.81539342106592
25.662934798325594
37.22479709763323
-7.192796551385456
-9.320185956998927
74.14230082563265
-43.997052168013354
30.461961267598383
-19.33284957692365
-13.383217565525896
17.863523041860134
16.506740566357507
85.39886770853784
-41.74948603998274
-31.06528676322617
-15.957852954355914
7.917314810335796
-12.991693827899695
8.269426914658084
-39.43785066690675
-3.130758605199361
-57.8286282146649
29.996298838130542
10.741899058160271
-1.9547937850395698
26.119075598152165
49.196879032652504
74.64080041133622
-23.82632396358413
38.132409886042495
41.98142328972551
33.336936866068214
87.66753528156872
-23.04937698288441
28.758855765428677
26.49963467763574
73.67670427258534
45.89985611530955
-1.4061494355581061
32.268003204191785
-12.41908495122614
16.89890958976423
35.49130377445684
-32.73255814514765
-62.88586964605481
9.738416539711764
-45.29487769556642
29.773377624838076
18.997629839154357
20.70230589999737
-5.463768460691426
-38.261962903119276
-1.5571246250353568
15.316580942975634
50.365912961451244
-18.970711816700202
70.54331266397236
-57.34754397308337
-29.53883514483168
-44.50188126133
-4.6420878961685474
75.69430573109207
-47.56161008902435
15.039560724728815
-47.495422582423906
-20.164562787898802
-5.652600764915007
-66.39634501069798
-58.47818809584528
70.13354440789257
-4.538107053496489
-43.877091456732614
-53.54490361591773
-11.40153220406981
-1.9743862367955103
-10.9242437359093
-72.37778035137345
-9.796314420320272
0.39842153597567176
45.12007688981609
-50.66848976395956
-17.25649476765912
-82.83773047680243
-9.240349693927058
-69.86104779809989
57.47942576584657
-44.02376059814536
76.8090254781234
-25.609298073700515
12.24525779768004
-64.39174985590276
-38.86963863014286
56.25246092130695
-30.859657595881146
22.420611401545273
-4.915629951297504
-55.14614951968761
10.447000159925139
76.38947856796216
68.33819319539592
-69.8595797584141
14.88059010152243
-55.723915916630745
38.19269025359438
39.68446084413594
-2.140478659528952
-4.122615135215952
-43.99361804792955
11.361469470920866
-11.225873738054077
29.360779666729414
-35.23127506240626
-17.31566011797692
-43.058006209811104
-27.21443429207355
-0.17451962908857865
-13.793763256908761
6.2823764784147755
-18.63367897194287
17.928532877827024
-38.381079467812874
3.9189076978892388
-80.1240788813567
-52.88839111377409
-14.074910825027814
69.00103688156145
-70.15334938158784
54.71769469959804
53.54510894793955
60.571628506098534
7.191506305378894
-70.98852981736508
51.03761761906148
-67.02736175688169
-7.452350014109626
-17.083958325874278
-18.95739277819986
53.46868525286399
-7.149336899567174
-37.23714687284343
-53.72419184252918
-8.005796223531362
-24.8108869028097
-8.22348162162163
31.418004228863254
-3.094024020355519
58.07882400325869
-13.761781423948847
-56.96029379535552
53.70023421186414
19.339773314675583
-17.326614687978804
-0.45778411904862537
52.67901460986758
14.41312592164627
60.83600340213272
-0.18450482854279926
18.431697597883158
-24.06784852542704
-27.111321267101786
-24.04946889471023
3.917269976288466
-21.45391050206588
70.92955230571351
-12.447835823199512
35.18494946333851
-11.680658793725016
-66.56071797340473
60.911016372560454
-56.96554352083225
39.339877387979215
-50.138282461005126
3.476982382915679
-17.624622046163537
-61.764397160749446
15.07949329029853
-11.781729159675976
-47.475161228759546
50.332672258696334
10.31853335459229
57.01650766469882
24.977185009058445
-40.94426726695612
-54.329557363992315
-43.58992853718818
-59.84886417124902
40.02492695125605
25.014115230828196
-22.394650413197184
-28.79385652738688
49.90090298382887
-10.95564862597088
-69.54515531145017
7.057246315782535
-65.32065227638358
-23.571044062818373
15.745597961106839
-39.81042905202064
8.09174178000714
20.355544913895542
-45.977530907245594
-56.56117171069689
10.78981639287342
0.2755637794203949
-14.128458473098362
-2.5581528721905045
-3.5737213546435953
28.7961771108875
-29.65214378529781
-21.38726071243417
8.4631219349899
29.126487862579268
26.973588335313906
5.310543135085311
-69.55206323721484
-0.4565054700143776
43.18394865397485
-31.39774348224067
-18.78056100543347
11.25017647108207
-42.04949437997205
84.81301279539372
-5.0122371230039136
-19.608190445062633
-34.62034243470246
3.3734193749553327
-23.80426427690152
-46.21623693614277
77.58126305212753
-28.708893882650884
-33.32423656143095
-9.561538223264932
71.93740506429697
-4.330521689164584
-38.83308443164298
54.034754052487415
-40.96661619998338
-12.75544629224521
-37.20421867046887
41.639660356861384
-1.5411308244108
27.659132705111276
-0.7178619465286005
6.9021421964128535
65.71246657291618
-32.59105327282826
70.26531264733694
48.13922166240192
10.940802676976901
-29.55944442699952
-16.996863692970905
30.282555779503298
-10.417205932746825
-53.156557885988
-23.562590783748277
85.16126154489689
-21.8652045719207
33.007103373296275
-56.06059280619286
29.942768237520994
38.58228276901926
39.51538728411856
-14.683926806992176
59.16860457900921
-5.774497911192782
-7.935806808204958
-36.35860676967856
-7.250739608731749
-31.65580949377835
-17.8619875594881
-10.32170011416288
0.6486781937855426
46.428962995664676
-63.86102690887124
16.44644571700239
36.26466272129437
71.76538171133222
12.171314493883528
-60.941588743874135
64.6052782210304
33.71857429907064
-13.473162007476887
20.60911051923651
3.059640691616977
2.539435457502691
-46.044932512622225
-79.33234857014345
-69.87237353755762
-17.581787874265302
17.7919912479517
-15.491406709840717
-69.4909809498785
-0.9558222157327947
-44.01736201400625
-76.18390123447053
28.902186192384534
0.9167055280339156
-27.79332472179084
36.97354758178412
44.35598096396595
-59.39244582672895
27.697488848927847
-10.838939172213117
-32.40291088463867
-29.391087959059973
-41.53681182809223
-32.65079732271067
29.38068432312467
49.470114799133086
-69.90550915007375
-14.761028234833674
-1.3026088886913243
-2.6644293456094204
-15.841760268861066
-48.05845329681322
-59.931397306946316
51.05646671501083
37.438039817005574
-0.2969717579867819
17.187211435952534
23.59830683832628
13.010379543732995
73.5296072767467
21.539513042668503
-15.578304073379726
37.196164904958096
78.67617147404277
-57.103081429996436
9.93900334923029
-60.421146158174814
15.996259628505598
51.58404845798751
-4.8914038690558215
-43.71899018450848
-18.48555089133926
52.80838926031291
-5.987910396175295
-21.26086872534347
37.76620230617999
14.454510187130012
-66.92550022110476
-27.120960764030727
-6.899991657842193
28.57913396511583
29.524330392828134
-5.096822565591978
45.7285034472435
33.71010651140665
-28.92970892349119
-0.06563704840365858
-27.727927392669855
-14.343823913601184
-1.989512628573081
-30.652122320656005
-15.981238365396209
-6.939699529608475
-70.22016485069662
56.0269610201681
0.7672635456085857
26.055626268347112
18.02203220853349
-14.971994612937024
-1.1223469091275007
17.782743767829373
11.654866198027676
-25.290881069421275
31.385347010961596
15.952618773169092
-68.8468354101159
-48.4441123042612
-11.57911072192644
32.98611749774642
-25.234387331049845
49.69554526543902
36.862130220198935
59.15326152266624
48.61492552802426
69.86944377988783
-70.7756655804748
26.44777202076469
14.706678745640076
-16.551137795353597
-48.70586136889354
67.7334354343831
-6.015532989969515
17.00567852456652
-51.4942213530844
-9.856390501641101
5.37759990742947
75.38994206404521
-61.142017906282334
-13.008068201162331
-21.88555817573024
-19.802329604262326
-58.830514489251684
16.169662473109284
-7.340043364152265
-51.07867599172558
-48.211366928873495
62.51029774382039
53.53184244926695
-23.065846600259647
74.4747564516764
-61.08007276324376
47.97648536205526
81.59029467985184
-44.7717823755692
74.2153908518628
42.042916767338056
4.2063347348118185
-19.455367512075867
-18.321984055550644
-62.57272991282827
56.35786855266315
-13.105238128567237
-42.63807594334368
12.273538785099603
4.70106007230072
-4.019325791353722
-22.54661512003851
-36.86158828235908
-24.96864934876365
76.34946609231122
34.591284191087595
19.95232511092979
