28.09239165374531
-35.19294089017064
-56.465795381533944
-56.06658008047278
-40.69542083756224
-29.946477349766155
-43.65928865626254
17.761659069623377
-47.910836167235956
28.37815095772477
15.815910007249386
-29.250555846640296
-6.056904425945589
-15.042780827528588
43.50748560603725
26.650758941051507
26.859944403982155
-29.689982866071418
48.607664216903146
49.263627491095775
-30.771214694955674
74.60415808753046
51.04556696272343
-32.37361697196174
12.559677647149755
1.0450341283433318
-40.89984889853308
-29.1972943353297
58.381881584694355
-6.021026713422842
87.02213662649228
-8.406278242551181
-13.598424593806982
79.05825784743666
-29.359907292322077
36.42025387788448
3.182272414719364
-69.2907289302503
-26.174182267596947
51.4220777661736
8.821174894225805
15.005913492786277
-35.04976133362448
-25.099767284946026
30.167794386943015
-83.52856921980117
76.01141084486767
-59.41041938833423
46.11110937978893
-14.678590500967886
-1.5745823368151548
4.38228022293805
64.83522232678766
2.4419143409042334
10.395647394223474
15.57958522363954
-20.44942208731058
-73.04262276731929
-1.274183029410736
-1.1708162343274608
19.575610035092296
-31.584744901807554
36.770757380054846
-0.7278651134972876
-15.660988984362973
-14.538567250417884
-0.02697113192519396
39.98354046619079
-7.061108602981378
-10.22182746700227
33.43848497645615
44.93880376935783
-50.27748877173792
-44.93466053194593
-20.37371662101549
28.92079890608089
74.6121985607659
-36.371855357726105
-55.607729100811255
-38.97772350945674
-14.808226007790822
3.551396116147643
31.701823553266564
-14.713166470747638
77.47612745501402
9.230588116669438
37.85053557905522
64.86278074871223
-54.395162519917
30.470868415116144
-51.72462848811887
-27.03045360190427
82.81912236865207
38.45380949293249
-34.61192009004514
63.08828188526803
-63.32367267352724
-29.65452024016342
24.86257777131651
-16.410714397476923
-1.5259084244262198
87.1891297907772
-9.261204371087302
-64.3740757701938
23.928187726408282
-7.6805236098802965
-63.66519302584146
68.08901796349468
-60.71219495685142
43.635315130081665
-1.1687642518593293
-19.382969000333347
8.527641439383629
-9.553478376677788
-71.89242937504338
31.285868167987815
24.425625487650365
-3.4783379207986513
0.2702910545491477
0.6364475339072442
-27.405476173832042
-49.13987330116963
-4.504523995254004
-30.405015840311023
-28.470792628313717
4.050183747174017
-51.95532329859589
-51.7839223036589
62.15001395344993
-54.20476463890907
10.403970558811253
9.97539805711125
-29.090673343875068
24.61983542178163
-17.029973302617535
-0.6709260455249364
-25.74020492661964
-58.18458418751343
57.32104884838506
-48.72869236580658
-48.33199522516741
-19.35946335001782
-36.40088252415483
-46.1286078628635
-8.076602677174193
6.363413215111578
-40.5061203832844
-27.413804116974276
-69.64708274571764
32.610355894037355
-81.72136179555652
-2.554001732003627
-4.819096843147605
69.04701568334562
-3.626296505547458
33.7892232998455
17.820594604399034
-29.886014801620846
-28.369224049854523
-48.13322720689228
-48.9551522589075
21.3146697843397
-34.683934864928375
-59.02311124960815
65.84177908115026
58.46510303795847
6.452655990606587
-62.45613835922149
-39.74271425739572
-28.01478712513223
76.38802624612464
-6.333723499113461
-0.38044051233487153
19.57280872727928
46.04810377185581
-10.742669304157161
5.2748238358363295
78.71147418643329
-6.239531327670818
-12.827881826062082
-17.2489467802134
-58.69378028763098
27.87606387248742
43.89989562215263
88.72209713821317
1.7106429239320562
25.436325108912555
-28.56166457675438
-34.221720243638025
-41.69957446037225
-14.186559528049074
-83.86445204900731
35.742189646123705
44.24759565441448
-44.5917795305251
62.48776407037528
-45.85838131758336
-15.152331117323598
0.515097331969784
70.52930021411458
60.11149825941001
-49.126816078448115
-54.486651604415634
15.532854028565225
-47.80123718383117
19.65500477700094
30.29504515528319
76.08009490890535
-41.654470792714434
-11.424766197193463
1.7686778058589994
28.057496491211623
25.09369401273166
81.3752002329023
33.46751177014602
18.402466625977482
41.13904074398317
-29.27368995669356
77.33304907405497
4.5619237181357875
13.926570814742263
27.15860707556851
64.19329272285631
31.03380499584432
-3.7789244611303587
-38.09768387904942
-73.21779866767767
-36.43351912429275
5.961854774118635
-28.63209645728037
70.84518173025296
39.651089836576375
-20.58570781708427
-74.47489807505077
63.56944922654898
49.066064814251206
2.4747572571377816
35.67265081631456
-76.20658726685087
-30.99028445779389
34.42634251287811
-39.244329665459965
6.965017449647306
52.747003101565696
4.540214307552631
-64.55305352116412
14.72024209052168
72.7851760478645
67.74022829998299
22.36488275934022
61.81122002840377
18.814720072862144
9.909031017622738
-51.39683862715196
-0.6467200631200853
59.195706525866484
74.3140234524717
-12.987555886300086
-76.54396792189029
-48.88530938857905
80.24845558059212
50.65527038973195
-27.87905516294805
-41.09495498565148
-23.21153039399367
0.8964661049391935
57.75544495670937
-23.547476147625304
-58.64086858401183
-2.61717218081138
-5.464166948335418
71.66068448546926
2.0232842615216384
20.53152253958514
-26.337215190499165
64.15588363888875
-9.74298131545855
-33.870264291056806
45.21754038975956
-80.64961944596037
4.184126967912306
-41.256077759794984
-10.705161641492708
61.93645779635767
27.81214427930898
-32.53406513209276
6.208495443218993
-1.0399558853764006
-3.014118424686245
-53.59129615205844
23.51586048313311
51.15535480508416
39.855914093880074
-62.993866717571265
-40.52479900873835
70.73159133792362
13.622513259417659
-25.27327493197805
44.08485769161291
5.584628924134478
52.515610071916626
75.8118915138852
-4.6400126825340635
-67.36037384261844
33.0787787219638
26.52124778792181
-3.5090134120693364
81.29680381492847
-32.03110140954577
0.22214868279147026
-36.48395280254339
61.51754611608587
-34.039376961981745
43.10865120655123
82.09366760592889
-29.774098668927067
74.30584829751027
-35.480116031713216
24.62115503036614
22.266487496027906
-12.096449481420393
-72.11070634855463
-83.02988932984553
34.30726524215123
21.67031982833288
66.02037774803401
-37.61330121373057
-53.93403700547821
-70.30417151005503
76.5208558188341
61.93552421982682
-3.5858930272515153
80.9913266636523
80.75461635654429
1.4075642786672802
-8.021467042588768
2.263599324351503
-28.46860860216654
5.2404679051551
62.31087170948277
52.18658701158674
-58.01918171538299
-79.19005080167702
-19.889421477328995
0.5533904120425603
-51.75077780596362
-7.492443583947576
36.327264222077076
-51.994360006100905
3.2840203618180652
-57.79637387624751
-4.955137111032428
35.148034575721255
-34.11982691880952
12.162439925669204
1.984370055347057
42.30522388742128
-12.9649743527023
-19.946536391836503
-11.847873284610927
-0.476613671657546
-34.022026396999095
-13.574260244013658
-29.34075056401049
3.5013130011629414
-52.77164313340642
15.296412656024515
80.70432591927707
0.3348804603559188
0.7082101215031713
-14.715493822518894
36.45759826847541
9.922239887341988
-50.16409654278789
49.61968836762085
-56.516604716922366
10.15258573297207
-35.69945092588015
29.45524692833216
-69.59146595892497
9.812958920517119
-29.466730087999707
40.50655102388882
42.40440889886983
6.34828352006663
-26.35344810558776
81.70794694088963
37.83674288500873
37.66782276623994
-20.086374304810988
-19.374274918737328
64.20296861080129
-21.37810564332713
49.07701893016963
50.16558633578296
74.96010883189746
-17.362601981256716
-67.18121323923117
20.34040345415775
-60.77569529599378
-62.89802772580341
32.85718580316154
-18.508953160817796
-3.4828099703152873
-10.073714005251247
-34.795648546393885
40.32209391111752
-23.75057572958832
58.335624801747855
-43.18416052974664
36.8936818939992
-18.174267971863145
50.10170517424808
-16.44968601882188
13.256620147736896
3.4452271087253195
26.844346747492224
-23.110952962064346
80.0756794949651
23.116146409325765
32.58171157898178
59.44332096757469
-0.37030073803174446
7.265786512105706
40.50529164579788
-57.681016666444336
4.1357834987854005
68.64414844156266
-79.44137813432032
-9.905402036183759
69.4242796314764
-69.01949307664181
-43.79753888760095
-11.415388590806941
-72.32792237638327
-38.25537008080146
37.202731234313546
-52.36186748018422
-23.259202612445876
-7.542342334150277
14.343434042710072
21.928546987949062
-62.75821070254009
-60.40215817185175
-75.66204037917083
20.1158224247894
-31.14540372882358
-61.95761971122165
17.794199865075328
2.835196964703826
-19.16846543423891
-24.358619846647656
-9.270970579013039
-18.752035894373847
-51.67865637920677
-8.705760796149534
24.007540255942374
7.513744878865751
57.72446622370333
11.785393639005989
-6.7809718987351175
-65.73010690840985
-83.36768470478445
-49.99952083760109
-41.29462852517559
-76.68314151471048
-18.067914038403956
49.24472291175644
36.444691456511634
11.203554206777497
-32.82092587005776
3.4436216903865926
-46.2751141835784
67.85548967136373
-51.75074521712744
-12.449332306878901
45.004441923080634
-46.59884341734256
-8.793362917520838
78.69849558690768
12.741727283435608
-0.3511549040875934
-4.2027822166524516
-13.04784108845098
52.52948636911074
18.424798913717325
72.39018002778309
5.410618934131463
-26.471784985402053
-20.982190128430588
-52.030809067728846
-21.45357140014869
-3.045895738982736
39.16052849620121
1.9728487175594438
-71.68105707958252
-23.437282633557004
-43.842367249727154
44.73531614057384
-11.451957938852331
-40.37475720599127
10.917013206380517
7.209429532754825
38.37424194379926
-52.35460067742536
-80.59001633072683
-2.9741419562638782
-23.521084388100135
-47.16269415590713
-62.33648014162178
46.920554464414295
-61.469456475870636
-4.62263101478743
28.895179390971492
-24.7846643924547
3.0319953966472895
4.5666757185400115
-5.836920339862218
-5.255702132664965
-46.74930366457939
-45.23861467033182
-25.58469295939385
-1.9870790970943517
-46.07197678452666
20.316233508144393
-48.3426712492321
35.85996388750743
84.99345884366628
-5.507727518794596
8.543243891976218
-2.0550267705133933
31.81526035682407
-16.352981048041016
-79.77333814373334
59.03786923573679
84.879972568818
41.919028381798086
26.997249646255796
4.078015951641916
-15.1855689611577
72.37128362997362
-24.636930609399812
-82.34983104745693
-5.95484186287986
-14.396888354984071
-1.0694042367298806
-19.364670368560823
-13.838475583185499
1.0898802980873512
72.55088565091981
-4.777957504467082
33.3423024772581
54.185319996488005
51.69580802522273
-71.3684931843575
-26.90774212557055
-6.872425428280579
-43.46211300019863
33.36840053417694
1.3150492410943713
-57.42981116231518
14.10539680919129
-15.802428375712978
82.96957447472909
-47.763756662117586
-10.532711783992013
-0.947584702903427
10.578073187646666
-30.31500738338302
-64.27056980924368
-59.816959729153446
16.888360687867277
-22.47660831354854
18.37300716458725
-16.318668091424996
-11.806821369614838
25.640066259000918
37.248594600742734
-7.227354689542821
-9.344929104357192
74.14754096168238
-43.97820686893081
30.4271792881801
-19.329648375805945
-13.38829414854358
17.856532768777654
16.50111945377941
85.39778923135052
-41.73542235826541
-31.049876302728563
-16.00114671455121
7.9242311400446255
-12.983105738447748
8.277652441376702
-39.485415411262025
-3.1478225643302267
-57.84298044861726
29.994847244847534
10.723541915656611
-1.979162352144158
26.118725249183015
49.17876488440322
74.67485988003324
-23.83318291623428
38.18457695460211
42.024136326271815
33.335491275801246
87.66845691430325
-23.052167695376212
28.751635627766802
26.47188102615651
73.66137684985299
45.911196793903684
-1.4015443995720744
32.237883277807924
-12.420023691700663
16.933572184782932
35.54029436501972
-32.718709109439374
-62.874396807022
9.754640635475624
-45.272631049300266
29.835015189354507
19.01939347206435
20.716064853458207
-5.5064157978109876
-38.290367271390195
-1.5753151338793856
15.339654034531591
50.38014023190033
-18.959929740715666
70.53483959523794
-57.32468820287222
-29.52395497407946
-44.49978212943361
-4.651556018477535
75.72071320910348
-47.59965807253784
15.014114326956943
-47.5070367734762
-20.22043376922224
-5.69518879936895
-66.36363542627667
-58.45238220790873
70.17460186803424
-4.567407630187887
-43.933362533189054
-53.528343205503845
-11.404975767311399
-1.9650075698728813
-10.938764221584663
-72.39089066499692
-9.835424451302345
0.3856924688337102
45.1192144395244
-50.647489611894805
-17.249734801887897
-82.81015339624813
-9.236743543165417
-69.82639658750989
57.53866757378077
-44.036010795668524
76.8357370881561
-25.604509037377568
12.269194186850115
-64.40688123495043
-38.89728785824632
56.26840256662476
-30.852759557803964
22.449359885293717
-4.940557752661547
-55.11972647290692
10.466104052967125
76.39562613659422
68.35435407480313
-69.86651065436455
14.849232639093543
-55.69733666064876
38.23148281468036
39.71012770916843
-2.1596765208824564
-4.147683419588432
-43.97112639176954
11.369220043341045
-11.221946083552155
29.40026457889411
-35.23129178929824
-17.311453191882975
-43.03858789973513
-27.201041238213406
-0.1653480873501394
-13.822832630862507
6.2742087017418555
-18.69502126798534
17.937547590361305
-38.434532176809554
3.927802100729778
-80.11537986943529
-52.86893132928898
-14.124876232059265
68.99458245405205
-70.12138343539638
54.726158425643064
53.53364460346762
60.58237814503744
7.207188336059772
-70.97373714306106
51.049312959057175
-66.99360532423538
-7.472227898018588
-17.077026533515422
-19.006697090700897
53.48779206174626
-7.162663678688816
-37.21855663376105
-53.712077749619276
-7.997124900993242
-24.849889518478307
-8.222872853856288
31.394213111688202
-3.1245518986657856
58.140402185194546
-13.813820941565481
-56.936503702834514
53.74064837747454
19.380854592824264
-17.31859384314218
-0.46082083199809176
52.73177517359389
14.388721662930024
60.83116920164551
-0.2028406120975319
18.470330432400104
-24.074642425500627
-27.1022824889111
-24.10847554613146
3.9270647155996414
-21.51698046954172
70.91789696957417
-12.439724740990656
35.25293069860365
-11.70521221679516
-66.56485151962207
60.8894044994866
-56.936862046144164
39.39070586230619
-50.18198415403196
3.480718901870574
-17.647101321576685
-61.73296259349105
15.086431590688719
-11.822622951499653
-47.45230604080284
50.30886748317124
10.30679623927226
57.00242754951998
24.98499827864393
-40.931118553466995
-54.32221799765232
-43.628063683513446
-59.83678116745476
40.09331013948929
25.046395858615
-22.446408658773677
-28.81364582987321
49.95547643301606
-10.951990917486398
-69.55757162701046
7.063879600564448
-65.28939097338903
-23.61526090235745
15.770158191848253
-39.84422738288521
8.108691369926888
20.349281402988552
-45.96084448528836
-56.56475689982595
10.774518951938575
0.2758289021410718
-14.131663429163822
-2.552768737535601
-3.602773405539665
28.779316782328664
-29.644032143845905
-21.402157877244647
8.46687814161973
29.18142209444582
26.97640587660898
5.277048605519326
-69.518966637242
-0.4680826077428719
43.1748713682299
-31.398270693107037
-18.81374914502419
11.26509967615938
-42.08792593869874
84.81593565671821
-5.021973707648925
-19.64513137009044
-34.683553552200586
3.3809459543025326
-23.864267292184138
-46.199400160430386
77.61119368409052
-28.74406035015531
-33.34164049374644
-9.572470093642167
71.93790537614973
-4.369164684396054
-38.83184276709298
54.07022107159335
-40.98187347187091
-12.751876111296028
-37.22164582050191
41.64269003712448
-1.5316073583314846
27.635529348786108
-0.7493121294413214
6.9171707686418245
65.6900288559122
-32.592371567394224
70.28103495292291
48.11474388197075
10.961881775002439
-29.60719407230016
-16.999768409543947
30.262782897630814
-10.438308305792603
-53.13573364375528
-23.575890192090213
85.14998920757134
-21.920646837844217
33.01120217468036
-56.03659137762095
29.964057263944838
38.65232618117014
39.52848321138384
-14.680522917283056
59.1814345024103
-5.781753000893275
-7.982859196932978
-36.371859409031075
-7.250268975376358
-31.713567942453167
-17.901909827435034
-10.328341675567643
0.6448404526468607
46.42201795831784
-63.84855034354699
16.444973864302668
36.26705311715648
71.75189980908937
12.19091743470942
-60.915226198694334
64.62956282805195
33.78083594528334
-13.490329913433499
20.621662486451115
3.059693307409347
2.541547360408245
-46.028023573265514
-79.30268319658263
-69.83840843412347
-17.599207168750198
17.82896550834785
-15.482003693267316
-69.4792349140831
-0.9745626297772532
-43.994627089824
-76.14808072035825
28.941421603108296
0.8950301042369802
-27.78380089655218
36.99623716163691
44.409790696720705
-59.386590406512155
27.719666930663166
-10.844210284534057
-32.454837746628115
-29.385884317964113
-41.55572367688633
-32.69665089354028
29.347355269310228
49.44504233066883
-69.87333015971271
-14.785890520354556
-1.3196873978689325
-2.6978042906512343
-15.889697106088192
-48.11210875834715
-59.93376617594243
51.099012214679306
37.41274321816081
-0.3266921654796846
17.222180709338105
23.646941734173623
13.005612901001598
73.55055517087939
21.578365223766767
-15.595924053420347
37.24301135197936
78.65925824500417
-57.13591552923906
9.90723650400517
-60.3940291767449
16.02913064652863
51.587323037575146
-4.883426322896952
-43.75365307827655
-18.504279808645492
52.80442204436645
-5.984581365190536
-21.257749839330046
37.774523680027784
14.462749568672237
-66.91569590903448
-27.182538080980166
-6.94433137448253
28.623462313346124
29.57607249939666
-5.097523653102968
45.70746068290296
33.68447804139214
-28.914882100836294
-0.08389235970113873
-27.71942527404036
-14.334423508532595
-2.0189597318772883
-30.687360045198616
-15.983547541379764
-6.947730894654995
-70.19110880201359
56.00817118489462
0.7723343142945822
26.096071840386188
18.038434981479682
-14.979131234966573
-1.1151484965873522
17.78126062375108
11.677624559346995
-25.299936974089633
31.356953228592175
15.932616914998391
-68.83489383278412
-48.49372107275395
-11.573418721943057
32.95454526083091
-25.265131676056242
49.69127861863086
36.89955595889023
59.140191528326056
48.60691904024213
69.87064902494473
-70.79573020533101
26.42561761399911
14.735947276802321
-16.567490547853637
-48.74292960542338
67.76763000085248
-6.019894405334966
16.982510286589758
-51.471932492994995
-9.866757964796761
5.376366553655799
75.37856787896433
-61.15220072856448
-13.009566215659717
-21.891851829006185
-19.828169517359726
-58.80400817152512
16.20299847533012
-7.333836369711349
-51.11736465477917
-48.23780187190421
62.53126824214169
53.50571991722518
-23.108519819752843
74.45651197127597
-61.082131316480485
48.0082006383457
81.58849173743604
-44.759627398445716
74.19753624211171
42.02895516155391
4.178125902443213
-19.447475834475213
-18.327195713132568
-62.56451826967643
56.34244456952368
-13.126504170231385
-42.625316092465205
12.284334018674869
4.714085620762475
-4.0230939866435165
-22.578349934447075
-36.859408399511786
-24.959761794889545
76.34482402021737
34.626002735498844
19.961274421056544
