24.839415411243024
-31.37284839622265
-69.77776751736508
-70.61681727135692
-49.12939284642937
-25.434051567445252
-41.148357760818676
15.770034046319509
-53.162668838996424
25.35406547189355
14.370546681802125
-23.540317094281278
-4.278177351375049
-11.598943768812575
58.76181635706257
23.454181697109817
23.96784330729224
-28.33334107279434
46.56996315339188
49.94885939020509
-29.80532582795034
73.19673581365257
51.230344485410996
-29.36443577917383
11.479076403714018
1.2517188112829984
-39.505385722977245
-24.04196579522072
54.30608264289032
-4.237687264170816
90.33848443907695
-6.533358256916856
-10.494659680481718
80.31189078269497
-25.737596112072907
33.41128362650909
3.0836189951363195
-68.87722892903665
-22.10704398615259
47.280629368564036
8.277466632567624
13.501575939311167
-33.776802355599045
-20.014414311966632
28.868711071293433
-93.43399885246237
84.21424999659683
-60.06587931476388
44.72081280389736
-17.60250327804188
-0.728469016806315
4.5450128814240855
62.20453415929731
2.8618926795464006
19.33974050261284
24.256433395031962
-19.951466690145054
-75.45725938480379
-1.1312329766092972
-1.8160261979193422
17.50085702435814
-40.28095482888209
32.9820224216225
-1.0713711527520502
-12.627489062340885
-17.91117922392573
0.7340559009137451
41.82155873618777
-5.591140708539257
-7.692520474870406
30.09804158831639
45.77822962862555
-56.75719222730412
-41.3837461564595
-16.375124624358037
36.133913181794156
75.95223282182485
-31.73669645168279
-68.3534100985245
-33.93056734454215
-15.817660881071092
3.2730951576857876
28.671398766368313
-11.51656550887023
76.56564352070166
15.779908656940108
34.98512622339328
72.80881659578867
-69.28064525595748
45.683776212911965
-56.26332759375842
-21.840944478665506
83.90755175131412
34.88807832911297
-31.216403937611148
58.86726641009301
-75.51396801886928
-32.22598800452647
23.428791425590603
-14.779955126467172
-0.6225661199515571
90.69900523425144
-7.321170843361983
-69.0969824085309
22.03192984091622
-5.6097271618662035
-61.30970923378997
66.74580940146043
-58.676968348095414
41.91943259626069
-0.3714540799558108
-16.41724041662293
7.998038783912605
-7.848908687746231
-75.95033129166175
27.711084130750905
22.44527803725505
-4.3561684536145435
0.6120417488593972
1.2397833692279505
-21.987317658551873
-48.71684103426848
-4.937910513375314
-29.542376957346505
-26.85907468552351
3.529003288023034
-46.79874839435428
-50.930780357402156
70.35638522056169
-57.91970391281486
9.276157287755765
9.25878027594743
-32.56918301244045
24.06445110798424
-15.326885582592752
-0.5012078910567084
-34.58231693729409
-57.27778327780252
52.93488114708268
-51.04194016714754
-62.119339760403825
-15.285139833505596
-31.503596016150453
-42.585820890638765
-5.9903982918496865
6.174414602138015
-35.133543287313195
-24.465589291235702
-73.14442927942385
28.993314630515954
-88.30465038750958
-1.9995476108830843
-3.3239196937879143
65.2144679217852
-2.2312855430959218
30.079578771370137
16.130513620833298
-27.46712599718201
-28.08373913390679
-51.60292326658553
-57.03707332793683
25.46763972453884
-28.702374756431226
-66.69485718066196
62.03042921573709
58.15301287818019
5.353249988528702
-74.61939516842776
-34.89901784470739
-22.673567166885974
79.92051460146612
-4.594752624703645
0.18731337353611366
17.554119842410543
41.5486184447239
-12.863052894177926
4.668454958032527
79.11767432004604
-4.441657791914778
-15.362087685720311
-13.698754033126477
-57.82015757859394
24.679349541517595
50.11843913135212
89.44116472494866
1.5049337323566476
22.719262929322483
-24.533704177311677
-31.55110408780878
-44.395003007225895
-11.188697944629354
-92.32555488151093
34.63111564511439
40.428682273000874
-38.37879509222756
60.82569549950492
-49.76218506047719
-18.765447992918737
1.1126953638919304
75.16804196412119
56.23464782412367
-54.30622778528169
-54.56810932918917
14.610180026521718
-46.68095418088873
18.950629748628018
27.137215937067268
79.00534629341232
-35.91945461805698
-13.212548483210156
4.043278259714313
25.39145666027126
25.535006382628154
81.62051200978416
30.009587597800248
16.615492401094414
37.32774249794079
-23.39019233931623
78.45164670506202
14.529698621351642
16.93218506500787
24.008641563644275
72.45330192725626
35.36173196878346
-2.926930270943714
-32.699260797572265
-78.41440485629133
-45.188371864478356
5.1597005620783705
-32.401628468249854
78.5317132713493
53.978808251592824
-16.442094742694323
-78.97665064092455
62.571752504608554
52.587620169996256
1.8805013458014628
40.29121909800256
-87.00800211909183
-26.09021284055092
30.553469533586394
-38.23523648416164
6.678203749766212
51.825929885251554
4.564622617973441
-65.03137322362555
13.301073786787796
69.88711240248085
67.69861768267438
20.606701463746674
63.63330313892783
16.637370819088545
9.088118936002445
-46.4269590524027
0.23054465027156823
55.25751665832291
76.27618443694286
-10.706771670420878
-79.45191703322698
-43.30343084698236
80.22506908408258
46.503569754695604
-33.929935093344355
-39.716413090982584
-18.47195249687556
2.401862379870707
63.97009097176095
-18.69476123462566
-61.8389481920416
-1.8124191205379816
-4.312810914798163
68.13166908831201
10.14329429788586
18.834761996463413
-27.70264279878276
60.02780244918523
-7.602960261214676
-39.96174430105685
44.16911891275072
-88.64097141436325
3.710899027594749
-35.217860621396774
-8.106249223438184
61.65186140660853
24.72259338364178
-36.55930134557897
5.686640464935593
-0.2643381819333115
-2.0919217800717576
-49.45430503343126
23.343638493874494
46.823362869485464
35.820446994439806
-60.34049690544817
-34.755589987769476
79.49476035873303
16.168156417156368
-20.76604805156866
43.16825358842112
5.408317647957475
51.044503662836576
84.39193088644339
-4.310037255117862
-66.62435598130793
29.8252720408087
25.132459637457657
-3.776996466415639
80.25957969261441
-30.084340594332048
0.9667116688890474
-31.339089637918164
57.571135792544055
-31.462330470993024
39.50516728200739
82.11357369426594
-30.30534907458228
76.17511618328226
-36.189803087021104
21.769590477815882
26.313442131878375
-13.175363215285145
-74.42979502138455
-91.15652168746809
33.00522921488272
19.101200953147853
63.10986323680936
-43.73561365186795
-51.71266931120501
-70.5475603437045
81.00945302808276
66.65377803089729
-2.342244997408514
81.20215930594696
80.07291235623782
4.677470074161462
-5.90115985881188
5.270561818435056
-32.311404032566344
14.100817274687742
67.32559914696049
49.6669456304885
-72.1131144846575
-85.23528342076867
-23.27244499442233
0.5433793259280577
-52.14424682673369
-5.492543373745775
32.53813884612947
-57.00453477358709
2.5821045932819544
-64.42672012451774
-3.4361540565263056
31.685469877008615
-40.86323334513728
10.653535090597742
1.4005542523406405
37.918937139319354
-9.932083795841265
-15.528223550954579
-13.50480286611139
0.10237680720990738
-31.372671716416022
-10.475983402803223
-24.647800450781773
3.470181383139135
-48.276647140349965
22.511595419700782
81.15588986271601
0.44097440637483487
1.1572347483095342
-16.730467190127257
45.686101645287835
18.53900935972527
-59.231769926751014
53.256389252243196
-56.7956649472
9.408633481421859
-32.01654874635146
26.04972705257987
-72.05047756703352
8.998083991249388
-25.41820190581825
39.119425720251286
38.660543122161755
6.1011405216760295
-22.082252496450025
80.17673292886343
54.614610481678795
34.25913546800189
-17.910797729972387
-17.69802181176881
67.79186058940144
-16.838618557394355
45.17476196707173
45.708443389020886
80.38238655292048
-13.718958819217463
-78.45675054399464
18.044450373852953
-57.57120699524409
-62.70447904605836
29.222542198285893
-18.0889758714943
-3.8078431096836596
-7.817274084830373
-37.42602644932697
48.968306988736146
-21.050048249391864
63.13591367021624
-42.06434085838084
33.42107730934774
-16.361045728346255
46.05240057903529
-19.669214620683718
12.227516597695214
3.7091602267086614
23.723312089778503
-29.806169707591607
77.92525926633962
20.87050500794686
29.740839285314067
57.383064437270804
-0.0450233510852911
6.578133551684417
38.2616338386938
-58.24631421813899
3.58960980348364
64.79777703139749
-85.60039936948796
-7.521240564281882
72.45768735561393
-68.76334758318602
-38.01218542046887
-8.845079644388193
-83.13629461662335
-32.64041579989042
39.71331141512971
-51.227564554364726
-21.162975185321585
-5.519482892697766
16.52080028505192
19.782840476306504
-69.50630174253067
-64.42959760634639
-82.32153206442243
17.634186857482135
-34.73884583242065
-62.941922150805105
16.162167190600115
4.553142514597155
-15.153718295488602
-23.238900538473402
-10.342260969010752
-14.814848281051368
-51.940004416120615
-7.5534407096291005
37.06263017240926
6.5295070803267805
53.123173227969204
17.22112983097152
-7.918555933357041
-70.14326913864745
-94.69086280291158
-46.56344642424595
-48.76826536759953
-85.78977664838825
-17.689113583335697
51.3579058139137
37.435459949784075
10.246512457109233
-28.869758447474567
2.911177847049956
-48.723237197901284
64.31827142891242
-58.36585685789109
-12.069163865317051
40.74745774715953
-41.344163057013986
-6.674852034588952
77.591552940248
11.44870135548804
-0.12768673175514778
-5.0706178175101115
-11.517271844645322
51.4589298105613
17.228763681124335
69.88677802835238
4.573996549501587
-21.079095861266268
-16.55077491792322
-48.49855982537314
-17.5096023787043
-1.9587486571867743
45.9943819275457
3.0499237363617766
-73.44284872877243
-18.378399397824822
-54.655618796673714
40.41211952957184
-8.746541489607239
-35.247437360786606
10.016721989846701
11.51102503103182
38.5466853912491
-47.012881666898615
-87.00302467063864
-3.0934415838295735
-30.495737154164658
-44.68202309711286
-60.45307008197643
42.4388877597886
-72.3476621850755
-3.3754646012466623
25.538979433466125
-22.98989019336163
3.288087163976172
4.658699567104975
-6.0186633413389785
-4.335477220544675
-58.37060425159801
-51.87687053142508
-21.487127206037982
-1.1028592857518476
-39.82792362272571
19.810693679809233
-58.42913267872636
31.938937293293776
85.00908877522113
-4.232516479380365
8.034303491129066
-0.9784815032405163
30.041659843513187
-12.669725794599827
-84.77860272520894
68.8723527952757
88.68536442729803
58.438108359776095
24.00233427503545
4.2448184048106015
-11.94498100289151
77.68962265150526
-19.680747056045576
-91.82338491450055
-6.714057434378887
-11.086691073352085
-1.277090121920736
-16.282434992494046
-11.069775381742417
0.9855393326934205
70.33188031599809
-3.525143489983236
29.703418077410078
50.37678806860015
57.59441226481252
-74.95020170462396
-22.65451507456028
-8.126488019167482
-45.59083741379565
29.622440864232942
1.8691142918168424
-56.130996757522645
12.783567529183458
-12.613118498831426
82.84694100515594
-42.24804890682898
-7.95864998718703
-0.07308954170322579
9.76622620488807
-24.499610916893317
-68.20675339589272
-59.51627616316428
15.491651506448378
-17.594734669682964
32.52620025523544
-16.2512602267948
-10.5270745293696
29.51338757246809
33.88941841694353
-5.477395528445271
-6.983586154533199
73.74886639049964
-43.94147633764063
46.51847680066615
-16.77162798891507
-10.732505937319402
17.158028251079017
15.714619173002902
87.15539528044042
-50.70171051728093
-30.580087741357573
-12.380211670932695
6.701592840563507
-12.723255233210182
7.016693037821696
-33.549707874273
-2.051533789178464
-55.10940502550356
28.338544599186207
12.028607804382233
-1.4577190740842525
24.49659831852867
52.660979110290725
71.59145180573137
-20.292709887821886
34.196294023180855
37.98901401515624
31.606875999847944
89.09519899492551
-19.810175187629724
27.81117957673797
34.0400106652493
79.67800467115714
43.02860760359957
-1.6260794746679466
43.425090971233516
-10.038720112825146
14.8953673401886
31.759894430479505
-36.22673820567334
-63.85775412972547
8.609699066491103
-50.83728892911244
26.325519378625557
17.148099080003362
18.79857515492867
-4.499313012038584
-33.172513039877515
-0.9431067924186465
13.892961277789624
47.376051687921006
-18.67298053386358
72.78828809195903
-59.49642237345553
-29.041594637902065
-41.676557826894864
-3.099037374007196
73.19377931848092
-42.26161453301007
19.572884922845873
-43.72201615622956
-15.767652047562308
-4.622392801718121
-75.16614894351342
-61.82188802631042
66.5402911489656
-3.425130735592745
-37.66671075586991
-53.64199112814719
-13.136593339973544
-1.292922429791858
-13.12213169083688
-73.41247740813813
-7.498670204279549
0.6434290773839138
43.407107860838295
-51.539555914165824
-15.231811240396254
-94.64638813209086
-9.79546865770962
-81.44829031678796
53.01172569287826
-39.98312648124761
74.3428207351619
-29.64319256862042
11.0122817359521
-62.94905625810902
-33.815095754327075
53.35545444946081
-28.295191833543555
20.11053410391777
-3.5777476018322716
-65.46804583382038
9.33286617909988
76.05916303869859
66.1817773957547
-70.6329211102462
23.579012186380396
-59.25374387295293
34.44474544633405
36.192125536903774
-1.393021472074878
-3.0020436670624235
-46.10539355718595
10.397240322348452
-11.924256198987962
26.228360262601527
-47.26759540190108
-18.96320372393062
-43.218616680589776
-26.24983170230273
0.06620135684011075
-10.653491029396221
5.866666192101249
-14.486975421114025
16.37017049594759
-32.30339291015271
4.075052008998824
-86.7192176598107
-53.53909839567299
-10.88157988880559
70.43419121251225
-78.70455529450872
52.36745984001564
54.61411362422666
58.35605848252462
6.89283611224586
-74.81316700047822
48.25165633803405
-78.98332214974754
-5.451267223367779
-18.004684990342952
-14.819256811458246
50.25529650471941
-8.485784433119804
-37.62394006999391
-53.0795672480742
-7.243074539674211
-20.05406166026637
-6.307898287405976
36.400851042994304
-2.471413762506927
53.57913267539686
-10.651495980231488
-72.01143613992653
49.60422824720803
16.956054154809635
-17.97075453555705
0.337278724615075
48.29988949384554
18.311789457159165
60.91238178844688
-0.004025591624383651
16.186828975289373
-30.745430846960218
-24.967748482329768
-19.008942719559215
3.7520590757347776
-16.772356945155153
74.44497320175714
-12.300010357815836
31.301663678130097
-12.704238138712384
-66.63693991543644
70.16693575301767
-66.13519805708191
35.35077621056644
-44.74372253841311
3.5495924388565356
-14.035941023933532
-71.69224743066916
13.801576734326702
-9.04129274169965
-49.07133830279653
59.08534921382855
10.280773943161307
59.518568224963815
22.929315007809322
-49.859009030587245
-53.11218014373874
-38.11728255912979
-60.24307322554386
35.84329167894049
22.3884866528836
-17.695057240781892
-24.35972426183004
45.51143523762721
-11.670005103717543
-69.72607377937165
6.164446644378472
-72.57723457200213
-18.841754849038892
14.253771579128284
-34.47655646235284
7.66088791855762
19.4945821580625
-45.401716029151565
-54.52495148347825
11.347831968943211
-0.24255209479093764
-11.488400072578912
-2.674889151460988
-2.742484753100598
30.038561002448944
-34.26369536173097
-28.21072282973587
7.715016122111379
25.819589840240596
25.083708437844848
13.812729969329524
-78.85475792744332
0.08431676720046255
42.79254155067596
-40.53125692985754
-14.853510920265123
10.347150318350288
-36.53180223896912
85.67363553594393
-3.4024560864679927
-15.512136270002316
-28.407640620397558
3.6063337804709192
-18.78449434059044
-56.88876866103201
74.919877235043
-23.716826055816256
-28.836270204107237
-11.422330716058113
72.12649889763867
-3.6063380040982906
-35.67379246930706
50.095397977388444
-36.61184218900828
-13.71236239450461
-32.67114890371897
39.4178068914656
-0.9687056834532513
32.129431175659164
-1.0036852874014812
6.6309493291037285
78.04700438933796
-29.1557745643925
68.29233367662869
57.0691866560058
10.073776457473016
-24.140178278347648
-19.949827296980672
32.77262726745559
-11.810675187927416
-67.09048788148871
-19.723964936940803
90.33232947492974
-17.196202230862227
30.79347460563534
-58.421986093492976
27.099937308375416
34.47247284548999
36.562222619624265
-12.426494189248658
56.67281274559397
-4.027675233702524
-6.306579373198929
-32.06698770106094
-5.431295044901745
-25.802915968060404
-13.984261764923474
-7.9519734986984645
0.0261132728675193
45.75865386846462
-65.21994104884807
15.3653677832
34.11937321408175
76.30531832278544
11.174074602463804
-64.85831900184733
61.59508409013165
29.983488064104975
-10.504237009260663
18.739779067720534
3.0846832307978502
2.7878777723611563
-56.51729335218999
-90.11282379774521
-80.16011996125714
-22.3705417666809
15.643783783601947
-15.230466530240022
-72.33922706358047
-0.5453917263274946
-47.0688804996975
-89.46765150416321
25.813651030417404
0.532400662380951
-31.041526053901904
33.6853304511657
40.10759618806847
-58.86004246241198
25.002753051645925
-12.648733383710308
-26.653687679362633
-34.99093146722151
-36.979436769625025
-27.066657936837558
43.37503688430388
59.61432227097967
-78.54284623101272
-11.508372030948692
-0.7221312741655481
-2.3080191400845393
-12.27592865477645
-42.090439463553004
-58.619824372453756
46.89101306003178
44.618633849635216
-0.6562984463319594
15.190611644927813
20.812783850621628
12.275081589420708
71.32626202890148
19.16245433280433
-12.335762116354374
33.38051034547772
86.8613340102248
-53.05731594759163
18.071499210919583
-75.61876868822283
13.876956261394284
49.624186260774735
-3.7849095061156532
-38.40945193971121
-14.890326537586503
51.98423840651981
-6.378757648861821
-24.21849613971743
35.137929290110435
13.211400719049564
-68.71611209217579
-21.63435272754691
-5.519208561501557
25.45408011592312
26.22563721637502
-3.5046636109391898
50.653172463278906
40.52071603718204
-29.73255506666294
0.07916941251389176
-31.34200654253064
-13.8370193884939
-1.6978021312090874
-25.529519604133768
-13.233961221464085
-5.0064605133427165
-77.32225801089191
61.13369857562188
1.4531129790408812
23.21608343314513
16.33744637161601
-17.946173879722608
-0.20791059785341304
16.634748299907116
10.543908648220793
-33.380361331775205
40.449693016603874
17.973511046319715
-71.52083377996868
-42.66908479985202
-11.978425220128202
46.056176490008056
-20.652536284450107
48.71412180344703
33.21243663003111
61.52047663639843
48.30746818087951
69.71594796056647
-70.71216342530798
29.942111322133727
12.771888584348815
-13.226091889076628
-43.52645727226919
64.34475953519973
-4.248810504424881
20.45352097839394
-52.85060978904949
-7.477251487888694
4.760180917126348
79.42944918806336
-59.37496284564411
-10.548230198769758
-18.4995353796494
-15.88919972092738
-62.52239890525863
14.119556271836203
-5.8565879227330555
-46.00502652532327
-43.555580953846295
59.59341097279804
66.93070127050169
-18.426908612006912
83.23665994490884
-60.03431309431719
44.12380195282955
83.22530701072981
-57.592107062469196
82.49349918150875
42.91065965063001
8.955192199820559
-17.488975595291677
-22.086087389783557
-63.0197440520565
59.406111318221775
-15.487265981929497
-53.13303322522311
11.226362881707928
4.773773456501871
-2.5617849369455143
-18.19763474011765
-49.06744491139525
-27.39373948335725
78.17288007551446
31.13077587848585
18.22830038649748
