27.977952011517687
-35.18748082727189
-56.520159906919446
-56.11573088986805
-40.72352413981946
-29.905601800801676
-43.68255883162946
17.692813007503702
-47.97118076067118
28.30641062509227
15.792539159510156
-29.113980869249744
-6.014828545493216
-14.930959148562565
43.56651434397065
26.530564083553486
26.787073952025423
-29.72690994548759
48.60257486836264
49.28737587735753
-30.81131707097063
74.55670546823879
51.063892377407115
-32.389181733788504
12.5198941346747
1.0768309424117604
-40.94147485840946
-29.111182510498523
58.281379356587536
-6.002194154258987
87.00955618475027
-8.294230493011128
-13.4666092296507
79.04030964672734
-29.356092377212732
36.39231311186313
3.1661918290574107
-69.25483679781046
-26.14495508454506
51.32967755726574
8.790958546474016
14.952937837817629
-35.09104414641449
-24.980168702659
30.18482005984967
-83.57139269535541
76.02877290357213
-59.453659609055414
46.119227799197745
-14.65499130727018
-1.5385490852989676
4.419838593830235
64.78315006246135
2.430518010859089
10.480914905557484
15.656866325915416
-20.47904120183705
-73.0460205210904
-1.288400145404438
-1.1442136459430827
19.512797508613716
-31.57714497752488
36.67731625144174
-0.6913679856118335
-15.638974316002233
-14.490576405381574
-0.017778705246513482
40.021048311280055
-6.948320634995639
-10.164679162779208
33.376403310617974
44.967676127624316
-50.339160272592764
-44.930825584633645
-20.313628033781015
28.980848786527545
74.60285625787037
-36.33543101264709
-55.661703661943754
-38.92277075658225
-14.819098505421636
3.580613883572184
31.65861937681734
-14.664088361654464
77.43177787301948
9.30756081070642
37.83028569379243
64.89086877088343
-54.43834594342386
30.547119485709857
-51.79203403993629
-26.923760384676328
82.79311707303262
38.394983739889796
-34.618871623316046
62.961468917398435
-63.3965809172612
-29.685979818622755
24.874584947993057
-16.432557697868845
-1.5384881483517603
87.17762927436814
-9.263666072470826
-64.44334703451415
23.92399526498663
-7.650674333461737
-63.61561215792569
68.05880793891748
-60.6936888591341
43.641025442564285
-1.1371311925003909
-19.38107280584373
8.49726385275578
-9.56455360197755
-71.93225290845896
31.15788988801745
24.419012763222696
-3.4527203383237435
0.3073226949604475
0.647703155640798
-27.278864886076647
-49.188121779245535
-4.50766531063374
-30.445235589779045
-28.504773473191122
4.0712690195370556
-51.867890988626876
-51.82347653145213
62.181147136021366
-54.273878217378005
10.37126729056736
9.945215127919056
-29.114513290817968
24.6465362149939
-17.051787109149217
-0.6859599091507675
-25.69904016265619
-58.20605170715748
57.19522186042116
-48.792224469643955
-48.36027281512603
-19.27440915277073
-36.3520606024735
-46.122819372131886
-8.007845765051727
6.339567883799958
-40.43438207232952
-27.426790091395006
-69.69044713995781
32.49490953077711
-81.72975084124984
-2.4776051234638885
-4.818819625094392
68.92879605921792
-3.6139542311974395
33.67285127594627
17.790950886058653
-29.91136130649194
-28.40854225060849
-48.19681835612971
-49.008584691476614
21.370906640561444
-34.562505989021254
-59.09689940227212
65.7356529398466
58.46862289833584
6.462507803571796
-62.52750917027855
-39.69739696436676
-27.90297134247868
76.39084401292158
-6.271858898988157
-0.3977489021496723
19.518133980459368
45.8944042605487
-10.710514561551818
5.285304985070596
78.6846536117248
-6.192822280125895
-12.801210972242814
-17.196893932095804
-58.71393955987877
27.76771686423777
43.945710053928565
88.68333319438261
1.7527059372306866
25.369553006266358
-28.54088416503454
-34.24489684457631
-41.75480247947577
-14.153436052705302
-83.88485713213603
35.76114558544293
44.180704771528866
-44.468843329254796
62.46470307895072
-45.918137447850704
-15.104502106626583
0.4989118115579032
70.54433469995266
60.01973165476531
-49.189523727120196
-54.53370491112461
15.547118460420577
-47.842568550211105
19.67791789689116
30.22746227647113
76.07998271845815
-41.562264488953076
-11.412164390806467
1.832404611993482
28.023743040363215
25.129986669637887
81.34133663523338
33.39134481455201
18.366247775778987
41.066929470372855
-29.118406503381763
77.31678424609245
4.661790386108805
13.982031707499488
27.048535291030532
64.22244056257622
31.084977507245526
-3.795493789861098
-38.023610586769514
-73.26547734085123
-36.44500266334041
5.968053660759878
-28.65241925973062
70.86685282988455
39.7135842060226
-20.51272273843358
-74.50606223503485
63.55507059601035
49.10169115770728
2.5216664219141762
35.72158450778437
-76.28447226718336
-30.93035121300467
34.28107546106682
-39.289455002133316
6.938876456170348
52.75269589968357
4.575167252461242
-64.57311073443262
14.671169957646995
72.70063781933558
67.72980548894813
22.36245184574406
61.825795939054956
18.73908634708559
9.89481266359293
-51.320685350033486
-0.6366749003218928
59.10263599401739
74.31023785791666
-12.99072445095122
-76.52627207188775
-48.78855365425497
80.21290614832341
50.5625465976978
-27.877349485385963
-41.136737337802714
-23.105525686976733
0.9553091991603679
57.78824851249621
-23.432182349288254
-58.70796252011221
-2.556093091799923
-5.478948491197741
71.55157304186216
2.1201218827434474
20.525797550879304
-26.368653190008743
64.03325851884108
-9.617742838423155
-33.890110349618475
45.23085067642256
-80.6887317355023
4.2014100160774035
-41.14541155830498
-10.624692498478225
61.93430029612466
27.72089506999386
-32.56366142746974
6.201414768806629
-1.0091548483190138
-2.953488502498189
-53.54075165592824
23.54679252097543
51.04411712339126
39.749390235415746
-62.939131230767074
-40.43052399419954
70.75486202123139
13.675597090203937
-25.2120416327256
44.100716067906006
5.570125229069248
52.51442317725039
75.83002526984504
-4.655507143844304
-67.33200199929209
33.02330792266946
26.535427775492522
-3.515268282584856
81.24206772805317
-32.06422944903568
0.21174821452648018
-36.42230807124834
61.416970022824586
-34.064191260869016
43.055603034946984
82.05534614074872
-29.814670087976012
74.30137917252199
-35.52852439039181
24.523293388488597
22.32178336195713
-12.100425896615377
-72.11945489056889
-83.05247145140476
34.32406059766717
21.579533514224252
65.95571902143314
-37.64470419354204
-53.94214132309368
-70.27798155010842
76.52787079004605
61.9608792777199
-3.5417111029785957
80.95768905479636
80.70755459361084
1.4790813388959094
-7.965336984047184
2.331777594678897
-28.487871393467756
5.334124605291706
62.33652872711005
52.16600661023162
-58.07510917035536
-79.21158122279249
-19.884214652528527
0.6047579744467129
-51.804611529010764
-7.432391690919658
36.22937303978932
-52.06173987187542
3.3231086902931537
-57.869552493468575
-4.9542543808884005
35.08402453522763
-34.136085106799044
12.121354877391312
2.038366397409334
42.140712186602116
-12.868332018399727
-19.808091835288863
-11.77869900680082
-0.4416147263704886
-34.04553651100327
-13.442534512207558
-29.287585099074235
3.507874424032579
-52.710359660997085
15.36879208898209
80.67438758498122
0.38399959020567564
0.7305645154782638
-14.711338910239945
36.515126924180265
10.00691692716343
-50.21689601698188
49.655108035979595
-56.56211363589554
10.122743758348065
-35.698425747455644
29.33309519521289
-69.61960324163599
9.799369424938575
-29.44693496684495
40.51948108032161
42.340830396223026
6.327936255526254
-26.31366732022586
81.64195225944152
37.905844543021914
37.61876488562717
-20.105642326069443
-19.39892674551406
64.22226675201364
-21.264234352986648
49.00488226524374
50.03726967175987
74.97231467755358
-17.300741396815
-67.26094473278644
20.262867981754084
-60.7176901796583
-62.9131062998241
32.742002220305295
-18.53609961506787
-3.4364886476539738
-10.06297370995648
-34.83824159066635
40.37500342409393
-23.76469660283894
58.36510115117696
-43.22834710869528
36.83715005860435
-18.196187782538104
50.01799100405029
-16.430769849268856
13.260431100122645
3.4301697039480388
26.734863767792916
-23.077386747253612
79.99723756077441
23.083344972886522
32.554699070141055
59.41908735363543
-0.32105834151424517
7.2523709823123
40.50319717354958
-57.72750729191707
4.152791298120462
68.52637972956015
-79.46274024476166
-9.879044469675321
69.43436679175161
-68.99071960213655
-43.700994855992334
-11.28641784431305
-72.40950389440063
-38.16871410797377
37.24460198796777
-52.39603687845238
-23.283310869665584
-7.520442490169373
14.39394106365927
21.894188921140497
-62.8347473654451
-60.471928505257075
-75.71428795206177
20.0282426254893
-31.17405147515396
-61.99746070836366
17.773946714062447
2.8926028989337738
-19.08843067820051
-24.39177979424683
-9.209607340126766
-18.675054811197725
-51.7313602781081
-8.723728551634238
24.087359500475046
7.507033392895167
57.56929712040622
11.854351683095118
-6.767419161541909
-65.79519826078496
-83.42564274836452
-49.9873301562932
-41.329682351545785
-76.75171793464662
-18.09442268452098
49.275558172777664
36.48048507720577
11.193639648432622
-32.80956569612039
3.4737542691862586
-46.3366528035271
67.75813534461074
-51.81490758539086
-12.469707285228338
44.89333230683812
-46.52520777384936
-8.781290654809439
78.64771918286127
12.695177156749708
-0.3045724184620582
-4.168899885947823
-13.066904115976683
52.53369070364437
18.435029586388012
72.32038040310195
5.4251527967227275
-26.335144909116394
-20.876785314082213
-52.008695455675465
-21.408148130134578
-3.057270074010745
39.211424081389225
2.0255703932805176
-71.68117517533149
-23.286721104473457
-43.86875695252159
44.61211258170985
-11.406843850107506
-40.31571688446286
10.897254516910053
7.278133802214427
38.40390661691936
-52.25619103827237
-80.60587521932054
-2.9833501534089066
-23.48664898047521
-47.181889366131344
-62.312070252431575
46.77759521750676
-61.541804417298394
-4.552506814840001
28.774195783056314
-24.813726131346016
3.0123336613850427
4.546528454911922
-5.846158625132077
-5.27265330761557
-46.78154378297021
-45.28840967557364
-25.551693013610063
-1.9454556950849025
-45.94496437891417
20.342535946170955
-48.38641583781605
35.72768300211007
84.95024528882576
-5.418266795251284
8.514206948331648
-2.032280894859994
31.823859149398913
-16.247982051210627
-79.7699847933068
59.07378356569265
84.8730532547437
41.98204799783446
26.909397495518633
4.060559268621972
-15.1390836868961
72.38620447949623
-24.52619169176498
-82.39551583662771
-5.95167794595848
-14.302005393154104
-0.9807471800453698
-19.35814820381161
-13.82130360012853
1.0779551139295478
72.48907647106819
-4.7045288187322285
33.23396203845621
54.112332386376124
51.734043938087524
-71.40433640492081
-26.871139818420446
-6.834356479202697
-43.52040404696053
33.23648930634948
1.3001340610054228
-57.44609042630013
14.059031494344708
-15.769377010262971
82.9275951302156
-47.67389494444134
-10.482832723809963
-0.928713152179597
10.58653635361425
-30.178596869060527
-64.33510885948328
-59.843724932285646
16.884220270992543
-22.330492762393405
18.464111650257493
-16.34168493607983
-11.826716465116775
25.692900468737747
37.20190427703491
-7.13799443863698
-9.28101294249646
74.1190197138844
-44.03120039719532
30.505453512904438
-19.34006068658951
-13.375397544891925
17.878487010943687
16.520171993413825
85.37476609736731
-41.76408758788652
-31.091985374522054
-15.895341806518289
7.919794500055104
-13.003338156108356
8.270171833087772
-39.380046005083095
-3.099147728234456
-57.81983106530042
30.005268308243288
10.769649705747213
-1.9119392164445514
26.12730713345327
49.21417882583583
74.57766595354647
-23.82135013135995
38.07039019922206
41.930947609628134
33.34526711729859
87.63907066138808
-23.049837838421766
28.773829427990094
26.53487019776857
73.67672099950224
45.88879771047212
-1.4085567703031785
32.303430363146106
-12.416781469757481
16.8644249400226
35.43480238648749
-32.751997778326
-62.91084759450945
9.728276846264166
-45.32660971370764
29.70014592875856
18.980189483689387
20.69470200691515
-5.396264639733388
-38.231637184498915
-1.523000195432033
15.29724737367279
50.3487279473446
-18.987260492377843
70.53903105130414
-57.386903238009154
-29.56438440398658
-44.51547761968491
-4.6225015765308655
75.64107397715378
-47.51929070579019
15.076238740204516
-47.49061689083232
-20.085880439900322
-5.585279320364094
-66.44310730537464
-58.52041349745425
70.06447305195866
-4.489481897307982
-43.80766172419479
-53.57731177778802
-11.393736634449041
-1.981972018302372
-10.896058639686927
-72.36642866849093
-9.736346832845385
0.42567734669179913
45.12362390668915
-50.70578813580394
-17.267729377462956
-82.87468684417533
-9.243638882979695
-69.90807231008587
57.39499314209644
-44.01764800850981
76.75437048887127
-25.612953458093955
12.224854799189231
-64.38054077885937
-38.84057093479156
56.22921039702837
-30.87643008310208
22.394228552272224
-4.873579443475748
-55.180348220379976
10.43297394003018
76.36320947969253
68.30534573822814
-69.85787185120583
14.927597291263268
-55.76657735440758
38.14937102395237
39.65815116137392
-2.105209879388511
-4.0799129639522675
-44.03002683266863
11.359541493348829
-11.229952542203918
29.319191735496787
-35.2180113080486
-17.320305230649197
-43.09248236972293
-27.23775792919821
-0.18160108758942783
-13.750929517762103
6.297338249239004
-18.546042397201774
17.92627552297678
-38.314325183950885
3.9164820005871235
-80.13848526880182
-52.924147371474774
-14.001469547494722
68.99569605648313
-70.19967325735814
54.70493042614223
53.554887171474064
60.55191192452827
7.180560601161375
-71.01529838760904
51.0231972233706
-67.07241582527699
-7.419187237857216
-17.09336234750387
-18.88773899553496
53.443242401914745
-7.125278838344201
-37.268797914045045
-53.7511584767749
-8.015685688887729
-24.75962810663829
-8.221026857981386
31.446988727625182
-3.042853030287688
57.99047999955491
-13.68510610942235
-56.98635439384962
53.645699572640325
19.296471311336916
-17.337921981924424
-0.44512329926955374
52.60768028215372
14.448455093534903
60.834635116841696
-0.14945450532771076
18.391788823321775
-24.047847967891727
-27.129579022763508
-23.968266041585153
3.9109724645597055
-21.365283781129165
70.92820488233812
-12.45859248880825
35.10108430806406
-11.627609261176787
-66.56401936340349
60.92293827239777
-57.00461057336402
39.279240717124225
-50.08802287119273
3.481965977906256
-17.593731344238222
-61.807428689559146
15.079205797817153
-11.720300676773135
-47.513529573929915
50.352393605254946
10.338062211770051
57.026454788246554
24.976475315132703
-40.95734698382302
-54.35040330328209
-43.54685991929382
-59.87519343029116
39.93856630271094
24.982902199201163
-22.32328592494663
-28.77252658666771
49.82891608656516
-10.959277396286211
-69.53598730179593
7.059793624862152
-65.366892486848
-23.511454253777103
15.724427565442213
-39.772750144320774
8.079322942868416
20.36991348252458
-46.00968087552
-56.56731673920235
10.813626313153108
0.27901931481306974
-14.123797168476173
-2.561918780039946
-3.5249370222846466
28.819919772026225
-29.66082046102639
-21.34946536313778
8.464887794510233
29.063141143044845
26.978337476239773
5.3691961382122315
-69.59915491442199
-0.43137496210064796
43.19673275539418
-31.386585425796994
-18.734584791240536
11.240094119072296
-42.00566669831663
84.7841602143304
-4.992483075814391
-19.557155227161644
-34.537867250104156
3.3727208584812587
-23.721454989350676
-46.23403431104416
77.52134965048245
-28.66515975113306
-33.308105486779155
-9.541013783087195
71.9217960888329
-4.268243148629409
-38.84453267414858
53.98687086747108
-40.95571754531213
-12.759103325418494
-37.18929925919679
41.6404247391971
-1.5488520502147907
27.689230442030606
-0.6642197851593181
6.891317958612774
65.72125272910162
-32.59730330248496
70.23145593042508
48.16063161787875
10.923669201589846
-29.497621890986238
-16.988733029226694
30.30844040586328
-10.37453173408899
-53.178481247397706
-23.548236337208593
85.14964123268186
-21.788099827852847
33.00946581214768
-56.101129900576055
29.925147481662123
38.49410972359519
39.505121996181686
-14.689165888612308
59.147265617571236
-5.758873708748226
-7.863190345188954
-36.34935638084588
-7.247492077010435
-31.580161377184282
-17.805557563850172
-10.309777656451374
0.657429122236806
46.43823608519452
-63.88705828763311
16.455518812563042
36.26806882198875
71.76514172853155
12.155906994910495
-60.98423396344674
64.56453967048705
33.6435592515447
-13.447645495328189
20.60293249105733
3.0697762075149484
2.5462766790356426
-46.06302246543075
-79.3734423656008
-69.91971787004641
-17.541444871298623
17.75435881204288
-15.504956295390684
-69.51440123865413
-0.920583159953523
-44.052837721414896
-76.23148622325787
28.861026713698138
0.9570804024531583
-27.805669558834524
36.952178030455826
44.28855082698604
-59.41081921642571
27.67912072458043
-10.828126934499636
-32.336186111653916
-29.393841686465365
-41.520871205757466
-32.59310747945719
29.422472887954896
49.49102465443488
-69.9520249453758
-14.724963913475193
-1.2699588559201231
-2.6089321594805455
-15.77233249082272
-47.99353621444502
-59.938723151731004
51.00080563465835
37.46578135833613
-0.24562027363155892
17.15233761174899
23.54445347381555
13.022455315199053
73.48587794622767
21.49951789329795
-15.5533654079143
37.14205331112129
78.67408446046664
-57.068296340621316
9.990102173062823
-60.45260086755379
15.96412381673612
51.57946855432604
-4.898256657972169
-43.680961713954076
-18.460643708099667
52.811190450444
-5.9900929569913615
-21.26276928825652
37.762329152658765
14.452657593552615
-66.94726332937208
-27.037533042464545
-6.830774979278033
28.530971483316222
29.465510034247714
-5.090496360221238
45.74937637281769
33.739841789797026
-28.953379533971315
-0.03064304337522117
-27.73821901904421
-14.357149488955145
-1.939346377588933
-30.60914375282178
-15.978890925979215
-6.923651864959751
-70.26389062437178
56.04076237763732
0.7686286199658241
26.013208973595326
18.01111950050614
-14.956565246806036
-1.1255052134670507
17.791984951456286
11.635919830364926
-25.264352145178194
31.419080031684416
15.981586686122
-68.87073289320082
-48.385136802715984
-11.58595775111958
33.0231084152351
-25.195466012127596
49.7004196427157
36.82120923350749
59.161050004854644
48.62415649234558
69.85456671535962
-70.75527938931576
26.47680355752506
14.679409942394756
-16.52861882367705
-48.66507035285305
67.67628137760585
-6.004338791230367
17.038424939009403
-51.532867041653475
-9.83869373410542
5.384170199312123
75.38521129422546
-61.13844521089437
-13.005276277492428
-21.880476479778423
-19.767732212611676
-58.87335401072538
16.13691791629553
-7.345501753123941
-51.035701295436475
-48.18575895998321
62.47573235598756
53.55063637943755
-23.00826433714191
74.47621581054946
-61.0876042866118
47.937784948298315
81.57004975894074
-44.77978505674057
74.21680301800697
42.06046412316303
4.253862099110023
-19.469107895181338
-18.308876330615433
-62.593576202512565
56.369255433118326
-13.059501814520303
-42.64908271832886
12.268381273038287
4.692480289432012
-4.0077670069140225
-22.50485565288595
-36.8522888745357
-24.980623908441913
76.33665602275238
34.5548381659477
19.950301943853262
