27.881362883581048
-35.202817168870865
-56.552986996992495
-56.139924149890604
-40.73425875972951
-29.87905300443815
-43.72984589458057
17.64582516326955
-48.03028662727554
28.258233541118912
15.791388039834843
-28.978497295940727
-5.95809252330308
-14.805599158628468
43.589416068960645
26.426505112513794
26.737887206605123
-29.777084823510606
48.60017244795003
49.300003666886425
-30.864088719179804
74.47612827604087
51.07202310185315
-32.423393423242146
12.50254696626817
1.1297928572408864
-41.002959619889225
-29.03340206880395
58.17526134330424
-5.971991268452584
86.93601859329081
-8.160132892694378
-13.316148115662472
78.97736281504575
-29.368591858816913
36.383379947626054
3.163807143417671
-69.23582579165775
-26.127356625115823
51.24200702541029
8.781205003315662
14.922682216638606
-35.14857117234543
-24.85917372701614
30.212414613734325
-83.60822808141155
75.98865642825822
-59.51715037221588
46.12874733716703
-14.616587002339983
-1.4834173191014486
4.462763455495363
64.7158120889838
2.4363171854945165
10.58141753736274
15.737780311301904
-20.51345122537215
-73.06210101998917
-1.2933901406391186
-1.110887385662167
19.47372340162528
-31.542265739644705
36.602464154672674
-0.6470275161691035
-15.617343791162568
-14.414668315619679
0.008690784726908873
40.048152155057835
-6.811854056477941
-10.096016334828093
33.33658079505065
44.987588319463214
-50.39657297587562
-44.95262228675616
-20.254878141225646
29.02581275697814
74.55466995362866
-36.31915037670621
-55.69514481887161
-38.88832415081922
-14.826999929294502
3.615533502865347
31.63830651658637
-14.610601012404558
77.34871853543174
9.396383149299695
37.826952176310385
64.87234949282495
-54.454677151728426
30.607280908348457
-51.86302303142111
-26.8200109013343
82.71648068126632
38.35532504625209
-34.64627304060787
62.81918003441808
-63.45461050522048
-29.715778691523823
24.900645849256207
-16.45865110237898
-1.5389577932798346
87.10459634538094
-9.261702393657899
-64.52145776427977
23.939259829663428
-7.609997138968865
-63.58738424590502
68.00578838718295
-60.699255494943756
43.65188025624809
-1.0865373945900387
-19.385838576196704
8.48762351518377
-9.572565503462684
-71.98319432396889
31.045395138930076
24.432436500451985
-3.419667762270535
0.36543463661571707
0.6772292238968447
-27.15265300645524
-49.256909545451215
-4.505078907433642
-30.497554350189375
-28.551955559386585
4.114671188964877
-51.80302168382198
-51.88580200812262
62.16737010745848
-54.35095009728466
10.359905649679305
9.935876740065254
-29.132532793783568
24.680357252475403
-17.078459475542104
-0.6909931890673846
-25.615984828799867
-58.251316153783
57.06307681855165
-48.86612295771482
-48.36021747593497
-19.1857863320147
-36.322435182779316
-46.142987997608635
-7.9230693584951695
6.335279260725301
-40.382603470505536
-27.45459980374875
-69.74674234913343
32.39700218830001
-81.73756486804248
-2.3778796981287087
-4.808333652631347
68.78558881100321
-3.5881694997461295
33.573570274099126
17.78479233158366
-29.9527559551517
-28.456718367705577
-48.26600485179874
-49.05146887111275
21.420830547090375
-34.450325090631104
-59.16725749662794
65.61127281144945
58.45757014080462
6.494888538677699
-62.58364870310947
-39.67383824756264
-27.79452142663881
76.34694145596666
-6.192818881179292
-0.402997019812247
19.48781787174022
45.74432540461976
-10.66383072196075
5.304582550013464
78.61502318264598
-6.131013171043364
-12.760249626129308
-17.143306808411324
-58.75780365207613
27.678337727826857
43.96562526542763
88.58412453286263
1.8176316992148855
25.326999554666102
-28.53478545271598
-34.28746211286363
-41.814937560084566
-14.117429991359558
-83.90047536162763
35.78663342651214
44.12780011275433
-44.3624936089093
62.427470089921485
-45.98051685781232
-15.027918859279495
0.496513070022786
70.51618426317279
59.920191649190656
-49.251972766343286
-54.60159398305395
15.5734047678433
-47.90607016011271
19.71002522559108
30.183211846851464
76.03506555160484
-41.48859950101268
-11.391278584788267
1.9107417323446896
28.0136018115374
25.167619731729303
81.26052141521467
33.33683143920439
18.354134323842572
41.01159338812482
-28.961298108457257
77.25837482053277
4.797070641509066
14.037346815489968
26.956973016910354
64.20481713505657
31.123083234348655
-3.80370527505778
-37.96760016119795
-73.32141866747212
-36.43435977510747
5.996308306723435
-28.66537391870837
70.83719854657059
39.74543712161693
-20.439538286052354
-74.54631236553917
63.52298701692459
49.11537467212628
2.592461623934213
35.75390956733918
-76.35611685365429
-30.883811213548967
34.1475862962003
-39.352312542775955
6.9318526123000765
52.75186752850894
4.615414615153298
-64.61345916496197
14.645095334261555
72.58651328143921
67.69339450609564
22.37902244142242
61.814471682511254
18.68466445294571
9.898524568396212
-51.26805108288582
-0.6099403722769239
59.003162092443546
74.26638060868814
-12.993877409886409
-76.51649997272352
-48.71300574995884
80.13270252684637
50.475504448503784
-27.856995467470355
-41.19842881725087
-22.997799914600563
1.0274916656836552
57.78470123476845
-23.314169486513848
-58.78694322173237
-2.473731936997737
-5.486710599853581
71.41346544914015
2.2543369641895907
20.539817631651047
-26.401507076177467
63.89380447097929
-9.470054914374458
-33.89637120601835
45.24438691394647
-80.72709342603711
4.240733608189345
-41.05086633821209
-10.5298217166376
61.91382720496776
27.651301053406073
-32.587290991769294
6.2154626199678376
-0.9593631975493082
-2.8720490301000723
-53.515491645783335
23.582654041901264
50.93645872789756
39.6581239495635
-62.90594652225589
-40.353825738210276
70.7244334863648
13.728783365819908
-25.157920128358583
44.11688728054645
5.575632853669418
52.509488189561864
75.7900542825052
-4.664658290870932
-67.32267334766547
32.990342915415056
26.562519021036152
-3.515143997873082
81.14178836084099
-32.11376263198851
0.2160462354049173
-36.3787491962561
61.30582461567258
-34.108109020022354
43.01761228354454
81.9691228904386
-29.861864068481893
74.25709433081741
-35.586148183417436
24.445543539418736
22.37016799012723
-12.10005338898796
-72.14184535360249
-83.07166777394052
34.34940955515239
21.508739844788437
65.87405996999885
-37.6650986321282
-53.97614925966287
-70.26782350232139
76.48561700299686
61.950734627374885
-3.479583535259934
80.87780132189206
80.61570885943715
1.5700865372032666
-7.894985757063537
2.416288422565046
-28.499339423165296
5.457042510200381
62.32549237927867
52.14673023367959
-58.10837665160142
-79.23622889413511
-19.867294431955656
0.6791319221688639
-51.877320981468316
-7.356868480525449
36.14987815041715
-52.13112043055742
3.385784229915103
-57.942156642203
-4.943242338683177
35.04131920792
-34.13627030933416
12.10137478704803
2.1166721070725742
41.980899382016844
-12.757769293657788
-19.658434478542134
-11.670259248197155
-0.38650672723628077
-34.08827189598179
-13.292145846161986
-29.24690080786084
3.534902299634709
-52.67374780953199
15.443061360624014
80.5983170223808
0.4556860426046683
0.7726439253063546
-14.699682970707173
36.548458106639515
10.1071351767267
-50.25667568511167
49.66782864747876
-56.62840132823965
10.11377463831991
-35.71859578487455
29.227474746714165
-69.66280648729276
9.803509979200982
-29.44272871797517
40.537835472460756
42.29306766353392
6.327629231199282
-26.284671231517905
81.52970610540058
37.94707090362732
37.58931487527485
-20.132875707179906
-19.43036698596086
64.2075511406795
-21.145022627811983
48.94125818347888
49.91187008985685
74.93466456024686
-17.23610750960053
-67.3301349609324
20.207276249098115
-60.68237625801922
-62.950014867515286
32.64434312860732
-18.566622739725616
-3.3772431093373
-10.04710973030538
-34.88193937300938
40.40062184656631
-23.790364295517833
58.36177856829255
-43.29266571777356
36.80089783003922
-18.224070062436013
49.94114195777948
-16.39734597556796
13.279050462337935
3.4328760358017973
26.643926767638902
-23.012270465554963
79.87546053471408
23.074808723331728
32.548884306351596
59.38587466399176
-0.24985096432432385
7.260182365121523
40.51187472672504
-57.794202708004605
4.176881732218803
68.38439512832579
-79.486831679437
-9.845226223627364
69.40702677637213
-68.97932283384667
-43.623733287601695
-11.136463339390517
-72.48385884433713
-38.09886627628427
37.27500555768245
-52.45387221468804
-23.317964950276263
-7.48867342767511
14.444242580416002
21.884212275313118
-62.91275456271079
-60.55141945784494
-75.77086055371785
19.959947104477052
-31.19766236328519
-62.05689618373396
17.775966717543795
2.960552983333244
-19.005327397054472
-24.434040914161884
-9.119421538805085
-18.594911916288495
-51.80335688957162
-8.738539187124488
24.16097373055655
7.522076781923715
57.40344731455815
11.928110783722389
-6.747199380524108
-65.87049752016934
-83.47532449053739
-50.00167980998942
-41.351246456782874
-76.81854684703683
-18.123925762828563
49.289380344085345
36.51115087826412
11.20136709461336
-32.81708738817214
3.5266997226568435
-46.406691493129266
67.63958100001145
-51.87519923265921
-12.489574790823482
44.79265222804756
-46.47432667716716
-8.762312387986498
78.55624743051081
12.670416694355367
-0.24798015611240487
-4.125477703835145
-13.08706497825267
52.53226528842467
18.459599715224968
72.22208439717622
5.462160831481256
-26.196177288812024
-20.766840229799115
-52.01303847011946
-21.367304569111
-3.0581472927588464
39.23879495331599
2.0880605493467925
-71.69573090079048
-23.127646604241434
-43.872149374966675
44.498191341930294
-11.353608139200603
-40.277723792309864
10.897131872446252
7.357061627175781
38.431442524271375
-52.179307614706914
-80.62286850661268
-2.9855710085165725
-23.419389131467966
-47.226287691765826
-62.31072785398507
46.63910155137091
-61.602049103756
-4.462029169095885
28.669896593456215
-24.85391313803366
3.008686226227951
4.54451357172006
-5.850293439378746
-5.28292052823339
-46.79052099969209
-45.330312252340235
-25.52934394125778
-1.8844440496649497
-45.83473895390592
20.3764387293041
-48.412743890644236
35.60922122712017
84.8539446812953
-5.306735488786913
8.505336927634772
-1.9927477020417115
31.845831419607663
-16.132295189754203
-79.76951756974108
59.0639218428268
84.80750717098877
42.01087370392253
26.843650634357374
4.061188019196507
-15.089170814102133
72.35424482753544
-24.41483051222538
-82.43681929699875
-5.9430454355047715
-14.195392033894834
-0.866024736201922
-19.35791426050767
-13.802863007716638
1.0768462506530767
72.39845056840491
-4.610460952640011
33.14402685929855
54.0411362895249
51.74142744231136
-71.45244273543008
-26.846226924833317
-6.78317956525224
-43.58686011869892
33.119126575045414
1.3003856928224593
-57.486873376447015
14.035565663352372
-15.735503280316138
82.83631505987051
-47.6056354732587
-10.422925346805272
-0.8923115996385178
10.607026183391994
-30.044552404587506
-64.41099080526473
-59.89304196488277
16.8986452068806
-22.17531330550115
18.562674114542475
-16.36581751468647
-11.846495072620883
25.736829830472175
37.17504334885302
-7.028535861177232
-9.20342504828993
74.05643675137054
-44.10098301701054
30.56838251315594
-19.357722029010404
-13.361197253537895
17.909846996405747
16.549603535268176
85.29584331991805
-41.774300073596514
-31.145208652669112
-15.778246248573268
7.937354475696651
-13.023183916618336
8.284587444756625
-39.29019597334017
-3.03141512430426
-57.82198770309367
30.029144087066783
10.818032553729978
-1.8220132247828644
26.15109529364088
49.22770510504358
74.44665379631661
-23.820164489153356
37.9716298931159
41.85257559954027
33.36718174308942
87.55040065437848
-23.057968782922458
28.804557752864838
26.585154096460727
73.64208315117784
45.87592836749204
-1.4076885097010319
32.34877650306052
-12.41219002949812
16.815943462900606
35.34723526357769
-32.78156915943099
-62.96688307890091
9.723273199004751
-45.37661165016055
29.57915935510671
18.96534296200356
20.6962400748358
-5.2611770802690785
-38.19261073492494
-1.4494849450692442
15.278335326904653
50.322574866236494
-19.01786236732231
70.50689860225944
-57.464053570679326
-29.61506226307415
-44.556043315938645
-4.578899544040567
75.52646852353746
-47.46138541592558
15.137783437158788
-47.50038629163406
-19.941119332820605
-5.450656626044719
-66.51904256598743
-58.59965249850012
69.92801566489015
-4.39006476895176
-43.697845119456154
-53.646720994578196
-11.374605465996964
-1.9887451662233104
-10.833611385013782
-72.35553512634095
-9.618907870995372
0.4872002623909424
45.13199176120682
-50.78074120787366
-17.290976431127717
-82.9301561484987
-9.246604384783495
-69.97932684159082
57.24251166815887
-44.02447970923259
76.63584246649287
-25.610740265719244
12.20215709186671
-64.37579945744629
-38.80415401257912
56.187768672423005
-30.917068061990577
22.36385765875525
-4.787045648309487
-55.22697226929137
10.421187699182042
76.2930477528364
68.23474676943897
-69.86587394784114
15.011071631871772
-55.84510209050965
38.08580974047422
39.624274118591956
-2.0298556754315342
-3.99158830381964
-44.09735950802338
11.367536232056096
-11.234478988510986
29.260732709522884
-35.16775714223332
-17.32476339062373
-43.16187252833882
-27.28488693050818
-0.18698924382694315
-13.670071453036286
6.326912772048971
-18.38242651088771
17.935605430133606
-38.20691267077435
3.923991665726547
-80.16312999411481
-52.9977418252561
-13.861450713525613
68.96471513091089
-70.27652169362699
54.68149162174282
53.56015217592457
60.51151136962682
7.173902672079862
-71.06871986755448
51.00078787698624
-67.13859995654128
-7.351679043750252
-17.10805126291342
-18.759454253465194
53.400888682987016
-7.07476900599184
-37.3304432221647
-53.8129212214519
-8.030623859360375
-24.672046272757427
-8.212945177114378
31.4851965422221
-2.937683419357441
57.8300148854573
-13.538521705367401
-57.0104747592185
53.552242523698055
19.231347291930263
-17.356681930664024
-0.41177247282936946
52.483820730638456
14.50790546580673
60.819588848825475
-0.07345746596624281
18.33310337801629
-23.992560265276495
-27.170394100329915
-23.82211586089568
3.9091710072352583
-21.20231635618505
70.89805494229506
-12.47651501178079
34.959522107926176
-11.503619511628074
-66.58293872419581
60.910251278710604
-57.062903833450555
39.18278239744535
-50.01581314749678
3.503087057702672
-17.53915647667526
-61.8726410106562
15.09074519923027
-11.601666033932958
-47.58710615311445
50.359668679790275
10.374287776787327
57.026251191108884
24.988386807613978
-40.964636619739096
-54.40280331404879
-43.486459658779616
-59.93455082560434
39.79169564135333
24.943840857293523
-22.19477320604807
-28.74459879103709
49.70573304745136
-10.962931126424479
-69.53134114693233
7.077474149191104
-65.44519800756109
-23.40677878198396
15.702298791990899
-39.72082939766854
8.070370660235355
20.400857336172734
-46.07811956490968
-56.59539325131363
10.855890097132374
0.2898087990096627
-14.116100012081432
-2.5637739804685395
-3.4246100841313876
28.85726055957049
-29.66719264006916
-21.253420855080932
8.476812002765186
28.962122122859782
26.997570794117436
5.489372572999017
-69.6754349959994
-0.37433611971952985
43.2166473325546
-31.34522254675649
-18.65201530287868
11.235785326405306
-41.9432720218795
84.69871908969253
-4.948842276853441
-19.465546117750364
-34.3979071369386
3.3831631741310844
-23.571959684044344
-46.24786879242882
77.39246654432336
-28.595035918898304
-33.29256589226041
-9.496434786352367
71.87348111774682
-4.142517205349932
-38.879999820771246
53.905167561298754
-40.95315481370962
-12.7626629524637
-37.17796675191362
41.647907199264125
-1.5557265754403886
27.731764029721433
-0.5532437874782659
6.88445905009003
65.6961185181546
-32.62127824298297
70.15684334716687
48.17182415853031
10.907207588079402
-29.39359197137985
-16.966046977084716
30.34593657694191
-10.278267441055377
-53.19593090006053
-23.52958813813146
85.08767331509102
-21.647954349858765
33.02385369905764
-56.17933731939381
29.90960687408132
38.343818394073224
39.49778340559868
-14.700125093566271
59.10585333732459
-5.7237427628272854
-7.719866610795492
-36.34784441260585
-7.237157002772605
-31.45116038024753
-17.701964422072777
-10.285368256832584
0.6767447589489706
46.45178031840638
-63.9441868376455
16.479768422959637
36.28238622578195
71.73418266775298
12.143043291619463
-61.06345580708823
64.48492472470801
33.519745609177534
-13.399860281854245
20.606681876223206
3.1003321421029995
2.5704073356540675
-46.077726019632
-79.43811558840365
-69.99432516003
-17.443269586565563
17.699952341111384
-15.5290146795829
-69.56391823884803
-0.8446154579514342
-44.11580052490002
-76.30199831607601
28.803393479581075
1.043585157464051
-27.821866010212034
36.928014669324
44.17713797115502
-59.45806891032361
27.6627085867985
-10.803086797756677
-32.22490299860591
-29.386737978260797
-41.50946549181061
-32.499283834402476
29.4826539046272
49.49911401035797
-70.02893730113631
-14.658007774527562
-1.1991055120087708
-2.495277717420322
-15.641683527558769
-47.89354658189671
-59.967767835290445
50.90734844161548
37.49611375467643
-0.13882566868356605
17.103429173646774
23.46058114689123
13.049507569526781
73.39054661759704
21.442993345088837
-15.508453180415927
37.05865145281592
78.62873383995745
-57.02423061833976
10.087377181604737
-60.48703573576658
15.91881307070095
51.571069636826536
-4.905437210048731
-43.62994977237204
-18.418200245972955
52.810919938741335
-5.9905335905980905
-21.259410814923967
37.7656566547393
14.461790194505369
-66.99604241771051
-26.88976498584944
-6.693303255221949
28.45993220943018
29.373633039907816
-5.072624702195057
45.76728246219372
33.776151771629316
-28.99689537359106
0.04530331923238862
-27.74970416541838
-14.380810988477592
-1.835512972557865
-30.541868390460195
-15.976892102497175
-6.888632287779984
-70.33962051859754
56.04140679693151
0.7813395397907215
25.95305187395138
18.007089599031346
-14.919346527062174
-1.1228062959152965
17.816713831463247
11.61587627308775
-25.192099361026436
31.462569411866724
16.029644999911454
-68.92146766635283
-48.296392693992324
-11.59593352656988
33.070587927934326
-25.13181835226085
49.70594467435467
36.762522747260505
59.15639797672776
48.63530636083513
69.81003685103758
-70.72984166675181
26.51925089606729
14.643119228316095
-16.48912890751882
-48.610193393777344
67.56422839958142
-5.977879023525745
17.091705948545965
-51.60906858684009
-9.802879199994806
5.401438242355809
75.34501356850777
-61.14853017156176
-13.000218722629981
-21.877741774445624
-19.7078968530724
-58.952829470421875
16.09088288917546
-7.351708379273518
-50.97706157519264
-48.15856816749331
62.40896629401672
53.549213628063626
-22.907028371976338
74.4386971879417
-61.11654119383821
47.877189640400104
81.50199159502935
-44.77138757854499
74.18016425710397
42.08452284281137
4.347746447972526
-19.497953316485237
-18.27436814174014
-62.643402691128614
56.37042781129793
-12.952688061266016
-42.649863013959155
12.271988316642563
4.688773779810532
-3.9790631159584535
-22.43360680686382
-36.80999367256263
-24.997724019293656
76.28607967809424
34.50502444998298
19.960244695050235
