24.778243558058747
-31.28849030023565
-70.52761763440203
-71.43488870803722
-49.68426899974686
-25.314794051720284
-41.09655706405262
15.773613645035923
-53.5407980885533
25.258832619065643
14.32388772488575
-23.307780953847043
-4.20366257296952
-11.462568992395077
59.68421604996334
23.423964042340785
23.883492503582616
-28.40469986143195
46.470020200898176
50.034230952103144
-29.89607580715588
72.77076324801197
51.265572611189384
-29.342882588644173
11.459135814621618
1.352375413191666
-39.54726104396996
-23.867181994120998
53.93921333784283
-4.192838311417475
89.99882314164483
-6.3946223165875296
-10.343556843825908
79.9847091009456
-25.683035163303046
33.300060494796526
3.051375147894859
-68.39677926488041
-22.02259031168353
46.99385898223437
8.262117072549486
13.495835937482056
-33.84805364349828
-19.829588370554546
28.894595969835848
-93.2081510195404
84.38132738144535
-59.99769818560174
44.687048690407295
-17.764330864412827
-0.6417858189382031
4.644490240017248
61.85663920024396
2.8826019689144573
19.87117127931893
24.83156957481262
-20.042055384687657
-75.08312216796631
-1.1670695921542205
-1.7979681831570957
17.463588756941945
-40.82379952521141
32.82522891876329
-1.020344338820479
-12.580373017231935
-18.09730526481026
0.7864415673082021
42.04401593600875
-5.447355303404592
-7.608713240984841
29.97168461100756
45.90713820996572
-57.18790582044644
-41.24141689262149
-16.27387825510499
36.69359334427199
75.71357019014951
-31.58503469351413
-69.0807217836997
-33.726601493112824
-15.930112381254858
3.3310065415183203
28.56397979683149
-11.439676848885824
76.1235078698891
16.21893070675715
34.881465639646706
73.15574631711343
-70.12832049626401
46.596878282628694
-56.57418705645532
-21.65711276105604
83.5027936062285
34.73291010754201
-31.163410025810236
58.41757863457673
-76.11636322823747
-32.47463142563623
23.436675944092016
-14.815043160517732
-0.6252156145272352
90.36811010327679
-7.311895676639509
-69.20850411615545
21.994993635459664
-5.553489847478787
-60.85392651751407
66.43913267442326
-58.346460825019626
41.877903507800085
-0.2886540892004916
-16.39335630868689
8.007680779928819
-7.856556962205644
-75.76844923146784
27.622478559088563
22.40276213682941
-4.360307884510306
0.7141280932107463
1.3005209517286147
-21.779659367206918
-48.749244768673684
-4.982572476097786
-29.63801647139391
-26.91748709050944
3.6441751160464833
-46.39762598072991
-50.89693016457071
70.7581917334482
-58.15440895088251
9.33769917295119
9.232701562186762
-32.85498071996162
24.14538752298563
-15.360682402901972
-0.5355337327791858
-35.12349362466984
-57.11388184305341
52.55544198750894
-51.249686141076246
-62.93847838337552
-15.161784987057956
-31.330380871321495
-42.42919597622594
-5.891706981706008
6.185257094797706
-34.88741298511065
-24.453636884514808
-73.00060233636262
28.880061338990643
-87.88647095030352
-1.867405406514635
-3.30553473780364
64.7022990727042
-2.1898299622943256
29.954348493362318
16.078078544450094
-27.483509074167102
-28.203971297231178
-51.88165686558467
-57.56059138455603
25.856837385817784
-28.439177822452535
-67.10219045442808
61.5721809395466
58.068854181772565
5.4808706873555195
-75.23428571334804
-34.705930525159744
-22.477381765576567
79.79119769485862
-4.498560375845926
0.16800314036777309
17.506264200727514
41.29046214980957
-12.957254906014327
4.6712461294208225
78.74135475794156
-4.362202839646258
-15.492247240467819
-13.614490645382602
-57.646538271365316
24.613687792889735
50.585254244469866
88.92376404070635
1.6294228399554669
22.641860594116963
-24.45226299354742
-31.545070899319896
-44.66080025466329
-11.129892435986847
-91.95833059148974
34.66526218038783
40.227090837646955
-38.00511512523053
60.58740065677793
-50.0776952921605
-18.968385645186757
1.1044717153509254
75.21892251039606
55.85995326287059
-54.67334325238075
-54.55748405879042
14.630802415074612
-46.68183638554677
19.008941129836757
27.029038153975733
78.84287433160767
-35.628222132626306
-13.31393153256549
4.247590298683463
25.3057240456928
25.691930009416396
81.18700981166066
29.879799957036084
16.561680219783298
37.14489734541752
-23.137692654700516
78.14750879878889
14.981653510245835
17.23919995119428
23.954357902372124
72.82866674718034
35.76356389516417
-2.949604671892402
-32.47133668008553
-78.2746405259817
-45.75092737595254
5.2696596586689
-32.69794071148479
78.76394564606537
54.86839997275081
-16.32652903837321
-78.72569451856764
62.364722142575005
52.85744595418666
2.0221737383815253
40.700771957665665
-87.18108409988008
-25.93752061300495
30.437505793593743
-38.3082408517878
6.662723862077684
51.767386116557475
4.6528048028263385
-64.806302065448
13.285215113826666
69.38538163190313
67.49011540407281
20.575604676967828
63.646496152807
16.64392621813495
9.052839943983301
-46.055682951468306
0.2808739273479688
54.89087594428767
76.08431724543115
-10.698292847810023
-78.96092911350604
-42.922105764220234
79.79356348101547
46.22390793611757
-34.32474447955197
-39.75811019386711
-18.31155314073125
2.566175142065987
64.3130012126602
-18.52339952451875
-61.97085217215904
-1.6991052720614306
-4.329071817430076
67.6009988445974
10.505008376226215
18.7995333825545
-27.887508678091862
59.56953724496623
-7.455904660250255
-40.38665041090588
44.16594728638435
-88.40090605270557
3.8199278123374256
-34.90197829397294
-7.999915002569736
61.52033522117242
24.641550133700463
-36.883281894852104
5.763952479505804
-0.18195107104220654
-1.9817081220219706
-49.1144467227329
23.453451517359085
46.5240894105375
35.63489560955378
-59.87867350128046
-34.47276153916799
79.79280624307066
16.448101070662844
-20.64371905821612
43.18168445981988
5.451788388106209
50.949175750572635
84.5853521352289
-4.350609653879033
-66.18970181484325
29.703764339137024
25.147737209931634
-3.8188527032866233
79.74542489378715
-30.124163607173273
0.9769333657266372
-31.144379093014763
57.16959016235495
-31.462421150866902
39.32595256254868
81.65368311262009
-30.464718484361555
75.97727484798938
-36.36265819894609
21.731672079254622
26.698193048943764
-13.271469736221988
-74.0871197252207
-90.80513919683516
33.02786647736545
19.096411331124983
62.72098686858314
-44.172398068568896
-51.53430387656027
-70.08805901925135
80.9383424884033
66.85011925993823
-2.2557429296084592
80.7730058303292
79.59028885763473
4.914513187985435
-5.815507159556901
5.50812957925541
-32.61009954908177
14.547373529601998
67.53478337819979
49.498099543397075
-72.88964446437407
-84.8995154746523
-23.497140854260635
0.6699290679181189
-52.19812901988258
-5.401562919366526
32.38491841933484
-57.339994503904684
2.721181675322967
-64.78981922881238
-3.4169468863844514
31.54785946092923
-41.320119234173426
10.725371994650473
1.5473241084007157
37.70817013718394
-9.81123331044651
-15.353844276928797
-13.627095619832772
0.19520969150316603
-31.368502211278354
-10.324976400785658
-24.514419704108832
3.5471025598468486
-47.921310479929474
23.026598635196905
80.74718841797804
0.5620375900251275
1.2387770978795203
-16.867650922340516
46.34253122001837
19.054406635023653
-59.80127037057463
53.52859389264083
-56.76161730194861
9.380744485977871
-31.939405369515384
25.979385893428827
-71.82100665379757
8.963234472098236
-25.33441065007665
39.1176327371864
38.47528109222475
6.132107820961522
-21.9822402986522
79.62498432313649
55.606155751974626
34.116778613087035
-17.930966343082048
-17.739045591540744
67.88311347389245
-16.679761277252666
44.929724795006734
45.40981479859491
80.3998864234787
-13.624236244334298
-78.9300108042811
18.027625515772613
-57.12789721757955
-62.47285259192216
29.106528650227446
-18.17566220753838
-3.7620350321250697
-7.787830417072357
-37.691008077728156
49.584421737044806
-21.04988140505742
63.386317584451604
-42.108224447832804
33.27709934275575
-16.393169331802028
45.78631619901148
-19.85840083041795
12.217435568101592
3.7258044400613244
23.672506677354434
-30.210599581571344
77.35856534590721
20.801952086259078
29.645710323138502
57.16009962161738
0.0697439966751432
6.652934127147773
38.19631429132849
-58.209828574475075
3.6079572568594926
64.2910276989914
-85.26214376397328
-7.4714481370290144
72.4257621525228
-68.30908584413459
-37.69069278991815
-8.696815683172787
-83.44283714534401
-32.39160353967722
39.99009506343444
-51.16371765375764
-21.19278811431525
-5.473108270362161
16.780820301704665
19.717515357759225
-69.79127738869299
-64.58325250685857
-82.20071581228277
17.657125878713074
-35.038272343699816
-62.83543916608275
16.113349246160723
4.7410926533993205
-15.035890860274947
-23.31486365315193
-10.388973386177526
-14.701318808957666
-51.98593028148781
-7.582746435581427
37.86176991173983
6.631179610916206
52.71800843550881
17.63743103750747
-7.968897101129656
-70.19628097339606
-94.58895582774967
-46.357188596458144
-49.27574180208978
-85.81913572015289
-17.775615445719595
51.537275236434056
37.615886476449674
10.213900089641683
-28.78538688894652
3.0359951387577553
-48.95646856085975
63.84949475275826
-58.793481223419796
-12.134322079985623
40.51119433388007
-41.03268050181522
-6.64297142392941
77.11532437064403
11.474906299994387
-0.035948907636509375
-5.065638853086796
-11.546304846778497
51.39207505503856
17.234586829980756
69.42078480818682
4.695078928317969
-20.867926269930308
-16.40167806651182
-48.24655330263629
-17.421350371401815
-1.961675578355127
46.517811787548396
3.20051551055856
-73.06752149147303
-18.174443441254837
-55.33073115258584
40.17463200406365
-8.675811487412133
-35.02432272677881
9.978749091199091
11.845392433177096
38.66456141519467
-46.58487986725089
-86.6289189109802
-3.134160800687866
-30.91782450766705
-44.59381136284799
-60.086596416207335
42.17214063022331
-72.9047964925536
-3.263203309208876
25.47494377298098
-23.03615258757776
3.2771584190264207
4.664077977693978
-6.068876464585429
-4.361301310736607
-59.08330160080451
-52.33818423842014
-21.39968739871823
-1.0108778248432486
-39.42931248228791
19.888051364611513
-59.05922062751226
31.797831243348327
84.50322979959668
-4.104163539885178
8.015890474871512
-0.9144007582525688
30.02999232074019
-12.536628862956235
-84.3195590235566
69.40683786157948
88.41254784148006
59.41801670912537
23.92618767657943
4.258031067270352
-11.87023469764543
77.74943499260584
-19.507671249608336
-91.62224688297654
-6.763888616060271
-10.966092101237592
-1.1177358080357322
-16.251122408297178
-11.030701996198175
0.9513670707813304
69.88389127152698
-3.410022087092088
29.579399474640425
50.08623470203693
57.98404367330198
-74.74862675360092
-22.55643208027088
-8.151360417038774
-45.82073659829178
29.510707241842056
1.870426534879087
-55.95260484933022
12.766889963284143
-12.552466118793077
82.36387899483387
-41.892917139458326
-7.882605245012286
-0.009129640006918294
9.76813759301325
-24.25831631718816
-68.26430244065665
-59.3617387202552
15.463124313061925
-17.400598056298605
33.31045025417251
-16.34102794694796
-10.561879744113071
29.89111696541336
33.75158327263398
-5.356017601989095
-6.891998196331826
73.40110650805016
-44.04584847785214
47.46355193374063
-16.77087507095048
-10.69942511963265
17.211335939428793
15.75435131675377
86.74871303683946
-51.283867292442274
-30.69489934743892
-12.247195217761487
6.818568597132497
-12.793734886545195
7.131741244653213
-33.26069917563743
-1.957015497133682
-54.79527480564377
28.335849193278605
12.224465427049822
-1.3322424670488004
24.491175496802526
52.927411059364005
71.04528977210103
-20.242597619452994
34.026362327865684
37.787733234328186
31.597983639457794
88.63334514974508
-19.77799073745375
27.864964564014272
34.614925856268826
79.75703591322238
42.88616068906748
-1.6625236339846197
44.17677054886212
-10.02002835816073
14.929934313737988
31.61429393662212
-36.52766764441376
-63.72581323762968
8.687269879792495
-51.24291093766762
26.26533071498386
17.092799862637577
18.743210556586973
-4.350823014235843
-32.96784340782612
-0.8337601984216718
13.8570873184037
47.18833334738187
-18.76597558541519
72.68549416613368
-59.582636910185805
-29.154503364140652
-41.594084783654
-3.036666595706393
72.67020394009509
-41.92618041454893
19.965544864333793
-43.52636863772301
-15.595425637098003
-4.475116069159824
-75.50363558757931
-61.9688459995484
66.02560973618404
-3.3040495558010434
-37.29671310196263
-53.64984937906624
-13.237078702335268
-1.3155228177661513
-13.218422739972297
-72.9370119907069
-7.374358682436437
0.7511473350885467
43.35676304233243
-51.64049358401179
-15.25234701475972
-94.61235742712898
-9.865365810168612
-81.87878478527566
52.616301410976746
-39.81143276156147
73.80357612614333
-29.934357464081913
11.04589561883067
-62.55369056904551
-33.60876507338675
53.11023137889376
-28.302877886410727
20.04567896318136
-3.470498935929797
-66.07159426230653
9.39371016156619
75.67497652744686
65.80975442218639
-70.24081143181206
24.150109315957863
-59.458199444394445
34.278678249104416
36.03519827350647
-1.2849889962184733
-2.8899693576551044
-46.33339222224906
10.364784323343201
-12.007901538110346
26.128564996277177
-47.995325712778914
-19.110053498549462
-43.34153553071017
-26.338227298647425
0.03416363663643551
-10.55472847887188
5.911995528609694
-14.30899736700188
16.329757263828014
-32.00407275784592
4.109302245355423
-86.38623238945759
-53.59584319798826
-10.736797774850416
70.30484690911095
-78.92728957272126
52.18282799210402
54.68424564062332
58.104454123720984
6.899498991643441
-74.64853693696683
48.073237764762695
-79.50387791068022
-5.367807855407548
-18.12831361207563
-14.665793573012252
50.01826826282115
-8.51621717271324
-37.779733751387774
-53.030082617438
-7.2832032129484645
-19.901110920253387
-6.290949296074359
36.841114559650094
-2.3373322429333996
53.171950260202976
-10.502701424122009
-72.8494979024188
49.29204708927827
16.988817369333205
-18.08732404655602
0.3987856032649688
47.97475087638415
18.669672685746832
60.82253202219741
0.11813565557127959
16.2205149403199
-31.150974091824693
-24.99952334982197
-18.810333965252042
3.7196022465609957
-16.578670414292873
74.41808840954619
-12.371458548364188
31.17908635380931
-12.827886419241139
-66.30734793841616
70.64694039540882
-66.65734808444866
35.16913960718975
-44.35173358850939
3.6137599548754906
-13.949406850964095
-72.19214372884842
13.769624286805424
-8.915671427562714
-49.24859322202254
59.650047101367164
10.375279561182225
59.64235666827662
22.882294721758186
-50.43870341692287
-53.007455780881834
-37.82381856586744
-60.145124072645174
35.6587533393797
22.31212383207007
-17.522194505976557
-24.246084493606944
45.216036176425035
-11.752289358855876
-69.29037208650465
6.265523947551287
-72.84158619366309
-18.681412440592723
14.220153299842764
-34.23702522543877
7.663524076792228
19.541368767992708
-45.45841516204185
-54.30430885579634
11.49253468225291
-0.26501764570970465
-11.461846213274484
-2.7145515370194886
-2.6158987593174032
30.251759837706686
-34.60252672676297
-28.63709015189839
7.693688735111564
25.74854847508037
25.056999323774647
14.25307028870273
-79.14580955486574
0.179819631743797
42.84901707572175
-41.095946391595064
-14.737649903080978
10.309758276137387
-36.25248551874395
85.22158277527271
-3.3406820905479435
-15.3849674501665
-28.114424604824947
3.644553752098176
-18.58499133526115
-57.55510941257672
74.35494083553274
-23.55379121512874
-28.709168746865245
-11.496855864371284
71.85936703294084
-3.4601969981797964
-35.61523788578987
49.792664349456516
-36.44657165990987
-13.810567238074626
-32.52100482567111
39.34897102404483
-0.9942470302834607
32.54300427637486
-0.8453693045198065
6.613703294662415
78.62988508748438
-29.106811038149914
67.90062130590658
57.660169800763555
10.074206793086091
-23.934814270502258
-20.134782291932055
33.0656501980244
-11.888558843540523
-67.89812821134822
-19.651295959862537
90.13835445821675
-17.017410366930292
30.746389997187123
-58.54508005250046
27.003084253417384
34.30766474619173
36.44600267535111
-12.427167605929228
56.41989129028909
-3.976769213162342
-6.159959981067047
-31.941100974540177
-5.412059276889892
-25.55273909008936
-13.85485343592282
-7.912090389952937
0.021510781607631202
45.7743094991466
-65.09146955191699
15.373036722078297
34.07400993019334
76.32856536502788
11.14504935490669
-64.99562136339338
61.21920783829654
29.87030304122547
-10.435374204690163
18.686900691875465
3.164564165506718
2.850781519988729
-57.17375955730792
-90.16108271064769
-80.5071800401938
-22.671690692627067
15.678413597156748
-15.311141789371788
-72.14821994972348
-0.42911680909676875
-47.34760451652638
-89.81627918706144
25.717103452493973
0.6781465234547852
-31.311635843562627
33.55141910000671
39.87405097590596
-58.697837250872716
24.914065529395202
-12.743739262275199
-26.41433883833838
-35.373210468245034
-36.79177521371528
-26.84389637485991
44.238595514980545
60.26028342757729
-78.77883520661163
-11.419241193166243
-0.6143817842589954
-2.1628021076491137
-12.133160283263607
-41.67990685102371
-58.376256560651136
46.60229170008236
45.16792656180121
-0.4985347036707566
15.216545531065009
20.80010081177049
12.305127462063922
70.86066885376752
19.131207298676173
-12.26468627214716
33.219211225310715
86.97672504223115
-52.635125849003394
18.572592755853194
-76.42924524154759
13.948450433654173
49.502572077887976
-3.800883494746401
-38.12977844317786
-14.812452844436251
51.93220355500452
-6.430437244876188
-24.437594553682814
35.05180036596818
13.176212044470063
-68.52614838919555
-21.409494913749754
-5.374273676030654
25.366426152725452
26.142165884798473
-3.4754453468936077
51.034806885143865
41.0582680996084
-29.90262496916499
0.20223944221916668
-31.627390583091184
-13.905814668210255
-1.5577045683298394
-25.354402981822986
-13.210448242043597
-4.9563223254149165
-77.44045375909613
61.43217726089637
1.4833118360492392
23.143997974850564
16.284877667738428
-18.112466989107034
-0.2029480197155209
16.642483564071114
10.573360529677231
-33.871883794069234
41.103309644901344
18.22875342218005
-71.33858072295611
-42.2711588398165
-12.058381734275187
46.89214822871389
-20.52032963683223
48.681247129533915
33.057593544399936
61.60787513024181
48.33136882142017
69.46227708039302
-70.20028390944708
30.29906486436144
12.846586191084498
-13.157563794230867
-43.18280174602804
63.88658776124146
-4.208563978174922
20.79537403535575
-52.97289525135009
-7.425374780927612
4.756568098374331
79.35257878842194
-59.054999159619435
-10.527678987843885
-18.455333696218005
-15.789314126077798
-62.686191924448494
14.17823564328367
-5.865102032460101
-45.62581401942627
-43.27026531510528
59.2582279491877
67.71081900744844
-18.27277359321633
83.46772948696238
-59.78180035698642
43.88944896926728
82.87676176397468
-58.36880146065199
82.70067985006168
43.05994486816709
9.27643367103181
-17.51777946596158
-22.31248633177445
-62.853126860948336
59.57294491129221
-15.650509899372508
-53.792854334552615
11.188039822826411
4.770888936775037
-2.5169456299613415
-18.073687406440428
-49.80675124360612
-27.61533846628845
77.933932173178
30.993996255122482
18.1855205089268
