27.853794817925845
-35.20971223003172
-56.556358656878146
-56.140392188500456
-40.732935235208416
-29.873331982996262
-43.74579686777467
17.632993395596188
-48.044615730077155
28.24596355192253
15.79256151389815
-28.93947159969788
-5.940509354611223
-14.767662875109323
43.58884445418022
26.396272943001733
26.725227295207063
-29.792539489705092
48.599691299519066
49.301463056377344
-30.88006690585385
74.45116548701168
51.0725616154468
-32.435307823797785
12.498811764078397
1.1467798482825913
-41.02214983935221
-29.012131457704
58.14551314817345
-5.962621588306519
86.90920545164963
-8.118596856160778
-13.270130511186196
78.95556020642388
-29.37423626701704
36.382501471863776
3.1638664391747966
-69.23184536750215
-26.12392355730404
51.21808055848379
8.779557208752593
14.915016185794599
-35.166283684662794
-24.824051636919506
30.220408776370363
-83.61588775450367
75.97005428573712
-59.53652154701905
46.13115682205992
-14.603780457065568
-1.465926588262164
4.474461804144013
64.69627525824927
2.4389245699484405
10.609668164092682
15.75890522684125
-20.523590443723393
-73.06716822050906
-1.2944145138990422
-1.1013495805499502
19.463704437841656
-31.52759656633451
36.58239954837478
-0.6343688627671895
-15.611595787166792
-14.389946416209597
0.01743663861783773
40.05307318301368
-6.7694294547609815
-10.075178199349153
33.326977139652485
44.99108019894658
-50.409825268129914
-44.96176419920263
-20.23834728676883
29.034346169884174
74.53744642961612
-36.317014166830425
-55.69887798426863
-38.88102817141405
-14.828701924324548
3.6251511159514394
31.63436797909509
-14.59500042909984
77.32244357476026
9.42103645054091
37.82747616994649
64.86040434748858
-54.452761987740296
30.61968135085786
-51.88138240622746
-26.79049255578647
82.69037888291086
38.34577219074464
-34.656496076626354
62.77837041900281
-63.46588137906019
-29.722828594515974
24.908612945845746
-16.46683831500293
-1.5385534717078002
87.07781996011025
-9.261242830002786
-64.54266689392836
23.944892077048053
-7.597562697507058
-63.58157263057648
67.9893336828965
-60.70334069689173
43.655058509297305
-1.0704240934474427
-19.388333535771736
8.485917453374299
-9.575087574187705
-71.99753617324862
31.013105743409
24.437625758893603
-3.4099899454652984
0.38397411228716294
0.6869616670969663
-27.116240754834962
-49.27793766000292
-4.504099245468851
-30.51332055266728
-28.56666849628496
4.128810470496305
-51.78718998129471
-51.90541794721272
62.1567443912962
-54.371745982976044
10.357496395339354
9.934432797387132
-29.13567385744983
24.68948045568871
-17.086870487107873
-0.6919794157999206
-25.586727362936657
-58.266345920811766
57.0256697303183
-48.886624130513226
-48.353886845640126
-19.15990678549636
-36.31637414057014
-46.151697832273825
-7.896956759523121
6.335082685715676
-40.37026752379698
-27.464369295345904
-69.76284464001417
32.36951082651589
-81.73819026012194
-2.346569472335645
-4.804891710550848
68.7438932240452
-3.579933948518331
33.54574816854253
17.7846391975594
-29.96633121876596
-28.47084758004017
-48.28433797040568
-49.05968880312747
21.432142635211335
-34.419177378372765
-59.18402647598875
65.57548021397008
58.45285475600636
6.505644191837575
-62.59434863097219
-39.66979804295334
-27.763684864692962
76.32956546230372
-6.168310780732028
-0.4039485388557864
19.48054500955476
45.70142668773681
-10.649056686850983
5.310234926003801
78.59179051152304
-6.111869984431834
-12.746933666843987
-17.12798010035273
-58.77242750541006
27.653070902729965
43.966120228713805
88.55072539193
1.8383463983762311
25.316302563180813
-28.53497632707827
-34.30171039087979
-41.83089186061297
-14.107142222968761
-83.90255994771421
35.79363099158806
44.11428517901879
-44.33401061311638
62.416121669259866
-45.99651051327414
-15.002862218072522
0.49649813551684474
70.50298080460612
59.89221571736175
-49.267356918747105
-54.622323880689216
15.581179857834712
-47.925994982202894
19.718978745997873
30.172212282229594
76.01775680794066
-41.46979209437719
-11.38437697644261
1.9333207600063815
28.012538547765132
25.176907785971395
81.23381743614158
33.32283598089677
18.352287966948822
40.99743474475636
-28.915563482135724
77.23811964923561
4.837864645138254
14.051186333156622
26.930908808975445
64.19300961036546
31.1302012687957
-3.805800265865912
-37.95382101740323
-73.3366238105825
-36.42671836414513
6.005826349647407
-28.66689762916242
70.82201413562811
39.7480540269236
-20.41859425907684
-74.55740744150522
63.51257744964278
49.11522933169604
2.615008300314784
35.758998815579275
-76.37290353989363
-30.87221213076465
34.10893994875761
-39.371549958296264
6.930912273710561
52.750723775552984
4.626376332337969
-64.62648911416446
14.638768145085436
72.55268711949861
67.68085885608693
22.384951045378457
61.80804138466053
18.669519466000708
9.900696324149905
-51.25583941223826
-0.6011597527132722
58.975287398958955
74.25004868652178
-12.995286632150794
-76.51363529416152
-48.693969337462015
80.10645631229065
50.451793740306385
-27.847732517730932
-41.217676589342645
-22.966526724025655
1.0482929517226438
57.778019538990435
-23.279750975457986
-58.80896322116516
-2.4478454671402545
-5.488807943993166
71.37291226109326
2.2952005465068908
20.545102190581616
-26.410138781532623
63.85374555170699
-9.424405090769227
-33.89478144344653
45.24765081718587
-80.73603622872622
4.253625691978343
-41.02572976911633
-10.500861360465223
61.90628487333166
27.632336910777724
-32.59175731892954
6.22069155407209
-0.9434890450731643
-2.846481472812229
-53.511244686525856
23.592004071749045
50.906603646103406
39.63314947657054
-62.89878124651339
-40.33402407863586
70.708551566826
13.742111528632762
-25.143394654407345
44.12081039241545
5.578301389704976
52.50764758216482
75.77133642660715
-4.66707490126683
-67.32174962751384
32.98275147036665
26.570635540454788
-3.5148554749913217
81.11005103508458
-32.1294991311037
0.21803586805934572
-36.36855762769333
61.27434308418054
-34.12268781215206
43.008408307045784
81.94086438565782
-29.875198590209877
74.24069556417626
-35.60250894745939
24.423622706839396
22.380972635668655
-12.09939479598036
-72.14880965040382
-83.07496008524848
34.35661498420063
21.48864089316841
65.8504240239414
-37.667585332669304
-53.988505322422306
-70.26617076773564
76.46818896259828
61.942854791081174
-3.4600847460028774
80.85143312252666
80.58634123199593
1.5967618508772574
-7.8733710699774235
2.440736092401451
-28.50039564747516
5.49356163204385
62.31718721596735
52.14168950047565
-58.11163505970621
-79.24207691754086
-19.860471770501732
0.7027283857276387
-51.89904589845951
-7.333582073450913
36.128374153956884
-52.148740512080316
3.4058367557170754
-57.96008225812223
-4.939652612524185
35.03088285385874
-34.13262255799895
12.096282485052356
2.141531132233581
41.93469556549667
-12.724185563559459
-19.613607008148037
-11.635420268805206
-0.3689447288844292
-34.102548455457125
-13.24614764163806
-29.236890831207603
3.5440193327260943
-52.66622152424645
15.462160174033997
80.57296728541169
0.4784385806696463
0.7862496171901654
-14.695243858022735
36.55249412921006
10.135368084378896
-50.26358323398096
49.667330389759144
-56.64865741020244
10.112451015829649
-35.726883004272274
29.197165889399272
-69.67571574595246
9.805786352513024
-29.44355523777132
40.542931087818886
42.28109297375099
6.328590402549622
-26.277854978249394
81.49462114305771
37.95261178956454
37.58270730088856
-20.141781765367853
-19.440244988730328
64.19897035387893
-21.10991830932484
48.92444808689413
49.87666896036461
74.91814714229002
-17.2173913656858
-67.34524437671185
20.192002470591206
-60.67481212376613
-62.96237167861786
32.61695246017612
-18.57556665879042
-3.3597256382197713
-10.042533086345486
-34.89301652729027
40.402209617218745
-23.799211503434293
58.355873886275276
-43.31258829214665
36.792348183806496
-18.232927523832615
49.92044491703456
-16.385826556631997
13.285073079439016
3.434614604226212
26.61802259362841
-22.98939871824014
79.83808428947196
23.07413432179156
32.54897104447062
59.376132536396625
-0.2272847804556477
7.263533333104178
40.51508015826616
-57.81445242790204
4.183693101768796
68.3431091572725
-79.4924638309535
-9.835141602884747
69.39502170549108
-68.97754668347947
-43.60398058792282
-11.090310452093675
-72.50108081417477
-38.080944889918484
37.28051783593011
-52.472411115047834
-23.329134172826258
-7.478973366093626
14.45674828750181
21.883099352860455
-62.932517497564696
-60.573159532632154
-75.78556249024696
19.940348372561175
-31.202354325627525
-62.07503068035118
17.778080623649927
2.979732999884476
-18.981132877231033
-24.44690007757417
-9.091072075988961
-18.571579166962792
-51.8249675276728
-8.742923937775345
24.17851998964801
7.52757285087273
57.35581742332954
11.947619740060262
-6.7409805753328556
-65.89121538026714
-83.48604303960173
-50.00877412132694
-41.35346888049248
-76.83491316262733
-18.132547069204662
49.29015086384152
36.51775949700655
11.204653181970087
-32.82158755254699
3.5437607163882774
-46.42585779050149
67.60523300169805
-51.889268121917034
-12.495331401962517
44.764931266823254
-46.462563313229865
-8.756660061537929
78.52747343605776
12.664153787539732
-0.2317471863257623
-4.112651770364252
-13.093335154431585
52.53108386223215
18.46717578274864
72.19276895168846
5.474345775804096
-26.155671524971652
-20.73456305019522
-52.01729190534747
-21.356371356137032
-3.057991896753421
39.241474372519804
2.105718203220661
-71.70066752072793
-23.08041198697974
-43.86779256611453
44.466424984515726
-11.337702579994769
-40.26947191262933
10.898348609482753
7.378916511680032
38.437766190712836
-52.15990225056408
-80.62629481933539
-2.985927363892003
-23.395740737995055
-47.24154039534896
-62.31271263834664
46.599833709334604
-61.614443705474805
-4.433777701772129
28.639939118062912
-24.86658410777042
3.008486704420804
4.544907223787376
-5.851264798221834
-5.285729997381694
-46.78750037402989
-45.3388577656811
-25.524435718543785
-1.8651582683040147
-45.805163310497406
20.3856527294611
-48.415314413026316
35.57552204867693
84.82232344150921
-5.2719770733075535
8.503943014713826
-1.9801308066816006
31.85270998735291
-16.097570901199703
-79.7684179000911
59.05388449591254
84.78303754438019
42.0121579554785
26.825831827854714
4.062341173337984
-15.074727752416067
72.33951890157354
-24.382630298239732
-82.44595147620262
-5.940284710267861
-14.163235579704946
-0.8299536666946068
-19.358941299796015
-13.79788888079915
1.0770549381255137
72.37121608496835
-4.581101066665411
33.119107220264084
54.02182205805744
51.73818224923272
-71.46621031307353
-26.840689464799595
-6.767615862791175
-43.60508156303859
33.085522811158654
1.301235103008537
-57.500803268688685
14.030017545523208
-15.726048356236092
82.80652947338876
-47.5887456466598
-10.404845410497174
-0.880574042384012
10.613275877197694
-30.00611954117832
-64.43207069146591
-59.90894946521518
16.903902347456537
-22.129147411307628
18.589095288710226
-16.37271089995174
-11.852518994323162
25.74613154389249
37.16918004009989
-6.994601220996387
-9.179702751746063
74.03615024037535
-44.12173336572995
30.581650372273856
-19.363921950739723
-13.357458897743925
17.91863919111124
16.55801466916043
85.26841062135753
-41.7726115880411
-31.16098693622429
-15.743032024002247
7.943581347602176
-13.028894621600386
8.289853989484484
-39.26633727021617
-3.0101324539664063
-57.825356671308
30.036511925656185
10.830508894558179
-1.7937211131922481
26.15860129317771
49.22753538119679
74.40768075729952
-23.82134814523262
37.94427166439132
41.83156422334818
33.37392096215447
87.51994875085731
-23.06179177042833
28.813090295727065
26.59546834756668
73.62618080364521
45.873321949821815
-1.4071174825188848
32.35657164659452
-12.41124370888852
16.802371440156335
35.32319965353307
-32.78803493541902
-62.98408570600294
9.722728488898241
-45.3880528752925
29.543910846972295
18.962719834752548
20.698308614689665
-5.219036558632027
-38.18390923646576
-1.4262783152467478
15.274310517555477
50.31603297131764
-19.02676324564065
70.49395452124844
-57.486164219401076
-29.63007308256634
-44.57026435784539
-4.565255607856855
75.4919788767736
-47.44756990994073
15.153157672042951
-47.50620423708244
-19.897866331846103
-5.408678676531153
-66.53730796627664
-58.6216141835218
69.88815349825632
-4.359012356051949
-43.66826929232995
-53.66780716684683
-11.368244776602666
-1.990276787323424
-10.813853999757512
-72.3532745718147
-9.582769420532017
0.5068032831437534
45.134406645533716
-50.802680073042076
-17.298519375722663
-82.94226995013966
-9.24715437726664
-69.99504717094862
57.19895821419195
-44.02940594663385
76.60003484997341
-25.607760858474947
12.19646799412891
-64.37658403880702
-38.796269578287934
56.17645046926259
-30.930543055971285
22.356731200943344
-4.760056834172758
-55.235429965384135
10.418652828402358
76.27031833430448
68.21371068789622
-69.86936383679088
15.033121487698665
-55.86652570984161
38.06920065378938
39.616356935341855
-2.0061187848739195
-3.9639669268203477
-44.115852055978564
11.370900611941423
-11.235400231434014
29.24535549721432
-35.14736507747373
-17.32510747753831
-43.18230409075121
-27.299122246656097
-0.18802307270611607
-13.64587656967582
6.3350704082686775
-18.33303018485381
17.9396441815871
-38.177619976990094
3.9272011246983425
-80.1687181851085
-53.01959300957762
-13.818787179027154
68.9526858129727
-70.29549093261143
54.67501116900888
53.559141253239915
60.49976445515156
7.17304486683399
-71.08386024108866
50.99512705491745
-67.15249948132922
-7.330890577753536
-17.111720019207212
-18.72117299367447
53.38967859307593
-7.059366202432614
-37.34823338262874
-53.83233069823178
-8.034932052190342
-24.64722196515993
-8.210547798787417
31.492088294130753
-2.9047137703017825
57.78401439252656
-13.493752412069341
-57.01076757154638
53.526504663652815
19.212640311550444
-17.361663285387593
-0.4009396566988812
52.44905933515551
14.522793951559166
60.81336236537817
-0.049393854353795064
18.316385501598745
-23.972690281279398
-27.183526336640895
-23.77902046485383
3.9094471467525977
-21.1535632924015
70.88489612436669
-12.481616060529873
34.91838612188886
-11.463625320268719
-66.58997151721849
60.89954321245335
-57.07530866314447
39.1561942556433
-49.99779383653297
3.5104017728385486
-17.52357429586523
-61.88690852602783
15.095213258850208
-11.56540258892963
-47.6079321845296
50.35530316484292
10.383921298871016
57.02262578969223
24.99320463413214
-40.962116394518645
-54.41991633816914
-43.47174325662311
-59.952917545466065
39.74939136172779
24.934193958845526
-22.15692775756645
-28.73835490640498
49.671206074477226
-10.963599673565753
-69.53137091807973
7.083776821045632
-65.46492809779747
-23.376507345847543
15.697309873453904
-39.70840512393574
8.068877239970249
20.409644886293833
-46.09896877960688
-56.606004745989814
10.86687065076211
0.29311980455460684
-14.114392252310864
-2.564009940992875
-3.393190963933094
28.865776344356632
-29.66636763280657
-21.220762641375174
8.480923189020857
28.933264466941452
27.004095068889285
5.524968200966043
-69.69376370978858
-0.35617473174504255
43.22117726606393
-31.328476154325074
-18.627939148346655
11.235864911324782
-41.9278710281184
84.66990021675721
-4.935221987797533
-19.43877896403633
-34.35821721021544
3.3872307096970644
-23.52778333407018
-46.246582650969366
77.3535735916193
-28.576047178045286
-33.290408325696376
-9.482495190979137
71.85711951647212
-4.103213592091208
-38.89266444422817
53.88283908524653
-40.955281300511395
-12.763173287882765
-37.17733567854163
41.65070295031063
-1.557261082206864
27.740327026234652
-0.5183259952105885
6.883565520126581
65.68057693298314
-32.63041100676821
70.13436683981928
48.16864504679512
10.903575837653904
-29.364325869171864
-16.957831583366954
30.353712435404844
-10.247712759021198
-53.19461695228053
-23.525576568767164
85.06356734582906
-21.606401756464678
33.029032770710785
-56.20150652082375
29.907025796514034
38.30028602512061
39.49715944322094
-14.703972521645852
59.094095557203474
-5.7128295476139925
-7.675386352477588
-36.350003471181964
-7.233985575787372
-31.4144732995523
-17.671231666668405
-10.278213015776885
0.6823292152482878
46.45467015717148
-63.96151384998981
16.48718763520192
36.287295229269034
71.72017845435161
12.140670720283254
-61.085216675786825
64.46206453975839
33.4841247953525
-13.38587404374779
20.60934233468899
3.1105117597374488
2.5785977210983333
-46.076764325463614
-79.45315404781586
-70.01166796326001
-17.41067772410389
17.684550393215247
-15.535968092194224
-69.57842586647341
-0.8206057147980346
-44.132411147736384
-76.31718050463994
28.7882450542333
1.0709570138652964
-27.82460519302593
36.922919431582386
44.146131951357916
-59.47349577732693
27.659864081677952
-10.794981381437026
-32.19376575536724
-29.38152762448233
-41.50906750845716
-32.47352534359352
29.495229820067394
49.49460551089885
-70.04785343748122
-14.638251905174045
-1.1767095443487676
-2.459627594937004
-15.602209691793334
-47.86715165737693
-59.978365703353774
50.88172629771043
37.49965717605377
-0.10519282978135891
17.08980185734123
23.43648933914227
13.057294789058929
73.36183106856669
21.427578953972926
-15.49559556572521
37.03598712787942
78.60850902351947
-57.01437530317804
10.114651587086271
-60.490300872733556
15.905916230094675
51.56869661808608
-4.9073157378782355
-43.61803257578018
-18.406437750123104
52.80984891473983
-5.990421428705972
-21.256727814676154
37.76786928325444
14.465625406579761
-67.01084280451143
-26.846627159019434
-6.650551345055604
28.44057949203932
29.347758707384656
-5.06695389212139
45.7676813645553
33.78180756171483
-29.00896837402523
0.06935742403508982
-27.750886396609047
-14.387745524644643
-1.8028854854824914
-30.52396956977738
-15.977065552483992
-6.877869894808811
-70.35913325556844
56.03650957608545
0.7859300250635783
25.93692064235755
18.0075449957573
-14.906865028151373
-1.1214095224668768
17.824294323541324
11.611012023245252
-25.166472275368463
31.470132016255434
16.04141714490018
-68.93640024461675
-48.273394100509414
-11.598532050799292
33.078811825599246
-25.114388292561912
49.70674348134807
36.747353891665256
59.15155438933667
48.637151843967644
69.7951224143311
-70.72376137056195
26.52819540704847
14.632988811290986
-16.47804504586044
-48.597300106913266
67.53176465540284
-5.969661244027293
17.10455230534056
-51.63106613958655
-9.792176257921838
5.406608421430974
75.32847405914168
-61.15382821915292
-12.999190325259164
-21.878281051384008
-19.690965439116823
-58.974647991319884
16.077863879808547
-7.353505945626139
-50.96307663428688
-48.153796922945936
62.389947022568805
53.540881851185645
-22.877752103575816
74.42064875479855
-61.12699354192122
47.86130537719589
81.47824073701116
-44.76294164055212
74.16258935453092
42.08921712460997
4.374872261385676
-19.507208203251082
-18.262200068015318
-62.65911938336867
56.36685620149157
-12.918134957472972
-42.644859710913664
12.274279051803717
4.688674856469888
-3.969964927824975
-22.41351377921218
-36.791891494839604
-25.001194020841297
76.26775394139042
34.49246998113364
19.9645020783572
