28.10179501448691
-35.194573885011124
-56.46155086189208
-56.062476524582216
-40.693007074608026
-29.95009970696907
-43.6592496836192
17.76813837607827
-47.90724536570227
28.384735145783395
15.818998152917388
-29.259964859498297
-6.058821863170721
-15.049671397655857
43.50182290197819
26.66055385154506
26.866638556797454
-29.688461254671978
48.60826615684766
49.26160764182936
-30.76947583148919
74.60514770756154
51.04392357505418
-32.37375078954611
12.563999328115656
1.0443425748589732
-40.898421830202324
-29.203649192488683
58.38822963040812
-6.021544132343934
87.01926070656768
-8.412648545784322
-13.60640891281885
79.05665567729383
-29.36116678389054
36.42342595273561
3.1842631018060246
-69.29416752760149
-26.176862704801863
51.428614746061385
8.824673677332854
15.011257294580531
-35.04815002568496
-25.107883555597056
30.167509452135775
-83.52571169231629
76.0070155657491
-59.40892037447419
46.110806897377415
-14.67938467048917
-1.5757489144807693
4.380255712515506
64.83765948580947
2.4439108839030723
10.391047013740149
15.574918135775249
-20.44787055796057
-73.04327438989255
-1.2726355295455818
-1.1721158529114746
19.581669628556142
-31.583966506128306
36.7784683438737
-0.7297315698730813
-15.662494459777818
-14.5401740385051
-0.026387279010776865
39.9807541251688
-7.0674185781514325
-10.225013324656416
33.444240497380946
44.936613180835536
-50.273668826807146
-44.93646362109446
-20.37789560938262
28.916310333925082
74.61044406986528
-36.37550587748448
-55.60356215103359
-38.98263115942258
-14.807454678927769
3.549917297932552
31.706309646481742
-14.71623825487346
77.47656984375112
9.226370375354065
37.85305472624901
64.85842915881042
-54.39132532160657
30.465162084959672
-51.72082661944809
-27.03792049804555
82.81768115829561
38.459093282007444
-34.612719938064856
63.0957547460205
-63.31860211795323
-29.652647924251
24.862816802290794
-16.409552202253735
-1.5242244289877505
87.18615497128391
-9.260730761762119
-64.37036512503451
23.929814064358325
-7.681844981312537
-63.6697672688957
68.08955874316072
-60.71487028708709
43.63539968630346
-1.1696291271690598
-19.383507284337696
8.531231945350456
-9.552521373190686
-71.8906578445094
31.296040103286145
24.42744941421205
-3.479558109437363
0.2692162447292361
0.6369666403820844
-27.41416876706856
-49.13807961088917
-4.503978352867932
-30.403239872093437
-28.46944311616774
4.050384589792472
-51.96249049862228
-51.78279050735124
62.14559257388723
-54.20105887449863
10.40790963234862
9.978898097780998
-29.089069578831257
24.61872652769688
-17.028851172087954
-0.669267111785274
-25.740662514155076
-58.18465585251772
57.32911342512719
-48.72545372844785
-48.328992002664066
-19.365077870463793
-36.405309802585734
-46.13055654063187
-8.080309543037941
6.3664497785773335
-40.51212165646888
-27.41387126490214
-69.6451833849968
32.61968557030019
-81.72100800944212
-2.557722741053084
-4.818414888311835
69.0532395291641
-3.6262179579470057
33.798563678836786
17.824206960054198
-29.885367304117892
-28.367337511995203
-48.129760054813254
-48.95153328398254
21.310906102406236
-34.69273345377281
-59.01856002673753
65.84763220329876
58.464073650479065
6.453724539607165
-62.4511490194119
-39.74704565518708
-28.02262659334899
76.38507276167729
-6.3368642253222305
-0.37845769508331273
19.57829197320295
46.0589944028433
-10.743984415481336
5.274748343475764
78.71055544068466
-6.241744715268453
-12.828881893622622
-17.252400415511133
-58.69393077070608
27.885082091947666
43.89571762839111
88.72088004451422
1.709371335363187
25.442624885568677
-28.56395682428088
-34.221412153875725
-41.69658711001631
-14.18862297336399
-83.86310167847893
35.74153980541686
44.25304929114711
-44.60103769110423
62.48840593244907
-45.8550109180052
-15.153885455533853
0.5171410695705276
70.5258591206829
60.117094545327376
-49.123125398441566
-54.484947210618884
15.532793040324975
-47.79996021566579
19.6542413936766
30.30129226630757
76.07742762105684
-41.6617696426415
-11.42518844399433
1.7654498848655606
28.061388439400062
25.09164936110652
81.37447276565942
33.47422923369578
18.406587204319024
41.14506837073921
-29.28422434016923
77.33151630117459
4.557393481639096
13.923160496064824
27.167750495148795
64.18887427028756
31.0300194172911
-3.7772534487432807
-38.103743593052116
-73.21537978539311
-36.431864438726166
5.9631141984786495
-28.63063183575855
70.8409067405234
39.64551693435166
-20.590684750230764
-74.47357138850046
63.569320337636384
49.06271425514194
2.4732414406620222
35.66881091889522
-76.20154124776016
-30.99514097288032
34.43747012191025
-39.24257108654006
6.968127620439958
52.74634810412218
4.53835411386558
-64.55302826894817
14.725292518252687
72.78882126649907
67.7393331228727
22.36636114509416
61.80883734361407
18.82166467955075
9.911191651774999
-51.40330431687676
-0.64624158080386
59.201487987108266
74.31185958967313
-12.987326450495729
-76.54575244512215
-48.89303670822664
80.24797370026195
50.66190058110175
-27.878366280443316
-41.093521238670625
-23.218694959501875
0.8934803207415172
57.75142006982031
-23.555224638177236
-58.63746289929865
-2.6199557782897926
-5.462700075441745
71.66602037615672
2.019068270425265
20.533261581356555
-26.335465831072312
64.16297045433893
-9.75026190654414
-33.86853681945059
45.21684557008024
-80.64727144666918
4.1845721552274
-41.26449372028822
-10.709799830186512
61.93553811730885
27.82005063074932
-32.53211408069869
6.210582250287786
-1.0407593385072005
-3.016906774452167
-53.59614973013385
23.514354645875798
51.16312998576856
39.86429607347583
-62.99879235484905
-40.53218848342486
70.72709658116759
13.619269747812211
-25.27786686628707
44.08401301040308
5.587097562220677
52.51555399958099
75.80741973391812
-4.6385837995487975
-67.36343022387886
33.08408775324526
26.521281342900977
-3.508209280500097
81.29749434324196
-32.02999236282757
0.22388012820286463
-36.48917977770636
61.5235499132954
-34.03894799946573
43.1132342787885
82.0931647982222
-29.772044662354347
74.30374087074705
-35.47773061292401
24.629548219939338
22.262756208350325
-12.096022212131942
-72.11106072645157
-83.02846956353426
34.30687360828787
21.678270563095523
66.0235276374558
-37.61100432778362
-53.935081239781496
-70.30692857243494
76.5175089162206
61.93196066383683
-3.5877255357363964
80.99062731846433
80.75485960074715
1.4040876899454986
-8.024403706901609
2.260176544635968
-28.467187577928627
5.236037426759253
62.30722202176008
52.18808167890927
-58.01477968540479
-79.18903358774169
-19.889268903780646
0.5514552291018191
-51.748551544071304
-7.4955727216838
36.33529008830885
-51.99048427067558
3.2830493054083973
-57.79200119461938
-4.954502040779474
35.1538485174479
-34.11819230533852
12.167007566147134
1.9823777279127626
42.31706980418778
-12.970778861103753
-19.955413513125634
-11.850191753908291
-0.47762538145718736
-34.02168732180911
-13.58223722746827
-29.345098497433497
3.5023578909642765
-52.777177585728985
15.291988067752897
80.70340095272286
0.33306733801077826
0.7080666391329657
-14.715452283215171
36.45276214220368
9.917696092821032
-50.16039213382145
49.616305600815565
-56.51499291445708
10.15605966382185
-35.70081589568945
29.46510650209784
-69.59064687285564
9.815063139423003
-29.469009695872487
40.506205429348825
42.40976978942891
6.35114886810382
-26.35679278033595
81.70932443467842
37.830849952684446
37.67246568387529
-20.085608211749857
-19.37310056251644
64.19983003920115
-21.3856109231168
49.08243199995769
50.174534530343635
74.95643434773271
-17.366658779888837
-67.1759115303466
20.347475703823477
-60.780898448154446
-62.89840409832856
32.8664889635578
-18.50746867293499
-3.4850491901605523
-10.074092431935568
-34.7932426430467
40.317386512103496
-23.750365904761097
58.3319897601323
-43.18259271265265
36.89889117087358
-18.173208845208833
50.107796227271194
-16.450216542464744
13.25739492792502
3.4475176287855334
26.85345819856404
-23.111505229704946
80.0780514726109
23.1200255175292
32.58497399346953
59.44437372893054
-0.3721767933819251
7.268337360451554
40.50622929815336
-57.67931248626938
4.135174806569907
68.65039343824645
-79.44035178581986
-9.906703772562352
69.42146113683407
-69.02248927420763
-43.80516360295419
-11.423027908901574
-72.32262880635193
-38.26220966367888
37.19962090559275
-52.36112327924499
-23.258294266006985
-7.543174900599666
14.34034540305862
21.932545167326595
-62.75370503541241
-60.39847584030115
-75.65912584498925
20.12356445448289
-31.14355071601922
-61.956298661929125
17.797077613372664
2.8321664465694596
-19.17376193859795
-24.3570860405611
-9.273344303044752
-18.757115742255095
-51.67652151243676
-8.7043581019866
24.00215074516366
7.515909114172445
57.73429714078412
11.781345995483221
-6.781494282694524
-65.72671739455859
-83.36374707028563
-50.00191921833762
-41.29198851221732
-76.67889209385977
-18.066447127830685
49.24193744648545
36.44231593603382
11.205408348207413
-32.82283680578341
3.443218201478558
-46.27191081115049
67.86054714873268
-51.746788159708636
-12.448010051035638
45.01274878089424
-46.60511008499224
-8.793714618604625
78.69922798003097
12.746619702895174
-0.3535436578635114
-4.204421086724125
-13.046648098423432
52.52897864479681
18.425150712529756
72.3929191575651
5.41132420103898
-26.481019526883088
-20.989155688248573
-52.033852062145016
-21.45693584683319
-3.0444074883108243
39.156169754781416
1.970071874446802
-71.68201278874038
-23.44714380730842
-43.839765732822904
44.74441367190494
-11.45452078588606
-40.379966314848325
10.919672047368621
7.2056696639299105
38.37241369041368
-52.36244688638906
-80.58926429346528
-2.9730953903588926
-23.521621792541524
-47.162984268695844
-62.33948831585233
46.93070790476128
-61.46456495877657
-4.626132379402648
28.904979432003188
-24.783487461767635
3.034434891358302
4.569333010426632
-5.836016237516162
-5.254124374769631
-46.746331645701865
-45.235351644678694
-25.587570767353597
-1.9886207172927186
-46.081515431934506
20.31516424774445
-48.339300578446746
35.870214077671335
84.99295665524681
-5.512484864684481
8.546629841829201
-2.055430965659937
31.815683259203922
-16.359564365802555
-79.77392708348891
59.033130619401504
84.87689079943024
41.91319370421289
27.0049483515416
4.0804939645608584
-15.188521883948468
72.36763217302934
-24.644480979157123
-82.34687452253041
-5.954745789459082
-14.402703374473916
-1.0737743088033938
-19.36549528957204
-13.839544816909438
1.0913847024716858
72.55307978518837
-4.781673774203668
33.35114654293909
54.19030976848427
51.69179233404557
-71.36703488098667
-26.91092429905956
-6.874158994051527
-43.45909212657398
33.378741770763355
1.317117041203474
-57.43025343718611
14.110239908113456
-15.804615755514632
82.96921992307239
-47.77104552893646
-10.535484748095385
-0.9476597055098352
10.578360060787531
-30.324471016887685
-64.26727631892007
-59.81662620372414
16.8899090341244
-22.486133565738044
18.36756780152328
-16.317318510947004
-11.805500820714045
25.636395901966253
37.25309168100512
-7.2322448716525685
-9.348449992524195
74.14726700106084
-43.97592517205411
30.42136476033508
-19.329408470623278
-13.389068889562836
17.855835195405348
16.50065820051624
85.39585032327287
-41.732919134225774
-31.04794186824752
-16.007750640592846
7.926284464535982
-12.981810830658404
8.27991746067515
-39.49344662516412
-3.149891396620987
-57.846026457752394
29.99515793659674
10.72084933070488
-1.9822728501655433
26.11925734209626
49.17542973386659
74.67907801979192
-23.834633772523887
38.19355365664768
42.03150592581153
33.33576292408685
87.66671652547637
-23.05297206893755
28.750901339175442
26.467322378508655
73.6575214005523
45.91335734392527
-1.4005774263746815
32.23271973824532
-12.420138902483515
16.94007760282848
35.54885428076133
-32.71664008554744
-62.87328916657559
9.758157848434067
-45.26930140235772
29.84566176817451
19.02374339610057
20.719062924477257
-5.51244430893307
-38.29548498383691
-1.5774765993173503
15.344206322186224
50.382599719811765
-18.958436939826967
70.53243019716396
-57.32173753482742
-29.52207278551917
-44.50027672670543
-4.652566165091159
75.72368857567614
-47.606357206853325
15.010246691867593
-47.509693851948214
-20.229097443445212
-5.701216801054997
-66.35868955635908
-58.4488862235665
70.18018357145317
-4.571382260274646
-43.942772664166796
-53.526499082576265
-11.405332009230307
-1.963183354388974
-10.940461345849926
-72.3934075406795
-9.841119842749023
0.3844457578947811
45.11930423929033
-50.64487617215907
-17.24887658126447
-82.80576291778212
-9.236109008411404
-69.82096290764613
57.54781483725117
-44.0387420113807
76.83868783633989
-25.603598498281755
12.273933932640432
-64.40993823050908
-38.90230249603893
56.27086402028431
-30.852273696746977
22.454873115542625
-4.943893104476501
-55.115484180143056
10.470072781626413
76.39536944705918
68.35617923042977
-69.86815092620232
14.844569400434054
-55.69368207970927
38.238362555083086
39.71485944598817
-2.162017437478056
-4.151001803070429
-43.9680810695465
11.371060929127083
-11.221289006033913
29.407453722309853
-35.23033106628233
-17.310768914862848
-43.036185681515875
-27.19937641481154
-0.1635423157444933
-13.827211765508551
6.273187596058065
-18.70443738089284
17.939705707523245
-38.443425672779405
3.929936167279749
-80.11417952067663
-52.86659337985603
-14.132393567951425
68.99261231648671
-70.11658595429408
54.727462731983536
53.531476575102175
60.58376651948217
7.210445259327784
-70.97189484194527
51.051323822140546
-66.98826107219303
-7.47493048699647
-17.07599508338444
-19.01432968234998
53.4909056623315
-7.164355468795208
-37.21616772160393
-53.7109711300131
-7.995670200849844
-24.8562172823018
-8.22256962363548
31.390239937104894
-3.1286442001624692
58.14986627688319
-13.821634653626887
-56.93231480137477
53.74712462879421
19.388385875137843
-17.317423524808717
-0.46066308485804086
52.74020997208828
14.385025593046024
60.82989698986944
-0.20495885162785044
18.47747276674542
-24.074948758092106
-27.1013589593138
-24.117762599108474
3.9290976266518527
-21.526770927818177
70.9148846274301
-12.438486669951303
35.26442610514343
-11.707688493150442
-66.56614639953415
60.88477542916607
-56.932400340227595
39.39943519770938
-50.18954957901702
3.4820808519590827
-17.650665796518098
-61.728077792634416
15.088191764974368
-11.828677888763977
-47.44930458379257
50.30422976778942
10.30520157822879
56.99960273255391
24.986975029770974
-40.92873814443642
-54.32188326016251
-43.63473929771895
-59.835622875600976
40.10471028362508
25.05247386042555
-22.454549417657702
-28.817219819348068
49.96433408064411
-10.951369680049766
-69.56007353309923
7.065850551549161
-65.28477992777007
-23.622321537018294
15.774964846421497
-39.85019048146324
8.112168495687328
20.348731786314573
-45.95896401787154
-56.56613875412655
10.77232491711601
0.2761150983417622
-14.132190528631625
-2.551703277630807
-3.6066653870952905
28.776747743373633
-29.64263822420253
-21.403240712261805
8.467953541338744
29.191043718355715
26.977499686190953
5.272655933293848
-69.51393791025389
-0.46919792401526195
43.1735237241075
-31.397610302242114
-18.81896576716703
11.268201044741161
-42.094625550677144
84.81467521667741
-5.0230424153512985
-19.65094423039666
-34.69381633781283
3.382853707000777
-23.87369347299989
-46.19641181061394
77.61458851616919
-28.749948997500695
-33.34497788043532
-9.573807813876371
71.93697313652433
-4.374538092700945
-38.83240832585615
54.07590803185414
-40.985031507621365
-12.75128061328364
-37.225072717850075
41.643572079716904
-1.529756507487619
27.631680975886198
-0.7534374001362636
6.920247748337431
65.68495302351266
-32.59321935969565
70.28267537908795
48.11005197850562
10.96609117400439
-29.614996235963687
-16.999962093631083
30.259622438618834
-10.44064313023759
-53.13200777029884
-23.578308534890667
85.14634445465413
-21.929316155548804
33.012462537050425
-56.03343768643907
29.96828415713992
38.66402966734384
39.53114641584796
-14.680081554431524
59.183237789256
-5.782491432815391
-7.989662221161495
-36.37463059151629
-7.249939823330408
-31.722931921729995
-17.908093679606253
-10.329210460143145
0.6444644671472588
46.420965625562246
-63.84726103872192
16.445258515861724
36.26795586007316
71.74849927890347
12.194851887442837
-60.91161296267797
64.63289666274693
33.79149540176806
-13.492915286400944
20.62445278722916
3.060488974811946
2.542621116839925
-46.025039316638455
-79.29806835350506
-69.83317493996188
-17.600758401667434
17.835842923437056
-15.48064201747954
-69.47792996065854
-0.9767781534945357
-43.99145148238148
-76.14237299294581
28.948577635252377
0.8924577610711708
-27.78231953401449
37.00055938024721
44.418789586089474
-59.38644388236604
27.724066319104992
-10.844812173362854
-32.463352277291065
-29.384795529858067
-41.5594498848756
-32.70426311525749
29.341803088756137
49.440157251520446
-69.86849294126674
-14.789684927892992
-1.3216694826803774
-2.7023070559909
-15.896989900937186
-48.12116609217052
-59.934915943785015
51.10595647604211
37.40829300046909
-0.33053686346512734
17.228731906991186
23.655642851202217
13.005264466950067
73.55281970126939
21.58552293922932
-15.598671880787165
37.25118812908525
78.65484488977631
-57.14180546891844
9.902756363734099
-60.38938209055209
16.035367036883727
51.58788916688343
-4.881912726779092
-43.75980475043227
-18.50731873817996
52.80366892269939
-5.9839327839583945
-21.257140516670844
37.77642245600478
14.464729318880046
-66.91477153944665
-27.192322182239636
-6.950679410387124
28.631431246337684
29.58519083172567
-5.0972603979190865
45.70362517386832
33.68008300682811
-28.912877636609252
-0.08599290954194316
-27.718053520482144
-14.333044460088786
-2.022838404442979
-30.69332025192614
-15.984017110651507
-6.948642588068452
-70.1868641016637
56.00441179025856
0.7737440519619554
26.10345453286284
18.04187016905213
-14.979871211565964
-1.1135429921815074
17.781557607745953
11.682160648583462
-25.300339001061886
31.352121536191163
15.929598384166155
-68.83357501402713
-48.502171488882325
-11.572513339307406
32.94911077435634
-25.27023715888494
49.69059663073472
36.90625749102321
59.13747098437818
48.60559372627961
69.86994892713949
-70.79937296943118
26.4220653434228
14.741604263088817
-16.57009117007472
-48.74948619331212
67.77231508152227
-6.020216403926526
16.97895087895982
-51.46908727589802
-9.868159090810025
5.376505958031117
75.37538586378815
-61.154553258008185
-13.009790256938402
-21.893149110279396
-19.832329059672347
-58.80037768219957
16.209302244374882
-7.332678801254104
-51.12417250684171
-48.242738945432656
62.5341997915331
53.500400121416476
-23.115330071540996
74.4520070595982
-61.083214333301626
48.013590735778735
81.58664245121224
-44.7571066831794
74.19312902363424
42.026699113170565
4.174310895448485
-19.446513396384276
-18.32761228748592
-62.56394316701548
56.33937825239957
-13.128658555633024
-42.62287445633422
12.286727167974945
4.716812799579131
-4.023227595411441
-22.583502937159892
-36.858175042181436
-24.958418153051326
76.34278196923742
34.63233065343971
19.963437287884616
