24.82597452304897
-31.337752826580314
-70.20685009697995
-71.08443303541429
-49.45512853827873
-25.37859924229403
-41.12977150191543
15.788366846412828
-53.38778860139441
25.3161358176244
14.350960174661239
-23.417442922569236
-4.238669556751532
-11.529118576899151
59.295427879575755
23.45966890492039
23.936193679304466
-28.388906372098702
46.52053929579671
50.00239402349513
-29.872016287134258
72.94209207919027
51.25511904082572
-29.366298044082313
11.476948944909878
1.3129848776856647
-39.54225979295338
-23.953532716925068
54.10373735034264
-4.2156909580525195
90.11754141178278
-6.458361310176542
-10.415562976607916
80.10782852242508
-25.720161377485255
33.35993780172254
3.0641983193800826
-68.58406532602729
-22.07165644425406
47.128795387471484
8.2748548447897
13.511167838532998
-33.83203596951653
-19.91936253156703
28.890208439656732
-93.2687473599793
84.29683551273982
-60.02573943636427
44.70880159284951
-17.702798180891747
-0.6779519788714907
4.598129666125857
62.00525029637865
2.876430705324921
19.65254220551951
24.59153341582983
-20.0165238150486
-75.22138259918486
-1.1560653065164246
-1.8116621465501481
17.494168374301495
-40.59736640499448
32.910377574779545
-1.0472174453358463
-12.610394680808497
-18.01921991709598
0.7656148398297944
41.953613473060045
-5.5122834925371365
-7.650622815602034
30.04138013055261
45.85722017186444
-57.01067461919641
-41.31156854312282
-16.328226469727838
36.45799693081719
75.80381608201145
-31.661788659492856
-68.7703874718521
-33.82416427576988
-15.893261471709224
3.3018048448157344
28.62368224421199
-11.481444754859169
76.29822537587631
16.036430806504896
34.93728665291823
73.00357560225638
-69.76574215873156
46.21479789490556
-56.448102520721186
-21.746843658461074
83.65458322088847
34.8141863443619
-31.19974473793431
58.614150915076095
-75.85400054825429
-32.38162751912496
23.43924519193658
-14.811580875886023
-0.6258288032925918
90.48288989684673
-7.322742855065783
-69.15521032496389
22.018499117805575
-5.582238501864808
-61.037713213878064
66.56605504734537
-58.48191872215692
41.903799679257844
-0.32284955123303405
-16.415480805600566
8.01125322615303
-7.860825980884499
-75.82831677940916
27.682756843553094
22.42912089240187
-4.365139846665485
0.6733777798071827
1.276957626710768
-21.879073828028424
-48.7439981153572
-4.970858528937924
-29.611857379939323
-26.907139085742514
3.6019608675119485
-46.56937749511992
-50.917611583143206
70.58422251013965
-58.05921486124318
9.323459332661116
9.24998693105725
-32.74526751854084
24.11476587315694
-15.357998706342912
-0.5245840723816855
-34.89004498972244
-57.183075733978924
52.7272804438816
-51.17002812107363
-62.59058595752701
-15.224820023072837
-31.415927016386064
-42.50462908699637
-5.938303327355442
6.1863707625024915
-35.00169694296727
-24.472846725224585
-73.04772085818001
28.949310861747037
-88.03020558274238
-1.9234881182738803
-3.316855978205055
64.91893054541998
-2.2093971634002685
30.028575265500237
16.109391526949793
-27.491022340127486
-28.16712739303823
-51.771732706167604
-57.34337888337945
25.692208852896727
-28.56129090177879
-66.92840993269284
61.768901289934206
58.106859528003554
5.436230368959571
-74.9673862264387
-34.798871186566345
-22.572251566655865
79.83256995764052
-4.542780821825232
0.17437139748517438
17.539995580690373
41.41966273900101
-12.92337193452569
4.666925086223671
78.88605113288762
-4.399394599638555
-15.443859406652948
-13.66056638271833
-57.71925384395633
24.662617797964998
50.38923818409816
89.11650017062846
1.5808699984901864
22.69074420921089
-24.50042916319471
-31.561837709624
-44.55929436977801
-11.163929091593161
-92.0775097703247
34.65779920617197
40.32741815374439
-38.16954363980903
60.689939606888004
-49.95296022074367
-18.8829393592074
1.1075480055141043
75.18898210750862
56.0259748121544
-54.52448992852022
-54.56618518888737
14.623802845550571
-46.690733537552134
18.9866491360809
27.091502230218524
78.89877419139054
-35.76041358479074
-13.279672874420626
4.160887124574728
25.35470736416154
25.62785643004385
81.35300625076835
29.952290797444306
16.594777088969025
37.23852557824631
-23.255376538594987
78.26279098750825
14.80472440436597
17.108052021930206
23.998781311848376
72.66478411503394
35.59501059778711
-2.944405523222997
-32.57880896653498
-78.31499005638088
-45.51777858798309
5.231627770704961
-32.58337563546961
78.65630097180974
54.494017648449045
-16.386823773752198
-78.81064302234122
62.45253133999017
52.74540481668345
1.96729334896294
40.5293746750429
-87.08535514888894
-26.015020973571183
30.51027716121007
-38.29057186682799
6.673820118265525
51.797501369216604
4.611169512280043
-64.8938588178375
13.303774147784864
69.59227093946137
67.57460061653904
20.595840957888186
63.63977991231718
16.65866428962633
9.070595976086025
-46.21568579715624
0.26031167356092055
55.05430069996282
76.15476065788556
-10.711065060389359
-79.14268157225212
-43.08767138046177
79.96013738328412
46.35628158391805
-34.16470059770743
-39.75311381281071
-18.39096524842985
2.4951706357319665
64.166465141696
-18.607354923802234
-61.91538692366565
-1.7473021268204718
-4.327382064790356
67.82226438442964
10.36567222734054
18.821260655685137
-27.822210873861096
59.768553759390926
-7.524077002331083
-40.2152702576917
44.17428876884884
-88.47193495426401
3.7803620257548403
-35.0442166567218
-8.051515823713302
61.57649697997746
24.695001577835242
-36.7570641906087
5.739245141160367
-0.2158576182235663
-2.0289697878020263
-49.26012192629294
23.40962744856462
46.665536532832846
35.73262647904912
-60.06566073470552
-34.601874965668486
79.65724929421097
16.32816162650694
-20.708122133837108
43.182881667363006
5.439746283404858
50.995721551847936
84.48986954775944
-4.339598744299622
-66.36051193294338
29.77075597598646
25.147368873448485
-3.807642346438996
79.94642517692327
-30.121769856541576
0.9728532359838766
-31.238656488140833
57.34616742821831
-31.47663709346537
39.416036664551996
81.83014342199522
-30.411001662955158
76.05029561649934
-36.30290651824511
21.7678822985455
26.535571147122212
-13.240665138751822
-74.21362480444473
-90.91899075883313
33.02549613967432
19.118083504035596
62.88643922875397
-43.99609691320112
-51.613381222700646
-70.2653922954071
80.95470222458201
66.76428429764005
-2.2936419756871373
80.93761667265176
79.77832162138583
4.816523365657886
-5.8566319072843385
5.408642058742927
-32.49441121826416
14.36932608540016
67.44319588717181
49.57775109263625
-72.55613284233445
-85.01275461660025
-23.41113357992657
0.6193041155891024
-52.18192254563295
-5.444507594964193
32.46899635808373
-57.20308049306469
2.6682832507056276
-64.63626496470111
-3.4286977897061632
31.622458562194083
-41.13432145154435
10.708974832716294
1.4897645767207166
37.819749652532494
-9.870248730806821
-15.437997423924656
-13.568531477152789
0.15754600450875955
-31.384508960028015
-10.396930585461504
-24.583950966993783
3.519809602811449
-48.07389634702618
22.810600796362905
80.90334626195931
0.513478839698351
1.206872669125687
-16.819216299072934
46.06624895079679
18.842373053447844
-59.5632738026272
53.41538948667235
-56.778281478705864
9.398739984059176
-31.985608884697953
26.031659863132987
-71.90392123215672
8.980647965213464
-25.38362239856714
39.1261844454321
38.56895316109217
6.125613604815641
-22.037727070446564
79.84179872454416
55.18981425228884
34.19183588991592
-17.935057509037264
-17.73418317567902
67.84097194156436
-16.75802008567318
45.04694586710227
45.55249511268565
80.38003377512013
-13.674667784412591
-78.71895793254633
18.052173661806833
-57.309576053220376
-62.565077535147424
29.176886109418618
-18.151239860392536
-3.785374225857865
-7.807346854783887
-37.59105082378452
49.32502425581461
-21.063507513484538
63.279246052304984
-42.10145799927563
33.35359457187451
-16.39161138928675
45.91268944383879
-19.785804152449813
12.22369205057278
3.7220834418441058
23.715432040868905
-30.040275214266458
77.58413072497939
20.842346675674364
29.69853957733295
57.25856006409563
0.023099694986143504
6.630305069597981
38.2336800883466
-58.226377074921885
3.5960358775139554
64.50578438979858
-85.37603694649609
-7.499139918868735
72.43234755110774
-68.48591172324586
-37.83438710794089
-8.766489593817326
-83.29620346447159
-32.50749283909428
39.87600923536195
-51.19649159430863
-21.19373340528017
-5.497731596773278
16.669312272522987
19.75638873884212
-69.66612985299192
-64.51669350950328
-82.22950051702604
17.667217725588642
-34.92284335172496
-62.87668177909807
16.141733861785028
4.659659223500839
-15.09658383138985
-23.296490173790204
-10.367365592064928
-14.760081094385484
-51.973140650588554
-7.577978376349364
37.528272504326594
6.598150982552852
52.90163730039103
17.46215626952545
-7.955515304229493
-70.16600543566099
-94.59787370893466
-46.450721226049374
-49.067745399555704
-85.78330744375599
-17.751136192408552
51.46441801712618
37.54370997994937
10.230561898715635
-28.834874071137122
2.9891682851414174
-48.86721529461933
64.04827958014312
-58.616705369944086
-12.116885081031342
40.629012783821
-41.17113771990909
-6.66261001881854
77.30326736862139
11.476418025068767
-0.07872479263383525
-5.073652130816697
-11.543861358074054
51.42597833773149
17.235765210539483
69.61244127540425
4.651936507525448
-20.968608693619146
-16.47582630078098
-48.3574500998675
-17.47074609541255
-1.963350981239813
46.29785308223032
3.1339472873521714
-73.20816970401299
-18.27159833742273
-55.04765874820923
40.29385444212241
-8.713121302654358
-35.129306998806804
9.99916753593881
11.70469691625263
38.61995845823958
-46.767266083164884
-86.75600671289612
-3.122878294421966
-30.739429742585074
-44.64034610582387
-60.235132959368315
42.30391580901346
-72.66388655595438
-3.312748381405811
25.52452191683804
-23.030478245385666
3.283272917311322
4.665589609454372
-6.055154173982331
-4.355875830338931
-58.78309632138118
-52.14980204307108
-21.449866879882066
-1.0496093883934066
-39.60319231183585
19.85749008828067
-58.79524864796007
31.879749865996928
84.69578002335359
-4.161264627221797
8.029398334524018
-0.9417614169697686
30.04301312426422
-12.602423593535534
-84.48326915160231
69.17785347894494
88.50537628278119
59.00555712416693
23.977171527599495
4.2561770563015955
-11.911371989354137
77.71400005358063
-19.59258202210249
-91.6743405776338
-6.750729631479004
-11.025767917749434
-1.1839633704343981
-16.27630803158692
-11.05644621383766
0.9628041281524418
70.06743346966684
-3.4609049074950633
29.65244281318178
50.21998434698804
57.8196970708685
-74.81745594293477
-22.61122214443735
-8.146119198369377
-45.73419976149447
29.580727283547375
1.8706322858012925
-56.02855049098926
12.78512127427453
-12.588123896993707
82.54921270342288
-42.04847431599375
-7.921510453288903
-0.03544843862037794
9.767256770919303
-24.371589806146915
-68.2339392486347
-59.425363679236135
15.480170579786034
-17.493533737700417
32.9867927029716
-16.31459245940715
-10.556507377898726
29.732016010518095
33.82453929772572
-5.411520511925232
-6.936539421045623
73.53900977942143
-44.01303235705734
47.068482507003864
-16.783404483974223
-10.722461470202092
17.190539242433147
15.739083234578544
86.89808210743382
-51.04248990533233
-30.660507901690337
-12.312797787411114
6.77986474630022
-12.774290156150684
7.094200651275983
-33.392548728744316
-1.9978501937012112
-54.926826141394145
28.34448968360998
12.13914569402948
-1.3849540523351322
24.500262038378196
52.816811042626824
71.26925198243813
-20.276993618031952
34.11847803717765
37.89054353170769
31.60987024939743
88.80351999674318
-19.804760285738126
27.847670418021963
34.37290734489045
79.71219654875651
42.95725148898208
-1.6523468569513113
43.86083677510857
-10.036633985371608
14.93253009165197
31.6959130428057
-36.41175320281945
-63.77661822668607
8.666134908640373
-51.079015432159075
26.31467745810042
17.12717812322022
18.775696269027634
-4.416547862476207
-33.06584523744431
-0.8793172646818732
13.882679924931196
47.27772178605028
-18.738990336124203
72.72152343796523
-59.547858372838064
-29.12089383310338
-41.63967171555278
-3.0655512392727786
72.88277453256683
-42.073846630721306
19.799131772913128
-43.617089313366165
-15.67878442437069
-4.54047340564729
-75.35175165208258
-61.907179405650524
66.24179690577611
-3.357269103738261
-37.45989554729916
-53.65160842957525
-13.203324673469822
-1.3091298204112007
-13.18128738743495
-73.11816359391388
-7.432940947756805
0.7081844537672737
43.38623832737565
-51.60517776776412
-15.255248070464873
-94.59365780428085
-9.84487919306359
-81.6827034986078
52.795494087185745
-39.89408717641805
74.02152162316622
-29.82101048969527
11.044170519172255
-62.711815003475785
-33.70730806866882
53.22133084310698
-28.314068515668254
20.08726235662145
-3.518207689824095
-65.81578774000535
9.37980309146073
75.82593453456525
65.96503845661584
-70.39085566866305
23.912098413433753
-59.37466685862406
34.36657989998926
36.11644257037372
-1.3305492911505041
-2.9390244758743904
-46.24747009181566
10.381436161408232
-11.982265404556998
26.18885573910896
-47.68569603749101
-19.058816884078993
-43.30121748001768
-26.31496482945667
0.0448200601329205
-10.605041849681797
5.889258244698979
-14.394220903174286
16.35334891710656
-32.14027186605571
4.0992641914426
-86.49689571681739
-53.5775379972297
-10.806411280731098
70.353815082795
-78.81934483329096
52.267873207181566
54.65749218582039
58.21462511931392
6.902935517634418
-74.70250081287297
48.15794941124531
-79.27273183835503
-5.407612072667931
-18.087414956165887
-14.741051108452865
50.12795101668354
-8.50872457819564
-37.727086216410186
-53.055742381244144
-7.273884728566472
-19.97789652434821
-6.304177429068247
36.65621344397735
-2.3947762159373696
53.35587358981218
-10.573843730940737
-72.48973902461424
49.436476870185544
16.994553624804738
-18.0496220891291
0.373900799413434
48.126844098405286
18.51755143407216
60.861341514176814
0.06857166056313702
16.224989638470888
-30.9818351024241
-25.00032899925273
-18.905474668930864
3.7329775613360283
-16.671171087745407
74.42112561210749
-12.35141680651192
31.254995186160272
-12.764203839380116
-66.43575400789045
70.44028534245206
-66.43567494086668
35.265705462531514
-44.52088459799484
3.5915412317710462
-13.996598557959786
-71.97572803937344
13.787679494853279
-8.976032531533278
-49.18279120497871
59.41115323965482
10.332916279252984
59.59062620694243
22.91099119730289
-50.198441767548815
-53.05564745914716
-37.95625063020512
-60.18515119259923
35.759480158932945
22.360113265810483
-17.606470799647468
-24.307498560392588
45.35737654686665
-11.727135183592836
-69.45884423344563
6.232249346189178
-72.7222482903357
-18.760906322666585
14.245540306742754
-34.34881047737516
7.669265999241034
19.524556137329043
-45.444846604974074
-54.39855012171526
11.428807054704379
-0.2606797971980086
-11.482626250857209
-2.703473491398384
-2.670597098816316
30.164071063699268
-34.469013155600614
-28.45059261246672
7.70281137262721
25.800727763740426
25.076269857471786
14.07690868343387
-79.00964404514332
0.14106453204105662
42.831259343164646
-40.859172438921
-14.797394704220906
10.33109687319967
-36.37972958747515
85.39116752245903
-3.369626283587152
-15.449674604625216
-28.248577407786073
3.632463118344532
-18.68043930283541
-57.275642099491094
74.58312654212222
-23.63533033200781
-28.776197325167402
-11.471545613689969
71.96487906525579
-3.5239344830865207
-35.65304672319292
49.932241192902325
-36.52777390406959
-13.779153749351565
-32.59698940772189
39.38771009121777
-0.9865324427022841
32.36898557792114
-0.9108125091115795
6.62535187829549
78.37687757618593
-29.14164238014405
68.06228209442318
57.410540691374166
10.08342922812885
-24.033566455081598
-20.065170075382298
32.94367695571046
-11.85219085834693
-67.55379500352753
-19.694928454492654
90.19734510874446
-17.103954713354156
30.77594037460966
-58.49589855961652
27.05766503151615
34.40082480493132
36.50733941082757
-12.437093454692643
56.531911525912875
-4.0018928415588135
-6.226776653759799
-32.00729389197831
-5.425520647853105
-25.66965379790136
-13.919794069074953
-7.936019964005695
0.017969533621652545
45.773981977957135
-65.13967093238978
15.372466704090527
34.102707453684474
76.30933970954055
11.16538203083529
-64.93544229181526
61.38049165230754
29.941339698454712
-10.473152801509059
18.717936670411532
3.135641223420066
2.8281557511096196
-56.89871947625889
-90.11326116125078
-80.34671881569527
-22.53890019952418
15.681890395222439
-15.288293642751569
-72.21526174792243
-0.476986921225631
-47.23966568098532
-89.6462439146755
25.775933630831062
0.6198203700731995
-31.208652489297975
33.62248157470668
39.991613741159995
-58.76510132838518
24.965023555636677
-12.71180004143423
-26.526918384838112
-35.21977681088383
-36.881946842741634
-26.949798139910342
43.87707217368421
59.98699648533537
-78.66560304920289
-11.466096362771367
-0.659028769260118
-2.2245981265867414
-12.202752990956512
-41.8576655323437
-58.476668253458236
46.73857315772963
44.936975371427906
-0.5632894769738357
15.222625567525156
20.826576299280504
12.292573851028479
71.05065270151266
19.161951975880243
-12.30452624059366
33.30681073256582
86.91159496239618
-52.81153251876207
18.365909589454063
-76.07911195041639
13.93621744156593
49.56134643192891
-3.7989162909971554
-38.25657954919321
-14.856459380173064
51.959412728888054
-6.416346543583444
-24.35519703969743
35.09932281842501
13.195744224842556
-68.59615663901062
-21.515808346397435
-5.439607458446602
25.422805083757083
26.198692850774037
-3.491289721773782
50.875146590445354
40.83221480310732
-29.84417654144802
0.15241571833300327
-31.5174971228017
-13.88756004618972
-1.6166536638514373
-25.44099935530619
-13.230936074134263
-4.982032926433845
-77.37669228537314
61.30549466425225
1.4719795477939641
23.19264317925729
16.315986739101362
-18.04917835672589
-0.20612335670401194
16.642489494486654
10.572610051967999
-33.662302094114466
40.82834540164845
18.119582748916898
-71.40284522257747
-42.443638955432746
-12.034469169755951
46.54115060306057
-20.588761382144483
48.70136687341318
33.14061810275973
61.570733162444185
48.32675927850167
69.56419408665965
-70.39860451199604
30.148947814397417
12.831778494623805
-13.196841905336484
-43.33319134251889
64.08074573115266
-4.229554050190785
20.650030911729587
-52.92789526435805
-7.453892950658272
4.7552564994511926
79.37259623194291
-59.18565580082935
-10.545381924291803
-18.486735043008764
-15.842899886785872
-62.617009142910504
14.171046873674229
-5.867634086561665
-45.789217014683324
-43.397232547564535
59.40368458308356
67.37960207105067
-18.349608694787122
83.35749900184143
-59.88469484588902
44.00250957892473
83.00595600774628
-58.040201875740124
82.6008205387574
43.00143267363512
9.143864678516366
-17.51805292222447
-22.22382291233302
-62.91873639244383
59.50290146030474
-15.57482671441197
-53.51666731464536
11.208673879835587
4.7755608295586995
-2.538200227314718
-18.138059584927248
-49.49292012484005
-27.533365576800065
78.02234063209812
31.068931133763243
18.21094361021737
