28.140144536769853
-35.202703457226065
-56.444351901872665
-56.0454749734341
-40.68301643912033
-29.965232304880473
-43.66135234715934
17.795501695205473
-47.8942863158721
28.412311180780904
15.832783734479321
-29.296096917739888
-6.064887124197
-15.075039225381616
43.47764708257111
26.700447805486633
26.894681684818934
-29.684258392156792
48.61105268630567
49.25344569697373
-30.764437217203437
74.60612432134272
51.03722883533965
-32.37610864254715
12.582715805771187
1.0438272860959188
-40.89508326541908
-29.228692444631335
58.41198756129131
-6.022568390758352
87.00348509038719
-8.435200359240824
-13.635544695289468
79.04695339150243
-29.36754595505495
36.43736096761842
3.192927219740426
-69.30838545594179
-26.188221134020367
51.45408900597204
8.83996523873526
15.034130763112145
-35.04386489174618
-25.138917104216134
30.167636571453116
-83.51448721741211
75.98596410321201
-59.40514758889943
46.11011106035775
-14.681338564775672
-1.5783994955722704
4.373161961873464
64.84566870050773
2.4531628709123936
10.374872894923016
15.557671669655207
-20.44283563409458
-73.0466919265032
-1.2661312939969065
-1.1764815560062516
19.607341233356024
-31.57907175425379
36.809912893042565
-0.736097718629992
-15.668428932685032
-14.544005339063744
-0.02250904222752581
39.96981991695614
-7.0895579534707736
-10.236286599761897
33.46841354488612
44.92801399751525
-50.259600427877224
-44.9455443710413
-20.394113219982984
28.898463810800095
74.60072450055267
-36.39116734311474
-55.58674935540823
-39.00304405936571
-14.804652001232597
3.544866579110007
31.72562614464843
-14.72772794019805
77.47501190796388
9.211467700553953
37.86432313495615
64.83851524799161
-54.375132262987044
30.442304857512454
-51.707435319325306
-27.06679896982854
82.80808764460451
38.48113748785093
-34.61770497033225
63.12290874807789
-63.298885241343804
-29.646015023050737
24.865160885306665
-16.405815072873963
-1.516801537784687
87.1699659201102
-9.258689594260971
-64.35749803952422
23.937844495533042
-7.686010347733273
-63.688661100809774
68.08978298865566
-60.72689012584603
43.63647668413461
-1.1711271285047076
-19.386342165045818
8.547044815616303
-9.5488009232254
-71.8849632814877
31.337125961850546
24.436284409530785
-3.4835999992982494
0.26719257104198846
0.6407277635225199
-27.4475281225383
-49.13338213605883
-4.501627199687462
-30.398020233878555
-28.465861650918214
4.053575483522849
-51.991419077967954
-51.780674442097705
62.12557211468996
-54.1883233902981
10.425465639356133
9.994185024408011
-29.08307549372202
24.615440322675852
-17.025319577518303
-0.6622562849978948
-25.739006147789894
-58.186987074639525
57.35941754513675
-48.71468344999761
-48.31576051937292
-19.38638198022319
-36.42383006504712
-46.14019494850429
-8.093151106761553
6.379968137008234
-40.53661031836508
-27.4156612587428
-69.639194535096
32.65752571576351
-81.71955989475242
-2.5697818364070457
-4.814983753653053
69.07473313013764
-3.6247348349446895
33.83636979059756
17.840153779309716
-29.884608834108917
-28.361458061027605
-48.117792482951856
-48.9376836743692
21.296509837044738
-34.72709714741085
-59.00176284277943
65.86832054423513
58.45923595662231
6.460433525386009
-62.43171252978021
-39.765372108097424
-28.052952731981065
76.37024798387836
-6.347393262061047
-0.3699487347026462
19.601695101419523
46.10138153034714
-10.747851155859891
5.275198865557144
78.70357485369283
-6.248906328715677
-12.831624333459828
-17.265603952276734
-58.6965399679856
27.921981019713343
43.878255958928264
88.71129757604581
1.7068640565427273
25.469174155377672
-28.574092786541442
-34.22218634314866
-41.686374069758706
-14.196390321850402
-83.85758451447421
35.739986285853064
44.275249383049214
-44.63755384866403
62.489794503653144
-45.84318627179912
-15.157452507460306
0.5261034584971043
70.50957696599787
60.137771397100266
-49.10986735582338
-54.48053571931898
15.53372781713125
-47.79730532359515
19.652366037845297
30.32750208801619
76.06382200692605
-41.69104837312455
-11.426307756185665
1.7545403643394621
28.078472371000586
25.084394919131427
81.36784403437971
33.502100044872066
18.42457705328158
41.16975327007722
-29.324432333820468
77.32232116520785
4.542903744867019
13.910528394211127
27.2051531408828
64.1686987103351
31.015072414456483
-3.7703257612481735
-38.128336398972394
-73.20704801162155
-36.424228573678015
5.970427524471702
-28.625015380447962
70.82084844650299
39.622134543188366
-20.609824461269312
-74.46932752673827
63.56752145304483
49.0486942010445
2.4699670663685254
35.65338907179955
-76.18235552648432
-31.014872632229768
34.481920449823065
-39.237854637476616
6.981755593549025
52.743629891576205
4.53186742131453
-64.55463284499984
14.746974690163725
72.80009991793483
67.73394286457375
22.37377553807417
61.79799668206678
18.850838523219636
9.92095823090466
-51.429664797894915
-0.6428429205170403
59.22300116950814
74.30052470248185
-12.986641954140353
-76.55300892653875
-48.92402957793639
80.24245596221044
50.687826575145664
-27.874593807509996
-41.09016111131859
-23.246072494364128
0.8833855780044075
57.73363084422806
-23.584755886358295
-58.626054152747116
-2.628620129019609
-5.4566664966847895
71.68376806146424
2.005971780422584
20.541708840856373
-26.329515723498474
64.18851478547109
-9.776310265423305
-33.861418066097464
45.21458857063979
-80.63838531593385
4.188665198611957
-41.29783154512011
-10.726400799779668
61.93076021470577
27.85271874115095
-32.52483903838605
6.220883882948044
-1.0420153382067951
-3.025649631058897
-53.61653693421904
23.509394288122664
51.19327891013816
39.898020472740825
-63.01903166801934
-40.56175318355062
70.70601897623419
13.607289012632208
-25.296120811194
44.08120751420441
5.598604292220045
52.51530668148564
75.78603223646942
-4.6328325513928235
-67.37640178309607
33.1065509310632
26.522772709902753
-3.5048155359520905
81.29627458452845
-32.027563272419144
0.23179877053203768
-36.51063784822953
61.54552394034067
-34.039251044057345
43.13219648834644
82.0872904801561
-29.765392606967154
74.29263621661616
-35.4700726955065
24.664177924308916
22.24844584506097
-12.094345826479966
-72.11345505036356
-83.02280875101528
34.30645173270747
21.711284592238954
66.034064532678
-37.60202156471934
-53.94124915128505
-70.31851284853032
76.5010182130122
61.91593788413596
-3.593098768157816
80.98416340523693
80.75203311723601
1.3925937401739077
-8.034449863058398
2.2486561905796805
-28.46169404317854
5.221518582519778
62.29077631331367
52.19407872230914
-57.99688235556434
-79.18541679564245
-19.888049994275846
0.5463602539546599
-51.742105999657824
-7.50623542073987
36.3679600111285
-51.97669491469756
3.281878380810582
-57.776104952126005
-4.951257503205483
35.178153092560535
-34.11119005027206
12.187096761215457
1.9772958542109649
42.36343387981057
-12.99192652174483
-19.98860760051332
-11.85577140174064
-0.47954105139018566
-34.02233352715367
-13.611343131191774
-29.362837479818168
3.5084840970060895
-52.800093288765794
15.275579111902616
80.69610900204418
0.32838114419882913
0.7094695781654821
-14.71496438413763
36.43285923493039
9.901768145835419
-50.14600345774324
49.60209998419941
-56.5108891850811
10.171239738433954
-35.70797092398617
29.50511586109819
-69.58882349773785
9.82459408169126
-29.479169772692188
40.50570110661155
42.4317891044777
6.364152055224977
-26.370599721283284
81.71061825406548
37.80634898613593
37.69208429314904
-20.083683114910073
-19.369566781622424
64.18548948925411
-21.414011072668956
49.10395087804778
50.20918510488653
74.93869658894172
-17.382064404344916
-67.1556437099053
20.377105529690112
-60.80229891195906
-62.90164478387468
32.90421419798437
-18.50254852621758
-3.4924120222551664
-10.075215785582941
-34.78488101825876
40.297756074427156
-23.750835596906185
58.315952198483416
-43.178745060366836
36.92075446418835
-18.170014686281235
50.131760348003866
-16.451239231842678
13.261671674175176
3.457957598468596
26.890751642765622
-23.111124276722933
80.08333109793762
23.13710037062829
32.59944104626487
59.44777141657076
-0.3772014416996683
7.280467040515006
40.51099200863234
-57.67480661911093
4.133477225631978
68.67203746671186
-79.43666813006745
-9.911126730323417
69.40797160459192
-69.03508781954123
-43.83570192724534
-11.450612332046049
-72.3025472776047
-38.28966028355716
37.18738255602602
-52.360501304549715
-23.256085708860013
-7.545561661218613
14.328935488627877
21.950088289723425
-62.7373926667681
-60.38585673695459
-75.64861495361475
20.155830031996643
-31.136712352947413
-61.95309129146698
17.810071198065415
2.821699981003732
-19.19388948588349
-24.35247957078529
-9.279958954305812
-18.776406080233258
-51.67044463120093
-8.698986703697798
23.98130304427241
7.526720008789027
57.77103850561517
11.766609835138354
-6.783065860162935
-65.71510571809819
-83.34834044550882
-50.01324033432064
-41.28151659540564
-76.66297117762963
-18.061557412715388
49.23043539988001
36.43335012135714
11.213991757402681
-32.831865217843955
3.444128702969806
-46.261151331921376
67.87793401894032
-51.73223305844895
-12.44329135824482
45.04566190493861
-46.630733170414466
-8.794560173793812
78.69858109995738
12.767789706321949
-0.3616713960670097
-4.20984265557226
-13.042481984378185
52.5268863159782
18.42786908467714
72.40087324037765
5.416554704069526
-26.516247204784094
-21.015553439113418
-52.04755360703236
-21.470315199147294
-3.037902992708709
39.13820160144735
1.9604935411349658
-71.68671740791228
-23.48431070883987
-43.82854910294679
44.780312275569344
-11.46371863572152
-40.40154486586595
10.931524734071658
7.192422964262107
38.3657414879992
-52.39385768120079
-80.58646895943431
-2.9687251210371244
-23.521072315477312
-47.16637173037221
-62.352654072260705
46.97025925574266
-61.445769235580556
-4.637707486593442
28.944791587131732
-24.780349495992795
3.0451484790664693
4.581190120131012
-5.8323930006943385
-5.247729534255271
-46.733714725074
-45.22306314457568
-25.599597789347513
-1.9926906520231995
-46.11908613292684
20.312021615655198
-48.325755986734094
35.91128170095078
84.98664612557118
-5.528753020371951
8.56143311022116
-2.0554175835844433
31.818712555994267
-16.383994054096277
-79.7762900285649
59.011842682570745
84.86055292165926
41.8884553433094
27.03684883877709
4.09168361218228
-15.19964361599996
72.35024805820916
-24.67341403507011
-82.33542333873098
-5.954116560364014
-14.424086938734291
-1.0879763641972318
-19.369378647292137
-13.84366645479875
1.0978934012722732
72.5589540931851
-4.794052114187693
33.38711051590229
54.20957024124726
51.67452325139584
-71.36259717342354
-26.924187133033655
-6.879659259877542
-43.448997580412154
33.420331795949664
1.326352986511111
-57.43402626721138
14.131085071354207
-15.813042160245388
82.96377874508914
-47.80042728930762
-10.545310170089138
-0.9462853816033174
10.580524730915513
-30.36089784244379
-64.25613275185842
-59.817334425909316
16.897485585409655
-22.52197516908427
18.347467094288916
-16.312701243837253
-11.800749752402638
25.62218863541426
37.27217059187507
-7.249250105774209
-9.360806672642155
74.14345040929047
-43.96919281987541
30.398111423317346
-19.329373530967217
-13.392066518313896
17.854201162509526
16.49997080344025
85.3839653359768
-41.722496977795714
-31.04207035055137
-16.032208368794116
7.936771409594016
-12.977218484026224
8.291220591492348
-39.525304313059955
-3.156049799825581
-57.859569509082476
29.997761888776438
10.71108827269562
-1.9920258020056991
26.122812441531266
49.16147145824905
74.69215409166145
-23.841261873507364
38.22966099285887
42.06120833841641
33.338126496235134
87.65528488443962
-23.057146532883934
28.749166623309975
26.449367667176134
73.63911354905201
45.92260950879631
-1.396405950064107
32.21179454611237
-12.420628402683178
16.967608077845938
35.583599368671344
-32.70912119767567
-62.87085480267882
9.774140729177049
-45.257097331496965
29.88861072569503
19.042655698812027
20.732600177462388
-5.5333358009277305
-38.316636936721274
-1.5837239717108957
15.363874793587186
50.39258660548137
-18.95348785338392
70.52053484938097
-57.31225145026066
-29.51632007979744
-44.50442211332238
-4.655144444121234
75.73196417583753
-47.633577111718346
14.995833630703387
-47.521986182636795
-20.26155247396774
-5.722133647571283
-66.34030178844621
-58.43709818073899
70.19910560857849
-4.5846665885609355
-43.979823860898215
-53.521555754963
-11.406241502131536
-1.9554846052139965
-10.94530065669457
-72.40388051408956
-9.861427414934653
0.38181905947206474
45.12029584974579
-50.63685329445547
-17.246352054471288
-82.78863022337508
-9.233653608922523
-69.80016827749343
57.58207714848146
-44.05127288566044
76.846679667751
-25.599719857168523
12.294527241132982
-64.42314594630237
-38.92310459658725
56.280163244572805
-30.852190970871888
22.47839137380491
-4.954914702026386
-55.09898862954298
10.487742341566602
76.39129130951315
68.36131517790906
-69.87560522363253
14.827440828046434
-55.68121247108502
38.266538261270085
39.73467790786921
-2.1690061447155387
-4.161840798043144
-43.9579139208489
11.379598695120677
-11.218817897415605
29.437319711249643
-35.223837382104584
-17.308200444246722
-43.028918931529574
-27.19441586960346
-0.15587686635490172
-13.843315349131885
6.269936730455214
-18.739426923990578
17.949793738932883
-38.47836780787324
3.9399592874129183
-80.10974775524896
-52.85968509269937
-14.159908199762839
68.98271086119004
-70.0988232106321
54.7324237236644
53.522331352476215
60.588330334235735
7.224849694615585
-70.96601135099107
51.059478914928064
-66.96766929360123
-7.484047564774258
-17.07236394287287
-19.042901423061224
53.50307738284553
-7.169702268914975
-37.208661429280575
-53.70891679693646
-7.990086825220047
-24.880738308393077
-8.220990676418182
31.37445463269472
-3.142139299647255
58.185192209737465
-13.85018124042982
-56.914917660970765
53.77205259747166
19.419864078752653
-17.31336509549071
-0.458375764480067
52.77258996270328
14.371292074373912
60.823803365066055
-0.2108355918774123
18.50746084592923
-24.073934117599094
-27.099363147898373
-24.152927400607638
3.9379851332732727
-21.563459555715113
70.90041171265352
-12.434057223557957
35.31018004397674
-11.713319879007656
-66.57259385290102
60.86386301762482
-56.91546819643719
39.43450767981676
-50.21995034085381
3.4893288895129757
-17.664321542144435
-61.709540588615724
15.096567080494339
-11.850572770218122
-47.43956755393918
50.28414203527717
10.299753283485586
56.98730344187649
24.996430154771744
-40.918724608221815
-54.32279401695438
-43.66180239214879
-59.833154850746986
40.149668936509045
25.078169150937498
-22.485376208655993
-28.832082900483044
49.998677498446085
-10.949015422458217
-69.5707792465552
7.075894941886091
-65.26797885029231
-23.64936742124074
15.795659643303566
-39.87451180367584
8.127463368957805
20.347756992141527
-45.953905422873945
-56.573498516023825
10.764501902064126
0.27773318892757004
-14.134385680342945
-2.547228149604379
-3.6195040783775028
28.767180451816074
-29.637019504321685
-21.40380795512887
8.473213994265095
29.230168861381827
26.98335775796089
5.258201480889625
-69.49514974428101
-0.47148613758906777
43.168655040942355
-31.392925327248037
-18.83875970328306
11.281877958156699
-42.121729334017544
84.80549500782175
-5.025889494428839
-19.673002476262454
-34.73349118850311
3.3919923791397224
-23.90933456146051
-46.183970526163606
77.62409495366137
-28.773255206738554
-33.35930800739294
-9.577867861925796
71.9308828688458
-4.392879552983771
-38.83668975560704
54.09782081649553
-40.99906978176505
-12.749045502134393
-37.23995283167628
41.648036921614334
-1.521947675710976
27.616625052786716
-0.7666995522385633
6.933724853660152
65.6614628520291
-32.598274273982724
70.28680867803325
48.089884487770405
10.984400322960951
-29.64533501029132
-17.00000041388057
30.24744124183553
-10.446820726453765
-53.11638455436201
-23.588459671006092
85.12767924754604
-21.961995303435913
33.018886314906865
-56.02313147000085
29.986642133158057
38.71025418711832
39.542883258336644
-14.678825558803837
59.189603111852875
-5.784271012735417
-8.013726178669813
-36.38704545794037
-7.24812741234652
-31.7591182077619
-17.93127781758595
-10.332133902903479
0.6435475242773379
46.41712658901582
-63.844064706570066
16.447644252681457
36.27280036209436
71.73227185269863
12.21196951451121
-60.89927508414768
64.64434797381952
33.83424680069945
-13.50247862639874
20.63715358914402
3.0656503475827748
2.5486824410952096
-46.012661138064765
-79.28041055413675
-69.81341026299944
-17.60333931521329
17.864812523685288
-15.475960589098932
-69.47425238653743
-0.9831277770984315
-43.980522183842965
-76.12023733940474
28.97833362658504
0.8850996030783449
-27.776783274343032
37.01897312787017
44.45435774670818
-59.38788804947294
27.743156585183257
-10.84652935857497
-32.496517777831315
-29.379883197008652
-41.57560854729687
-32.734169823873074
29.319666830192105
49.418972127957716
-69.85056376151587
-14.803802003184813
-1.3272270768744932
-2.717232563497774
-15.923928191967633
-48.15701140641904
-59.94125249943934
51.1330038171408
37.390031248104464
-0.34271345373360873
17.256420054955058
23.691484378755874
13.004935207831707
73.55879599776691
21.615460998007705
-15.609103969405325
37.28435958257654
78.63348722269095
-57.16591020283332
9.88700158457155
-60.37042169745648
16.0619550915864
51.59024787123309
-4.875636874427968
-43.784951523597876
-18.519171954900614
52.80054095920008
-5.9812758591103545
-21.254542968266193
37.78521879817097
14.473973650577506
-66.91276633128545
-27.229611590185073
-6.9729404389638745
28.664308783558894
29.622395129767554
-5.095354568473709
45.687619982467
33.66231550324869
-28.906281927322198
-0.09178698655911433
-27.712780212922453
-14.328256347564988
-2.0353906980949574
-30.71705448157816
-15.9862262806936
-6.951223569041602
-70.1714644147685
55.98799506072871
0.7806678253266597
26.134168383932476
18.05711134597425
-14.981641134493657
-1.1062999918564316
17.78403322025258
11.70192284004169
-25.29894287810413
31.33265037144406
15.918414969597904
-68.829898833488
-48.53580510683798
-11.569194774580666
32.927013449339995
-25.290359572838113
49.68804285446933
36.933852452156
59.12543443893739
48.60044093821105
69.86505623761411
-70.81419975188338
26.408328102604543
14.76595816937855
-16.58011376537415
-48.776189742004064
67.78833063291773
-6.020540886917786
16.96558578571046
-51.46009867176485
-9.872934734214908
5.377817458900921
75.35971520609911
-61.165341692520876
-13.010747794397375
-21.89902489478102
-19.84841149310931
-58.78800860643372
16.23611416860264
-7.327960461711328
-51.15179161582993
-48.26348394710953
62.54444078434588
53.4767987131703
-23.141411567803786
74.43057681111665
-61.089237369259095
48.03514676300463
81.57562534160732
-44.74564689639034
74.172174668689
42.017987988221705
4.161420115484631
-19.44379367976839
-18.328080591013432
-62.56357613878841
56.32606925923059
-13.133570926379846
-42.61225107059943
12.297559298135155
4.728878550426629
-4.0225648579426405
-22.603511156685627
-36.85084187746173
-24.953534958173464
76.33168589492612
34.65864222524229
19.973593367893187
