27.861658804508906
-35.2076457971052
-56.5557089800884
-56.14058797174113
-40.73353823592682
-29.87488091999373
-43.74116424185699
17.636641001424493
-48.04068718279275
28.24940450897948
15.792178853355807
-28.95060236717346
-5.9455708381973835
-14.778562445606
43.58937337256515
26.404921244305186
26.728785054015702
-29.788104498436695
48.59982348523465
49.30115825053858
-30.875494701112444
74.45833640743837
51.07249925008986
-32.43183073506958
12.499840012968932
1.1418676623070354
-41.01663521576021
-29.01814780273547
58.15393405227792
-5.9653134274990975
86.91709066521068
-8.130572860959674
-13.283375175384435
78.96192474911979
-29.372542496071105
36.38268680465316
3.1638303563603642
-69.23292441649214
-26.124831733874444
51.22482866937287
8.779993681559262
14.917175275496561
-35.16120288779703
-24.83408016815065
30.21814775168761
-83.61385390613651
75.97568089425246
-59.53097738780339
46.130494634482574
-14.607506784537307
-1.470977191711512
4.471174808831918
64.70183065053448
2.4381547029391726
10.601696331218804
15.75302686628281
-20.52069914052383
-73.06571974445491
-1.294130699591605
-1.1040542187633235
19.46652536591212
-31.531996855506236
36.58805839775874
-0.6379573526885594
-15.613209188918447
-14.397105697685546
0.01490540442460997
40.051823087929165
-6.781668801206635
-10.08116213531838
33.32964211880099
44.99020307199544
-50.40623153748895
-44.95904462999465
-20.243041841533653
29.032149395264938
74.54249451895623
-36.317516462818844
-55.69811670024297
-38.882997986266325
-14.828247682137004
3.6224442727681065
31.635418379174354
-14.599453162040831
77.33001579328402
9.414093699302754
37.82727087695412
64.86412285288301
-54.453640829289924
30.61641897910178
-51.8762786049456
-26.79889462125756
82.69798285316568
38.34841768897354
-34.65348893748977
62.78996501358756
-63.46295362053562
-29.720908434797536
24.906341403315352
-16.46447596453571
-1.5386798186565471
87.08570010653591
-9.261361438307475
-64.53671231983142
23.94325028508257
-7.601132011634576
-63.583136755044
67.99406062467799
-60.7020802171856
43.6541610175679
-1.0750781136726744
-19.387572005204404
8.486374591153691
-9.574352382660138
-71.993485837528
31.022318576564402
24.436106106907744
-3.4127460340639004
0.378615401948295
0.684144168111942
-27.12662826350747
-49.271915500751334
-4.5043835543070685
-30.508812415346725
-28.562437754866437
4.124715362563876
-51.79158419107217
-51.899776450107325
62.16009185807022
-54.36591620245595
10.358162712361363
9.934807528292708
-29.134889973219984
24.686929670811608
-17.084442215549785
-0.6917079528723349
-25.595296253195812
-58.261993917492426
57.03627940418542
-48.880848037954195
-48.356005113575335
-19.167300776152743
-36.317998132533376
-46.14909991801595
-7.90447404138385
6.3351099294187065
-40.373675934482826
-27.461513398550608
-69.75828429302105
32.377327098929385
-81.7380961932903
-2.3556112896657737
-4.805880874393964
68.75576471186358
-3.582307090900585
33.55365429417654
17.784629664530982
-29.96239939574943
-28.466825636623668
-48.279217588149535
-49.057566788023394
21.429088122987224
-34.42801011605348
-59.17944229476149
65.58565131348448
58.454267692360446
6.502524179679398
-62.591584755837715
-39.67083526225667
-27.772461553242977
76.3347252882111
-6.175371795975494
-0.40368919919266943
19.482572726095825
45.71363113756223
-10.653319544946157
5.30863300493067
78.59853746080498
-6.117381282473389
-12.75079282147793
-17.132342426520566
-58.76819108940963
27.66026876964189
43.96624398973705
88.56044480447949
1.8323562782948244
25.319299340179683
-28.534839411961613
-34.297573836842815
-41.826435721028226
-14.110066967475703
-83.90208601809745
35.79166996953845
44.11805937919053
-44.342041157399734
62.41937336395793
-45.992073457885105
-15.010123427194358
0.4964864471787678
70.50697620036482
59.90013626205655
-49.263123998762886
-54.61638902843456
15.578973711062645
-47.92026630349484
19.716460790106638
30.175283258995947
76.0228796144491
-41.47505251082974
-11.386383133653169
1.9269147135298539
28.01277459447367
25.17435398696078
81.24156337300295
33.326759561139966
18.35276021529708
41.00139313831539
-28.92862962194127
77.24403287128175
4.826213694877296
14.047364896058923
26.938342375903034
64.19669558294848
31.128376739354792
-3.805204861780055
-37.95765005676701
-73.33235458759106
-36.42912277000917
6.003062672970401
-28.66658103321842
70.82665142770804
39.74764737009244
-20.424558963750073
-74.55428712014925
63.51558784228635
49.11547493978284
2.6084879057893744
35.7577681029243
-76.36832358813365
-30.875441959416463
34.11997488227436
-39.36603799716995
6.931149753242124
52.7510948970189
4.623296997321319
-64.6227326690237
14.640539344041457
72.56234162756655
67.68451397321738
22.383228650274646
61.81002026871016
18.67383426904057
9.90004534936115
-51.25919790485363
-0.6036992642692809
58.983176175465275
74.25486109935301
-12.994857837140813
-76.51446459508426
-48.69928218829347
80.11405844641698
50.458479749096824
-27.850537982022118
-41.21214577145116
-22.975455639882938
1.0423902768575886
57.78019757638452
-23.289585420520737
-58.802752452324675
-2.455318899907425
-5.48820680905861
71.38447275681864
2.2835101170346093
20.5435593112973
-26.407732815789487
63.86512861866021
-9.437564605433963
-33.89540893772686
45.24676069664949
-80.73359986300704
4.249890216568829
-41.032808250651165
-10.509189442111932
61.9085045650051
27.637710466975093
-32.59061210328257
6.219162486590491
-0.9480743879982754
-2.8538613778334536
-53.5123312113321
23.589405557323985
50.915047844730026
39.64021158907735
-62.90072755174681
-40.33957302367274
70.71341163735681
13.738429860263821
-25.14748951180927
44.11973826490325
5.577508452545061
52.50819355305015
75.77700417479181
-4.666388583440408
-67.3219468303399
32.98484181315297
26.568328033431555
-3.514942356023653
81.11920093323809
-32.12496277457174
0.21744930289349895
-36.37136378045205
61.28326753465214
-34.1184599343392
43.01095574911179
81.94905228441107
-29.87142871525262
74.24552417952688
-35.59788007957378
24.429869471784684
22.378065327300675
-12.099609428916011
-72.14681813021255
-83.07413501005068
34.354583725737825
21.494378167396505
65.85714329604997
-37.66705515685864
-53.984887241990045
-70.26659707530104
76.47339010392608
61.945335348445326
-3.465708759515323
80.85908024664062
80.59481989917296
1.5891737158030281
-7.8795889220622115
2.4337966896408005
-28.500213778185113
5.4831566380807715
62.319796959268444
52.143101267292934
-58.11102900984414
-79.24048152060789
-19.862510899281816
0.6959080212487976
-51.89284666139487
-7.340285165070853
36.134448326484545
-52.14386028566563
3.400035733118358
-57.95514477405186
-4.940683838794342
35.03378355473714
-34.13384972925242
12.097723180056008
2.1343434384649953
41.947870830674304
-12.733838428972021
-19.6264689974427
-11.645480285283156
-0.3740191355681901
-34.098404722498586
-13.259386834816098
-29.23967144755791
3.5413731801481276
-52.668242348064595
15.4568605573171
80.58032874295901
0.4718625610757954
0.7823144244285629
-14.696561188868685
36.55163177163115
10.12739781338729
-50.26185456659506
49.667679809194624
-56.642857948965506
10.112790814235552
-35.724420571498044
29.205816207862483
-69.67203636333494
9.805106317749733
-29.44323368008706
40.54150162325678
42.28442795918514
6.3282866044772135
-26.27973177647992
81.5047187108766
37.951366191790186
37.58451459199594
-20.13919903054149
-19.437396992993712
64.20161768441662
-21.119963208415044
48.92916444810072
49.88664764507669
74.9231113284307
-17.22272978061318
-67.34119349314287
20.19634414946657
-60.676862512716596
-62.95879218514987
32.6247383991182
-18.573017682591555
-3.36472116792973
-10.043830791921309
-34.88995207589654
40.402052613248486
-23.796629738577522
58.35779468394432
-43.30687026612274
36.79470850223865
-18.230368463763455
49.92627010178356
-16.38919536591112
13.28334496378433
3.434092107101918
26.625411733524146
-22.9960980494985
79.84881192572726
23.074265013176785
32.548881185993
59.37890818377076
-0.23380521044784075
7.262544222904964
40.514146138500394
-57.80866062712074
4.181770559620929
68.35486159997905
-79.49093227452255
-9.838025012427167
69.3986284372987
-68.97799783491607
-43.6095067848542
-11.103606599745703
-72.49639632421913
-38.08596152512616
37.27911805642057
-52.46706579799813
-23.325904238521844
-7.4817549141341
14.453299591631321
21.88335646473422
-62.92704284280829
-60.567048587721956
-75.7814674786779
19.94595345249307
-31.201133230849535
-62.069841192058156
17.77742867007983
2.9743102252368487
-18.988041845583723
-24.44321512127678
-9.099233080023396
-18.578241743224424
-51.81879642267898
-8.741663098804324
24.173733413585282
7.525967617666666
57.36936102453967
11.942174401687552
-6.742766383403762
-65.8853847913401
-83.48317016114386
-50.006634244018244
-41.35304373256988
-76.83040585075457
-18.130090983905475
49.2900926219377
36.51599851957707
11.20368670293557
-32.82020826467976
3.5388231100337606
-46.42047176267226
67.61500266543786
-51.88544282214377
-12.493690005367256
44.772770313431636
-46.46579590649232
-8.758271612846315
78.53575992401912
12.665920387798295
-0.23635185191808716
-4.116310119367682
-13.091525126037027
52.53145935606943
18.465013638946928
72.2011426642396
5.47081358009487
-26.16724542130946
-20.743794169496738
-52.0159591665017
-21.359450672527956
-3.0580424781531974
39.24097728804358
2.1007239835837623
-71.69924246533752
-23.093947446443366
-43.86930224734549
44.475427283253026
-11.342257613826277
-40.271711553425526
10.8979639105941
7.372762265519924
38.43605594934843
-52.16531983149653
-80.62539746548299
-2.9858308877006436
-23.402668078198317
-47.2371012823171
-62.31205495280648
46.610988983188406
-61.61117345557002
-4.441927721315523
28.648491197866917
-24.86293275467162
3.0085213268113478
4.544768244797353
-5.850993194571643
-5.284926937772468
-46.78864402194233
-45.33661343199544
-25.525768695078995
-1.8707261217459177
-45.81350443956079
20.38307259734985
-48.41484077642072
35.58511656538266
84.83149047346956
-5.282005371674785
8.504306946789939
-1.983772707105345
31.85074257008813
-16.107534836130014
-79.76878529200499
59.0570942977196
84.79025442442901
42.01215381843079
26.830877858830917
4.061985402573313
-15.078844831270118
72.34396756040377
-24.391818635035534
-82.44349109740229
-5.941079872641808
-14.172468330567696
-0.8403762900768896
-19.35859908701707
-13.799286989907628
1.0769836648005224
72.3790039283773
-4.5895709875111805
33.12617702835419
54.0272605190697
51.739372160023066
-71.46231211814498
-26.842197528469015
-6.772076687997924
-43.59995945077395
33.09510365323135
1.3009731592235454
-57.4967552409199
14.031565289218051
-15.728726767703662
82.81515519298432
-47.59344454108927
-10.410031762149785
-0.883965576493722
10.611495823919114
-30.017073393838487
-64.42612832084052
-59.90436128200215
16.90237353955844
-22.14238022100028
18.581709117590407
-16.37075429765288
-11.85078474004466
25.743661828285283
37.170775841696695
-7.004383891511793
-9.186523641937328
74.04201609623746
-44.115816106004765
30.578139084877648
-19.362106086352185
-13.358503805301012
17.91616430614053
16.555639942498857
85.27642606131354
-41.77332885424599
-31.156487947607275
-15.753139495657564
7.941766571680546
-13.027268940980832
8.288315930280632
-39.273054467475426
-3.0162734346331206
-57.824287912460164
30.034408583713187
10.827041795961776
-1.8018920557604048
26.156451999750786
49.22778682465764
74.4188125807419
-23.82094477746024
37.952025492074114
41.83748318815529
33.37199831552468
87.52883364021054
-23.060638282325286
28.81069330829355
26.59275418001195
73.63098375457966
45.87401883071274
-1.4072857720508125
32.35462945324841
-12.41149115423137
16.80624399231195
35.330005618995045
-32.7863073459031
-62.979158873447965
9.722860617587955
-45.38495802398434
29.55399245618625
18.963413015920707
20.69766519360188
-5.231200342584344
-38.18628314362466
-1.43298043024852
15.275414211155365
50.31785063273446
-19.024230226290115
70.49780538948707
-57.47989815477891
-29.625793156187697
-44.566114521595324
-4.56918513272538
75.50184633217887
-47.45138866323966
15.14891494610032
-47.504425095844674
-19.910271654074805
-5.420794662890643
-66.53230134855264
-58.61542640405057
69.89950783859854
-4.3679725265522364
-43.676615516252106
-53.661774823484784
-11.370095450324058
-1.9898472249286243
-10.819551825293303
-72.35389127298255
-9.593177095986064
0.501137075671835
45.13372751710071
-50.79644063248338
-17.296332326634996
-82.93901391889106
-9.247010541896543
-69.99082051911354
57.2113308925249
-44.02788168811405
76.61028607629666
-25.608729414988076
12.198071651052928
-64.37627785213758
-38.79840795681741
56.179639067620684
-30.926634773169866
22.358708820211405
-4.767840556892608
-55.23328082820857
10.419355167020925
76.27689073446808
68.21971702639974
-69.86833073135656
15.026971610246306
-55.86050723842947
38.07386403961834
39.6185367622478
-2.0129723432400795
-3.9719365589966316
-44.11065205971204
11.369911807978198
-11.23515617156589
29.24968788586743
-35.15345232823376
-17.325059105132368
-43.17648716043962
-27.29504921749563
-0.18773963503846858
-13.652812730599393
6.33277667278827
-18.347220722590095
17.938451597240345
-38.18590295201207
3.926255062923559
-80.16720819623632
-53.01336411700456
-13.831058750008424
68.95624850042145
-70.29026115231643
54.67684172783862
53.559553276321395
60.50310615329914
7.173260109465957
-71.07957924542167
50.996702794224404
-67.1488093711876
-7.336872086877378
-17.1107070401536
-18.732149239759423
53.3928214552962
-7.063783018642283
-37.34318550439191
-53.826750244252295
-8.033698758713214
-24.654282958266975
-8.211225768898316
31.490340952582073
-2.9142335992225554
57.79708990280881
-13.506634771419826
-57.01102054359374
53.53377235725378
19.217992214394926
-17.360269989979727
-0.4040715672879003
52.45890949213134
14.518682636210258
60.81522089307134
-0.05634744265242375
18.32116429572541
-23.97853062959196
-27.179731869009814
-23.79135622180702
3.9093475241180613
-21.167549786841064
70.8888472397075
-12.480166349906384
34.93013701784969
-11.475177883726317
-66.58791276648593
60.90293520778701
-57.07200874565902
39.16372213780846
-50.00281450169455
3.508274999216681
-17.528008378651705
-61.883084270010364
15.093907170613832
-11.575836194358104
-47.60204334101809
50.35686770637909
10.381230169623137
57.02383030341008
24.991787753063065
-40.96306932378866
-54.4149702433745
-43.47582612918591
-59.947650230487554
39.76145116809829
24.936889607394804
-22.167757735774913
-28.740057933918948
49.680991426426885
-10.963427425246849
-69.53131422691055
7.081939198725081
-65.45946766499276
-23.385145089207768
15.698690231670625
-39.711840644893954
8.069272977073524
20.407166511515086
-46.0930005441647
-56.60288497701597
10.863815383616753
0.2921766589897601
-14.114851897855516
-2.5639480392057123
-3.402260738755629
28.8634750649598
-29.666740936953914
-21.230276719377585
8.479737025715806
28.941495611634764
27.002210015122017
5.514831286946745
-69.68873938125734
-0.36142228917192654
43.2199556921677
-31.333475879344547
-18.63481580831531
11.235801767512157
-41.932153575396825
84.67828585757303
-4.939143354409808
-19.44642749417234
-34.36951025996278
3.386038922374965
-23.540432757965974
-46.24721724004785
77.36470752619505
-28.581409348658525
-33.29092598756232
-9.486509713648104
71.8618794822132
-4.114561066643972
-38.888959198747614
53.88913491160659
-40.954557355655666
-12.763053882729665
-37.177406027059654
41.64988779360027
-1.5568318225508193
27.738083997456783
-0.5284159053919666
6.883789614116736
65.68540480029179
-32.62771779686061
70.1407954492307
48.16987052919822
10.904581154924287
-29.372641748515846
-16.96025212589285
30.351659589333423
-10.256521014734034
-53.195311487489505
-23.526660539782057
85.07071424504946
-21.61830540215658
33.0275261435082
-56.195235705691516
29.907691452484457
38.312709257402645
39.49727935043157
-14.702842144064803
59.09742803107454
-5.715967235007568
-7.688216196492519
-36.34928063430472
-7.234889111314317
-31.42491632082921
-17.68003413288784
-10.28025138729835
0.6807467876020326
46.45390374403547
-63.956560436237986
16.4850726782456
36.28587535623953
71.72440032056318
12.141306960325053
-61.07909498638273
64.46855523086512
33.494287302589555
-13.38986692561167
20.608532237279064
3.1075600022604135
2.576220379874897
-46.07730312638901
-79.44905630016447
-70.00694817386548
-17.42013846294718
17.688950253734333
-15.533989503253238
-69.57430224622634
-0.8275416911096869
-44.127776563140884
-76.31311867274749
28.792513043842433
1.063044987591411
-27.823929031816206
36.924297148357056
44.15491640495512
-59.46903895705149
27.660606717934613
-10.797329718631673
-32.20260614893239
-29.383171229340604
-41.50906160634345
-32.48081637280072
29.491908382481455
49.49623068494648
-70.0426423335466
-14.643902401898785
-1.1831781394984233
-2.4699240125735855
-15.613548842561002
-47.87457589136143
-59.97526339193395
50.88895885642356
37.498914715690034
-0.11491216579295838
17.09368719701743
23.443374319218506
13.055093721718848
73.37004585377858
21.431954400341667
-15.499254182941513
37.04239238403571
78.6146013986708
-57.0170679559297
10.106958099056442
-60.4897084810389
15.909606253582439
51.56937237382871
-4.90677878760593
-43.62131361084011
-18.40976844879242
52.810203576699365
-5.99046004673437
-21.25757990143636
37.76719405736927
14.464496917793127
-67.00661300260916
-26.858956412285252
-6.662885909952962
28.446061833121277
29.355122949360222
-5.06858341747602
45.76780735678679
33.78044617769126
-29.005566784714574
0.06240628941834814
-27.750662531375482
-14.385766261322587
-1.8123098530834199
-30.529009631772766
-15.976979722040454
-6.88095984199704
-70.3537072201677
56.03815217024518
0.7845938364933147
25.941482733298784
18.00736213983329
-14.910500009620563
-1.1218219905981357
17.822132673590914
11.612377689325214
-25.17398723342623
31.468239192388694
16.038181243791925
-68.93215250341012
-48.27984330308319
-11.597805233015094
33.07675867010957
-25.119318466480877
49.706558979158245
36.751606853518496
59.153100679990075
48.6366981651515
69.79945452833965
-70.72544907621594
26.525823557329957
14.635882094768903
-16.481188881663073
-48.600854043801405
67.54099768687794
-5.972021146783106
17.101033496375905
-51.62482456492478
-9.795237960116339
5.405139654402234
75.33340822390977
-61.15222658445716
-12.999459233422158
-21.878068944521985
-19.695777911643404
-58.96851103453554
16.081585165357396
-7.352984652097419
-50.9669422465077
-48.15503048965491
62.395340109665995
53.54364806337702
-22.886105631129283
74.4261288959772
-61.123937879622545
47.86575694071627
81.48518218011714
-44.7656463028012
74.16792367672448
42.08799906544553
4.367176703724752
-19.50453132902416
-18.2657700600697
-62.65460102688335
56.368062908185436
-12.928123503002112
-42.64654771408864
12.273588374118162
4.688676621707685
-3.97258540859832
-22.41922343122802
-36.7973298544934
-25.000285883062602
76.27313516068023
34.49597784685355
19.963245304089412
