27.907711816801324
-35.19717621156947
-56.54699737716927
-56.13654843534998
-40.73353361269581
-29.88529827521748
-43.71541853608994
17.65822767289778
-48.01523424534044
28.270514310498868
15.79074072467337
-29.015821098089873
-5.974470933303607
-14.841151427540652
43.58676524900446
26.455178387546695
26.75049167476847
-29.762612930049954
48.60069726382363
49.29763998664416
-30.849010652212655
74.49951365905551
51.07071668397134
-32.41276834871351
12.506488230895187
1.1141692620663974
-40.98506219468682
-29.054210210853554
58.20422666529811
-5.9807581424778675
86.95953853236082
-8.198681971389846
-13.359067942883883
78.99689526507194
-29.363992134079396
36.3848353164546
3.1639499786077607
-69.24016443846861
-26.131303566867842
51.26553366892327
8.783117466016833
14.930289312925765
-35.131967779155694
-24.89266073571615
30.20464738266878
-83.59953685584443
76.00358836809698
-59.49887913989359
46.12624773303435
-14.628156429632128
-1.4995674101950698
4.45116604092469
64.734615231411
2.434087729660888
10.553773134679219
15.716374655195537
-20.503791625174344
-73.0573122920145
-1.2923203148034474
-1.120128617523335
19.483662751755503
-31.554339176979425
36.62222020204766
-0.6592985653149412
-15.623076438710456
-14.437269500860154
0.0006820686066504322
40.04211465755978
-6.851165945210667
-10.115564537230853
33.34644862711775
44.98322140531624
-50.3822975197094
-44.94495695353608
-20.270871856293482
29.015596024609692
74.56991836760443
-36.32219941137662
-55.68888787729218
-38.89634181576135
-14.825114186246708
3.606037852166935
31.642757876279006
-14.625484428720114
77.37312092597935
9.372125989783527
37.826983116480505
64.88100876442516
-54.453545713410044
30.593077095564723
-51.844355210422655
-26.848397916878582
82.7400077290093
38.36518161426994
-34.63737772040082
62.858532372657976
-63.441301946651556
-29.708275562874974
24.893069096293758
-16.451091138509426
-1.539222987215922
87.12803344477098
-9.262247424417879
-64.50039885952225
23.934239941575683
-7.621666440484034
-63.59382008635173
68.02120179545463
-60.69626219336357
43.648792118168444
-1.1014029361157327
-19.38392092632573
8.489551966150444
-9.570294527715177
-71.9691641639933
31.076226999969947
24.42787761254972
-3.4289420957800445
0.3483595986201067
0.6683202632660539
-27.187457156597446
-49.2371111963453
-4.505968913377927
-30.48264590611312
-28.538254846167533
4.101723292463788
-51.819290925087294
-51.86755023662079
62.17472416553704
-54.33023533173138
10.362418764706064
9.937628471540208
-29.128566347504346
24.67122086235908
-17.070705800363456
-0.6899443752555356
-25.641869472893646
-58.237605698802454
57.099312466752906
-48.845965586087104
-48.363479283112255
-19.21041645647631
-36.32921244772201
-46.1357500951611
-7.947399826356346
6.335758022787459
-40.395427042849626
-27.445929092121602
-69.7311090154025
32.423503513905075
-81.73619426379209
-2.406809199698756
-4.8115397891558445
68.82557568100296
-3.5958057671112016
33.60042548983202
17.785460092330055
-29.94037166294943
-28.443197307091523
-48.24758036887244
-49.04166724407034
21.408532499451923
-34.480585951603054
-59.14950539146237
65.64577245746591
58.46147897058685
6.485082214199551
-62.570876936395656
-39.67878304305714
-27.824181900360514
76.36173332314769
-6.215601888089594
-0.4019563589132531
19.49522532670744
45.78556284657088
-10.677491013976933
5.299111086706503
78.63614639011487
-6.148840018653999
-12.772414322054559
-17.1580434005306
-58.744481872657204
27.702577765858805
43.962826217886175
88.61433535198324
1.798569604937768
25.337741404362802
-28.53537903263249
-34.274556504232784
-41.79891120658864
-14.127348921270865
-83.8973751360818
35.77967438290486
44.14144093958009
-44.390596792268916
62.43817771484285
-45.96418052139832
-15.050781261246641
0.4966963653692318
70.52676483747521
59.94741957408047
-49.23594434877593
-54.58205846151496
15.565909844820027
-47.887515467514376
19.701188354623866
30.19434597835945
76.04995057661958
-41.507550377641444
-11.397539750076064
1.8889299483424224
28.01526047907805
25.15793084670358
81.28488498020778
33.35083781314174
18.356429758614397
41.02584814785823
-29.004838316766552
77.27651594262531
4.758397997461088
14.023043140726799
26.981900627794516
64.21328627816965
31.114487579396666
-3.8016693121873146
-37.981718707131975
-73.30631420675968
-36.43966202529562
5.987660280238956
-28.66289611436713
70.84899426327047
39.739975109497465
-20.4596470727342
-74.5353376366582
63.53256370267556
49.11372101531336
2.5717121867701564
35.74711572731914
-76.33822794867366
-30.895633903169667
34.184400686889546
-39.3342241211308
6.933062413185084
52.752576830678066
4.6045411922145405
-64.60142212688521
14.6514791842188
72.61875031170655
67.704660428234
22.37368412370762
61.819335700159286
18.69920846525281
9.896770054485032
-51.280891446722826
-0.6179972938421798
59.03031951740715
74.28061294903011
-12.992775274547938
-76.51913190809469
-48.732295172813146
80.15674424550423
50.49883123606921
-27.864392187851962
-41.18047462376555
-23.027621937410217
1.0074012395028404
57.788682671088395
-23.346922706678
-58.765343349158385
-2.497662507464966
-5.484720679890671
71.45223386341974
2.2157679442928924
20.53513215116442
-26.392801676902536
63.93241777355988
-9.512447220619492
-33.896361482773735
45.24093208551733
-80.71751888189213
4.228944804563
-41.07574806436166
-10.556889958555004
61.920428164974396
27.66976386570758
-32.581912975891754
6.2108222243228965
-0.9740041502275432
-2.8956969957333882
-53.52072675590029
23.573147837603642
50.965597043120624
39.6825348325369
-62.91371156564673
-40.37368091871342
70.73668613667422
13.71501934497023
-25.172255700038306
44.11275053226936
5.57339441034118
52.51107510963837
75.8050252982784
-4.662315258671612
-67.32418858315461
32.9982969096539
26.554739624742638
-3.5153729175312805
81.17123922469514
-32.09921263464969
0.21434130899098136
-36.38943544570247
61.33636124493381
-34.09486129222117
43.02711586516196
81.9949851176637
-29.848876255192607
74.27141579054239
-35.57024067580458
24.466562765936416
22.35833168440415
-12.100456319629544
-72.13526611607227
-83.06747886719425
34.342350880779236
21.52792849201765
65.89682165766163
-37.661157536727515
-53.96525237111369
-70.26983613459066
76.50022505344728
61.95620351052773
-3.497648356995498
80.90187046699054
80.64285429712325
1.5445036704760184
-7.915162865336072
2.3927049131036284
-28.497294903218616
5.4221960890778576
62.33129778844389
52.15178856443728
-58.10239123112306
-79.22998980524254
-19.87299125095548
0.6573882641570208
-51.85666215117561
-7.3785683596268825
36.17096602477554
-52.113043327630905
3.3673488082804823
-57.92351347749712
-4.946590759774693
35.05199531318618
-34.138108593962286
12.106367281502983
2.0937796615485667
42.02504741841983
-12.78920542876962
-19.700607249288296
-11.702340755549656
-0.4026946457513958
-34.075331056752816
-13.335046560398752
-29.25716645139785
3.5266173741805034
-52.68212442511819
15.423571210047314
80.62137031292312
0.43471822975676844
0.760144520978443
-14.703478242488458
36.54207781601664
10.079537492291777
-50.24795384216674
49.66648377131776
-56.60931443407341
10.115417176693526
-35.71161679174415
29.25639717465475
-69.65048932349943
9.801648237069955
-29.442746989331596
40.532786791998745
42.30524069110689
6.3270058460592224
-26.291816972067735
81.56241819780672
37.93887430081182
37.596345085505845
-20.124774004645644
-19.42123018860984
64.21398064235501
-21.178295204885586
48.95801560470858
49.94602476878029
74.94820190983546
-17.25399950855791
-67.31341197016758
20.22203363266759
-60.69061305034102
-62.93875881546287
32.67076239324888
-18.55808813837622
-3.3939528754667663
-10.051546241015956
-34.87055820640597
40.39651197581665
-23.78246757520435
58.36533168285567
-43.27402157801491
36.809790727981806
-18.215923453689072
49.961605172157164
-16.407604800304142
13.273425760019435
3.4314823513581842
26.668690927029886
-23.032511570007145
79.91056421211854
23.076049438922325
32.54942178246674
59.3952096014923
-0.2706607848331686
7.257299031618828
40.5090206601171
-57.775068218584245
4.170210486111756
68.42401029845976
-79.4807771793233
-9.85479382193094
69.41687647721972
-68.98155024303426
-43.643623453580744
-11.179397290840058
-72.46538849500064
-38.1168868678512
37.26823575642217
-52.43674747393766
-23.307725206226223
-7.497799140999575
14.431275909298236
21.885860138423055
-62.89246990255407
-60.52990437788995
-75.75595212277284
19.97856166502966
-31.19217176895937
-62.03978456473266
17.774431073235164
2.9418509336266823
-19.028386367994273
-24.421950681880375
-9.145760749666152
-18.61715194165214
-51.78284732765605
-8.734439642212735
24.142361755287936
7.517174623258072
57.449275650438125
11.908477940368329
-6.75303287052995
-65.85005058758465
-83.46341398009866
-49.99601020900796
-41.34729095326407
-76.80148388986996
-18.1156905699184
49.28722982540066
36.503766147805095
11.19852756579597
-32.813692799738206
3.51103776686449
-46.38772430719214
67.6726093740262
-51.860131689125694
-12.484083949000109
44.819732155390625
-46.48672036490651
-8.767710920059798
78.58302467539889
12.676609130659628
-0.2636829333898163
-4.137713674246299
-13.08127741111349
52.53306732659232
18.452413253323073
72.24996462027778
5.451030504611467
-26.23472371161023
-20.797476498358293
-52.010109590125964
-21.378119663406892
-3.0582204925648426
39.233893882468095
2.0708553878077254
-71.69119561590728
-23.17224159216535
-43.87394190531972
44.52904814797432
-11.368640129424222
-40.28668135961476
10.896346934490055
7.335544588196996
38.42460187862832
-52.19895371856643
-80.618869133839
-2.985175922122693
-23.440311213750263
-47.21257939463906
-62.309704248007414
46.67699352287036
-61.587869610495815
-4.488202572801981
28.698466447094006
-24.8421817002709
3.0091070387831564
4.544408278531876
-5.849316088118698
-5.280240837664678
-46.79090314481422
-45.32046667085984
-25.53466224233219
-1.902264345231714
-45.86389638450273
20.367244193492127
-48.40799728677022
35.64157387105291
84.88284819916728
-5.338933586789892
8.507008005647847
-2.004401452282494
31.83934983053433
-16.1649525001541
-79.77007740960192
59.070451385342835
84.82878349207738
42.00649079899421
26.8610285841319
4.060357054883326
-15.102998252676471
72.36611143576147
-24.445585383855786
-82.42678680405326
-5.945615193523622
-14.225581458450634
-0.8993103134441753
-19.3573925312063
-13.807803674470946
1.0767727824314903
72.42427682685016
-4.637661089905308
33.16818824173339
54.06020689596926
51.7422009162629
-71.43906722463316
-26.852188159796015
-6.797831879366726
-43.56884455749344
33.15127139230319
1.2997777939090582
-57.474301230637735
14.041216726970674
-15.744708527845717
82.86361761420164
-47.6228894001135
-10.439934618632577
-0.903119896449752
10.601064055453008
-30.081381293295095
-64.39027790249875
-59.878364250905335
16.893927984300504
-22.21886610841804
18.536221970836237
-16.359170002720646
-11.84089102196377
25.72634779033484
37.181356736835085
-7.0600401165493025
-9.22560159767275
74.07510334704148
-44.081218033267106
30.553368895457595
-19.352245769476
-13.364962991995512
17.901189269500378
16.541385656829945
85.32036424699831
-41.773831303906974
-31.13017701614916
-15.811337575313132
7.931759307533397
-13.017715226762476
8.279885594314067
-39.313826383840286
-3.05111349125886
-57.819794745435296
30.022163477123186
10.8053279431833
-1.8481451572391308
26.144042530349864
49.22608457656389
74.48372397600707
-23.819650691065277
37.99821328778853
41.873314693560076
33.36078727072834
87.57773798544
-23.054909231613593
28.796118325990918
26.573324880886233
73.65490805546537
45.878853858972775
-1.40817397943637
32.33888719210162
-12.413296706942049
16.82892431717515
35.37065382792531
-32.77439246493873
-62.95068780380007
9.724021945240239
-45.36422505761591
29.612595497886502
18.968385742743365
20.69478766155251
-5.300170697037217
-38.20194118597439
-1.4709146837183056
15.282619497519605
50.32926566549759
-19.00933715595629
70.51785383642971
-57.442633968380896
-29.600759636820072
-44.54336331424289
-4.591584946587062
75.55913349845616
-47.475732082061576
15.121877683886396
-47.49596460114207
-19.98185521066712
-5.489507117429596
-66.49981134026679
-58.5780511615355
69.9662028938834
-4.4188172808204484
-43.726956295786124
-53.626808766436106
-11.3803615551316
-1.9871970044313372
-10.851893263343328
-72.35796819242863
-9.65255156858835
0.4691442120607121
45.129625175127956
-50.75969108100697
-17.28410794281598
-82.9167831975696
-9.245970637604174
-69.96202892023281
57.28452361963792
-44.02090259534861
76.66969811079687
-25.612547793462227
12.20779345401084
-64.37583549749921
-38.81272712225618
56.1989344225953
-30.904826311840708
22.371199499515612
-4.812066050513238
-55.2165725807951
10.423819282181327
76.3139622135053
68.2547745609655
-69.86291147703257
14.988854059305822
-55.823874080319705
38.10235363956775
39.63256007400389
-2.051790362079572
-4.017165219180356
-44.07909035095239
11.364621991441766
-11.233444077047906
29.275931924336604
-35.18478901230151
-17.324011351815543
-43.14232693317279
-27.271448549732085
-0.18587821385925452
-13.6928798623903
6.318844012589196
-18.42873878207864
17.932155096702488
-38.235591187120214
3.9212264265361654
-80.15703337169757
-52.976904802491006
-13.90131044295967
68.97503801564824
-70.25681303773037
54.68784892675097
53.56003508100443
60.52280980990972
7.175019837719319
-71.05395623498649
51.00655374480297
-67.12289025350795
-7.371071773872728
-17.104271673239424
-18.795534743012354
53.4120862333246
-7.089251598756817
-37.31327441484075
-53.79484644604638
-8.026547133233848
-24.695964111751806
-8.215279223306212
31.47670595292564
-2.9681578412515677
57.87431800732875
-13.580303848373603
-57.00720026811799
53.577468666596644
19.2490987491135
-17.35170250968403
-0.42172921798024277
52.51758001509202
14.492523209097925
60.8248092632121
-0.09564669823205918
18.34900748939434
-24.009970677353152
-27.158329609812426
-23.862926124161888
3.909123217687437
-21.248200215663175
70.90887098582371
-12.471609150794677
34.99865887978078
-11.54040225842067
-66.57673837308513
60.917500069390314
-57.04896177467149
39.20868488742363
-50.03414980200895
3.4964800575262984
-17.554147893387338
-61.85685284127798
15.086802101214758
-11.635516785300197
-47.566819802506984
50.36102883740634
10.36460384498072
57.02821350658792
24.98421109825152
-40.964974980486254
-54.38710611342679
-43.50160031603473
-59.91732479960547
39.83215533146986
24.95359505823062
-22.23063819220576
-28.751296891329474
49.739254092873836
-10.962139394965789
-69.53177752215919
7.071821991969969
-65.42489655315264
-23.435692897591593
15.707488451091109
-39.73371939722371
8.072103462621584
20.39224960188851
-46.05846553561447
-56.586153857558024
10.844742274259644
0.28664646160349605
-14.117982451863398
-2.5634906862626536
-3.4536698018423095
28.84802202440784
-29.666775844799048
-21.28275832684956
8.473037127707073
28.98970680766476
26.991597617564437
5.45536205466874
-69.65613353351179
-0.3910780333045949
43.21172129639797
-31.359211358755715
-18.67494755474864
11.236112709768562
-41.95902568873859
84.72478625699344
-4.9615180937648375
-19.491012699049875
-34.436116696003516
3.3795855795255534
-23.613754924214987
-46.24672664663627
77.42924532269902
-28.613693061183966
-33.295547445986855
-9.509391919576927
71.88827942533896
-4.17886235162409
-38.86879462212045
53.92713530931886
-40.95223253267144
-12.761956629088502
-37.17960338482038
41.645425020750366
-1.5541651890092396
27.721846453926304
-0.5854601158694948
6.8856244801747835
65.70748034636745
-32.61339404911536
70.17814555287418
48.17205902065359
10.910987832738599
-29.42186969551628
-16.973210693008596
30.337072135707075
-10.306541119760809
-53.194342801453
-23.53398550180502
85.10830395728931
-21.687216109751674
33.01920905300139
-56.15775525990254
29.912742464151137
38.385335660266946
39.49892785933443
-14.69675418355169
59.11727223796271
-5.733934736952051
-7.761106675191215
-36.34679196688413
-7.240185530984149
-31.486438466875384
-17.731013959786537
-10.292222547782899
0.671327633420276
46.448530002879664
-63.92779105253921
16.47270801797005
36.27790957457216
71.74554466778619
12.145713852986518
-61.041963622224955
64.50701083590175
33.55375809072049
-13.413193334598105
20.604644666529097
3.091053320060311
2.5629702967389534
-46.07630383592766
-79.42203294515934
-69.97575313103533
-17.47284886142951
17.71463222331046
-15.522351104372945
-69.54997064480585
-0.8667717702272597
-44.0990695223495
-76.28509502284088
28.81836718293215
1.0183586683818362
-27.81834387731179
36.93358651616421
44.207278535473336
-59.44390206403763
27.666081298377833
-10.810505591333808
-32.255055285420326
-29.390326816626896
-41.510972369659065
-32.52443355802258
29.46835858345294
49.50043818025458
-70.00924803681883
-14.676749848083318
-1.2197803768371358
-2.528210543708937
-15.67869725761733
-47.91975272011175
-59.958415938347734
50.93248629707767
37.49038011599197
-0.16984974858466728
17.11649101254966
23.483501589931862
13.041920514351773
73.4177477547008
21.457942331058348
-15.520822461497744
37.08084397949267
78.64519012694473
-57.034761119388904
10.06065975533707
-60.48090046464892
15.931051641349754
51.57336165023531
-4.903639012578736
-43.642447642004925
-18.42966848890333
52.81152173594137
-5.990582333227323
-21.261218605178755
37.763971124584685
14.458477773802684
-66.9820257687914
-26.930786546161215
-6.732911783329897
28.478783377495986
29.398512940903828
-5.07791991522555
45.76479595431243
33.7685481577721
-28.985034766835184
0.023125236425258322
-27.74759329562579
-14.374216185996204
-1.8656431811425023
-30.55958835907761
-15.977062048647497
-6.898724124803024
-70.319765228964
56.04391855362519
0.7772180686760493
25.968843086173422
18.007173924938996
-14.930594378016863
-1.1239916128501903
17.809506750121514
11.62074989535779
-25.214696414109227
31.453044662838607
16.017346332955114
-68.90714231427494
-48.319410984601284
-11.593335974645953
33.06019648635635
-25.148867357239894
49.70481646205616
36.77769107542565
59.159572186643516
48.6329189680788
69.8235866432255
-70.73609329238047
26.509144643594595
14.652783869465921
-16.49988478020535
-48.62367545877766
67.59545152246093
-5.9855751443330405
17.078179190011497
-51.587830695723376
-9.813020342013246
5.396467701654899
75.35889227144457
-61.14433522822383
-13.001422586169596
-21.877772183792842
-19.7242393850358
-58.93127428315452
16.103273054335048
-7.3500591309743015
-50.99158366827922
-48.16432669351426
62.42740607432333
53.55374584651835
-22.93499395118741
74.45299967663234
-61.10728040971498
47.89307164103272
81.52320013938893
-44.7768191934347
74.19410892856897
42.07899153639491
4.32155307106764
-19.489469784072014
-18.285101414105227
-62.62876458352165
56.3721841072996
-12.984409410572525
-42.652326678920794
12.270174861278875
4.68913782099456
-3.987513086946109
-22.453016506062426
-36.824807840781645
-24.993713257703362
76.3022156925677
34.51769586842201
19.956602503278347
