24.816401585218912
-31.3267518452124
-70.28914654727538
-71.17428258486497
-49.51494145120383
-25.36381410045867
-41.122634076926026
15.786624164453272
-53.42813597515436
25.303477902992924
14.344897679479871
-23.390576941883083
-4.230044824980951
-11.513046460224999
59.39599035852393
23.45334046801743
23.92472675549098
-28.39478580767549
46.50852329067723
50.01115227965224
-29.880021242950377
72.8967689917391
51.25837783715602
-29.36205128783537
11.473546752351254
1.3235902161703166
-39.54515244587414
-23.932815559549795
54.06241432240134
-4.2102547468335985
90.08382887708436
-6.442525444320978
-10.397986257377553
80.07416827746815
-25.71234296643715
33.346079518738264
3.0607946924989164
-68.53380980712458
-22.060666240617437
47.09564781765681
8.272370331955244
13.508852450935308
-33.83794244649206
-19.897656433062735
28.892157900014283
-93.24877759470475
84.31698293050724
-60.01843823062423
44.70411740417765
-17.719556656768418
-0.6685205353996082
4.609543053068904
61.96706282817223
2.8783760793364763
19.709698936835792
24.653863723911314
-20.024714111778096
-75.18326371224076
-1.1594207732445199
-1.8088999554651934
17.488148097305384
-40.65619111013597
32.89074562428195
-1.0409612645890576
-12.60389848098528
-18.03947227145457
0.7711894489910804
41.97741515307467
-5.496019601835343
-7.64059572947275
30.02541811560168
45.870686251544015
-57.057021619885944
-41.294737047904945
-16.31563911894139
36.5189477785826
75.7792076626626
-31.64357663063946
-68.85010565043429
-33.80042458012856
-15.904118906427328
3.3087393447338087
28.61005276484771
-11.471809816643855
76.25160341750899
16.08389873776683
34.924367700752896
73.04222816087412
-69.85876879187255
46.31393624264015
-56.48131607526245
-21.725197343373054
83.6130087933094
34.79515331938961
-31.192120060882814
58.564181473102536
-75.92073994869426
-32.40715257343983
23.439317180661703
-14.813894160925983
-0.6258681286025904
90.45016636532944
-7.320794444333529
-69.16821956165361
22.01341650825394
-5.575416957962517
-60.98922496517008
66.5329453233984
-58.44647540949073
41.89815209307034
-0.31388532853225115
-16.411269204915826
8.011318057398455
-7.860651094486059
-75.81078028017019
27.670056377278783
22.423363599828733
-4.364731120193667
0.6842383978746369
1.2833402640072933
-21.85488244916351
-48.74642946620811
-4.974784852681424
-29.62040005570863
-26.91160880390514
3.613715986335521
-46.52536854397217
-50.91309681824472
70.62867648135415
-58.084298373321644
9.328652520381198
9.246326006745548
-32.77497973322933
24.123117167967635
-15.3601402534443
-0.5278509992838991
-34.949730465847736
-57.16524460523913
52.684315676987694
-51.19161884931239
-62.68015432134665
-15.20990839017685
-31.39540710009814
-42.486341221751175
-5.926861734648995
6.186825307329926
-34.973507747603875
-24.469662225536467
-73.03389040662968
28.934107500138367
-87.98902143727095
-1.909003394987792
-3.3143562183945505
64.86299489237874
-2.204574668018509
30.012073422966353
16.102459991161098
-27.490894298636007
-28.178391546455543
-51.801098786481596
-57.39994608829354
25.734689150496948
-28.531153913395613
-66.9730646765475
61.71846502743543
58.09735433045037
5.4489714671304625
-75.03538893631118
-34.77632168747553
-22.549270547377233
79.82026393954612
-4.5317838377238076
0.17251707825454332
17.532992013125764
41.388792169289275
-12.93287888197051
4.667641370317426
78.84691507938595
-4.390218034239695
-15.457195765461378
-13.649972390479618
-57.7004414025714
24.652646910815548
50.44003304303291
89.06352580999834
1.593957985448597
22.68015416016314
-24.489720679143645
-31.55929742741624
-44.58685589982771
-11.156278185194083
-92.04227897172356
34.660595455502516
40.30338860397498
-38.12795139316126
60.663686476508104
-49.98623858751248
-18.905059653743933
1.1067228121934676
75.19569771225125
55.98404068038312
-54.56370285247774
-54.564492728763675
14.625820923192563
-46.68961745001807
18.992694562210303
27.077469073668397
78.88277734574729
-35.72746149042748
-13.28960521944218
4.1831991676988025
25.343654299063815
25.6446777147264
81.3080140430545
29.935776138429134
16.587537171619957
37.21638160310806
-23.226390194637645
78.2313895289208
14.852104264820028
17.14172314765726
23.990014640615385
72.70650004985472
35.63869407565471
-2.9462854146061943
-32.552484937505554
-78.30227343739307
-45.578533333070055
5.2425526178283235
-32.61428933616928
78.68296697246052
54.59091534336912
-16.372689453826993
-78.78612095435733
62.42989696250831
52.774603256752755
1.9821345994308786
40.57385105139235
-87.10725727686197
-25.996649371634774
30.494460693958104
-38.29679328795225
6.6715458630624624
51.790396386250194
4.621357827269009
-64.87035810775203
13.300491008485764
69.53819583279738
67.5523393063801
20.59150251477635
63.64138885575687
16.657081635127255
9.066373494436547
-46.174815861240965
0.2657412061393529
55.01313747184861
76.13526601651213
-10.708906627923582
-79.09260170324083
-43.045528123153765
79.91517071287467
46.32385134192509
-34.2068715647739
-39.75599655095203
-18.371924578126652
2.513280936257331
64.20413879584882
-18.587131859676546
-61.92975907453962
-1.734862381588968
-4.32845465450383
67.7647390228052
10.403278598719552
18.81650648070911
-27.84067896048201
59.717806847125985
-7.507215918329479
-40.26053562231598
44.17300887981807
-88.44983227610776
3.7914393466983825
-35.008625924031875
-8.039009931430158
61.56207159590008
24.68361160494196
-36.790988691137656
5.74666557704208
-0.20695349487704107
-2.016819365285869
-49.222819672833126
23.42126215706834
46.63085932879011
35.70979433637439
-60.0164272342025
-34.56977508434773
79.6911167374773
16.35891036206924
-20.69308985489026
43.1834310927714
5.443684549681876
50.98448138162027
84.51287495390329
-4.343206916745984
-66.31486736122086
29.755410388688347
25.148222552997623
-3.811351123478545
79.89250140967499
-30.12420064542745
0.9739610366687828
-31.215840002400952
57.30140781875309
-31.47475964627722
39.39455584558823
81.78236280554577
-30.42658025406945
76.03014143933362
-36.320001408912375
21.761078536068794
26.5775506287562
-13.249855075099376
-74.17873190117497
-90.88530741667518
33.02700549424921
19.114974864217842
62.84384135909693
-44.04264275226341
-51.59346803658378
-70.21756736535893
80.94880918497222
66.78612462433045
-2.28399327521133
80.8930380982263
79.72779249171629
4.8420625637835
-5.846607545120307
5.434411224994122
-32.525600415681694
14.416578668716056
67.46648288247121
49.55821042109568
-72.64153365251568
-84.97998468276916
-23.43446757665106
0.6327744565336673
-52.18694811145334
-5.43395831193331
32.44969678299259
-57.239033897018246
2.6827250587595017
-64.67589304499451
-3.426097373125174
31.605246629277474
-41.183194605148856
10.715002193214488
1.5052309900674175
37.793736743640125
-9.855994365771934
-15.417585836809351
-13.582826791808913
0.1675044195146569
-31.382168106334888
-10.379365786927437
-24.567657482504927
3.5275505239372364
-48.03485639867936
22.86655501675139
80.86097528641054
0.526383377388342
1.2154684385446757
-16.83292591024636
46.13774647675618
18.8978041640667
-59.62503443042676
53.444869424747395
-56.774294292862066
9.39488804537315
-31.975396561055618
26.020994971941633
-71.88080635325122
8.976493451674543
-25.37265169372857
39.1249480696045
38.546674763162
6.128150071921965
-22.02506093079495
79.78377983809006
55.29768505726088
34.17430910928019
-17.935577642817478
-17.736998501442486
67.85143524858765
-16.73921239508107
45.01836659516107
45.517687038222334
80.38365034557899
-13.6629418882372
-78.77205311507436
18.04804316690992
-57.26202542807584
-62.540608961656424
29.161388694778594
-18.15907616461662
-3.779868515103047
-7.803176595067569
-37.618363247098756
49.3921493332806
-21.061685806943174
63.306769172798
-42.10469331694396
33.33579136712356
-16.393515073390986
45.88177714220237
-19.80547969933623
12.222324962173545
3.7234875985009097
23.707049545803258
-30.084330886120327
77.52415026299232
20.83334990791974
29.68647333098548
57.23365698760992
0.03541474131405664
6.637316566928931
38.22524620185192
-58.22227731811037
3.598583224320663
64.45038436673838
-85.34304823071429
-7.492803743827537
72.42981235717915
-68.43843119858678
-37.7983087357446
-8.749368714869277
-83.33192591911629
-32.47894626952203
39.90583522647685
-51.188784513966915
-21.195184677961223
-5.491981170915011
16.69788699843346
19.74776670087759
-69.69785533413838
-64.53369067347428
-82.2193211923037
17.667123144484776
-34.954035442186274
-62.8656033007657
16.13538011855283
4.680408935934835
-15.08227528174433
-23.30295437520799
-10.372740467669388
-14.746255725231876
-51.977291448571044
-7.580155682392601
37.61490045736306
6.607972211070546
52.85573972447645
17.507469593261973
-7.959970611741298
-70.17286366396112
-94.59132441223217
-46.4274082474644
-49.12224104256408
-85.78965215879289
-17.758970385702767
51.48361254912675
37.562859271432785
10.226623726357218
-28.823839868421757
3.0020472479428264
-48.89142762841107
63.99701570142025
-58.66282878352454
-12.122652462955415
40.600818034201126
-41.13628748852558
-6.658292671752591
77.2530827276363
11.477639089179618
-0.06820329683182536
-5.072340576020437
-11.545716572989306
51.41792883496075
17.235913662284986
69.56228602767072
4.664130355390725
-20.944062820319175
-16.458079885512745
-48.32941300466821
-17.45950545938075
-1.9632649950608965
46.35482276527108
3.1507452536019827
-73.16967092461789
-18.24790043667838
-55.12099704343202
40.26540787802131
-8.70439987434564
-35.10357024184163
9.994451125907943
11.741071639568844
38.632129185814705
-46.72042278102297
-86.7193672681782
-3.12653442437653
-30.785492615291204
-44.62951691353903
-60.19605107920866
42.27224751954671
-72.72538191891984
-3.300189558790464
25.51455078589666
-23.03368152194011
3.28190127972033
4.66569938695325
-6.059639057100739
-4.357954195788139
-58.860697885154956
-52.19924881778068
-21.438570073820927
-1.0395567612810197
-39.55902719910523
19.86564285784371
-58.86366539814042
31.86138137137658
84.64343142356782
-4.146852405686744
8.026647918829497
-0.9347000588562935
30.040659369209706
-12.586626718955415
-84.4372726144992
69.2366495140837
88.47864447572621
59.11230872300345
23.966370086917266
4.2571508810237475
-11.90193492622366
77.72192499605544
-19.572142391813074
-91.65680943230717
-6.755124837093348
-11.011441422315158
-1.1666866773297642
-16.27129608364035
-11.050942300661049
0.9594782989625656
70.01931256673433
-3.4480172731747274
29.636162716973914
50.18679673370366
57.86220398508448
-74.79768755932304
-22.5987512657279
-8.148151301763505
-45.757873865627325
29.56550193202395
1.8706970426431297
-56.00905540325891
12.781837919375718
-12.58016198121507
82.49902623909938
-42.009044962401674
-7.912294109917852
-0.028530462446937577
9.76747157454065
-24.343781868669723
-68.24104836039203
-59.408768966945495
15.476394353354479
-17.47091421605417
33.07130397568065
-16.32286056623461
-10.55905813643659
29.773160067338907
33.80753175924451
-5.3976935395376415
-6.925749238194072
73.50227765769208
-44.02292902695557
47.17103992975538
-16.781693700788892
-10.717634522915375
17.196120740278815
15.74321132762735
86.85673540247032
-51.10537148034551
-30.671159710423026
-12.297030213086046
6.791253136866331
-12.780606883221708
7.1053323479900286
-33.35975757114507
-1.9873856932342164
-54.89276545014571
28.343193690926682
12.160841099043822
-1.3712688043233499
24.498763054948782
52.84563815077627
71.21055590762393
-20.26976730286114
34.097222205145755
37.86620069314631
31.60781406717973
88.75648798651628
-19.799495675464684
27.85281308351169
34.43551391657931
79.72239489969292
42.940245675645315
-1.6556300836988953
43.942640377369685
-10.033423660477581
14.934051300318558
31.67734552181497
-36.44308873605879
-63.76292380778775
8.673096196770103
-51.12226303522612
26.30494080966676
17.11968939515245
18.768448889716993
-4.3999254017131335
-33.04200925047988
-0.8674363603405908
13.877395068029514
47.2558843237471
-18.74750169641443
72.71131791033446
-59.557065417790014
-29.13134061295878
-41.6292690771718
-3.05838182591782
72.82679461913011
-42.03650726990088
19.842022997805856
-43.594708226533335
-15.658592234092936
-4.523964400017547
-75.38980689948971
-61.923171302062464
66.18579044638534
-3.3437550754978673
-37.418662972335554
-53.651814841627036
-13.213142124616766
-1.3111637129885594
-13.191340485322499
-73.06898674974941
-7.418555408520859
0.7196379661211267
43.37964806969106
-51.61522975602155
-15.255944079315867
-94.59436794853767
-9.851308272950305
-81.73154888845433
52.75070320633171
-39.874040575800755
73.96399955179231
-29.85149186252012
11.046215801816999
-62.66993253276346
-33.68331300582203
53.19356215189782
-28.312992250361546
20.07830961257703
-3.5061589365472656
-65.88171550550842
9.384914969566594
75.78554155841175
65.9246924413394
-70.35022093880409
23.973943789187118
-59.39660235471312
34.346088727067524
36.097319783630894
-1.3187387575255656
-2.926539622361986
-46.270962166297316
10.377507462421207
-11.990107161114196
26.17555854120795
-47.76535897540489
-19.073407913146767
-43.31309136635747
-26.322738002903478
0.04171522791119742
-10.593112764851512
5.894670694075259
-14.373476182009654
16.3480747345142
-32.10635673963553
4.102444732478503
-86.46461393733382
-53.58299469678895
-10.789486846911288
70.34047721056359
-78.84549622703352
52.24678062656088
54.6647713311294
58.18664784637957
6.902859247175854
-74.68666097073147
48.137227427119
-79.33099726094281
-5.397878367817498
-18.099401000967518
-14.722924667374045
50.10080226786272
-8.511350052799173
-37.74233477446657
-53.04974125896203
-7.277242953336227
-19.959599938223462
-6.301504023883595
36.70410579890057
-2.3800094127536227
53.30983066482989
-10.556503926607263
-72.58188197342392
49.400720946396774
16.995560539639115
-18.060808719413103
0.3804985917522288
48.0893800408476
18.556702163669087
60.85143144095329
0.08166689527833171
16.22621371373026
-31.025789320605966
-25.001905188420764
-18.882327034101124
3.729489232500569
-16.64863256433307
74.41933340975174
-12.357864724737453
31.238409826668345
-12.779262210795963
-66.40129972513921
70.49322850423997
-66.49276338202347
35.24323618694447
-44.477702337197144
3.597930335452574
-13.985736689278482
-72.0309425669689
13.783589152879827
-8.961345299484805
-49.200927667304676
59.47284808001237
10.343540478895918
59.604075894982515
22.904684567934652
-50.26104525678104
-53.0437322897143
-37.92315059172472
-60.17468388683801
35.7363031709948
22.349697120216646
-17.586124924704578
-24.293326939027068
45.322917904938095
-11.734840982732237
-69.41345543093894
6.2420713221574005
-72.75211250774066
-18.741858168762775
14.240403413689208
-34.32130150449009
7.668669323669931
19.52926344457927
-45.44966585167704
-54.37438922015417
11.444926515234968
-0.2624509505051549
-11.478446079134969
-2.7070462663525205
-2.6565929632906204
30.187013494129758
-34.50469451919734
-28.497971801393263
7.700469520623571
25.79003840276735
25.07229007590361
14.123583528112562
-79.04315662862071
0.15130961160129175
42.836609765039896
-40.920528127166364
-14.783315623879929
10.326291862522126
-36.34806532907573
85.34472521666683
-3.3624811647044197
-15.434339596114668
-28.21525418000786
3.636127119248954
-18.65720349092649
-57.34803609964116
74.52288270274082
-23.615873035364828
-28.760572902029566
-11.478871511897921
71.93672345906936
-3.507696999545388
-35.64493651312174
49.897632317765556
-36.5082564200046
-13.788534892750917
-32.57896082260318
39.378907299828086
-0.9888988170928457
32.41401292588816
-0.893694036563204
6.622909961969327
78.44145293896509
-29.13442855362989
68.02004901689199
57.47505126432347
10.08225354809008
-24.00958585066897
-20.084223563001373
32.97540530949291
-11.861179640866823
-67.64227991697024
-19.68528068978155
90.17929426279207
-17.082994029326116
30.769513001969983
-58.508968285235476
27.045277495662205
34.37970175203296
36.49302101403339
-12.435800402216046
56.5036162066732
-3.995833096983631
-6.210114545921627
-31.991848184054362
-5.422693777603243
-25.64089357993585
-13.904307554732156
-7.93070977466742
0.018187955193070593
45.774853274758414
-65.1265064610808
15.372945209409622
34.096483863848505
76.31316851449375
11.161160068284474
-64.9507275325579
61.33913438380941
29.92590185913359
-10.464471044685197
18.711013130950363
3.143755472052291
2.8345309052188696
-56.97000293401325
-90.12219633074935
-80.3864204941794
-22.572518009226556
15.683297540130823
-15.29560283303266
-72.19628959144315
-0.4644302891816636
-47.2687662159153
-89.68729962258249
25.763003353051545
0.6353319395501558
-31.23664073515539
33.6059338520088
39.96359706085252
-58.74761731747885
24.953552581148983
-12.721087325805797
-26.499306838951213
-35.260404788723704
-36.86005421177194
-26.923950660598507
43.970851591069675
60.05756916619586
-78.69315766082768
-11.455137741503222
-0.6473529461997458
-2.2086627835980437
-12.185940152281688
-41.81235657671207
-58.450478285749234
46.70514288502926
44.996773470475034
-0.5462904983601362
15.223224595279206
20.822408551577453
12.2958279786491
71.00074458779912
19.156230348864952
-12.29545643869082
33.286613765973414
86.92643487692212
-52.765796145431395
18.41987392701955
-76.16851673994056
13.941672597242814
49.54708575006424
-3.80001016958785
-38.22495703439418
-14.846480130848121
51.953039298950415
-6.420960011008603
-24.37775340654268
35.0884361766569
13.191287318624447
-68.57684490973631
-21.489791771886303
-5.423228662066876
25.41067424298943
26.186764701016827
-3.487613597444934
50.91659699738284
40.89073355250591
-29.86095045628774
0.16559387153203886
-31.547212142700474
-13.893628475511335
-1.601365655979123
-25.42023339872719
-13.226958005432948
-4.975937537942556
-77.39144672297836
61.33816962342772
1.4751141385083173
23.182368648001955
16.309074243546362
-18.06640627018112
-0.205416693222503
16.642894948384495
10.574304366908919
-33.716184181162944
40.89950812671975
18.147595730446497
-71.38470484338461
-42.39969854145128
-12.041884919764485
46.63208074682575
-20.57267159439327
48.69694916298232
33.12137143261651
61.58031734810376
48.32863844978877
69.53722484648253
-70.34522040162786
30.187798632589875
12.837746443011113
-13.187982978580777
-43.295056585681714
64.03065944791823
-4.2246096323292335
20.68743629427324
-52.9403634399431
-7.447336403490979
4.755234741475292
79.36590799839718
-59.151408371249275
-10.54192776664388
-18.480217361424522
-15.830485111032715
-62.63488998032035
14.175150509133587
-5.867734536507498
-45.74747524980913
-43.36529454268922
59.36658592614597
67.46499855143048
-18.331241256053985
83.3844579569811
-59.85770291940062
43.97504981863574
82.97036299787555
-58.12496360595586
82.62513268393846
43.017119034960075
9.178456223159685
-17.519537820807187
-22.24760250589675
-62.901241298394346
59.52106710713602
-15.593563158135765
-53.588282496501584
11.203907656801661
4.7748106046016545
-2.5329743109615777
-18.12294278712531
-49.573750892855564
-27.55599523312651
77.99796649935644
31.05171941497798
18.205299616498806
