28.511024892240414
-35.34617632812769
-56.24357500121731
-55.830544899893425
-40.55906867178591
-30.14035888350986
-43.76735218010936
18.08706677538646
-47.81282405070537
28.70176030788808
15.99623800903008
-29.58112022709929
-6.076418459404039
-15.238377615771356
43.17613542638807
27.08499014582364
27.18839886146837
-29.72498837108317
48.66127400408752
49.18323613913546
-30.797230276937867
74.54989891379071
50.981789773957985
-32.47615896243012
12.790106372001873
1.1114358665487174
-40.95559026343101
-29.455961378898564
58.59379717511817
-6.011097295523513
86.75419290483933
-8.542236609077364
-13.808750105963057
78.88279776811748
-29.488846510774664
36.609609165982675
3.279519298419629
-69.43677966308259
-26.330491808483984
51.67767899931374
9.0097782004418
15.28419654710126
-35.09103592465723
-25.38189796540577
30.2097173593923
-83.38503330284692
75.6913871299598
-59.441690314768145
46.130048490352635
-14.654845487505682
-1.5411615152020914
4.334458461206921
64.88730860305515
2.5667244587808256
10.279318357887263
15.42527047642318
-20.45151429348627
-73.08534378525789
-1.2128699863914676
-1.1947918997642404
19.881722976041885
-31.452321887877517
37.118311481512706
-0.7629247393015817
-15.737528189506449
-14.48560284119111
0.05401736051187811
39.874708457694
-7.185257479665353
-10.300582649236134
33.727584588442
44.85832922556597
-50.157220882540386
-45.10079168916467
-20.53974474001869
28.720234941451764
74.45162309737319
-36.58291748299193
-55.39370009937046
-39.226068743597295
-14.797012104033797
3.519953516765028
31.94723512424258
-14.820112272420687
77.38611694443762
9.123206653231804
38.01158306126649
64.57525880451266
-54.15795973237836
30.19932420680439
-51.637735187444896
-27.3064996267302
82.63081460970807
38.71675916954848
-34.739456593754284
63.30185746503207
-63.1053064804312
-29.615081437308632
24.928879576378748
-16.422100242274837
-1.4432592157778998
86.9160257619618
-9.254148053160932
-64.29333158710382
24.057389387075148
-7.699940503684232
-63.869979969456125
68.05553931513737
-60.87492667719083
43.678793955748006
-1.125658540018648
-19.454985679095884
8.728650717980756
-9.538268185317463
-71.86156034020594
31.722691954113884
24.563890626547433
-3.497722596710389
0.32189458120035397
0.7223485444039426
-27.71164208055916
-49.17886965527557
-4.486754043667958
-30.42786872338887
-28.511041246654955
4.1624124845005355
-52.26226806191003
-51.84622486856035
61.86375307171241
-54.135569606885696
10.640776260306453
10.163624008037289
-29.039383063035785
24.618880046808002
-17.045057627164596
-0.6025276304512488
-25.586009565047405
-58.275030562190466
57.58790445702013
-48.68873069239838
-48.116241395215944
-19.553179402433287
-36.632390413201044
-46.29870477153038
-8.150730545645104
6.536968824435974
-40.784526323940405
-27.502108453452706
-69.62307906580702
33.01827066046354
-81.67424909089986
-2.5835939947453284
-4.776841076400885
69.18586204926618
-3.5856116518172882
34.194854996868116
18.026459145714767
-29.95704860972492
-28.37659274785436
-48.06799719356112
-48.81224183491081
21.172910888627086
-35.01904865115863
-58.87668182444677
65.99236537461647
58.408494592759865
6.605089775095621
-62.23923610694736
-39.97699026052022
-28.303791512199354
76.16079901931721
-6.38178842069064
-0.290533489174436
19.856175067982264
46.454434396388194
-10.735359078660494
5.293939547597617
78.56512490109444
-6.266810000518532
-12.812393773563443
-17.38029441714758
-58.78532065383204
28.282426034476472
43.683292575909746
88.50984695852847
1.7712494593224761
25.751312862138477
-28.7163906038477
-34.31299792324896
-41.65080384389275
-14.267140389246109
-83.7695497776052
35.762227263270034
44.49923066588599
-44.95432454356289
62.48679532520188
-45.78541793524247
-15.094118106800892
0.6175215359129567
70.29406165799531
60.29099050489657
-49.02919245079894
-54.521937869060515
15.573449718772082
-47.86245380824198
19.66796552381024
30.605217653001148
75.86918494746035
-41.96673183680504
-11.420103068903373
1.7129327767677438
28.282220034462142
25.04270590038837
81.22144310455036
33.78952812570279
18.63009431122832
41.419918829904816
-29.63015421671308
77.16907337980379
4.508769498698939
13.816585182156203
27.570206676669514
63.90174651819757
30.872826034126206
-3.7175740384292197
-38.37399792163971
-73.15589499713997
-36.29776182520516
6.112730412554711
-28.577471339889044
70.54818604502097
39.34265223731029
-20.77158570089206
-74.4449897342594
63.531903395998
48.89980093707524
2.5372888110647978
35.49939254740656
-76.01048875183605
-31.218687838066145
34.883910940263604
-39.28405905916552
7.131719437267634
52.72915397505915
4.496922877347174
-64.61755771158792
14.984704456114216
72.82592526369575
67.65019641683878
22.486010720725872
61.67086221186793
19.15803381794015
10.034802614819071
-51.68650781401754
-0.5731785753386021
59.38614658145701
74.13569165742442
-13.008083828625331
-76.59816947267285
-49.20967861855037
80.10991448435712
50.917470427148515
-27.792284363741786
-41.1505176236527
-23.462206450836433
0.8455608784182544
57.514840336036826
-23.813341401264765
-58.589208698183434
-2.626855532805223
-5.415107022574702
71.75702337124878
1.9927136927368139
20.661874131472786
-26.31672605782991
64.35182883964592
-9.909567080677888
-33.775983019605135
45.219220903047415
-80.54452003153781
4.302334038762467
-41.59532704657922
-10.819706464594361
61.871145554207345
28.181573889913565
-32.47089275360169
6.375447859912327
-0.9944806158308666
-3.0272717508093763
-53.8347283172063
23.493735204355076
51.44900441333195
40.21546111910723
-63.211021057421085
-40.83796810947106
70.41632902910709
13.51954391842824
-25.473278740485313
44.081431666222784
5.749027316156884
52.52674672597365
75.48613492204046
-4.596228198507248
-67.50567321660202
33.35262783905384
26.57850494163688
-3.481535847960302
81.19192006323371
-32.089127529843736
0.32194328768230207
-36.736158354727394
61.70036740061897
-34.126181961524054
43.334350141343094
81.94389807325373
-29.766635308369146
74.13026448570699
-35.47104993975316
25.010735447308974
22.124493552153567
-12.088002744333693
-72.14966496871011
-82.93908723745855
34.34177639218436
22.048239198818706
66.08897461955792
-37.51352955890033
-54.06660738645996
-70.42528731205903
76.27094785607824
61.71861349954932
-3.5834661951020195
80.84073430667178
80.63833222088306
1.357730846857578
-8.078285841999659
2.2057257946104443
-28.413215256514817
5.17463230158117
62.08654732121775
52.26506988016078
-57.785212039159575
-79.14010265759428
-19.852684309362346
0.5895689262999753
-51.768096615687085
-7.549378211965205
36.685898823103344
-51.89838913446484
3.365454417009232
-57.66876184182216
-4.914759502380079
35.43631318235728
-34.01586222488564
12.427949088592129
2.032291438803341
42.75459624184441
-13.121851496700259
-20.218044162304622
-11.781109834110225
-0.4303856026125459
-34.11191449669473
-13.784252350349703
-29.550913713679407
3.623737555031113
-53.03480459471264
15.148984984445178
80.54697400118206
0.37168713859776403
0.782374844234738
-14.702072502514724
36.211743420534134
9.809756160059209
-50.005746042279945
49.44975253520778
-56.55121936014989
10.339631494724529
-35.8457441529309
29.88608046618441
-69.6059233299661
9.935965713156008
-29.624002904817573
40.53546264097429
42.659067161173994
6.524166726928996
-26.527297324334683
81.62200135126875
37.517155035203615
37.909907979181554
-20.12447459992947
-19.39576326591532
64.00826825850285
-21.626720233429623
49.30832081116748
50.49775805546096
74.69516835298987
-17.508586399321118
-66.97226737021934
20.686050617252633
-61.008844015026575
-62.9823396237893
33.2637490843334
-18.507157567410417
-3.5098714760138563
-10.090028000458986
-34.75130594637472
40.07386045187488
-23.818911185719358
58.12385103950456
-43.234751850493495
37.15749914482123
-18.19573483929865
50.349940519359336
-16.419604379466904
13.330323433359581
3.5828202229078983
27.255372805516757
-23.004862360405852
80.0301944989267
23.3389016241415
32.77942056883441
59.473063891916496
-0.3410944153435196
7.4508198379281225
40.594515187552844
-57.70914166863181
4.1332522508403855
68.78639020192261
-79.38938907593959
-9.940557158943193
69.23113290436945
-69.1544869096333
-44.11961088656484
-11.602403558611556
-72.1267098256452
-38.55140116932452
37.0769162280703
-52.43755602617646
-23.30312791839924
-7.550428665072403
14.245350897956598
22.155100325640205
-62.62885800974371
-60.331854537005505
-75.56743616561548
20.489810881036703
-31.090018376191537
-61.987296086701996
17.96921909209189
2.7731016040176826
-19.353743092483327
-24.378438768864214
-9.243561575522577
-18.92988315275113
-51.70017417771214
-8.677434548098091
23.78456921120936
7.696102983882554
58.03580988745426
11.664291459660404
-6.785996798619067
-65.66118388774652
-83.18426166641436
-50.17968941289515
-41.17074326263493
-76.52627908394513
-18.06500576616655
49.11687689486931
36.36698921596678
11.319458378278028
-32.977183000432404
3.5381253966334185
-46.23118688722769
67.97009373828905
-51.62696027494953
-12.435529423613033
45.34254623924886
-46.887071341574696
-8.800391799562505
78.61092549499364
13.007030417269206
-0.39367413492242065
-4.225120230468207
-13.044755148627473
52.519464511163676
18.489270197843837
72.40623325087469
5.545806549298149
-26.78615267336302
-21.21623030107868
-52.22672023892552
-21.605851993317685
-2.9778733102010335
38.94185760798726
1.9169097903841532
-71.74110825452512
-23.750708747299043
-43.669863556863156
45.097644807900195
-11.525682304818531
-40.63271489353166
11.067636572083316
7.117721950785722
38.3267607033944
-52.678202487528914
-80.53871757373375
-2.937458571573231
-23.408869250679146
-47.28044113264074
-62.50278237502718
47.3025490996433
-61.271324789445075
-4.664701201228169
29.325190676287775
-24.822798703300606
3.159113937191833
4.71677273554414
-5.813061662074617
-5.205478429488721
-46.562528138236544
-45.12144016982037
-25.743694163522107
-1.9649819905314843
-46.44176476244602
20.314673892656927
-48.17332636106015
36.28765049865265
84.82696990563076
-5.584739187608022
8.725196622556155
-2.0104385186341744
31.891105400436288
-16.550283685389573
-79.76941134356979
58.731499632058245
84.61180462919384
41.583073273782475
27.360428799774468
4.223341660100772
-15.292784264474506
72.11613336801909
-24.903732654426804
-82.21106704009867
-5.949641368505212
-14.563876890920596
-1.1006735183376009
-19.44399786704551
-13.894091248802098
1.158098640584626
72.54880041184762
-4.826012799793972
33.73351056041005
54.37894456940427
51.47229526459071
-71.35157570796076
-27.079654078184802
-6.883311935856696
-43.42460778286917
33.80549349923314
1.4272710675292473
-57.534596486233724
14.360490248457026
-15.895742890466238
82.81991248536846
-48.077685728804305
-10.604593056240915
-0.8869713426167607
10.624153946330765
-30.651066203782477
-64.21101629591547
-59.888747484683456
17.004190468539363
-22.777238331243424
18.18754009139353
-16.310882515961524
-11.794759045045893
25.495431845771392
37.48627840469814
-7.321042471729612
-9.424600267559327
74.05050068420925
-43.99524122327302
30.151288394004567
-19.38046744974106
-13.434418215907854
17.870669549825834
16.524665274367322
85.17673077579752
-41.59038471655269
-31.063935656477653
-16.196626402166288
8.109282716368739
-12.970526354508522
8.469971891911669
-39.812782749116316
-3.146707156542007
-58.02571943527056
30.065887627690685
10.646175379108143
-1.9904810600216365
26.199618588754703
49.013334838768344
74.71915924627356
-23.94832638648255
38.56740363043701
42.34521880698435
33.40328486212891
87.44323799562574
-23.146926024577596
28.77089681841514
26.27473266092862
73.38822688666704
46.03821231751863
-1.3624553137652242
31.98587197859959
-12.445257877346876
17.26470015142668
35.9176058237706
-32.66275745543453
-62.908496675176636
9.980443428953308
-45.171848330954774
30.289807504775695
19.257084453869155
20.90051351230872
-5.611874478987545
-38.543083458648844
-1.562711147377243
15.581750620036786
50.50313277878237
-18.95732957641539
70.36001149888301
-57.29917100597399
-29.536690176084136
-44.625430930342326
-4.6408213061947805
75.72212731614022
-47.898666988314204
14.884475133530145
-47.697083230537054
-20.488736197455083
-5.80215174900556
-66.19616256882188
-58.395899443147584
70.28807983899557
-4.61941487413408
-44.299212463817334
-53.55966007724145
-11.400359386921778
-1.889887400202909
-10.921772647551819
-72.49296258431086
-9.96711905377326
0.4347942147525288
45.159384818139785
-50.64711648059925
-17.274107911965856
-82.61143417432852
-9.225217007660888
-69.61096293110361
57.83333944308012
-44.2291946360826
76.82895756836106
-25.550513702094918
12.530077300361043
-64.5660237406444
-39.14828437823933
56.36610818867655
-30.93157665955262
22.735128983497617
-4.981610278847683
-54.93701773244593
10.703870595809121
76.28690081869553
68.36541538771527
-69.95740006445082
14.69951092871382
-55.6328755927145
38.54855847030811
39.95065293830092
-2.155939005617398
-4.181833533734988
-43.93357317797868
11.484992838634838
-11.211794679766513
29.743769467796838
-35.04434828117918
-17.295353732927182
-43.048180399314816
-27.22157923956098
-0.0881954118772228
-13.95355150359768
6.259328643050495
-18.971089735701582
18.082018145809357
-38.78082815346009
4.070165025068505
-80.05298630361332
-52.879760636267655
-14.328342340658523
68.8486884819684
-69.96104807544506
54.78678455447951
53.43272620603065
60.61957198672863
7.390145884188499
-70.94514745332037
51.15253675028407
-66.77417981873822
-7.519717620842599
-17.06474713615397
-19.24439948717908
53.62171157336752
-7.172243493423068
-37.21717915800265
-53.772014894764666
-7.96542161415276
-25.089254267292674
-8.21243910816463
31.220282446747547
-3.1671559764811548
58.439516912731875
-14.021805738228963
-56.69308832879471
53.982496729896695
19.74886404456207
-17.30760858040763
-0.39148671676534263
53.03575464251671
14.26707180376647
60.75346541371431
-0.17729102576959122
18.824672095595005
-23.973556988280436
-27.156545762498283
-24.412407285988635
4.028718704244326
-21.818229701095035
70.7079494168434
-12.426171597526249
35.71869909193168
-11.62163524218468
-66.66211449150538
60.58791300724124
-56.76799691118944
39.76229061963872
-50.50120124490342
3.6082009479618335
-17.78337265625038
-61.54798189699262
15.207825483292225
-11.976993150918048
-47.428275977066384
50.03704151641429
10.272598923185157
56.85075715931879
25.130291902594067
-40.78767616159632
-54.408630520627646
-43.926257216620456
-59.87943974250188
40.539606208676446
25.353425732176433
-22.715423061568444
-29.002473513603903
50.28620330484739
-10.942064102655038
-69.67546502127679
7.238318533020461
-65.15070006688435
-23.86561209884114
16.023574100399927
-40.120821635782434
8.301334311762105
20.37341767605676
-45.99769129582625
-56.701614773432986
10.716169453157192
0.2966743986200555
-14.176402883216738
-2.5140741139288707
-3.6449617681593622
28.696933648656128
-29.57635330306269
-21.267745026536957
8.541262195504515
29.605188856599256
27.083595394033836
5.2095636361807465
-69.34307157905349
-0.42389685654201514
43.14655540189102
-31.258105432826284
-18.995111166321834
11.436450353529409
-42.385633542461335
84.6237342160118
-5.015434303800589
-19.845068799032035
-35.05297894984409
3.5150360976166297
-24.170091375186274
-46.02533469367722
77.61194297108969
-28.989782940613054
-33.53783686343043
-9.57173330680186
71.82601208845242
-4.45065968346313
-38.95770359261812
54.2863274608838
-41.185691141010274
-12.742243026974762
-37.428218661742584
41.727122287881855
-1.4550517103544252
27.476768251823387
-0.7723540681262193
7.081567761532597
65.33234068142156
-32.71742362308804
70.27453285931486
47.844735108217975
11.19003193771995
-29.901784841155376
-16.973243959826462
30.142960901388278
-10.396126570991939
-52.911228781402784
-23.714849369079545
84.85208999162063
-22.198806256073723
33.124808755484764
-56.00254371456428
30.2010028209057
39.1124877688095
39.6920614079128
-14.704800531751232
59.241024348401936
-5.774464656239147
-8.125289456514153
-36.55917748585841
-7.23255825607977
-32.052493392335336
-18.099930879031973
-10.356996948040347
0.6452762387773987
46.40236667990223
-63.872392656722134
16.50305187331253
36.361443356628484
71.515219490991
12.402343021928885
-60.847944011443154
64.71235493647691
34.22638380310852
-13.578320055646088
20.79729330734476
3.17343750384687
2.6550643355531776
-45.8567961488216
-79.11448577040797
-69.64465105686057
-17.49558140099863
18.173859087856215
-15.474017579146533
-69.47748108070498
-0.9578785996274917
-43.93795993174031
-75.90580320025981
29.28427147396971
0.9206151771195579
-27.73711180742056
37.22804430206398
44.77065563935099
-59.46608336256832
27.96399217102342
-10.841266335987214
-32.776425890470094
-29.304423645706535
-41.77553964804544
-32.99762911027915
29.088609500415544
49.15443367194305
-69.71090365272077
-14.909755078454921
-1.3010558272347907
-2.745927702200447
-16.099999694629645
-48.46988979106657
-60.05334548115896
51.36849407012042
37.19180756133315
-0.33981833355382207
17.55355822451311
24.049073499248934
13.028709991747021
73.54441474722631
21.926082638189513
-15.700968287078013
37.60399910683242
78.3312279841235
-57.39885974111523
9.794633065227387
-60.14314123216577
16.357733990060737
51.62939981011749
-4.82985781727902
-44.038579173422875
-18.633152606256786
52.78159110427342
-5.967387660326892
-21.224002524599527
37.910179283485974
14.592339481779874
-66.93949067099092
-27.51275439186361
-7.068419276075858
28.99408665433677
29.983012311332075
-5.065092564299235
45.513077216020974
33.477085906224715
-28.902262469646104
-0.05691183687115142
-27.667997353714085
-14.3253858775753
-2.0474718883554885
-30.94190740734507
-16.037092945108952
-6.953001623524216
-70.0633075928863
55.79339623726497
0.8739052722484928
26.449077936625557
18.23726569143922
-14.954487634136939
-1.0291452340458989
17.84217206359976
11.928650180764464
-25.165902749502962
31.12802821286752
15.835330411512103
-68.83583182281876
-48.836366234199495
-11.561155238024327
32.68409098657352
-25.47745745029131
49.68171213900493
37.214119699027464
58.98851234785718
48.56719819466977
69.77873095702643
-70.9390632513496
26.286698260545194
15.04392581173552
-16.674964219018364
-49.03764557139972
67.87206514266799
-6.006012385119988
16.85953237394338
-51.45877323745301
-9.903802131749046
5.404003131906222
75.1424091418198
-61.30389915741648
-13.040761957061363
-21.994830186468604
-19.990760418667037
-58.73912017565442
16.531312196404897
-7.30131383817664
-51.41622578598489
-48.49044863988457
62.612978840071605
53.16304672671282
-23.350471829696133
74.13124978446587
-61.19565535041553
48.243303252708756
81.39017717247415
-44.55984196713916
73.8810687233939
41.95015896025686
4.1090171510304145
-19.476829004024978
-18.286053333852536
-62.61845999139217
56.17679506844664
-13.050682916083176
-42.45837182467139
12.426698083378326
4.863346002680856
-3.989718329377169
-22.778896003215536
-36.67123435076393
-24.926900471730065
76.1631225789069
34.932825560262984
20.109257033417492
