27.906218041582733
-35.19746980300421
-56.54740578171627
-56.13681308782411
-40.733624269668326
-29.884923578869916
-43.716212498062454
17.65751984627093
-48.016119229196875
28.26980296311028
15.790763327814986
-29.013705432823045
-5.973554722876457
-14.839155461167167
43.5869946535407
26.45355862458885
26.749763175614746
-29.763423307916483
48.60066530257805
49.29779781838934
-30.849857962863524
74.4982028183951
51.070810273483005
-32.41334903565627
12.506253609153575
1.1150378436002768
-40.986062229833145
-29.05301845764309
58.20257384052388
-5.9802671321065475
86.9582612298633
-8.196527627648805
-13.356663617087847
78.99582355228836
-29.364231086058737
36.38473580760291
3.1639354759874436
-69.23990371181509
-26.131062135404775
51.264184905283116
8.782998741245763
14.929849404124113
-35.13289783537073
-24.890765342619474
30.205088886911938
-83.6000639785247
76.00281556655878
-59.499905342090756
46.12639347225996
-14.627518736276173
-1.498667847363194
4.451832385863199
64.73354814394676
2.434205918403663
10.555351188437143
15.717614719512994
-20.504336999302225
-73.05758089470636
-1.2923841154684936
-1.1196027594015163
19.48308858146035
-31.553705175296145
36.62108555872362
-0.6586001779494097
-15.622745627190227
-14.436017565388596
0.001125659622744024
40.04248935778648
-6.848970554237795
-10.114466999283778
33.3458707490982
44.98349397293066
-50.383145003681875
-44.945361576618936
-20.269960648051068
29.016225177059226
74.56908672977136
-36.32199943079071
-55.68930938728961
-38.89585940821868
-14.825227162392352
3.6065824532356316
31.642486622022545
-14.624642170844709
77.3717585357935
9.373514209565656
37.826966493982354
64.88058834112141
-54.453684245921295
30.59393825075233
-51.84543873450981
-26.846784779162263
82.73871277632833
38.36460379260242
-34.63785746339753
62.85629667183207
-63.44211874479393
-29.70871860741164
24.893495499997314
-16.45151215153868
-1.5392121969339456
87.12676203038521
-9.262214343185192
-64.50160945512282
23.93451311028204
-7.6210115608308655
-63.59343136726486
68.02033792334146
-60.696406436017014
43.64896730354002
-1.1005753768262991
-19.384017183939775
8.489433416650613
-9.570419991001884
-71.96996544214653
31.074480362612746
24.428123705215228
-3.4284168399585155
0.34930962859337455
0.6688137729882442
-27.185484878063036
-49.238222324820335
-4.50592007193211
-30.48348447407932
-28.539020071559534
4.102441462729914
-51.81833853440796
-51.86856876552963
62.17437860397456
-54.33142749454812
10.362269538116166
9.937517931633607
-29.128814379015168
24.671747334461884
-17.071137217442427
-0.6900074634565243
-25.640458640360137
-58.23836316484753
57.09724933484043
-48.84711912705887
-48.363364865922115
-19.209023727959206
-36.32880194431483
-46.13613011687677
-7.946038001906288
6.335721855270151
-40.39467270426884
-27.4464019225114
-69.73199883927023
32.42199564479233
-81.73629152846033
-2.4051961273418527
-4.8113612100430885
68.82330970148112
-3.595380161894113
33.598896714714726
17.785406964330903
-29.941056467294644
-28.443961959226257
-48.248644530781924
-49.04227018678127
21.409265080962186
-34.47885817241614
-59.15055270207415
65.64381300963208
58.46127289343531
6.485624779669337
-62.57166355555
-39.678473607848
-27.82249622495587
76.36094269626827
-6.2143281713969145
-0.4020198233358059
19.494792154315235
45.78322178917949
-10.676729887674512
5.299421691568668
78.63497898964525
-6.1478428055271905
-12.77174027056337
-17.157206339948246
-58.74521732903042
27.70120106904946
43.9630427320279
88.61266916614008
1.7996300091558481
25.337117969978948
-28.535324489918565
-34.27526744546686
-41.79983654741409
-14.126785023725745
-83.89757915507224
35.78007398640182
44.14064944357244
-44.38898089865678
62.43757547890925
-45.965130313776775
-15.049516050813821
0.4966803844359191
70.5262179625781
59.94586630768876
-49.23688373464899
-54.583155270172355
15.566334389756875
-47.88855137919781
19.701694383396173
30.19369793574228
76.04915072054612
-41.50645047873704
-11.397193790238333
1.8901687483052427
28.015148326161565
25.15849875180426
81.28353610544593
33.350027128284154
18.356284191542755
41.025021661165766
-29.00237549279676
77.27552075509226
4.76057459160387
14.023878896207904
26.980486871421675
64.2128780472924
31.115018479183362
-3.8017863396603957
-37.98089329845952
-73.30718278376598
-36.43941214257885
5.988137714706539
-28.66306139731418
70.84839554942695
39.74035756163886
-20.458505385266307
-74.53596741084
63.53203143468309
49.113859476924404
2.5728667079549723
35.74754818508606
-76.33928699076043
-30.89494433133069
34.18231796945946
-39.33523875172925
6.932984252056457
52.75254608577927
4.6051660772778575
-64.60209117647682
14.651107087357332
72.61692883010164
67.70404140776253
22.373976226867157
61.81909298728081
18.698381159971248
9.896859537195013
-51.280132433434595
-0.6175505658405314
59.028769511696
74.27984293272812
-12.99283158392862
-76.51898490024706
-48.73117286217547
80.15541067873713
50.497493553999846
-27.864010110695247
-41.18147791019504
-23.025933919809333
1.0085423078443085
57.7885179088571
-23.345070533901193
-58.766578372702824
-2.4963281153489163
-5.484833754637961
71.4500401104334
2.2179344981723688
20.535386307646647
-26.39330501359909
63.930224505690546
-9.510077312494062
-33.89639998747576
45.24113537659869
-80.71808686934617
4.229598089138534
-41.074315314393516
-10.555372483916784
61.92007016327068
27.66870797034335
-32.5822444687806
6.211074701445156
-0.9731892216089051
-2.8943780608403813
-53.520398204091975
23.573699201011053
50.96393201882515
39.681137911238835
-62.91324664628496
-40.37253102426619
70.73606677184489
13.715823340695778
-25.171431454733224
44.11299368754055
5.5735117884077
52.51098931072198
75.8042520562955
-4.662449392597836
-67.32408505106457
32.997827127761894
26.555179062364502
-3.515361655464403
81.16959538580235
-32.100022434580396
0.21443158763345593
-36.388804574957014
61.334621868870954
-34.09559227805
43.026558901489835
81.99355107217573
-29.849616399182523
74.27064009588022
-35.571146513894945
24.465368883113783
22.359038746248828
-12.100439074992863
-72.13563541241315
-83.06774271338497
34.34275353705283
21.526840504664065
65.89552956084495
-37.6614192578892
-53.965843901892804
-70.26970977033342
76.49945068438112
61.95594617156161
-3.496640345358344
80.90053759288494
80.6413419960515
1.545951742390315
-7.914032693578122
2.394043362397568
-28.497436023738373
5.424163226491032
62.33102317215122
52.15149578265945
-58.10280209483917
-79.23035917207866
-19.87268936924866
0.658598805963905
-51.85782694780336
-7.377353830968715
36.169757063084376
-52.11409639333962
3.3683739457618174
-57.924605685401175
-4.9464040839887105
35.05137147692227
-34.13804561184958
12.106079817453278
2.0950539631651566
42.022547504220825
-12.787441657895045
-19.698235094370887
-11.700558399757625
-0.4017937151402009
-34.07604421269661
-13.33264333274397
-29.256566141006843
3.5270745902409857
-52.68161780441144
15.424703716642
80.62009601525733
0.4358855552625016
0.7608387185737939
-14.70327451106381
36.54250156004011
10.08111218347068
-50.24850016791421
49.66660549595534
-56.61038597832367
10.115312667949226
-35.71198629635904
29.254758945535542
-69.65118466035139
9.801743990218853
-29.442724134352687
40.533076067997
42.30453201412399
6.327032074168841
-26.29139527402718
81.56058817712136
37.93940961834767
37.59592750357575
-20.125221709481224
-19.42173921052928
64.21366174955665
-21.176417202888132
48.9570489563842
49.944078081435265
74.94749310615657
-17.252985847557085
-67.31441563813111
20.22119190008037
-60.690119005607116
-62.93938005520919
32.669258827608786
-18.558570407372926
-3.393008765711926
-10.051293817225641
-34.87122126563591
40.39680915385972
-23.782899607008048
58.365183316039065
-43.27506499925777
36.80926746670096
-18.21637616378915
49.96042909523487
-16.407043197950117
13.273739357486548
3.431552993104333
26.667286679549093
-23.03140782050069
79.90859375154588
23.075961987385654
32.54937390079914
59.39468076038315
-0.2695019282438551
7.25745288516427
40.50917577266836
-57.776143851038654
4.170591512904309
68.42176484358723
-79.48113668371198
-9.854254170633368
69.41636054099396
-68.98140913747605
-43.64246937347937
-11.176995130458295
-72.46648438652319
-38.115841927556126
37.268656083275744
-52.43769970623045
-23.3082930360237
-7.497286594808685
14.43203455021775
21.885749911654344
-62.89365221424003
-60.53113933496271
-75.75681711679242
19.977508685817355
-31.192507039513615
-62.04074577742775
17.77450371243951
2.942917613194382
-19.02708165186239
-24.422629108426946
-9.144290986462082
-18.61589352444038
-51.78400265013851
-8.734669857570665
24.143459361083515
7.517442233353819
57.4466741199804
11.909612398647184
-6.752705582479777
-65.85122295431745
-83.46413083845995
-49.99630074904429
-41.34756026966109
-76.8024853611032
-18.116156146009104
49.28738686240928
36.5042102652755
11.198679004262843
-32.81386044270273
3.51190781314763
-46.388812703865284
67.67073557296638
-51.86102430048223
-12.484394448819359
44.81818352259745
-46.48598717345277
-8.767405800733812
78.58152820365547
12.676251367577692
-0.26279020758018135
-4.137022119150188
-13.081599916015449
52.53302988115823
18.452817172489105
72.2483908780089
5.4516469863066135
-26.232543829605774
-20.795746191528508
-52.01024429278634
-21.377497308935105
-3.05821927935051
39.234229558505376
2.071836489235679
-71.69144645710108
-23.169728950906403
-43.87389990539426
44.52728797187177
-11.367793332263219
-40.28614499435546
10.89637994813431
7.336776579470211
38.42500831423956
-52.1978110883782
-80.6191138128468
-2.9852002949870666
-23.43917055109958
-47.21333123830571
-62.30973800563029
46.674838759781466
-61.58873042086906
-4.486741499992547
28.696848574877762
-24.842835270559817
3.0090758678077663
4.544405777821524
-5.849373012691828
-5.2803931675233855
-46.79094431721453
-45.32106526271383
-25.534344183607303
-1.9012712629163815
-45.862220494650806
20.367773273683284
-48.40832306127483
35.63973708809857
84.8812462753724
-5.3371359738546005
8.506902931662154
-2.003752600964475
31.839712929273162
-16.163116044361658
-79.77005794434935
59.07015887967313
84.82763332614809
42.00681696892417
26.860033823681533
4.060395696685333
-15.102214492613996
72.36549606968367
-24.44384324388328
-82.42738799909012
-5.945471656235583
-14.223885271641336
-0.8974551314298509
-19.357409934630937
-13.807519206147177
1.076772675513368
72.42282098443519
-4.636142651372381
33.16680989898484
54.059111790897276
51.74221556219811
-71.43982869674889
-26.851832534744503
-6.797008760763461
-43.569877896504615
33.149449132474274
1.2998056692252646
-57.47499201378246
14.040885833947797
-15.744182823426115
82.86210250147408
-47.621881964498066
-10.438978433463333
-0.9025191265676256
10.601400035822053
-30.079291778576206
-64.39146320365222
-59.87917979777415
16.89418548097585
-22.216413084525854
18.537746274825622
-16.359547422953227
-11.841204538317541
25.726980337568705
37.18097984667378
-7.058279448972428
-9.224358446673037
74.07406587246939
-44.082333300316314
30.554275258501264
-19.35254394063503
-13.364744944796115
17.90168455077915
16.54185410630336
85.31902000313818
-41.77390981578126
-31.131025357473888
-15.80947741857328
7.932066150191261
-13.018024961016295
8.280142428315642
-39.31246533795014
-3.0500147194382947
-57.81989063250196
30.022555591480028
10.80606594143589
-1.8466884508981565
26.144437115652153
49.22622091981847
74.48163112686697
-23.819663254633696
37.996695916123116
41.87212287895366
33.36114667117036
87.57623597211011
-23.055066585899027
28.796601931189343
26.574042905701916
73.65424264355508
45.878676417484
-1.4081487435315836
32.33950703200722
-12.413229083880367
16.828187152287327
35.36931511651841
-32.77482285381201
-62.95159652268135
9.723972329458789
-45.36496162368822
29.610707035394654
18.968197721195423
20.69485455793925
-5.297994499860721
-38.2013852533135
-1.469720507934369
15.282363699817964
50.328875329937745
-19.009819656275454
70.51727015235403
-57.44385191807909
-29.60156691274659
-44.54405593412043
-4.590876241063214
75.55729303163776
-47.474888491431415
15.122807272691759
-47.49618381426269
-19.97956272268881
-5.487338727453164
-66.50094388177338
-58.57928773065914
69.96404000010526
-4.417212511332892
-43.7252842621302
-53.62792781977288
-11.38004386515992
-1.9872878576495054
-10.850874578152613
-72.35782232021975
-9.650668766415691
0.47014895865481776
45.12975980658723
-50.760882812317256
-17.28448784814445
-82.9175860504652
-9.246009282503422
-69.96306503890249
57.28213605992954
-44.021074281354345
76.66779199066085
-25.612471224227946
12.207467423961177
-64.37581160057564
-38.812213444011995
56.19829353215161
-30.905501796401353
22.370768184323282
-4.810668957931142
-55.21721892079538
10.423663380066941
76.31279974246121
68.25364359034862
-69.86306826549318
14.990138171671958
-55.82509308496109
38.101398661710334
39.6320714529885
-2.0505676146837857
-4.015737811718537
-44.08013789198288
11.364777653824646
-11.233506465982472
29.27505669821244
-35.18388781262802
-17.32406419183377
-43.14343198598754
-27.272203926507828
-0.1859453420161259
-13.691596075759733
6.319306907268242
-18.426137925135905
17.932338146964454
-38.23394799104853
3.921373924492343
-80.15739749355247
-52.978081158417986
-13.899075800472303
68.97448397917577
-70.25796779635344
54.68748475782036
53.560068862401266
60.522168713932814
7.174947296603676
-71.05479819801245
51.00621791606741
-67.1238402378452
-7.369985940001726
-17.104492076258197
-18.79350361120771
53.41143990962709
-7.0884384688055775
-37.314248899548154
-53.79585547690687
-8.026777315345441
-24.694603819790572
-8.215146531761604
31.47723368688844
-2.9664582497044734
57.87180202345559
-13.577962576002292
-57.00746090652629
53.576024721177504
19.248094945715252
-17.35198943461225
-0.4211763912767452
52.515655320284196
14.493421774459975
60.82453243693635
-0.09441094832669705
18.348106917441967
-24.00902585625954
-27.158999134593117
-23.860623500461855
3.9091190349098497
-21.24561877489488
70.90830383476018
-12.471887551650426
34.996446211220984
-11.538360250744006
-66.5770744355669
60.9171649899381
-57.049802690062826
39.207204772099715
-50.0330809403716
3.4968432744734628
-17.55329609729803
-61.857800041841685
15.087015260896777
-11.633619965927693
-47.56797600636262
50.36102230351088
10.3651632468124
57.02814034790606
24.98443476989705
-40.96500753638885
-54.387975883758486
-43.50071357580378
-59.91828966662879
39.8298629941699
24.95302712635099
-22.228613968131512
-28.750897828089066
49.73734297840221
-10.962187990813504
-69.53173952009209
7.072131565933006
-65.42608115518726
-23.43405502303216
15.70718177694998
-39.73296178487421
8.071995795296303
20.392740815097383
-46.059569226441596
-56.58665183186041
10.845389006820355
0.28682477307836507
-14.117869524561925
-2.5635088519754134
-3.4520487083159566
28.848571781003315
-29.66682919904322
-21.281147439266093
8.473245547501506
28.98814304447491
26.991927426224976
5.457283187514236
-69.65727046876363
-0.39014617818732233
43.212014422196205
-31.358470892777163
-18.673650386769737
11.236082017033084
-41.958105341536466
84.72334890273021
-4.960809580363616
-19.489572871279734
-34.43394418391452
3.3797789406695244
-23.61139773849915
-46.24685061741635
77.42717438508339
-28.612622400073363
-33.29535370800323
-9.50866816885214
71.88746377754723
-4.176834650179671
-38.869404299405005
53.92587580888147
-40.95225456045398
-12.762001937831101
-37.17948266377536
41.6455596495764
-1.5542570720024003
27.722450617005123
-0.5836646977262205
6.8855488263379385
65.70692521617354
-32.61381746322928
70.17694510913444
48.17211587068522
10.910764005172894
-29.420259233945274
-16.97282248351894
30.337609183995767
-10.304966496343553
-53.194504129217925
-23.53372138044341
85.10719782476266
-21.685003207343527
33.01946271184434
-56.15898511430193
29.912546091141948
38.38298625960533
39.49884788743134
-14.696937217395217
59.11662144940661
-5.733364279748727
-7.758802937042901
-36.34682411986447
-7.24001474664739
-31.484433721162986
-17.729376541427342
-10.291834352586008
0.6716357658387153
46.44872567580154
-63.928713253379655
16.473105466236206
36.27815618097773
71.74495320932547
12.145550393836317
-61.04319620160702
64.50575523829778
33.55183165984323
-13.412439179878234
20.60474518019076
3.091566327663813
2.563380393146616
-46.076442877170415
-79.42298658112142
-69.9768542632915
-17.471216634871055
17.71380012198304
-15.522728466203361
-69.55076089697553
-0.8655374375735789
-44.100036679840514
-76.28611231754613
28.817504874004584
1.0197635192390493
-27.8185652770631
36.93325178056807
44.20555860430363
-59.44468736161209
27.665871769419383
-10.810093992069028
-32.25333628686384
-29.39015836035297
-41.51085641623823
-32.52299436457923
29.46922309250448
49.50043792112686
-70.01040248713964
-14.675691874462444
-1.2186284837526387
-2.526374198079182
-15.676618654784718
-47.91824167795168
-59.95892356813179
50.93104654888057
37.49076301247362
-0.16812098875398362
17.11574850702688
23.482204495641838
13.042352471583698
73.4162151413064
21.45708828740915
-15.520119808091536
37.07957266980739
78.64433178369299
-57.03413443105293
10.062185668706107
-60.48132353853076
15.930359180398824
51.57323090166099
-4.903741727889127
-43.641709723245775
-18.429012929313473
52.8114980424842
-5.990581333970397
-21.261134930964488
37.76405430148705
14.4586545444063
-66.98281436814929
-26.928467443914613
-6.730699988240943
28.477705103648077
29.39709859942343
-5.077624027803182
45.76498930628475
33.76903305248942
-28.985713150897027
0.024360306164766143
-27.747736812892086
-14.374588488572357
-1.863963500173469
-30.558567984702208
-15.977043747668262
-6.898158141249382
-70.32091872822276
56.04383099411788
0.7774434719550669
25.967937459838197
18.007153893520567
-14.92997513302879
-1.1239294710094185
17.80991227738427
11.62046640182622
-25.21346661892491
31.453640487341914
16.018068020300902
-68.90795317844554
-48.318078989146066
-11.593485806610133
33.0608468694538
-25.14789103127643
49.7048890563654
36.7768138374517
59.15942934203386
48.63306934809722
69.82283819213438
-70.73572679442101
26.509755080999852
14.652235419672763
-16.49927134768484
-48.62288038050888
67.59368000088361
-5.985144026562168
17.078975316335473
-51.58903642494003
-9.812448647775028
5.3967488769323495
75.35815615010713
-61.144548603507424
-13.001348929749113
-21.87775591985475
-19.72330932709292
-58.93251057408894
16.102571046423137
-7.3501513931608
-50.99072975912225
-48.16396797004694
62.42635610212099
53.55357518829911
-22.933409772594388
74.45226494227202
-61.10778414591227
47.892154209204335
81.52203824343235
-44.7765782897506
74.1933920830426
42.079330290488144
4.323040038676169
-19.489940375737575
-18.28451664663936
-62.629581636054965
56.37212647023617
-12.98264955877039
-42.65224536769644
12.2702661664227
4.689108753290284
-3.987041627049024
-22.45191136416713
-36.82403268507827
-24.993957059022236
76.30133802898516
34.51695976951959
19.956795967439973
