27.897971948747013
-35.1991483884265
-56.54951435273639
-56.138118280361695
-40.734019434901164
-29.882899880620258
-43.72064953231701
17.653623692843908
-48.02093949974738
28.265909519407415
15.790920248185344
-29.00202413900341
-5.968468848324079
-14.828093039895919
43.588092869712625
26.4446045271347
26.745772524779
-29.767920560692943
48.60049396859651
49.29861854008587
-30.85455370992301
74.4909309782756
51.07128538520564
-32.416603005822864
12.504984076953761
1.119871370107802
-40.99161700537289
-29.046465014221283
58.19346973333043
-5.9775423805429
86.95108607337926
-8.184565888286684
-13.343326562328315
78.98982767886946
-29.365598214286095
36.384224167046085
3.1638704513551232
-69.23849711716917
-26.129767661975038
51.25676962687169
8.782367095117678
14.927441000163896
-35.13805869832832
-24.880294120509646
30.207525561331067
-83.60290118282713
75.99838915315661
-59.50559417156212
46.1271901280231
-14.623958156555119
-1.493665754957135
4.45549361177973
64.72765726329939
2.434877503880074
10.564044290123476
15.724407312658116
-20.50735366133918
-73.05907141119239
-1.2927286906996756
-1.1167026854556212
19.479943281313112
-31.55009608007441
36.61485323735255
-0.6547489268831868
-15.620931450416279
-14.429040361707806
0.0035984690160404398
40.04448958027584
-6.836777468816251
-10.108383711662867
33.342721099259364
44.984945970230314
-50.38774415072612
-44.94766166207055
-20.26493935190703
29.019593359671333
74.5644227538422
-36.32095470949278
-55.69149473597609
-38.89325695702404
-14.825838098606923
3.6095769088097143
31.64103105826365
-14.619988310546688
77.36418882821513
9.381153919080134
37.82690783318614
64.87811527706197
-54.45429055884351
30.59857544880572
-51.85136920753578
-26.837886829552318
82.73147714334283
38.36145533623613
-34.64056034609452
62.84396071024341
-63.44649652481962
-29.711127949719625
24.895858173203678
-16.45385316996729
-1.5391423566056375
87.11961683726827
-9.2620357965545
-64.50825976532585
23.936047631875113
-7.617380714862691
-63.591337814036336
68.01554530340496
-60.69725923972189
43.64993513484578
-1.0959725528546898
-19.384575630321464
8.48880039402539
-9.571119267580755
-71.97437856608155
31.06483512270026
24.42951075877984
-3.4255148449860116
0.3545945982732235
0.6715646035227536
-27.174594014428536
-49.24438361600041
-4.505646422937687
-30.488130053635828
-28.543270997659306
4.1064418530372535
-51.813146057001035
-51.87422934035831
62.172317231030604
-54.3379738035275
10.36146175698201
9.936933498867518
-29.13013501842846
24.674637370333542
-17.073536966249264
-0.6903470060819501
-25.63254546722149
-58.24258995135761
57.08587566624777
-48.85346721386968
-48.36258256650305
-19.201326367851067
-36.32659300297546
-46.13829518657114
-7.938480809364307
6.335543174069855
-40.39056770206903
-27.449053724404493
-69.73690603786021
32.41368315208405
-81.73678708910877
-2.3962313622262315
-4.8103674424241945
68.81079387001608
-3.593013561342431
33.59047050695128
17.785148322927768
-29.944875810288437
-28.448189124325467
-48.25448001320554
-49.045499386258584
21.41323556153324
-34.469345665084525
-59.15624944580412
65.63299981578066
58.46010135458985
6.488650297650878
-62.575874153626295
-39.67682892196745
-27.813198556545174
76.35647276830704
-6.207256537528366
-0.40235946596637007
19.492430813953476
45.7703026049341
-10.672498003634018
5.301136823999926
78.62846651581069
-6.142307335077803
-12.76798444523007
-17.15258805494331
-58.74932252377699
27.69360676457491
43.96411489907959
88.60336706735777
1.8055291929846788
25.33370862587445
-28.53506900556917
-34.279238682085854
-41.80491148837976
-14.123674669301309
-83.89864533358187
35.78227068506175
44.136318796396154
-44.38010890966754
62.434239037162826
-45.97032558573951
-15.042462242560475
0.4966054321981659
70.5230836910228
59.93730951576026
-49.24200643430014
-54.589236294376036
15.568680708498562
-47.89430742808196
19.704478991552406
30.190157577205156
76.04463827505953
-41.500433614846024
-11.395264016817436
1.8970059694268997
28.014569725737573
25.161595763977218
81.27601666484293
33.34558812535738
18.35551553611836
41.020498484749
-28.98876614324908
77.26995256352927
4.772630988901213
14.028441673915253
26.972683852313963
64.21046933413999
31.117857509716117
-3.802428149554558
-37.97639075049854
-73.31195372046689
-36.4379240569626
5.990802562320511
-28.663921527353963
70.8449386437384
39.74231458416838
-20.452205509530586
-74.5394296813719
63.52906873714619
49.11452848156344
2.5792887575917263
35.74983557649389
-76.34503945865045
-30.891179264937193
34.1708101701891
-39.340865974158916
6.932574918612431
52.752356106749374
4.608599237528736
-64.60581576517018
14.649076403010824
72.60685623806006
67.70058007401113
22.375613399178732
61.8176814152653
18.693821165291382
9.897376657041221
-51.27600987270806
-0.6150613324894465
59.020232387267754
74.27551066097129
-12.993155474307201
-76.51816933583635
-48.72503934030684
80.14798209480938
50.49014007693853
-27.86182066851117
-41.18705057499681
-23.016608438157405
1.0148399720200985
57.787477343688636
-23.334834387059274
-58.77337707436034
-2.48891200001232
-5.485456719969534
71.43791619197825
2.2299442916536663
20.536815999651623
-26.396064041565552
63.91812161543595
-9.496920512833768
-33.896531911305786
45.24224257262043
-80.72116974484729
4.233238502720738
-41.06645334838999
-10.54695699989955
61.918057959139674
27.66289941419862
-32.58401873019889
6.212492868167573
-0.9686563441673712
-2.8870484977960302
-53.518653990607056
23.576718204610543
50.95476640502949
39.6734536433529
-62.91073417604318
-40.366235341638024
70.73248464660318
13.720213188516155
-25.166905739569685
44.1143184805114
5.5741818389377045
52.51050671935113
75.79981944273618
-4.663186535657843
-67.32355269995632
32.995275221985196
26.557610343666312
-3.5152951785877065
81.16046120076922
-32.10452735276645
0.21494502318330433
-36.38537620164519
61.325034120567665
-34.0996727953869
43.02352341033668
81.9855617459921
-29.85369603294299
74.26627780627058
-35.576140978237746
24.458783654018333
22.362866875108992
-12.100331823058454
-72.13768374489246
-83.06914339464694
34.34497273774974
21.520835489301717
65.88839736076778
-37.662783235430474
-53.96916824443423
-70.26903967530885
76.49505806778049
61.954411783544856
-3.491039366901802
80.89310799811722
80.63293237674122
1.5539546308928465
-7.907762634477862
2.401432745012869
-28.49816185414616
5.435046627110623
62.32938950956586
52.149892137093104
-58.1049184456315
-79.2323658485656
-19.8709773484307
0.6653309033412143
-51.864274126458255
-7.370613777917029
36.16311187617717
-52.119852161348874
3.3740778360405415
-57.93056244137031
-4.945365686461344
35.04796823916985
-34.137610030115695
12.104503803593616
2.1021409510061915
42.008738381962075
-12.7776636032211
-19.685097733197182
-11.690636087812479
-0.3967823800580845
-34.08002720176632
-13.31931230886677
-29.253291714607954
3.5296270775900638
-52.678890294156275
15.43089992315312
80.61298777950418
0.44237742555249326
0.7647036517687695
-14.702125069021307
36.544709453391675
10.089788223526
-50.251406841828675
49.66718040789294
-56.616327132584246
10.114761879299493
-35.7140839562247
29.24571206803624
-69.65503186321786
9.802295308771534
-29.442645665230927
40.53466772119026
42.30065967995853
6.327198046729507
-26.289103143845068
81.55042867460588
37.94221569178944
37.59366387032972
-20.12771898185038
-19.424569388058345
64.21180248178342
-21.166030579642623
48.951747411916074
49.93335143650788
74.94345225046851
-17.24738759601935
-67.31983964693902
20.216557264966028
-60.68745088626066
-62.94284828204307
32.66097082691283
-18.561237051513544
-3.387787736220659
-10.049901499953293
-34.87484538578977
40.39831336874053
-23.785319276116027
58.36425010349552
-43.28085716106613
36.806420545962965
-18.218895676543283
49.953969608683565
-16.40389906241235
13.2754837077903
3.4319624736240257
26.659535657670958
-23.02521842181845
79.89766919574328
23.07551775510585
32.54914842788372
59.391759323503095
-0.26305785703470974
7.258324460367561
40.51004759634856
-57.78210458855538
4.172690211259365
68.40936354976805
-79.48308758749947
-9.851268093131551
69.41341959208594
-68.98066322144763
-43.63615541313916
-11.16366361284534
-72.47243217514955
-38.11012362682025
37.27089951360435
-52.44299936864489
-23.311456173651322
-7.4944456004495805
14.436174230462782
21.88517929453579
-62.900112821600686
-60.537927462255425
-75.76155195441781
19.971691663372766
-31.194307713534016
-62.04607409185442
17.77493759794997
2.9487951629205753
-19.019872495242097
-24.42639085510747
-9.136123124197553
-18.608940248849834
-51.79039968671737
-8.735945212012382
24.149431252256008
7.518943259318519
57.43231579864516
11.915832416797699
-6.750890708437737
-65.85766972982594
-83.46800026635856
-49.99797303380973
-41.34895169963111
-76.80794297619411
-18.118729986533424
49.28817898361186
36.5066088629446
11.199537251379226
-32.81484044030347
3.516750921538417
-46.39479601839024
67.66039036905087
-51.8658721783319
-12.486110523390025
44.80966189065404
-46.48200604296994
-8.765718477655
78.57321686521365
12.674292246530243
-0.2578651513354089
-4.133198295950734
-13.083392501549724
52.53280601434264
18.455056460130336
72.2396847252189
5.4550830580001275
-26.220496910248073
-20.786178791546277
-52.01105710270673
-21.374081121276106
-3.0582052376061597
39.235959938966886
2.077242860560119
-71.69284626537492
-23.155822879211343
-43.87354086479719
44.51759275376514
-11.363105860358885
-40.283246112194774
10.896588605566421
7.343555120659914
38.42721348074895
-52.191565616258146
-80.62042695069458
-2.985329937039225
-23.432773635911914
-47.21753870526816
-62.309978169404275
46.66295537286754
-61.593362794017324
-4.4786250286392
28.687913340130464
-24.846469449718967
3.008920910219416
4.544411702955486
-5.849683606172093
-5.28123259057395
-46.79103772953404
-45.32428509768272
-25.532624170242485
-1.895750370096522
-45.853017763615085
20.37067917417474
-48.4100014231066
35.62960216683754
84.87232015387161
-5.32715077920048
8.50634671205438
-2.000143678990682
31.841728549830577
-16.15294425390651
-79.76992475831754
59.06837719859789
84.82116039914033
42.00845275838003
26.854563653943785
4.060628744709348
-15.0978865837088
72.36197405624313
-24.43422166736414
-82.43063855296603
-5.9446741191893295
-14.21448706154419
-0.8871433897446082
-19.35753236627049
-13.805957674987269
1.0767823231732905
72.41476274328605
-4.627707669333191
33.15921925980024
54.053094683012205
51.742171248996044
-71.44402782651593
-26.84990758054849
-6.792446739324902
-43.575559504729895
33.13938873073059
1.2999750747055998
-57.47885521372823
14.039083369905995
-15.741288329179724
82.85366424430609
-47.61638382942468
-10.433681139720278
-0.8991752885729483
10.603260817366973
-30.067759012028887
-64.39798604684424
-59.88372030808123
16.895630257322836
-22.20283498601424
18.546113103011777
-16.361630421417516
-11.84294438325037
25.730392090525072
37.1789408117846
-7.0485033831192965
-9.2174638869501
74.06829106675863
-44.08850438013477
30.559163693822313
-19.35421693454397
-13.363550525145627
17.90441106695171
16.544436544611557
85.31149702972374
-41.77423279257618
-31.135718958005285
-15.799172814546154
7.933783842333881
-13.019735809880757
8.28158267213982
-39.304997579938586
-3.0439086837056095
-57.820482875805105
30.02472991140415
10.810103958342495
-1.8385917325781094
26.14662865665163
49.22687873609115
74.47005431588119
-23.81976870636703
37.988340894150895
41.8655774956263
33.36313914245321
87.56783770680241
-23.055970466130603
28.799262479543003
26.57790740011822
73.6504350701392
45.87772213440513
-1.4080037098075309
32.34280416730485
-12.412865854246263
16.824121540308127
35.36194845480094
-32.77714985050336
-62.956636124844714
9.72371533468295
-45.368956447451275
29.60026630327951
18.967194850518936
20.695258942476244
-5.285904910891404
-38.19837486794809
-1.4630818314829241
15.280981026191796
50.326743903505246
-19.012485977353705
70.51396586835585
-57.45057107816753
-29.606033112226285
-44.54793830074769
-4.586939926639701
75.54710415217957
-47.47029712107721
15.127881936664139
-47.49746345116847
-19.96686907621431
-5.475292898004113
-66.50710818984358
-58.586091824839784
69.95209105378527
-4.408297310371509
-43.71610012434714
-53.63412976362868
-11.37827098832497
-1.9877818313510431
-10.845210593363404
-72.35703509077777
-9.640220286974227
0.4757379317273376
45.13050285796285
-50.76746850157814
-17.286606003720422
-82.92192376501157
-9.246216641359894
-69.96866847051639
57.26896439553303
-44.02209063478809
76.65723656941574
-25.611993315702904
12.205683035843151
-64.37572815706199
-38.809437856664175
56.19477133377157
-30.909272389477536
22.368421055249883
-4.8029086933022285
-55.220667395327965
10.422818658487458
76.30632936825128
68.24738781238949
-69.86395932629222
14.997178305479778
-55.83179246200557
38.09616349582373
39.62941508585013
-2.0437710904748485
-4.0078075155470145
-44.08589831111272
11.36565925133877
-11.233842909165702
29.270254965782968
-35.17877312309026
-17.324334313237756
-43.14954186310058
-27.276389638156687
-0.18630601282124815
-13.68448773234887
6.321852047291898
-18.411724999009024
17.933377588767783
-38.224913651434754
3.922209675223897
-80.15936905316931
-52.98458904458988
-13.886683743942385
68.97135676226742
-70.2642650914774
54.6854818774043
53.560197232438696
60.5186293347065
7.174568217456823
-71.05943795177559
51.0043829658118
-67.12895972397587
-7.363960924639116
-17.105696196054836
-18.782258413444495
53.407895740187314
-7.083930835741938
-37.319628629697924
-53.80146246793289
-8.028049798063108
-24.687102918424728
-8.214414011699276
31.480049271491367
-2.957013548208238
57.85791801056595
-13.564976746309782
-57.00874022565273
53.56808112888092
19.242548907789654
-17.35356409929311
-0.41809793862339006
52.50505074636865
14.498327937399765
60.82296232943756
-0.08753956686142317
18.34313408793976
-24.003717629469122
-27.16272782743677
-23.847886766449207
3.909112081008729
-21.231323608238583
70.90507236232747
-12.473424130468501
34.98421712950852
-11.526988880333192
-66.57896476509693
60.91515194690405
-57.054339069104
39.19905824188831
-50.0272437696638
3.498874407413794
-17.548597099304075
-61.86291980223206
15.088216195442556
-11.623099054572009
-47.574348767576616
50.36083531874462
10.368230775942635
57.0276545450086
24.985699528559024
-40.96507713268094
-54.392823507841555
-43.49587985385468
-59.92364427651165
39.81720355455269
24.94992529971232
-22.217418468074243
-28.748736717786215
49.726813531589414
-10.96244827222202
-69.53155952473999
7.073865460379224
-65.4325514807594
-23.425009267742908
15.705517223305392
-39.72883762453581
8.071423297716933
20.39544757317705
-46.06568778593735
-56.589458696826156
10.84892945964333
0.2878121821918995
-14.117259120551651
-2.563603907476306
-3.4430410329804175
28.851552675587826
-29.667060694218435
-21.272138371770893
8.474409691357664
28.979510300325856
26.993769013314278
5.46790949389586
-69.66345805878771
-0.38496308048623007
43.21360395886296
-31.35426922191229
-18.66648210301365
11.235940377499944
-41.953083549038155
84.71532345344468
-4.956875100669151
-19.4816147905116
-34.42196348991112
3.380868286565544
-23.598357000989935
-46.24740905100032
77.41570689183035
-28.60673936233333
-33.29433811218961
-9.504648021727363
71.88290862749753
-4.165568420639673
-38.87282703497418
53.91895126501046
-40.95244261781807
-12.762240840318839
-37.178877368171
41.64631700863464
-1.5547561189200962
27.72569787733225
-0.5736847307063471
6.8851533480542315
65.70366885387458
-32.61620706900649
70.17029962683017
48.17227987647371
10.90955043948857
-29.411383747677306
-16.970640421156872
30.340501635804856
-10.29620911391045
-53.1952429716945
-23.53229534193231
85.10095218390964
-21.672757595652456
33.020885446334404
-56.16576422402487
29.91150345079049
38.370005677434136
39.4984398028013
-14.697965047436526
59.113034799793695
-5.730197986553392
-7.746009618307085
-36.34706198798706
-7.239069079615973
-31.473375814552313
-17.720315542019648
-10.28968962279744
0.6733356683028404
46.44978219025185
-63.933822735085904
16.47530752978244
36.27953449712322
71.74157327781774
12.144675635357544
-61.04997351343237
64.49882855143127
33.541192361763706
-13.408271230268554
20.605334168710428
3.0944280081819073
2.5656706980081765
-46.07708626600723
-79.42816326286092
-69.9828322112678
-17.462105998814067
17.709207352541483
-15.524813151055838
-69.55512688068012
-0.8586748429163436
-44.10533857184542
-76.2916039145237
28.812774204631197
1.027575047550087
-27.819741903666582
36.931445275741
44.19608641545685
-59.44906361111952
27.66475597394529
-10.807801734095449
-32.243866525388256
-29.38915356290947
-41.510283184915174
-32.51507768621617
29.473882684985114
49.500276613435545
-70.01669638901751
-14.669840471019128
-1.212224336813037
-2.5161689028350906
-15.665099558745155
-47.90995448123419
-59.96177667799041
50.923128133151124
37.492754174226974
-0.15851102943445028
17.111655037231813
23.47503958005926
13.044734903920073
73.40773040236226
21.45238877844504
-15.516243090464187
37.07258254797969
78.63943100072356
-57.0307395623395
10.070589846290957
-60.483499321226006
15.926534651353165
51.57251085465401
-4.904306352703998
-43.637699884255824
-18.425404994617054
52.81134494397023
-5.9905716159976805
-21.260632870840396
37.76454133670367
14.459655937293078
-66.98718328699208
-26.91564952333728
-6.718415451792822
28.47177371884989
29.389299283876312
-5.07598016601824
45.76594513522792
33.771596149619796
-28.989447112538272
0.031228035122509823
-27.748478785910763
-14.376647622325024
-1.8546278758848587
-30.552968812758593
-15.976961249045786
-6.895019204893444
-70.32722963623591
56.043229902843905
0.7787070111663468
25.962961246082244
18.007077936077252
-14.926515982693843
-1.1235743166833174
17.812159483684226
11.618918382522779
-25.206564901189722
31.45681204614354
16.02200166349202
-68.91243473312076
-48.31078400745322
-11.594307544852413
33.06430834971246
-25.14252185830439
49.70527170004536
36.772008556052015
59.15856070401128
48.633867840083155
69.81866190060097
-70.73373032152153
26.513046445643596
14.649210105664565
-16.495892140484997
-48.618557976020405
67.58389972284749
-5.982751694304625
17.083309801619407
-51.59569221328721
-9.809284635721411
5.3983037622381005
75.35398141697686
-61.14578096335808
-13.000953556222996
-21.877697714282547
-19.71818193332038
-58.93930810375365
16.09869589415767
-7.350662781324516
-50.98608226644662
-48.16205816858755
62.420567381142774
53.55244834001627
-22.92466062979838
74.44804374913772
-61.11061300563959
47.88712541664134
81.51553393248409
-44.77510487231123
74.18927478926003
42.08114751486153
4.331248683977677
-19.49256132870576
-18.28123660834025
-62.63412235489998
56.37171819386592
-12.972847111763826
-42.65167192346076
12.270796714059841
4.688967914244685
-3.984421288944347
-22.44582001721055
-36.81961351239928
-24.995268666947993
76.29641062638154
34.51293486681786
19.95789391231797
