27.84176450747418
-35.21302420323541
-56.55685924593746
-56.13957270660257
-40.73165325704006
-29.87108771086207
-43.753006856196876
17.627432627768798
-48.05036977096923
28.240791555934933
15.793219954565629
-28.922437532963983
-5.932690972148521
-14.750858426188543
43.587443465846206
26.38300471508329
26.719867765440725
-29.799359950588297
48.59949407392327
49.30174817447954
-30.887077930288015
74.44010691691707
51.07250805677944
-32.440744826252626
12.497295583263295
1.154403850213555
-41.03064296131228
-29.003001864443632
58.13273289886149
-5.958472063383354
86.89674953108224
-8.100065747999167
-13.249673828837786
78.94558138837994
-29.376954059694356
36.382318913360876
3.1639507187917673
-69.23028091734615
-26.122641617627323
51.20787929374828
8.778940651429494
14.911755545763612
-35.174094158934025
-24.80868708476696
30.223834022377616
-83.61876847769922
75.9609256459998
-59.54502675401458
46.132126635172455
-14.597962522074269
-1.4580998816224309
4.4794110191114385
64.6878003117921
2.44014310687281
10.62171453559678
15.767654944294065
-20.528007481279147
-73.06938865282439
-1.2948355041787352
-1.0972362698516065
19.459445755277684
-31.520522989467167
36.57384475844901
-0.6289143717907706
-15.609166358667338
-14.378827663510563
0.02136765588362266
40.054737795843806
-6.750479212895698
-10.065957481558272
33.323016636853566
44.99222924989613
-50.415024180602195
-44.96609365731169
-20.23119411747949
29.037324309483296
74.52950015701589
-36.316407989886535
-55.699562346956014
-38.87818325063303
-14.829343519155145
3.629234583838098
31.632874544340723
-14.588181119004204
77.31072639469372
9.431506772755029
37.827876119655315
64.85421230028672
-54.45089240424079
30.62422403176666
-51.888974815775725
-26.777660720000114
82.67848058863498
38.341849652674966
-34.66123360912463
62.7607052553187
-63.46990712084051
-29.725616897085033
24.91208338200441
-16.470491691271178
-1.5383433400709663
87.06536308182615
-9.261080097416396
-64.55162294104329
23.94745640238267
-7.592065030481265
-63.5793223827524
67.98204382309851
-60.70541333908793
43.6564138526459
-1.0632101912929386
-19.38957393008819
8.485263621564869
-9.57623610626959
-72.00366772229867
30.999009245367716
24.440009901938794
-3.4057794437760833
0.39228723501823026
0.6913386452537509
-27.10034081093093
-49.28718097850454
-4.503654908930628
-30.520227925702088
-28.573188319070596
4.135177565737251
-51.780651720049484
-51.91411400475536
62.15111184732848
-54.38049780977216
10.356511063036052
9.933916094193563
-29.136690740946534
24.693298295548658
-17.09062787104878
-0.6923794340948888
-25.573270910475387
-58.2730997002844
57.0095357546015
-48.89534067825855
-48.35015221826517
-19.148571530404098
-36.3140485048756
-46.155843663655304
-7.885343785944897
6.3350855167905
-40.36521993650336
-27.468842181791857
-69.76976766813424
32.35759449925561
-81.73820705671267
-2.3325552613511604
-4.803366546151821
68.72576303826409
-3.5762647493839808
33.533701601862674
17.784735166061154
-29.97243413062263
-28.47698103182961
-48.29199298586701
-49.06257970336762
21.43653848717466
-34.40573910845399
-59.1907223474284
65.55997892863658
58.45058102303892
6.510504367517925
-62.59812182580187
-39.66838595269606
-27.750281832188122
76.32133849057149
-6.157393765624207
-0.4043270132832646
19.477515010955372
45.682810276147194
-10.64245792669628
5.312668979002595
78.58126745914225
-6.1033555381258395
-12.740932539997104
-17.12131809043713
-58.779004879392986
27.642074662323182
43.96550435218981
88.53553152045558
1.847644281835585
25.311802631007268
-28.535310664093956
-34.30814597753784
-41.837552809889054
-14.102680812078603
-83.9031023288263
35.79657215840916
44.108638892541876
-44.3218650744604
62.41111984325221
-46.0030949756858
-14.991577461068829
0.4965402738476712
70.4964958276608
59.8801919908899
-49.27358204604387
-54.63143071178027
15.584534434643203
-47.93482265828193
19.722771512702067
30.167618269010703
76.00961510755153
-41.46190130529629
-11.381245940361055
1.9430609464130413
28.012281256564364
25.180660488166282
81.2217502677878
33.316941313323895
18.351648918184196
40.99150582147874
-28.89553361871694
77.22884802275811
4.855694131933191
14.05682922046988
26.91953907097212
64.18685661561253
31.132661559521864
-3.8067077350208365
-37.94811604928553
-73.3430479673076
-36.42268266981395
6.010135048417055
-28.66719049856961
70.81442362013217
39.748126276456134
-20.409479725723088
-74.56211152432536
63.50790210272001
49.11452425781749
2.6251308802702766
35.7605262182926
-76.3795849079649
-30.867389392160504
34.09204292663202
-39.38001366528159
6.930595787305464
52.75008107652343
4.631011950539914
-64.63229408151605
14.636110008330846
72.53790158334266
67.67513502855442
22.38763251089675
61.80477853769273
18.66292669545929
9.90173981224659
-51.25089064670342
-0.5972187120337367
58.963317127024226
74.24243328897799
-12.995983131215027
-76.51234931692463
-48.686018315181215
80.09463094616305
50.44168842162048
-27.843180090695498
-41.22619412565547
-22.952847826681875
1.0572702165559775
57.77424817004845
-23.26467320941981
-58.81834855964901
-2.436265932322627
-5.489731883975978
71.35523245410693
2.313122384957694
20.547515714107334
-26.4137249485715
63.836399297588144
-9.404046853385452
-33.89354244883415
45.248944151922274
-80.73958795649892
4.259436041985026
-41.015037287030324
-10.488009967614346
61.90277590942634
27.624172615628837
-32.593300495987094
6.223091920185141
-0.9363809733181796
-2.8350492889614856
-53.50977216663063
23.595868207736572
50.893800594911426
39.62244439104137
-62.89595228369515
-40.32568419166369
70.70058189743725
13.747550704271092
-25.13720176586972
44.122372572252345
5.579564827128209
52.50677567328202
75.76213182017915
-4.66811929157636
-67.32154902811665
32.97967083853706
26.574150388161
-3.514714063291592
81.09588634522746
-32.136507514164165
0.21896269379367084
-36.364417147337136
61.26077722768591
-34.12925844992771
43.00463350671609
81.92812281510285
-29.8809061832485
74.23305995982949
-35.609523435752216
24.414075867793187
22.385139456578457
-12.099020710064721
-72.1518633283454
-83.0760494276414
34.35968101232888
21.479857535083283
65.84017704606023
-37.66810883852358
-53.99418084780631
-70.26558776654194
76.4598563830271
61.938683068074795
-3.4513797110661955
80.83952221966226
80.57319643454628
1.6083296105695837
-7.86377281107535
2.451291471202296
-28.500480305921684
5.509445318421783
62.312805175801486
52.13956847323297
-58.11205160269409
-79.24440680221508
-19.857202019976853
0.7133097816277711
-51.90852628295479
-7.32322788981287
36.119176633330795
-52.1559710973328
3.4148458942113393
-57.96735480441017
-4.938063208715292
35.026564799191874
-34.13044667136031
12.094098708446822
2.1526873178472385
41.91454988197805
-12.70929724150821
-19.593804309360465
-11.6198462277127
-0.36107579090274555
-34.10899364725633
-13.225699231202299
-29.23274925611527
3.548141489261255
-52.66332128230824
15.47002492040366
80.56148593703008
0.48864002678664065
0.7923579984509672
-14.69314440802269
36.55334765018796
10.147417825261456
-50.26584296212282
49.66646141821033
-56.657557093997674
10.111988675595597
-35.73079893187356
29.183925821495293
-69.68133786687295
9.80687309085738
-29.444177111004706
40.54507643014429
42.276118182036186
6.32910165077287
-26.27508546266617
81.47901766883493
37.95397342713437
37.58006360675381
-20.145795808362948
-19.444645824175097
64.19459633007853
-21.094495363500087
48.91735718914322
49.86150406237729
74.91014108791583
-17.209221156293196
-67.35103344414632
20.18538372820575
-60.671838510617725
-62.96792906687922
32.60508509007391
-18.57945821503415
-3.352086863675055
-10.040558744895094
-34.89754789382322
40.401973148956216
-23.803248338359964
58.352553170701555
-43.321383839190716
36.78886016560665
-18.236890170567023
49.91165803230413
-16.380539856557732
13.287730878470256
3.435455223893001
26.60671887894003
-22.978875202001603
79.82155555466221
23.07402920428825
32.549209030774506
59.371888022528395
-0.21717263812614362
7.265100714710584
40.51653723706795
-57.823331443613455
4.186602320110168
68.32516480262652
-79.49469266962228
-9.83071794850133
69.3892066695384
-68.97694134294767
-43.59568905866692
-11.069754289490817
-72.50788959281537
-38.07341336757864
37.28238136439495
-52.48067150794746
-23.334140044027876
-7.47469354423437
14.461833984744487
21.882798739420608
-62.94063352094152
-60.58236132903652
-75.79167337295686
19.93175120531545
-31.204031692566545
-62.08299097606528
17.77915258443396
2.9879489609830614
-18.97054673888404
-24.45255875496349
-9.078475660750172
-18.56137102656342
-51.83441188088689
-8.744867523872486
24.185484513441224
7.530090975309378
57.335167681636705
11.95575426178928
-6.738227525649933
-65.90000748404003
-83.4901546045928
-50.012223676414266
-41.353785468359256
-76.84155755086428
-18.136295230318936
49.289978787764795
36.520252960885244
11.206175577045173
-32.8238424203757
3.551431864300966
-46.43396286680594
67.59032779667251
-51.894819344349635
-12.49783843832347
44.75304836641135
-46.45780397551487
-8.754194683402247
78.5146604367583
12.661482232243003
-0.22474497710250319
-4.107054995525175
-13.096135824661587
52.530444675643565
18.470482739278154
72.17993349617402
5.479843317151847
-26.13792671006162
-20.72039704637004
-52.01951185024459
-21.351718613870986
-3.0579049330708585
39.24180475436654
2.1132885898200584
-71.70287312460125
-23.059599169822064
-43.86505937568252
44.45274826013201
-11.330703019106025
-40.26621849172822
10.89899423474904
7.388198640359235
38.440230527754665
-52.15179196322445
-80.62754643352227
-2.9860658844167887
-23.384858532219212
-47.24846325194213
-62.313857792466116
46.582843268064835
-61.61902704592872
-4.421159931959096
28.62684614605277
-24.8722232200586
3.008467637968266
4.545160896229703
-5.851669899980578
-5.286960829254369
-46.78530360142576
-45.341981410462154
-25.52249767157801
-1.8565316116843746
-45.79254420401278
20.389521407663082
-48.415626330043544
35.56087441664408
84.80804980134229
-5.256449297830358
8.503437561201693
-1.9744896862200676
31.85572502793508
-16.08222897653347
-79.76777544904911
59.048414290762935
84.77160547701769
42.01157745665111
26.818169719756867
4.062926992575328
-15.068430612977338
72.33230954647533
-24.368562127582592
-82.44949403813558
-5.939053880076841
-14.149010698787606
-0.8137885061280201
-19.359539295046275
-13.795780629083879
1.077182081003798
72.35926443425174
-4.567987757849238
33.10835298759082
54.01361381695929
51.735935897403294
-71.47212716725603
-26.838490217187726
-6.760758067370176
-43.612791555792384
33.07087450330252
1.3016659756776363
-57.50710721907535
14.027703105999095
-15.7219773800241
82.7931138175567
-47.581736579135764
-10.39686233969826
-0.875315301510085
10.615993481165944
-29.98936835837378
-64.441046633164
-59.916042618543315
16.906284707027396
-22.10879435965738
18.60014166128346
-16.3756847767753
-11.855195194251166
25.74961480685492
37.16685849212186
-6.979466719825211
-9.169178652494196
74.02704241141984
-44.13077563813152
30.58657545974137
-19.366771201848252
-13.355892241320376
17.92237094868092
16.561606826357206
85.25583035645124
-41.77113901684581
-31.167860322994443
-15.727464476988345
7.946422638391269
-13.031373263653421
8.292267391511402
-39.2561926888578
-3.000623176901243
-57.82715515068588
30.039729168905552
10.835666041831885
-1.7810556386651086
26.161899302621535
49.22682316397143
74.39061948504605
-23.822064698856863
37.93248995576235
41.822627628616914
33.376859531136034
87.50602317303654
-23.063651675282088
28.816695738960902
26.599252623165825
73.61839901288289
45.872327372823975
-1.4068508857459108
32.359087727601406
-12.410898971699098
16.796445706109793
35.31286758169978
-32.79048776323663
-62.99164941696779
9.722564818420878
-45.3925158523309
29.52844659837953
18.961743872230343
20.699374435738847
-5.200192716525194
-38.18044117252648
-1.4158901025128046
15.272689955472075
50.31332689840889
-19.030624437599243
70.48780366683872
-57.49567997115697
-29.636611319593598
-44.5767525902178
-4.559182800794886
75.47682793310804
-47.44191249625387
15.1594173609123
-47.509107144132464
-19.87877441178499
-5.389910340565848
-66.54464536611178
-58.630954360221224
69.87080436891299
-4.345136734363166
-43.655634539804346
-53.677056503966156
-11.365353390160365
-1.9909228205701481
-10.805040690913245
-72.35237464440065
-9.566684448774481
0.5155937501186116
45.13542695905389
-50.81218914579168
-17.30191795895371
-82.94694401671131
-9.24735099748544
-70.00110848342922
57.18011228761878
-44.03191819843104
76.58428356662239
-25.60608740543563
12.194044800749438
-64.37717773556503
-38.79316566104488
56.17163339961769
-30.93661780911043
22.35379097199393
-4.748009527539736
-55.238299790382385
10.417612058657014
76.26011299269175
68.20450751682625
-69.87100149480803
15.042298449201596
-55.87558153367013
38.06218389847626
39.61314519285739
-1.9954986399938264
-3.9516261945562405
-44.12368207684397
11.372457134461499
-11.235740771100879
29.238812119863056
-35.13762715230126
-17.325098583096334
-43.191178096887306
-27.305366979872147
-0.1884391367707252
-13.635206698720992
6.338526854323206
-18.3111543664089
17.941529907904368
-38.16505491588051
3.928696652152624
-80.17090031527945
-53.02910891194903
-13.799845700487353
68.94701985675965
-70.30320612506038
54.67223638433279
53.55830998091514
60.49466320731537
7.172760906969572
-71.09034873290823
50.99277593391153
-67.15771217687731
-7.321655081348851
-17.113212377308358
-18.70428535161888
53.38495563906292
-7.052572653805626
-37.35590651198989
-53.84093022154518
-8.03682433261767
-24.63644587221681
-8.209519057431493
31.494410072728385
-2.889960653620122
57.76408569817002
-13.47386010318938
-57.009849562247645
53.5155038574016
19.204428750932166
-17.363746750622212
-0.39608071340370543
52.43409559942501
14.528864562772057
60.81038337999448
-0.038608945502033976
18.309059573387714
-23.963483900530633
-27.189402237386005
-23.760073504655068
3.909631163792284
-21.132032108114487
70.87852935929206
-12.483822290841331
34.90038495493704
-11.445736120787714
-66.59320044503498
60.89380878659679
-57.07997798482636
39.14476812691288
-49.990293143714915
3.5137203327882816
-17.51680418037337
-61.89237024031775
15.097258727421078
-11.549293485637833
-47.61685260296816
50.352395026274905
10.387947625427444
57.02050704617875
24.995436586468642
-40.960285860820306
-54.4275780509469
-43.4656706538008
-59.961014527629075
39.730956556323434
24.930157079962385
-22.14029828059003
-28.73586731339695
49.65633851352851
-10.963830827963449
-69.53153129314144
7.086654112564901
-65.47301559041077
-23.363282504984156
15.695263574066473
-39.70331311511219
8.068318298090873
20.413389246159497
-46.10812489734045
-56.61091726626921
10.871421876710755
0.29456131791025086
-14.113730376909714
-2.5640953223544187
-3.3791393113510537
28.869091115586258
-29.6655740211213
-21.20590133521948
8.482757631784196
28.920673729875602
27.007013792369108
5.540434960089186
-69.70112885087114
-0.34803727483665625
43.222930414583914
-31.320475344371374
-18.617400203613528
11.23602301910168
-41.92148611936004
84.65679388550728
-4.92916389774625
-19.42705203344468
-34.34097691486352
3.3891038691749884
-23.508347983454982
-46.24518669625071
77.3364671571924
-28.567923766369987
-33.28976450895411
-9.476292454738513
71.84968257000472
-4.08563008560651
-38.89847195355626
53.8733235258745
-40.95656677735891
-12.763311046188477
-37.17739431372586
41.651975025909195
-1.5579049115789445
27.743437703802343
-0.5026759405891426
6.883269532947537
65.6725526699868
-32.63466401004143
70.12449874678231
48.1662567520066
10.902084897654717
-29.351647940333805
-16.954003834905933
30.35658737429557
-10.234098396945228
-53.193049017210804
-23.52400923714211
85.05218847631346
-21.588103705429447
33.031380979817385
-56.21101055633531
29.906116809230554
38.281274530818905
39.49706562310055
-14.70575146500039
59.08902839350827
-5.707988953705964
-7.655525998044425
-36.35127142541054
-7.232604368361535
-31.398523856217906
-17.657703198593367
-10.275097243551102
0.6847343676547268
46.45574708852223
-63.969104561575215
16.49041878474813
36.28949532711624
71.71334979954261
12.139759218401778
-61.094442576076624
64.45217934143335
33.468576921149634
-13.379757577717555
20.610659697470027
3.1151056098092766
2.582300846513945
-46.075519913475496
-79.45912521665636
-70.0185309797134
-17.395952592785036
17.67780971371306
-15.538983549586774
-69.58470918215741
-0.809851687828882
-44.139331403003794
-76.32297488651258
28.78179877996321
1.083233416852238
-27.825468253695163
36.920929814542546
44.13278992011061
-59.48039688296209
27.65883433899738
-10.791329057747618
-32.180299329637634
-29.378760951486896
-41.509257674565255
-32.46245339700381
29.499877983362637
49.491572468650446
-70.05553444568534
-14.62958005434497
-1.1666823367608146
-2.4436663968555337
-15.584730919438158
-47.85595059001783
-59.983230869301
50.870782969128584
37.50036114020813
-0.09011625226746389
17.083861010526107
23.42593673184568
13.060628590394757
73.34921863171968
21.4209184076756
-15.49000967714673
37.026283145916324
78.59866228656091
-57.01043601268221
10.126273205610474
-60.49067281480532
15.900255154623466
51.5676615389809
-4.908138827382743
-43.61319207214679
-18.4013775775053
52.80922454007347
-5.99034987873614
-21.255283000349266
37.7689693204826
14.467403792370888
-67.017323072998
-26.827719144424435
-6.631452372435874
28.432252103333013
29.336518978516338
-5.064441546752207
45.76710243769321
33.783484750272066
-29.014099365979433
0.08013904616703371
-27.7510448355913
-14.390771987589119
-1.7882745759310268
-30.516356326796483
-15.9772517507527
-6.873109711351603
-70.36721311437361
56.03360003337883
0.7880164285933944
25.930002696613315
18.00790567099014
-14.90118454822884
-1.120756848553512
17.82759783370308
11.608956993361403
-25.15465539607993
31.472600980766885
16.0461717361689
-68.9428777181363
-48.2636947235104
-11.59961797945111
33.08147826730598
-25.10690662002537
49.70695332303944
36.74096412596458
59.148921664453866
48.637726597203425
69.78836476847636
-70.72125129431082
26.53153548388397
14.628558655942399
-16.473260566908564
-48.59205062411218
67.51767894965633
-5.966024995537595
17.10970124259606
-51.64055565260184
-9.787476754951001
5.408845574385424
75.32057198872641
-61.156415335429095
-12.998815697109748
-21.878693683649033
-19.6836261690421
-58.98389487279162
16.072160139913535
-7.354316337730779
-50.957349925010824
-48.15210311406337
62.381744467315
53.53602091058531
-22.86496279440597
74.41172616694493
-61.13177955366864
47.85462063748943
81.46734411196365
-44.75833650332137
74.15390722592673
42.0908846486835
4.386569811390771
-19.51135784657987
-18.25658018526721
-62.66608226642396
56.364706089954495
-12.902653972050175
-42.641863256158715
12.275392099934734
4.6887126158094645
-3.965915157856145
-22.40480858208751
-36.783138785947095
-25.002449088951124
76.25926739065878
34.48721858572364
19.966488805195752
