27.984908323706748
-35.187015888376486
-56.516913258019976
-56.112984215919475
-40.722044145144714
-29.907869245626472
-43.67992467214824
17.696461555090394
-47.966793056662986
28.310272223524095
15.793136151750758
-29.1233702747936
-6.018390650284189
-14.939222631800448
43.563641567915994
26.53794973348721
26.790996219315716
-29.723755352956047
48.60280384919807
49.28609962631424
-30.807950410214247
74.5615655691754
51.06298004414245
-32.38733099243606
12.521579552747056
1.0736708924175957
-40.93770007714507
-29.11681429190287
58.28869510687568
-6.004029391914344
87.01309356946896
-8.302858109616281
-13.476441520834541
79.04356652134419
-29.355702760135443
36.39340848928765
3.166663429580396
-69.25659117428756
-26.146527755143197
51.33593526652936
8.79208114672737
14.955488694309608
-35.08744642246032
-24.988485902070337
30.183090290902925
-83.5684376198499
76.02990709882047
-59.44971789530706
46.11855715975878
-14.657222857544625
-1.5418982202135822
4.416893475832666
64.78754133966757
2.4304879388947
10.474180817781047
15.651136716822933
-20.476756325776023
-73.04516657585259
-1.2878539540028555
-1.1464111431971702
19.51599425104763
-31.578636793626643
36.68292440840585
-0.6943135744551796
-15.64052177540411
-14.495066614432531
-0.01922115534934221
40.0187114058526
-6.95706773720984
-10.169132565146938
33.379696663103005
44.96592473858047
-50.33477993042178
-44.930037957238234
-20.31775034939963
28.977055773126835
74.60522253169032
-36.33715132069284
-55.65844964516616
-38.92576285116121
-14.818438892646142
3.5782506049235394
31.660584312447327
-14.6676932249203
77.43666083126735
9.301544705620572
37.83093947523395
64.8907275947038
-54.43610095313546
30.54223375144491
-51.7869664491437
-26.931021096000137
82.79719644702436
38.398216918012906
-34.617550679689664
62.971058964744486
-63.391762618559916
-29.683730098414387
24.873061733864887
-16.43088427889022
-1.5382000000278708
87.18111144913323
-9.263735500620072
-64.43795855787701
23.923385316612666
-7.653237846233608
-63.61816467083411
68.06198413621547
-60.6939646655468
43.64036254699056
-1.1401758170010368
-19.380962148708292
8.498366937239709
-9.563965088868983
-71.92888207889138
31.165890607887434
24.41854800655878
-3.4548648673560507
0.3038131889513096
0.6460738488356981
-27.287594857126876
-49.18382844177082
-4.507719604674577
-30.44188235074043
-28.501837262114066
4.068770612099186
-51.8730522782321
-51.819715107662
62.180700958063795
-54.26853314588608
10.372461102769805
9.946325960831857
-29.11295805903896
24.644252631030824
-17.050089595401587
-0.6853931532873219
-25.70354441245378
-58.20352431776357
57.20430322727867
-48.78720155500673
-48.35916887547003
-19.280442102675323
-36.35468031222229
-46.12215417583156
-8.013279507830632
6.3402813882339615
-40.43856038053104
-27.42528653007794
-69.68675885178484
32.50200347734406
-81.72903007250034
-2.4838770580492167
-4.819333166157705
68.93823966711642
-3.6154377517145235
33.6800401403992
17.791923944719244
-29.908927622000533
-28.405376045850844
-48.19195883718151
-49.00502002407636
21.367045835032243
-34.57053898748518
-59.09161562854934
65.74395144135573
58.46899376174258
6.460746058669088
-62.52281332183077
-39.699669077169844
-27.91056819738806
76.39264667011318
-6.276874140062205
-0.3971266747323341
19.520763391778033
45.904837249952806
-10.713365050628383
5.284131493795925
78.68845843229462
-6.196718437618941
-12.803650773327277
-17.20058313716845
-58.71150742924114
27.774218977818222
43.94338364143886
88.68874062507132
1.748768582253902
25.373032915493397
-28.541744241203475
-34.242473536066896
-41.75058020277322
-14.155884431334357
-83.88344369758843
35.75945481468963
44.184753214509016
-44.47670059353807
62.46698264581059
-45.913660584226
-15.109010913824449
0.4993742792997722
70.54506659026075
60.02654786036746
-49.18493038708509
-54.52947653389132
15.545522348246422
-47.838711113208916
19.675820785534654
30.23106484489108
76.08192284140443
-41.567917324896754
-11.413379009389587
1.8272433768205758
28.025014040404457
25.127249497883923
81.34582482573884
33.39562309519573
18.36764229781147
41.07119531490716
-29.129195386536125
77.31979683047675
4.653258014881729
13.97799801816656
27.055161505149258
64.22222292545487
31.081741201487745
-3.7947550164984563
-38.02802601372697
-73.26165312548423
-36.444907770209824
5.966569662244552
-28.651173064895517
70.86740249326749
39.71024295530805
-20.51779249900352
-74.50337938055205
63.556882275203776
49.09997369920376
2.5173488747446697
35.718653037064
-76.2790159964878
-30.93397456508832
34.2904317836732
-39.2855133595448
6.939782851437258
52.75255364123066
4.5724094245128555
-64.57080595034935
14.673454114875412
72.70795234309028
67.73169432250424
22.36173673314167
61.82583673651601
18.74321697567126
9.894966700633844
-51.32502541124278
-0.6381483165216366
59.10947739694282
74.31224862904801
-12.990551752361668
-76.52707519766449
-48.7944169386822
80.21741694846463
50.56877943626293
-27.878102058048285
-41.13294895183578
-23.112921859554703
0.9505489903275759
57.78733207231568
-23.44025539243937
-58.70262138088955
-2.561236692755628
-5.478276505316018
71.56056999187484
2.111729409475174
20.525280512962297
-26.366313617636933
64.04262571182485
-9.627282594978084
-33.889105374730164
45.22985267258602
-80.68584698897598
4.19918290787065
-41.1524367917491
-10.630854633880176
61.93525078756153
27.726143655990626
-32.561686191547736
6.200885060595368
-1.0121444574463254
-2.958580262824512
-53.54323563520547
23.544295154842715
51.05171610765706
39.756057455461274
-62.942037696025835
-40.43635777067496
70.75537991042717
13.671723819978865
-25.21600803245117
44.09952729367191
5.570166505507302
52.51465897669581
75.83112362516499
-4.654739819732441
-67.3331505821026
33.02613692060547
26.53379918991027
-3.5151391710128053
81.24798335912246
-32.06122029172721
0.2117668157021626
-36.4258615434359
61.42452618328656
-34.06166347743443
43.05864224778412
82.06019406421154
-29.811482848492304
74.30342937260667
-35.524661724324396
24.529010735645812
22.318012105042783
-12.100318683392388
-72.11818891580612
-83.05085292082649
34.322437883286426
21.584747143429553
65.96107447047493
-37.642763958919794
-53.94048554856931
-70.27908603810039
76.52946495630229
61.96050294333361
-3.5455605434395068
80.96213110093385
80.71289263816402
1.4731764650575343
-7.969835835750459
2.3262304491051964
-28.48671709646959
5.326265171468563
62.33617790548135
52.16740921907183
-58.0717892752777
-79.20979830418877
-19.884990617836024
0.6001875899770539
-51.79997519347363
-7.437210570314718
36.23528693613525
-52.05672908737691
3.319330994888574
-57.864212731865074
-4.954805998415139
35.08750093952321
-34.13542860237225
12.12311384923288
2.0335512905274413
42.15177736253625
-12.875575748791348
-19.818083712432113
-11.785163124473357
-0.44494067552439276
-34.04309651443128
-13.452361383271594
-29.290777598211804
3.5064564632667157
-52.71361778852859
15.363475827652849
80.67855896768634
0.3796023775003192
0.728112863746162
-14.71190769982502
36.51187578658423
10.000213177062491
-50.21346318144952
49.65343730996739
-56.557994509461324
10.12383141150211
-35.6976331382786
29.34063805399515
-69.61691627041859
9.799488786828363
-29.447688690369063
40.518280177932894
42.34455960494702
6.328378488017506
-26.316004448508068
81.64869450387692
37.90193232487238
37.62130232149994
-20.103991997168677
-19.39694102760491
64.22229260928012
-21.27231254458114
49.00956171976074
50.04605549537101
74.9735386350983
-17.305153540382875
-67.2554886047875
20.267116308965626
-60.720785009525976
-62.91109789618604
32.7490820796435
-18.53405234860965
-3.440321042921042
-10.063982828407518
-34.83507846344708
40.372209581864325
-23.76325479120861
58.36429760122658
-43.22437291094368
36.8401686176216
-18.19443496236279
50.023548013117136
-16.43264706915383
13.259458319614183
3.4303646704414064
26.74144509323743
-23.080946977134857
80.00473006253591
23.084509588925386
32.55562227792535
59.42121775812308
-0.32543458330619046
7.252264401174841
40.50284289772671
-57.723337910366226
4.151232685625743
68.53575678698132
-79.46098343950963
-9.881224528170208
69.43523278965347
-68.99195665769754
-43.70691935261668
-11.296151016585952
-72.40380876480765
-38.17405032676874
37.24198366519815
-52.392623737497274
-23.281203110079062
-7.522421802325852
14.390261875872298
21.89545238638965
-62.829097003597276
-60.46647223527731
-75.71028315209341
20.033245400590545
-31.17211618509262
-61.99378223119166
17.774328307116875
2.888047154268037
-19.09409962135024
-24.389070473118608
-9.215113078529683
-18.68051834725601
-51.72678962405506
-8.722657129531925
24.081832470503727
7.506434810817183
57.58057924618021
11.849170995210216
-6.768664026417753
-65.79006032416399
-83.42169557909384
-49.98708533677971
-41.32755959149159
-76.7467690702658
-18.092436705901832
49.273999212407034
36.47805488870392
11.19350726557228
-32.80959401101448
3.4706205732041724
-46.33184247639519
67.76596263206125
-51.810333194884514
-12.46832054888253
44.900569443361434
-46.52940579102621
-8.78246860447166
78.65314503031382
12.697309780054667
-0.3083227834090394
-4.171710037617785
-13.065567769709645
52.53361778300544
18.4336197821047
72.3266140329113
5.423083644153763
-26.344669658583385
-20.88425152736386
-52.00914688809248
-21.41112974088817
-3.0569925471859847
39.208626253095474
2.021382273483624
-71.68048827088936
-23.29743969522903
-43.86760024134266
44.62021926087016
-11.41033348513183
-40.31897082578702
10.897714994301737
7.272771879640629
38.401804157790224
-52.26215509236186
-80.60456529448949
-2.983045360509209
-23.490320057029663
-47.17949016331875
-62.31279623547172
46.787274929074584
-61.53692809258939
-4.558220601749909
28.781646519789646
-24.81123593435983
3.012935248664604
4.547058659532411
-5.845759090262263
-5.271811618831535
-46.779968712356585
-45.28501836679438
-25.5535671501339
-1.9491967339005356
-45.95309641768787
20.340262065229666
-48.3837952557524
35.736104020755846
84.95566250724954
-5.425364878834969
8.515264971245273
-2.0346231237523966
31.822614676977565
-16.25566522849256
-79.76996384817085
59.07300037520284
84.8760778858188
41.97881707808014
26.914392258863913
4.060904457862179
-15.142470155716737
72.38709770420081
-24.533869914326445
-82.39229844896872
-5.9521518849580275
-14.309039951102434
-0.9879756160970175
-19.358374554360992
-13.82258856273593
1.0782704356992667
72.49476219182634
-4.710478914767847
33.24055063066206
54.117394933592095
51.732489545491006
-71.40120596281251
-26.87322003502642
-6.837591852315427
-43.51584441766642
33.24482114417711
1.3004434585045601
-57.443904523853305
14.061138106813672
-15.771733592585974
82.93276391232038
-47.679264684020765
-10.48672797731723
-0.9308258563813752
10.585357153492666
-30.187926307995482
-64.32996939376153
-59.840866767232434
16.88364274744947
-22.340927347571395
18.45726734546163
-16.34002105408699
-11.825372429123021
25.689381066822847
37.20426673917444
-7.145000435016328
-9.286018106223892
74.12256887387645
-44.02671567001569
30.500399142752315
-19.339066201303666
-13.376389929159899
17.876450884349495
16.518303395428887
85.37885197623166
-41.76260428696503
-31.088527886425126
-15.903104223651383
7.9190219446312256
-13.001950986294503
8.26960922004487
-39.38672771524977
-3.103351406652365
-57.82039027946652
30.003888066986377
10.766196204986727
-1.9175632373031277
26.12597922862119
49.21247522741689
74.58605172683698
-23.821759039358895
38.077551846535414
41.93674652848864
33.343993657278816
87.64375703719756
-23.049594297053602
28.771812857420002
26.530775684050454
73.67770895694838
45.889950460390224
-1.4084473301693237
32.29945179741355
-12.417110434764169
16.868118371787304
35.44124251526995
-32.74967753379184
-62.90740935858629
9.729032072549899
-45.3227795866484
29.70864899295239
18.981776851127748
20.695135430366577
-5.404888136037613
-38.23492367787687
-1.5275478082738516
15.299075634777438
50.35071763971334
-18.98519943195835
70.54029128008821
-57.38180315397568
-29.56108484259053
-44.51334445694601
-4.62517304048751
75.64828460292458
-47.52396750601491
15.071745387134257
-47.490686543847765
-20.095566589764772
-5.593876625519016
-66.43742475431895
-58.51502940268129
70.07341931220188
-4.49577399227735
-43.815737270701376
-53.57296282668962
-11.394839862708679
-1.9812880278930578
-10.899865884339334
-72.36750133658165
-9.743939286700325
0.42194631818834694
45.12310867741067
-50.70091443666419
-17.266287724404123
-82.87029876573064
-9.243331827433323
-69.90247667820333
57.405406922151315
-44.01789811202547
76.76179876121392
-25.612689316588614
12.226839255932376
-64.38145473927013
-38.84369376485376
56.232097455001025
-30.874076404809273
22.3968857565321
-4.879045045462789
-55.1763826206579
10.43419685719283
76.36719814404762
68.30980532375912
-69.85772109470638
14.92173506965949
-55.76117569383941
38.15422272904061
39.66096591446316
-2.109888472378813
-4.085476331392712
-44.02541299262947
11.35939124532922
-11.229537158840884
29.323730387891302
-35.220276524643324
-17.319823899327858
-43.087981772007
-27.234731413885356
-0.1809905743423741
-13.756282390940001
6.295365379009951
-18.556888874498114
17.926107738538988
-38.32213815302906
3.9163665485482255
-80.13664899650097
-52.91942856017757
-14.010646853757834
68.99700370945999
-70.19400769161265
54.706539529880985
53.55400584868684
60.554530341314404
7.181446696236279
-71.01177714045208
51.02488349009258
-67.06709821188757
-7.4234865502908605
-17.09225594645622
-18.896322639250002
53.44630102175728
-7.128464718104027
-37.26472144937041
-53.747430619990396
-8.014585709081913
-24.765769043833316
-8.221472925788632
31.443696121357874
-3.049489217600012
58.00140169460843
-13.694695859654942
-56.98358455013931
53.652290652784785
19.30125138463002
-17.33656562998503
-0.4470258971848864
52.61631854125048
14.444121508391007
60.83518198961508
-0.1541412944801408
18.39614954112227
-24.05079760548061
-27.127114363732034
-23.978174947092214
3.9114182421369463
-21.376186205196376
70.9291817732481
-12.457323548667091
35.11095585276081
-11.634954923924369
-66.56320665686272
60.92235683444963
-56.99997146910597
39.28624891015309
-50.0936704426579
3.480939317720569
-17.597497217193293
-61.80230056923735
15.078835703646874
-11.728029192871858
-47.50860464598866
50.35065316788504
10.335559404196246
57.02571295874782
24.976127719679624
-40.95605903365973
-54.34739066891135
-43.55166110064832
-59.87156876587683
39.94880706063989
24.9861500133064
-22.332000569884258
-28.774857405939628
49.83756009675528
-10.95891978883212
-69.53673556326842
7.059018715600004
-65.36119839951294
-23.518665971536507
15.72647407905525
-39.77692638890577
8.080377279729674
20.367932415790648
-46.00538684402948
-56.56606218118966
10.8106364290676
0.27842468511828145
-14.124379515682264
-2.561632693007766
-3.5312677860032835
28.817057482905298
-29.659933932203884
-21.354873110196678
8.464366344348932
29.07039232397061
26.9773918193103
5.361490439620766
-69.59343860762314
-0.4348269475186868
43.19520062494948
-31.388464817371556
-18.740207710939302
11.240866184599966
-42.01057819461271
84.78878309813595
-4.995166753366377
-19.56339093588366
-34.54770922571234
3.372401242927509
-23.73157120541208
-46.23219714509363
77.52945345633884
-28.67027676178475
-33.30971346965437
-9.543765289404135
71.92436874815712
-4.276237340575989
-38.84270609362879
53.99265677192989
-40.95658003882258
-12.75873868280155
-37.19070020862369
41.64012957566473
-1.5481550912580957
27.685737201746747
-0.6712000138607976
6.892211470463053
65.72124655532878
-32.59618475142143
70.23610954103955
48.15865203558863
10.92526294397149
-29.504979708282235
-16.98993610901117
30.305408454233884
-10.380349218724547
-53.17621231767537
-23.54980947810013
85.15230216786944
-21.797546908741907
33.00883903806832
-56.09590975294013
29.926789913283415
38.50456011221607
39.506037977135406
-14.688510403380604
59.150025402918686
-5.761023701949753
-7.872402703464118
-36.350073048818096
-7.248060302879836
-31.589205965118865
-17.812511385457015
-10.311354725315269
0.656210464700365
46.43715210770637
-63.883508765237536
16.45411467039463
36.267374905119965
71.76605251708253
12.157289221025295
-60.978814809493386
64.56981092751153
33.652301240074934
-13.450841903062909
20.603202181063637
3.0681192208535037
2.545036853436514
-46.061140879524245
-79.36849688172418
-69.91401914158669
-17.547115119302276
17.758439307134296
-15.503305485563672
-69.51124268071528
-0.9252800985212701
-44.04840139028763
-76.2258666890801
28.8655098475312
0.9517183832877834
-27.804255375253547
36.954354783557505
44.29649718282832
-59.40812373063989
27.68083454842923
-10.82961722889928
-32.3440994676768
-29.393760414580157
-41.522345819260785
-32.5998873729647
29.41761843661034
49.48916581899084
-69.94634192070512
-14.72944630146614
-1.2743282077849187
-2.616112812837713
-15.780964229165079
-48.00101447277343
-59.93734842766274
51.007459335379764
37.4627943352979
-0.25232284221083034
17.156073636503592
23.55052201025579
13.020755414670006
73.49184715169409
21.50385170499024
-15.556438095939555
37.1482194269598
78.67552601813998
-57.072034289091725
9.98356977930618
-60.44914245151659
15.967550017210172
51.58004275008895
-4.897609524989392
-43.6851375425311
-18.463642602681702
52.810992316054154
-5.989948063848232
-21.26268524049101
37.76247739066673
14.452467457629197
-66.94425584421657
-27.047649894051077
-6.8395843094748585
28.536319536390224
29.472192697747957
-5.091501153393693
45.74726664451299
33.736540704191384
-28.95039955672017
-0.035324814191668
-27.73708376927307
-14.355532837589422
-1.945876901841629
-30.614127697529753
-15.979144161130648
-6.92582652927392
-70.25846482419135
56.03968477887264
0.7681071702399009
26.017836788599197
18.011942393144267
-14.958715697324905
-1.1254142197334858
17.79055462223775
11.637729615387926
-25.26824999476689
31.41527994006873
15.9780414165742
-68.86750685592699
-48.39187394130265
-11.585190850231882
33.01895504837407
-25.200057077793062
49.69989677636738
36.82574649744666
59.160601579563775
48.62314649569362
69.85697379855262
-70.75742106712246
26.473395587317867
14.682241109580431
-16.531366183568736
-48.66955188861046
67.68366906831093
-6.005929727936575
17.034449727761796
-51.52785298493506
-9.84100290782213
5.383156862453106
75.38673204634964
-61.13839537890408
-13.005652328974278
-21.880938805955452
-19.7719085577681
-58.8679138422547
16.14041173215695
-7.344978352917153
-51.040444161768704
-48.188370429160244
62.480183844902314
53.54919483682906
-23.015236626311776
74.47715503294737
-61.086215019753205
47.94228175143448
81.57353878364134
-44.77928365356222
74.2177244401966
42.058451512364286
4.247701348721364
-19.46732159068759
-18.31076670415908
-62.59061868647697
56.36836110094532
-13.065827366020926
-42.64811763272239
12.268583200463638
4.693124981419842
-4.009451351637267
-22.509861726424333
-36.85403364380112
-24.9792261100243
76.3390887355007
34.558797340194104
19.950100482220535
