24.798856051867332
-31.308455186637033
-70.41019513352992
-71.3065228722145
-49.60158958142081
-25.34002030974679
-41.110350026792005
15.78141679734756
-53.486070510744774
25.28220840285195
14.334835841988422
-23.349426388246584
-4.216897487084836
-11.488114240332905
59.542895939213565
23.440362740336553
23.905196310698102
-28.401068707470444
46.48962341582276
50.02327840052425
-29.88942421111355
72.8318688518165
51.26243011554473
-29.35352836165194
11.467030073682764
1.3385450261476421
-39.54732725425634
-23.900489469488477
54.00047041406293
-4.201706162483077
90.03846357804261
-6.418566602051115
-10.370977067184356
80.02734492057348
-25.69863673236435
33.3237437385188
3.0559360027600775
-68.46276406197484
-22.042435545389694
47.04497356144816
8.267701564476681
13.503351812438467
-33.84430565366085
-19.86401954557539
28.893961477257193
-93.2251495400509
84.3486234515822
-60.00784892173424
44.69606751568469
-17.742941465304554
-0.6548446191129074
4.62696272417071
61.91096264713684
2.880769635991939
19.792413843060217
24.744602596350177
-20.03463698518651
-75.1306409863872
-1.1636662841029306
-1.8038574579770028
17.476928168737757
-40.74176342082128
32.85899445629215
-1.0309236604614256
-12.592783359098263
-18.068968695126458
0.7790907289071498
42.011650173046235
-5.471589890049145
-7.624909866312606
29.99944873829355
45.88964899717607
-57.12405900504331
-41.26847760971579
-16.295372622719853
36.60796958637343
75.74489952885449
-31.61487943812294
-68.96723421389893
-33.76384301341807
-15.918269487832376
3.319668430216879
28.587815093033868
-11.456240754617028
76.18535037390541
16.15290318527272
34.90354543686652
73.09961167034669
-69.99559489525907
46.458357327742476
-56.52905230724243
-21.69158517597043
83.55526701050115
34.76479496634241
-31.178711688392667
58.490067001718444
-76.01965134694532
-32.442540532300995
23.438478323257385
-14.815451650822212
-0.6256710509435948
90.40628406715928
-7.316848272587478
-69.18822480746988
22.004712677806367
-5.564666290834296
-60.91965132869046
66.48494851812924
-58.39525133898756
41.88855533775066
-0.3009462051086018
-16.403179573074283
8.010143706226316
-7.859202226357027
-75.78782131936683
27.647790217301903
22.41359278657343
-4.363047029751797
0.6996895729919004
1.2922931807437692
-21.817606244404104
-48.74860707397585
-4.979364772474398
-29.63059502062889
-26.915834528917898
3.6298126135327493
-46.46057819853449
-50.90544003978941
70.69432414718793
-58.12034333651453
9.33430038092824
9.239939047970964
-32.8166548774237
24.13476561867418
-15.361408945893217
-0.5320629286528487
-35.03778412427703
-57.13913142559191
52.61965123897829
-51.22188634546473
-62.81149113792196
-15.186347771952569
-31.363383333575527
-42.458071407403686
-5.909369660824396
6.186536343426511
-34.930589109452306
-24.462722412992917
-73.01581818822447
28.908419411878086
-87.93404134805891
-1.8878223066446225
-3.3101550915880864
64.78116760665841
-2.19722507261649
29.984502645987604
16.09083593944709
-27.488378039580155
-28.192614349457685
-51.84278842292081
-57.48206312047829
25.79687642911277
-28.48529173058907
-67.03866123916728
61.64422090052679
58.083057796571524
5.46604871818154
-75.13602940868904
-34.74148499889957
-22.51371666737394
79.80436419225344
-4.515158598256619
0.17007534216061515
17.520551566927466
41.34042289687841
-12.945800677144021
4.669206569658215
78.79195717389021
-4.376247886239497
-15.475610997927717
-13.632804021308345
-57.6729858405071
24.63463289227178
50.5141171653469
88.99017353199528
1.6123941020963315
22.662046804659497
-24.471838718632853
-31.553283671518955
-44.62542956599296
-11.143626110618214
-91.99650380901731
34.66357036114843
40.265819939479
-38.06601773746953
60.62499710697088
-50.03353599602789
-18.93733037484307
1.1055559081865738
75.20684193053384
55.9214923782196
-54.62005751195377
-54.56131321745816
14.62850469862937
-46.68647201084154
19.001169104053076
27.054242388804866
78.86139988824749
-35.6777564577497
-13.302729223887653
4.215944933420943
25.325432441441222
25.668933590978085
81.24494856452236
29.908780386398547
16.575265990164553
37.181370744716844
-23.18220221019901
78.18756718537836
14.919241490347943
17.19123446932163
23.97371030081615
72.76831466431068
35.70239801191843
-2.9483432301952774
-32.51215689340708
-78.2866467726529
-45.6666775832227
5.257114186631853
-32.65778746935911
78.72344636290185
54.73238697977192
-16.350175749806354
-78.75360142725498
62.396740201879965
52.81698083787333
2.0029819115646035
40.63864024027427
-87.14292803950232
-25.967675665799277
30.467493932093845
-38.30376145789749
6.667459468298745
51.779142712755714
4.636991468324126
-64.83714931305721
13.293747532529864
69.45993624758685
67.52035489907985
20.584016118455807
63.64391210604859
16.65190749387071
9.059731626856731
-46.11448061215326
0.2735289224752364
54.95158743757062
76.10843867474088
-10.704284312745727
-79.02342631266191
-42.983120383911135
79.85191711412028
46.274154833397716
-34.267457681422904
-39.75816804904913
-18.34219826027598
2.540070666987873
64.2594743579728
-18.555688572345687
-61.9507233135424
-1.7166607843289086
-4.329204625879683
67.6810936588424
10.45620468101373
18.808451402224122
-27.865620868377604
59.64274385896414
-7.481604864712054
-40.325434047433646
44.170015062524584
-88.42236323931444
3.8065367483586385
-34.95511920716518
-8.01966912464458
61.54087643978835
24.663845263515825
-36.8388885915957
5.756182885204922
-0.19412088761362156
-1.9989795358062565
-49.16787231421311
23.437875919062435
46.577751782418176
35.67329837814114
-59.94565903984437
-34.52124235242048
79.74213976323773
16.404182718166624
-20.66905373820012
43.18313333730444
5.448380255554284
50.96703940798619
84.54867096972924
-4.347498999029085
-66.25010596922755
29.730448150493615
25.14849752355201
-3.8157259875710707
79.81623125594822
-30.12542596994959
0.9755120492325489
-31.180511911140854
57.23485476765762
-31.469709836588592
39.360839981542824
81.71532961137865
-30.447167450810696
76.00234148355997
-36.3428613753982
21.747849370479685
26.6389829725114
-13.261702928096554
-74.13058183577515
-90.84157452942813
33.02806140093625
19.10722768396164
62.781368583334256
-44.10940231288793
-51.56370391311746
-70.15025593692668
80.94235060812764
66.81850230619017
-2.2697041904651485
80.83050564739125
79.65642888970518
4.879127124167681
-5.831182291836825
5.472013599845951
-32.56952010071301
14.484065648184881
67.50102708429728
49.5283051601634
-72.76736281209199
-84.93661608144406
-23.46714234963804
0.651965679111683
-52.193223810752805
-5.41783601281854
32.41835989261591
-57.29084981851411
2.7028440244857563
-64.73388554086583
-3.4217358073545086
31.577427647174545
-41.25351741122405
10.721514086179411
1.527078132912564
37.75207796038666
-9.833883835227425
-15.386044045118396
-13.604788408570897
0.18177102650022903
-31.376441879704615
-10.35237594194193
-24.541696305264992
3.5379825896386734
-47.97730737066667
22.948183846217276
80.80164033858702
0.5447884736119022
1.2275822258543059
-16.851425015418855
46.24214633990434
18.978023779868693
-59.71497020239253
53.48768327104307
-56.76806646613946
9.388231495208004
-31.958254891857663
26.001747332568954
-71.8492090237984
8.969977395458628
-25.354376393514215
39.12189146219836
38.51162590600501
6.130755647545314
-22.004402719412923
79.70153375603942
55.45503116150411
34.146282698916536
-17.93431085795696
-17.739109682451456
67.86729082421294
-16.70991021078399
44.974383524581526
45.46414613746998
80.3908990718395
-13.644127647061168
-78.85152004811755
18.03916035276687
-57.1933162431582
-62.50567858660279
29.135280641338866
-18.168568012534124
-3.771135406535876
-7.7959596873753725
-37.656376825051964
49.49016954314308
-21.05684007996851
63.34720318705391
-42.10751542585688
33.30723830692912
-16.394368060239515
45.8343419324043
-19.833054044699935
12.220007571170612
3.7249718830335468
23.691310695553057
-30.14866192065236
77.43864965729813
20.8183442795237
29.666795123939337
57.196559385278164
0.05307972221164903
6.646071579231105
38.21134693954954
-58.21606852268521
3.6029969121605347
64.36927415092313
-85.29942386308842
-7.482489974538936
72.42718917494705
-68.37134865690514
-37.74423281053337
-8.723213799828656
-83.3869378745848
-32.43543129187094
39.94900061789912
-51.17654920117244
-21.19512708221545
-5.482789364541816
16.739974834809658
19.73333256661512
-69.74502267177056
-64.55880274009112
-82.20798333187908
17.66375503157508
-34.99787027611206
-62.8499648272686
16.124830990924437
4.7111280165895835
-15.059598619114965
-23.310196329274547
-10.380853684742945
-14.72430528795715
-51.98227815819921
-7.5821226231888375
37.7409736549902
6.620677542232983
52.78664055394097
17.573693643411858
-7.965195185846255
-70.18414054709021
-94.58722575326519
-46.39224282980068
-49.20092962092455
-85.80268652473288
-17.768480698714058
51.51120763848823
37.59021820231854
10.220395641336864
-28.805462352453006
3.0198739715309273
-48.92534309693917
63.921941073532736
-58.72967607227276
-12.129459219248304
40.556702854899754
-41.08416777793617
-6.6510091412851295
77.18180825167309
11.477353574553902
-0.052129837930266376
-5.069439314276323
-11.546854830507897
51.40524997795413
17.235550532695896
69.48977847613017
4.68061316181938
-20.906303243418634
-16.430329614984842
-48.287648690559706
-17.441120893793254
-1.9626930616837086
46.43794914907397
3.1758291667647
-73.1161878611795
-18.21146208869868
-55.22794256909465
40.22078157698701
-8.690471838654119
-35.06417223663658
9.986837440720905
11.794232587249809
38.64909677136353
-46.65160094106581
-86.67071715969084
-3.130924448366599
-30.85285808007842
-44.612159433490895
-60.13984249950054
42.22288251366703
-72.8162431217895
-3.2815200915933502
25.49632120752446
-23.03613132227433
3.2796288726708553
4.665217276847173
-6.064985155666051
-4.360122097383325
-58.97408613371333
-52.27053434383533
-21.419915577581065
-1.024919406686962
-39.493501347128756
19.87723634497783
-58.963400933181376
31.83092559542365
84.57024897104509
-4.1253473923429596
8.021676431436305
-0.9243668425979052
30.035920338805553
-12.56199371255326
-84.37480972065585
69.323103354025
88.44311043275661
59.26816951489798
23.947527438949805
4.257939145628626
-11.886610191042209
77.73510905550637
-19.540343612753617
-91.63643517943545
-6.760266332345708
-10.989099088174257
-1.1416434259622292
-16.262048818489816
-11.041422413123016
0.9550943314015967
69.94985980710138
-3.428845652133745
29.60902434632834
50.1365108790591
57.9243070609609
-74.77135869339378
-22.57835886543451
-8.150241307151163
-45.79079140041097
29.539553734242247
1.8706405752856625
-55.98040629937137
12.77520328047008
-12.56691689224138
82.42862131183696
-41.95043929400785
-7.897748893015233
-0.018568292997912295
9.76780470810374
-24.301265919873558
-68.2523979809547
-59.38472385479766
15.470067056731452
-17.436066975256068
33.19373375873545
-16.33309672042732
-10.561291609082929
29.83327549360216
33.780295058320235
-5.376823116778695
-6.909054773550693
73.44999754465917
-44.035576904024005
47.320379157495495
-16.777231313848077
-10.709133181767683
17.204016757609025
15.749014292833067
86.79983962189934
-51.19662502724404
-30.684460605313078
-12.27246615761564
6.8061202470262145
-12.788177199816971
7.119767851465795
-33.31019426602953
-1.9719776397096638
-54.84308157174809
28.340096485722896
12.193015956705736
-1.3513479308199265
24.495481828376953
52.88747148350774
71.12581040080264
-20.257071482368715
34.06286963064366
37.82775110925283
31.6035043932348
88.69167861992372
-19.78967818732022
27.8594678301302
34.52696090977514
79.73910518669496
42.91363028951827
-1.6595870153850854
44.06202978190859
-10.02734282405521
14.933458700046415
31.646954541518966
-36.48711049970683
-63.74364877741714
8.681346463198707
-51.18432335384455
26.286829261624746
17.106948575875236
18.756379569063853
-4.375167175181417
-33.005264817795975
-0.8502095560718743
13.867961815020251
47.22233837633689
-18.757963705172713
72.69756021046436
-59.57024835616331
-29.14434539339834
-41.61230075467816
-3.047524035980061
72.74631370236091
-41.980890629739
19.904875731313666
-43.56064021724151
-15.627352822136729
-4.499348305968979
-75.44697119701631
-61.94648051855011
66.1040991324189
-3.323696939160371
-37.35720647244402
-53.65127521185715
-13.226078436495982
-1.3136452426211065
-13.205437602984915
-73.00016934488715
-7.396564903529466
0.7359286228681157
43.368696148161064
-51.6287374600935
-15.255103313059593
-94.6007213521696
-9.859243072026828
-81.80529552832624
52.68327317702108
-39.843061988141606
73.88146172699626
-29.894508256464192
11.047150983231575
-62.61004661137308
-33.64636089556676
53.15175854117493
-28.30908776233055
20.062916603966627
-3.488189346478194
-65.97830281013617
9.390437945570469
75.72828006917683
65.86599664198599
-70.29324023353928
24.063924319468782
-59.42822008146609
34.313271598124715
36.06695640811117
-1.3015235374997758
-2.908045706430002
-46.30364362000541
10.371284362969632
-12.0000012722451
26.15318358938815
-47.882238502316916
-19.09299429505728
-43.32857894526375
-26.33183477455448
0.037629062307900085
-10.574301648407939
5.90318287257567
-14.341520426353227
16.339308514896032
-32.05515083521611
4.106340810618676
-86.42218695646233
-53.590043822848
-10.763387053971883
70.32186741102115
-78.88597087086316
52.214810422376246
54.67494876434344
58.14511778098904
6.901705068373261
-74.66596152128463
48.105432276343095
-79.41804887026345
-5.382942743279102
-18.11509536914531
-14.694739199644047
50.0595776662648
-8.514292551269207
-37.76251034914475
-53.04016983691094
-7.280929099751418
-19.930876788559118
-6.296639239132048
36.773983106797544
-2.3583268323783955
53.240608293562076
-10.529823313927295
-72.7176168010759
49.34643325881058
16.993833807586967
-18.07530074737126
0.3899281196431872
48.032244187570626
18.614147391906158
60.836797277828566
0.10043923660882115
16.224944447064885
-31.089709054009177
-25.00191649471843
-18.846654323917335
3.7244321708140404
-16.613944187522847
74.4180209512042
-12.36565630926735
31.21026495514161
-12.803059329411596
-66.35259399328864
70.5712322960708
-66.57645682724394
35.20719118304879
-44.41392096850943
3.606438434535008
-13.96815056169497
-72.11256167872918
13.776871251661618
-8.938711461906067
-49.22598408746004
59.56310182000661
10.359491643671106
59.623641001322454
22.89404016865724
-50.35187899091868
-53.025635556362
-37.87333983421393
-60.159556002949934
35.69875025190447
22.331917554957485
-17.554553555657407
-24.270435237288694
45.26988379066728
-11.744550989161255
-69.34951624961153
6.254858380921419
-72.79702340609917
-18.712103351104915
14.231064546731858
-34.27933248780293
7.666657551839535
19.535681540045914
-45.455027070134136
-54.33884115737314
11.468944604386138
-0.26420074880658717
-11.47080810075029
-2.711353732947714
-2.635956879176902
30.220194497719604
-34.55532629607254
-28.568260881421054
7.697028105855111
25.77081796005443
25.06518778173084
14.190342289994419
-79.0943012002341
0.16598927256363538
42.84345614858242
-41.009981108605366
-14.760994232554609
10.318356717410808
-36.30023036233307
85.28021413428453
-3.35160796648654
-15.410149148071199
-28.164832282579766
3.640790215441342
-18.621413258310767
-57.45361848683871
74.43646323169375
-23.58536676883095
-28.735561089624838
-11.488561517027776
71.8967160754629
-3.4836659165733863
-35.63095390680383
49.845159568421735
-36.47785267720581
-13.800619013889772
-32.55055159719109
39.36448684000305
-0.9918778764477594
32.479769254287135
-0.8689389488383199
6.618610522463186
78.53691107062431
-29.121591494492293
67.95890301849363
57.56936741916809
10.078983529610312
-23.972566492492106
-20.110697796255693
33.02152594300648
-11.874832745462825
-67.77224509062233
-19.669090797066218
90.15653338856754
-17.05056130615675
30.758563738269146
-58.52761496255868
27.024960525071293
34.345024948138786
36.47011947761379
-12.432275981277385
56.461415008830414
-3.9864203005708845
-6.184988012440385
-31.967145819497773
-5.417724400969917
-25.59700051223828
-13.880012873459918
-7.921826337321804
0.019407304593457297
45.77511923889162
-65.10818991013801
15.373221255291071
34.08585405897597
76.3202444516632
11.153661784099441
-64.9734191999227
61.278264556360256
29.899578341633358
-10.45039459182054
18.699482610147413
3.154794697141611
2.843171534902851
-57.07391909334177
-90.1396711479505
-80.44672522187813
-22.622541478929307
15.682392111181969
-15.304478585695094
-72.1706941124323
-0.44631585835736587
-47.309748327375445
-89.75102531067972
25.741178390733864
0.657441058442231
-31.2757766012312
33.57940738619078
39.91959797468908
-58.72220668814386
24.934600871084
-12.733326826221699
-26.457055734222507
-35.31852409673523
-36.826253216440406
-26.88422796747112
44.10749787339992
60.16081483512673
-78.73563559213792
-11.437646091550235
-0.6304644531923032
-2.185328699735223
-12.15986705445745
-41.74534119576522
-58.412524468871915
46.65397170082804
45.084050255919124
-0.5217848297881602
15.221311763321566
20.81287857459752
12.300575190050495
70.92883715811746
19.145008139698618
-12.280627271110504
33.253948576542314
86.95070821082157
-52.69915665798084
18.498057531615075
-76.30057332392609
13.946700382509505
49.525047934265416
-3.800856047069871
-38.17727678110803
-14.830107295616628
51.94288018252084
-6.426450615756224
-24.40909308298656
35.07072955036057
13.184014029939021
-68.55020349613618
-21.44990312848914
-5.39864396907565
25.38980456553122
26.165881365132464
-3.4817028202976132
50.976955117924916
40.976156803561
-29.88331957664849
0.18446715356792254
-31.588947240605876
-13.900760015857571
-1.5790907373679346
-25.387817127831227
-13.219452814250559
-4.966323723323413
-77.41523844074831
61.386026874100196
1.479431556018767
23.16439599778613
16.29752132085939
-18.090457169134467
-0.2042370445551427
16.642966703290128
10.574853810741544
-33.795287002750015
41.00340993036295
18.188807855441596
-71.36017816030768
-42.33467754587117
-12.051131995060146
46.76472875214813
-20.5471113258194
48.68948958778944
33.090394158468996
61.59435465705914
48.33050524367712
69.49861983770606
-70.26995865296311
30.24452506491977
12.843720005387311
-13.173377631829794
-43.238395523432125
63.95732972016572
-4.216766353174634
20.742321783248826
-52.957513569411844
-7.43670934168631
4.755669809821583
79.35809324507056
-59.10198983452081
-10.535439573965775
-18.46864075008692
-15.810502190664508
-62.66102852865107
14.178264096208395
-5.866911028343424
-45.685857014808114
-43.31750443235513
59.31172455029969
67.59010679671562
-18.302489271254544
83.42585027536808
-59.81878357489163
43.93264626108254
82.92118219912518
-58.24904427298167
82.66261230456934
43.03932817064731
9.228603658102926
-17.519708888250022
-22.281236809296672
-62.876379404739225
59.54754796517636
-15.621994123530271
-53.692637092042936
11.196213647310174
4.773127031365533
-2.524993210977499
-18.098902012485127
-49.692231932864644
-27.587208130456816
77.96431125683631
31.02378879900712
18.1958596669717
