28.097288906691773
-35.193770598146244
-56.463575195052904
-56.06443829120881
-40.6941606849805
-29.9483593970523
-43.65923509589136
17.76502034117891
-47.90893776891286
28.38156892250261
15.817500155487863
-29.255488282778614
-6.0579286258061416
-15.046408969242563
43.50454292055889
26.655861189830844
26.863419517450637
-29.689161994589497
48.60796881383962
49.26256886046096
-30.770279724327978
74.60470982295888
51.0447054506042
-32.3736611865441
12.561912344065462
1.0446412522796038
-40.89906933375452
-29.20061694479523
58.38521380503357
-6.021312509593983
87.0206865865662
-8.409644882553906
-13.602632013786348
79.0574600600381
-29.36054622012435
36.42188944714388
3.1833000745625526
-69.2925109112415
-26.175573052039525
51.42549592389727
8.822981828815102
15.008681071610638
-35.04888918158065
-25.104024256798994
30.16762456461494
-83.52706459131532
76.00915600627158
-59.40960123503154
46.1109398688472
-14.679021121209303
-1.5752201043556653
4.381207581754396
64.83651348340734
2.4429377427905905
10.39321214499904
15.577125468785852
-20.44859614632857
-73.04294419865565
-1.2733812149585475
-1.1715074642825982
19.578751952865545
-31.584359081845776
36.774772008711494
-0.7288558878685052
-15.661777121884
-14.539440468800308
-0.02668881460135708
39.98207784180491
-7.0644460514443495
-10.223511919699106
33.44147111869364
44.93765279688489
-50.27547282180561
-44.93557391819717
-20.37590577143598
28.918448975744454
74.6113132815048
-36.373745615594316
-55.60554857769286
-38.980273514733106
-14.8078196114529
3.550610341416288
31.7041438418307
-14.71478204108682
77.47639800501139
9.228356446274034
37.851830853571386
64.86053588159402
-54.39316340700914
30.46788377830694
-51.72261399136278
-27.034365350080037
82.81841582423795
38.45655233938882
-34.6123122929156
63.09221620164928
-63.32100999731665
-29.653529201272875
24.862680224034293
-16.410095968034696
-1.525040355027599
87.18762832359761
-9.260960489365516
-64.37210505010506
23.929012849286124
-7.681230059676352
-63.667567199495245
68.08932135786245
-60.713568462893356
43.635344824828934
-1.169243793535415
-19.3832413985228
8.529494383862556
-9.552978644435171
-71.89147791371943
31.29117115461011
24.4265535787123
-3.478987467499607
0.2696977592779177
0.6366941647275439
-27.410033521083733
-49.13889954121491
-4.504242794836017
-30.404061961529436
-28.47006272445941
4.050255040110031
-51.9590579849289
-51.7832946814081
62.14773033222292
-54.20279647872778
10.406001179334098
9.977205659117033
-29.089828233134725
24.619237182772267
-17.029375124898124
-0.6700669285082625
-25.74048812647827
-58.18458885061734
57.325281780991105
-48.72696775304825
-48.33043746096961
-19.36241093842311
-36.403181703008364
-46.12959740828877
-8.078566148236646
6.364978041567269
-40.50924519860661
-27.41381823132238
-69.64606200912792
32.61521720671874
-81.72116807434696
-2.5559838445808225
-4.818751948801889
69.0503065623256
-3.626272914933452
33.79409116402124
17.822457543705568
-29.88565119650059
-28.368215502679462
-48.1313869724132
-48.953248992358766
21.312691811731256
-34.688538804443674
-59.02070958151359
65.84486732771785
58.46457011517265
6.453179778701411
-62.45351878944374
-39.744960316299924
-28.018893859866324
76.38651873826288
-6.335392089579088
-0.37941505595065905
19.575649083685974
46.05380242989551
-10.74337476027776
5.274771982058596
78.71103353274711
-6.240711201451262
-12.828420687038658
-17.250759008438322
-58.69382652002357
27.880758751605242
43.89771857616225
88.72151950912908
1.7099429268923814
25.439593197686676
-28.562847921210164
-34.22153094623444
-41.69798791521349
-14.187644486683311
-83.86373869478611
35.741831958616785
44.25043404356532
-44.596617672568314
62.48811013465911
-45.85659509334046
-15.153177580571182
0.5161517535914868
70.52753131799201
60.11443885722713
-49.12486404227802
-54.485724569932714
15.53280319834603
-47.80053383107859
19.65458690158418
30.298287221918656
76.07873592932646
-41.658278324504465
-11.424994518317291
1.7669636521473961
28.059504707915877
25.092610072621355
81.37486501604911
33.47100230304005
18.404594822538556
41.1421764522361
-29.279215694827897
77.332284462004
4.559506745734893
13.924773395533606
27.163367380886385
64.19101283367965
31.031821062431987
-3.778057079857959
-38.10084132235938
-73.21650957209948
-36.43266491472152
5.962480239048787
-28.631326388717326
70.842982902713
39.64818851177782
-20.588317202720702
-74.47418286737887
63.56939412338599
49.06431816077503
2.4739270307027397
35.670641663900426
-76.20393022047611
-30.99281532083161
34.432150584175304
-39.24337787782209
6.966622997363487
52.7466575082106
4.539228111769802
-64.55301100816071
14.722856634756951
72.78711894895096
67.73977996395575
22.365631024120177
61.80998802885142
18.818325018643307
9.910141304127478
-51.400203929165336
-0.6464919733358983
59.198742560316816
74.31292402835473
-12.9874340738251
-76.54488958573397
-48.889339435570236
80.24824691204668
50.65873618588532
-27.878706661908637
-41.09417183438606
-23.215288629902716
0.8948805994602651
57.75336002919286
-23.551541676773994
-58.63905486996169
-2.6186601802194787
-5.4634049927338
71.66351423200686
2.0210299541448506
20.53240714480674
-26.33628645730664
64.159617217667
-9.746825115198064
-33.8693619725538
45.217165880603886
-80.64837734242056
4.184326808709315
-41.26047414168324
-10.707610788024724
61.93598720532708
27.81625548169488
-32.53303672656452
6.209556998205414
-1.040403312518464
-3.015608114584026
-53.593812934316944
23.515056179202418
51.15942331776648
39.8602844611699
-62.996425296869326
-40.52865506654248
70.72927949902817
13.620803210074357
-25.275673999487154
44.08440426291611
5.585893956084789
52.51557629527957
75.80959708198742
-4.639268760403709
-67.36195280553157
33.0815306787033
26.521243263639363
-3.508597533825281
81.29721270700946
-32.030494086689956
0.22303737237434973
-36.48667303875729
61.52070396158712
-34.039124398907795
43.11103171246512
82.09345165784725
-29.77300370506667
74.30477829519018
-35.4788429717356
24.625520608617165
22.264526953247525
-12.096226351146512
-72.11087051010188
-83.0291380796545
34.3070411435817
21.674452546887295
66.02204543739424
-37.612095592361484
-53.93455097939012
-70.30559620826658
76.51914398638442
61.933681366108544
-3.586877652299222
80.99100543469658
80.75478920759883
1.4057147402679675
-8.023024580264803
2.2617810513385734
-28.467861990660296
5.238108796602518
62.30898488943345
52.18736259701191
-58.01687991535904
-79.18950457855112
-19.88934892253144
0.5523430630769468
-51.74957794126559
-7.494103682118293
36.33144378928182
-51.992308209265296
3.283475563159783
-57.79406322703378
-4.954816699393902
35.15105253287618
-34.11897636098453
12.164798567060728
1.983289742855689
42.311419519443234
-12.968033912329119
-19.95120298523861
-11.849133373420017
-0.47717212012645405
-34.02182100026375
-13.57846384246659
-29.343015529350808
3.5018306759809974
-52.77451819337891
15.29408143792405
80.70388585062167
0.3338978786545681
0.7081069846442318
-14.71547628096954
36.45507512130595
9.919833991315812
-50.16215101521752
49.617925626879384
-56.51572653921959
10.154379713289899
-35.700139290281186
29.46038458464426
-69.59101142747448
9.814039888659508
-29.467905710149026
40.50635429866992
42.40719635579123
6.349756803974103
-26.355188505528773
81.70871773647585
37.833672221420926
37.67022910148938
-20.085959295749277
-19.373646407852448
64.20134803766064
-21.382046528476707
49.07984296457073
50.17027000626857
74.9582249654909
-17.364731955888303
-67.17842452860596
20.34407558955769
-60.778398492237756
-62.898194825099075
32.86203337037074
-18.508164499587423
-3.484001622693981
-10.073918203747937
-34.79437283168957
40.3196410595186
-23.750448517835125
58.33374102319334
-43.1833063848894
36.89638430912967
-18.173701427617104
50.10488682138893
-16.44997709060263
13.257005879502984
3.4464037873907074
26.849090132548127
-23.11127408128563
80.07696955160023
23.11814757359525
32.58339217527052
59.44387677767722
-0.3713150421538245
7.267090708317369
40.50576331654733
-57.68009048797708
4.135453611892217
68.64744948917993
-79.4408275055538
-9.906093600139357
69.42283200615609
-69.02104209302061
-43.80151680953693
-11.419418275604585
-72.32513529092716
-38.258938219720896
37.20109960392068
-52.36144292907196
-23.25870908280872
-7.542791223138721
14.341805465601794
21.930610501673883
-62.75582841357097
-60.400201059168374
-75.66049466728592
20.119845225011773
-31.14442616643433
-61.95689602072588
17.795679367149134
2.833590448054821
-19.171245712892045
-24.357798013618776
-9.272248925599811
-18.754702693593686
-51.6775042201868
-8.70502659452194
24.004711757943213
7.514844342619739
57.72962997641176
11.783257506921203
-6.781252477789181
-65.72830409102644
-83.36561419516336
-50.000746115603384
-41.29324464112373
-76.6808994355158
-18.06713513286445
49.24326804241153
36.44343924364648
11.204503799602648
-32.82190391361557
3.4433756741052264
-46.27341003581221
67.85816398545231
-51.74865664517853
-12.448635063955322
45.00877972488698
-46.60210483649459
-8.7935555453532
78.69892092521567
12.744258078659414
-0.3524228160552241
-4.2036541708290684
-13.04721105571808
52.529217209607594
18.424961656072128
72.39164573037223
5.410953339595125
-26.476629431226442
-20.98584714848512
-52.03237324859073
-21.455329493803887
-3.0451279641286106
39.158254338444664
1.9713764893149772
-71.6815365826479
-23.44246220535281
-43.84101470223485
44.74006924749585
-11.453311455700444
-40.37746494146071
10.918382338336144
7.207439681154838
38.37327409560561
-52.35869296996403
-80.58961154804095
-2.9735996965431895
-23.521399130243026
-47.162812306869135
-62.338029641022345
46.925866585547084
-61.4668849298583
-4.624493209813878
28.900285450624807
-24.78402842808174
3.033254059497594
4.568044469485059
-5.836449753786837
-5.254881171836928
-46.747756103253685
-45.236896099295116
-25.5861884992283
-1.9879137334107924
-46.07696203652838
20.315656448631728
-48.340906623201036
35.86531188586858
84.99324908792357
-5.510249844194519
8.544992392850972
-2.055261395038926
31.815459167288452
-16.356444776718163
-79.77363646718513
59.03541981625065
84.87841147446028
41.91599421211481
27.00125159902838
4.079290490215968
-15.187120990093007
72.36940828989657
-24.64088996745373
-82.34827264564944
-5.954796130086606
-14.399950716086607
-1.0717311807766094
-19.36509376234646
-13.839037015113021
1.090657060337719
72.55206539241968
-4.779932647600063
33.34690922689498
54.18793043550477
51.69372160090359
-71.36770532519932
-26.909396183138853
-6.8733504549294935
-43.46050543693965
33.373794119872116
1.3161138419936123
-57.43001003010727
14.107903197142207
-15.803575713749368
82.96943809805913
-47.767556051131145
-10.53417791564749
-0.947648074148276
10.578206517099062
-30.31996717908946
-64.26881625789106
-59.816752553819775
16.889147361551153
-22.481612340892354
18.37014035237752
-16.317953217476244
-11.806125828949362
25.638139166593476
37.25092420272131
-7.229943598035561
-9.346791958980631
74.14742926236349
-43.97698010237731
30.42413760571955
-19.329511143351468
-13.388701128601554
17.856149677086762
16.50085983851156
85.3968267508819
-41.734116275919156
-31.04883976239529
-16.00462195831477
7.925271195517894
-12.982422453079721
8.278803426105142
-39.4896103896295
-3.1489327056171845
-57.844547473431355
29.994987222359455
10.722119671274285
-1.9808239208938971
26.118980156633427
49.177026276081705
74.6771085755635
-23.833929411104805
38.18925793414721
42.027977535299954
33.335611843744516
87.66760269443589
-23.0525749242088
28.751232071379206
26.469492353139927
73.6593976847337
45.91231235600475
-1.4010454359545008
32.23518543616149
-12.420084639982576
16.936946507296838
35.54475370208243
-32.717616131550926
-62.87378548195336
9.756449573787265
-45.270873165479586
29.840566717342668
19.02164134793533
20.71760620506727
-5.509607928819818
-38.293028425691766
-1.5764773806006218
15.342008557463089
50.38141798537629
-18.959136593668063
70.53360626174697
-57.323110999261274
-29.522947123673802
-44.500008298848165
-4.652104686964606
75.72231060532658
-47.60314691896828
15.012077259093303
-47.50839840802632
-20.224987353977042
-5.698380299912614
-66.36102679674974
-58.45052159396806
70.17755743851706
-4.569519358179207
-43.93828111155131
-53.52734299117507
-11.405168921416362
-1.9640624563184872
-10.939676508567203
-72.39219160052772
-9.83843259194714
0.38500831439743877
45.11924825376025
-50.646088068094166
-17.249275104576526
-82.80784533374641
-9.236412003437522
-69.82353859963723
57.54347089129905
-44.037412492359785
76.83732410096312
-25.604034974689156
12.271644868767225
-64.40845791247442
-38.89989426032308
56.26969055184847
-30.852479847492262
22.452215785580094
-4.942331798350878
-55.117498715423
10.468150220096106
76.39552787751236
68.3553312743482
-69.86734777334769
14.846773584297537
-55.69539422593755
38.23506252715268
39.712582447298416
-2.1609321441442404
-4.149450143250533
-43.96950565762386
11.370162605316494
-11.221601511261483
29.404000192863222
-35.2308215999811
-17.311093318003003
-43.037299003356985
-27.200148315862023
-0.16441326007681312
-13.825139117753395
6.273662003335659
-18.69997421845048
17.93865164997463
-38.43918244591097
3.928894372565935
-80.11473896731567
-52.86767316653928
-14.128836500725257
68.9935754283253
-70.11885141038648
54.726838222872686
53.53251368640505
60.583111580250346
7.208868108365479
-70.97274762168473
51.05035690423051
-66.9907963928759
-7.4736631518226915
-17.07648124661921
-19.010709194775686
53.489417140889884
-7.1635666710263735
-37.21727935900545
-53.711463478283505
-7.996363596463496
-24.85320406412289
-8.222720953885755
31.39213231915741
-3.126728514486743
58.14537367142998
-13.817938025794263
-56.934317907043
53.744038834936674
19.384766676678396
-17.317974378292732
-0.4607624624267288
52.73619357550507
14.386774373598215
60.83051321934852
-0.2039828924738174
18.47403853934867
-24.07483031663243
-27.10177686926015
-24.11335133393311
3.928113639738612
-21.52212592706529
70.91635084310181
-12.439072026597088
35.25893306419846
-11.706562606315643
-66.5655038496854
60.88701314639752
-56.93451376325869
39.39525821017256
-50.18592870024078
3.481404010925104
-17.64897126794699
-61.730391543705764
15.08732963174208
-11.825816731651017
-47.45070441398329
50.30646042956869
10.305948393294898
57.00096049081043
24.986006031873856
-40.929877807693
-54.3220083520803
-43.6315417537269
-59.836141650438
40.0992680083431
25.04954769230521
-22.450682787512108
-28.81550379169903
49.96011208568885
-10.95166543803056
-69.558861322459
7.064878052993308
-65.28695416945408
-23.61896370108296
15.772645436707336
-39.847332565631454
8.110485938859966
20.348974496765322
-45.95982608487434
-56.565448841853794
10.773357794261457
0.2759700861914638
-14.13193851182811
-2.552217050196532
-3.6048435160125507
28.777961607057634
-29.643302524307913
-21.40277204873884
8.467424103302207
29.186434572027153
26.97695332646083
5.274710427016217
-69.51631521139926
-0.4686956999818648
43.17415595639247
-31.397949975620932
-18.816487936303815
11.266699162913369
-42.09141753132853
84.815327681361
-5.022552475462689
-19.648183017521006
-34.688929328152796
3.3819198187779165
-23.869216824740676
-46.1978410386151
77.61301610781328
-28.747137872857067
-33.34336874265179
-9.573186157274392
71.93744504634037
-4.37201385173546
-38.83210886163491
54.07319743193645
-40.98350121125377
-12.751563581060836
-37.22341766493285
41.64313364004698
-1.5306484138551752
27.633510938281177
-0.7515107371179965
6.918759218868331
65.68741440251605
-32.59279073176138
70.28191919314705
48.112306761371855
10.964057477619704
-29.611278955957687
-16.99987875750071
30.261122029777113
-10.439569957209955
-53.13379125945978
-23.577146567415966
85.14813497234093
-21.92520050768215
33.011837687334406
-56.03490843491279
29.96624120601821
38.65844185554414
39.52985510924404
-14.680286561518614
59.18238274879505
-5.782155917815899
-7.986454687273991
-36.37328687105
-7.250105349075767
-31.71847339888521
-17.905160138571148
-10.328804045476645
0.6446344284472332
46.421458717874174
-63.84784445819756
16.445102531095714
36.26750373613831
71.75015354743883
12.192950534087274
-60.9133050365663
64.63132420329936
33.786397209135544
-13.491691353503967
20.623095412539826
3.060080450714949
2.54208246175412
-46.02646601153318
-79.30025352404539
-69.83565205021716
-17.60006469736736
17.83253473452426
-15.481282863074355
-69.478525492872
-0.9757546038250098
-43.99294139568392
-76.14508198812223
28.94513964657878
0.8936463617230856
-27.78302032052504
36.99847499289561
44.414491440395324
-59.38648111743272
27.72194048317398
-10.844534061261697
-32.459294512432464
-29.385320753975364
-41.55765004919624
-32.70063178935662
29.34444989159097
49.4425074551651
-69.8707775095557
-14.78788691341127
-1.3207556257378315
-2.7001980026679036
-15.893535713962294
-48.11683966822159
-59.9343376109652
51.1026438243521
37.410420388302356
-0.3287437916321636
17.225579207001914
23.651468581495607
13.005413704236773
73.55177407400552
21.58208231855164
-15.597367206982327
37.247271064583146
78.65699711319189
-57.138978556484794
9.904864975445491
-60.391600108720475
16.03236299840769
51.58761267571984
-4.882640760271997
-43.756855144214505
-18.505871245268494
52.80402542934317
-5.984244851540652
-21.257432746380843
37.775494848829595
14.463762428239221
-66.91518365878686
-27.187671218712197
-6.947689103285597
28.62760670003655
29.58082081461167
-5.097399340304648
45.7054613680325
33.682180616251316
-28.913814951782783
-0.08502555972684434
-27.71870421016942
-14.333694305769697
-2.021025971882807
-30.690472775377827
-15.983789127821296
-6.948222764228859
-70.18886350416335
56.00622089077973
0.7730511785955372
26.099907752328193
18.040205343250946
-14.979533081983448
-1.1143232107243222
17.781395099369135
11.679969095895714
-25.300184792176665
31.35442719136546
15.931025528684884
-68.83417652088308
-48.49813212271364
-11.572942602752917
32.95170693200893
-25.26780138526081
49.690915350546476
36.90304088016805
59.138780975111644
48.606220124214104
69.87030635581553
-70.79762131127927
26.42375218335745
14.738875989370726
-16.568854348096835
-48.74634310427336
67.77010825882303
-6.0200770791480664
16.980636534148246
-51.470410266405715
-9.867502025154195
5.376426857454803
75.37694004986622
-61.1534048017487
-13.00968349829678
-21.892520212044886
-19.830349339129512
-58.80207781362035
16.206266518413187
-7.333234725685742
-51.120910140091816
-48.240362857870984
62.53281421276287
53.50296667615524
-23.11209144053082
74.45419900738167
-61.08266831763461
48.01101097241869
81.58756924176458
-44.758324256785464
74.19527321140646
42.027768096781216
4.176099811079723
-19.44695846998448
-18.327428302145037
-62.56418592835958
56.340851932448686
-13.127678509519
-42.6240478360372
12.285563758834257
4.715491760624801
-4.023181518623076
-22.581048842049952
-36.85879224964741
-24.95905226675849
76.34379155579896
34.62928979277689
19.96238019640913
