27.889777131918265
-35.20091139455057
-56.551359350564326
-56.13914885872929
-40.734231993804286
-29.880963705379514
-43.72514538905781
17.64976855493478
-48.025614276128515
28.262094993006528
15.791126931315247
-28.99041495382447
-5.963370366863828
-14.817029024520735
43.58889669660658
26.43568512327802
26.74185702783987
-29.772425945599593
48.60033167322561
49.29934754296394
-30.859247001217554
74.4836512196155
51.07168660828037
-32.41991505344251
12.503762656906787
1.124736568767645
-40.997189645355796
-29.039996517359
58.18446195724343
-5.974813152680824
86.94375308134622
-8.17256642397058
-13.329968324657017
78.98374076081987
-29.367035845965887
36.383777175507674
3.16382877679591
-69.23715264006896
-26.12854540190095
51.249455370047826
8.78177639934816
14.925078616332556
-35.14322767481665
-24.869877447849078
30.209942405657557
-83.60559536954426
75.99372331184313
-59.51128185741306
46.12796704112088
-14.620353975169024
-1.4886371354541978
4.459099408813245
64.72180773450657
2.435574310574083
10.57264287588798
15.73106042482766
-20.51035949453251
-73.06056270228129
-1.2930599068796909
-1.1138281170876638
19.47685603152162
-31.546326407903138
36.60871284826558
-0.6509319564180629
-15.619149849631697
-14.422000634028038
0.006093363631450188
40.046359347877
-6.824540134712407
-10.102299914145362
33.33965784985739
44.98629797206917
-50.39217541182587
-44.95005573504341
-20.25996587823738
29.02275874389653
74.55966940860523
-36.32001484347275
-55.69342347467596
-38.89077182694026
-14.826423181935652
3.6125295495196355
31.63965287424088
-14.61535823905254
77.35659095904802
9.388697831025368
37.826903262919956
64.87540202398083
-54.454622633991754
30.60298011011932
-51.85717051465361
-26.829058501812966
82.72414664425028
38.35839547747463
-34.64333520697861
62.83171980112192
-63.4506201353008
-29.71345780992762
24.898217062910717
-16.456207034705685
-1.5390578334455114
87.11230929218996
-9.261866464181793
-64.51480716213152
23.937613599810675
-7.613748595824006
-63.58934372023627
68.0107470911021
-60.69819877496853
43.65089633271447
-1.0913436852069083
-19.38517581694768
8.488204395612385
-9.571826233171407
-71.97874225719693
31.055245319606172
24.430933598228435
-3.422629350771203
0.3599114607812055
0.6743398297508207
-27.163768348950725
-49.250546816990514
-4.505368786604876
-30.49277032400164
-28.5475368245758
4.110474460303337
-51.80809502058714
-51.87991283342211
62.17000988196935
-54.34441395922801
10.360683117295736
9.936393084976686
-29.131363107079665
24.67747804589756
-17.07595128209789
-0.6906714970344154
-25.62447668931233
-58.24686175146132
57.0746058008757
-48.85973592345217
-48.36154894897349
-19.193664230161744
-36.32449318546247
-46.14055642581522
-7.9309075659183605
6.335397980274905
-40.386587535583644
-27.451756773419632
-69.74176919011121
32.40544223138872
-81.73720824327054
-2.387224982213837
-4.809368594756791
68.79835371068111
-3.590635522627565
33.58211966884548
17.78494630975068
-29.94873378402626
-28.452396426116877
-48.26020716379182
-49.04853632911855
21.417052329989005
-34.45993709941855
-59.16176144930549
65.62226802148336
58.45888096556749
6.491705050772211
-62.57983071836475
-39.67530001912198
-27.803974251963396
76.35185732193125
-6.200164455389086
-0.4026810500047304
19.49013184040983
45.7574761268568
-10.668244574128522
5.302839418373324
78.62188624135479
-6.136758032990727
-12.764195747119246
-17.14800465311363
-58.75347340472258
27.686068649143735
43.96497022766414
88.59395531101504
1.8114646824242016
25.330372706976746
-28.534890872326045
-34.28325995575241
-41.80989333767349
-14.120589638807388
-83.89960194283042
35.78443489324599
44.13208115826703
-44.3713746732729
62.430906390439475
-45.97540200071148
-15.035340822153216
0.49655092874240836
70.51977718601765
59.928841806905126
-49.24698511108815
-54.595317600890326
15.571013264763096
-47.9000850550641
19.707227464431213
30.18670012251829
76.03999491670365
-41.49454701348902
-11.39331378444021
1.9037916945206206
28.014060144941453
25.164605423601074
81.26842772547744
33.341237015191496
18.354807288919815
41.01607012811746
-28.97522188659444
77.26429914257147
4.784668411016781
14.03288523761124
26.96493134821023
64.2078148789814
31.120520168053844
-3.80306034210426
-37.97200704055892
-73.31664975378371
-36.43626105335898
5.993496956855637
-28.66468603738535
70.84124959325516
39.74399473853714
-20.445951260356182
-74.54284228803043
63.526086252411744
49.11503089175304
2.585749439069943
35.75193664065242
-76.35059241568659
-30.8875078504622
34.159358361724884
-39.346496936578774
6.9322025189360374
52.75213297644888
4.611979914813759
-64.60956508868904
14.647094954433939
72.59682536069943
67.69706944709753
22.377278170397474
61.81615895781178
18.689299347797643
9.897926408969639
-51.27202571204665
-0.612551576233372
59.01178686969058
74.2710723264376
-12.993499854308453
-76.51735061731823
-48.71904845972089
80.14049409091277
50.48288811506603
-27.85950966095868
-41.19264087026359
-23.007331793185486
1.021090091678289
57.786222089213595
-23.324645447532802
-58.7800945987245
-2.4814617168029116
-5.486075041093713
71.42585410961055
2.241950542497534
20.53827798227465
-26.39876998992493
63.90611039813808
-9.483725049864802
-33.89652504050146
45.24331572358929
-80.72414149133837
4.236910385320428
-41.058720954103016
-10.538532409360215
61.915999734205656
27.657160258152814
-32.58568507223542
6.213940229317828
-0.9640973559982626
-2.8796862706081328
-53.5170357546502
23.579672790461203
50.94570598804455
39.665864625053985
-62.90832686577125
-40.36006706392138
70.72865207347434
13.72448915134484
-25.16245024103489
44.1156034698985
5.574881875467554
52.51001205564751
75.79514098663387
-4.663914512719643
-67.32308738698322
32.99280742786664
26.560031809538273
-3.515223067100308
81.15129149641282
-32.109058510048484
0.21547807259071305
-36.38206010294706
61.315536648217886
-34.10380030687001
43.0205728324637
81.97750665228648
-29.857735929209127
74.26181191702491
-35.58108927094561
24.45224745403354
22.36653980554233
-12.100204976125895
-72.1397322944693
-83.07043926594415
34.34716871166822
21.514868160467856
65.8813165003964
-37.66399938717142
-53.97256663341271
-70.26841800794978
76.49049824030226
61.952695856325136
-3.4854152210200624
80.88561083990982
80.62447961836884
1.561915035136039
-7.901482297102476
2.408770006034004
-28.49879145514396
5.445891404689419
62.327568397187264
52.148320425989
-58.1067613719521
-79.23430275934888
-19.86919954556177
0.6721009515812
-51.870703658598984
-7.363859235912386
36.156556897239
-52.12546885561101
3.379818299541469
-57.936353229297545
-4.9443225967225715
35.04465351315909
-34.1370273207686
12.102953297430545
2.1092686286148847
41.9950051099332
-12.767880128783446
-19.67197485172788
-11.6806444060948
-0.39174176625701307
-34.08405936657851
-13.3059600115361
-29.250104286101077
3.532208498381337
-52.676294835280686
15.436956672849064
80.60580636997227
0.44890596201607025
0.7685963973074479
-14.700941389602292
36.54667800706645
10.098372450988634
-50.254106586326806
49.667586534753184
-56.62226882838545
10.114255477072149
-35.716263189727854
29.236716268628697
-69.65886524755338
9.802878352315474
-29.4426467927738
40.536238091238886
42.29687886436167
6.327395662286776
-26.286885567445964
81.5402448252199
37.94474736559127
37.59148324159381
-20.13024266935686
-19.427414321605056
64.20978953311985
-21.15567900600807
48.94653952367301
49.92272987151756
74.9392242593465
-17.241822070962286
-67.32502723498183
20.211969742814546
-60.6848975495664
-62.946355689926726
32.65275551551997
-18.56389264714538
-3.3825881506092514
-10.048521379802338
-34.878381743123306
40.399574913674485
-23.78778051379851
58.36313018436516
-43.286661849494784
36.80366056317018
-18.22143255781714
49.94760868111456
-16.400702179222023
13.277235927512805
3.4323994062065992
26.651833940364114
-23.018909200030294
79.88674271511096
23.075138009702442
32.54898724242915
59.38885507092979
-0.2565785876843023
7.259225055646681
40.510938031435074
-57.78806069359621
4.174765255163436
68.39703918603914
-79.4849668912191
-9.848290906819614
69.41034330253382
-68.97997551979641
-43.6299769467953
-11.150300124593073
-72.4781650907153
-38.104525683245164
37.27299600789175
-52.44833294398224
-23.314645433104076
-7.491605165819138
14.440202157000925
21.884672835909427
-62.90641501619079
-60.54461725854612
-75.76618477824076
19.965902203509103
-31.196009772365116
-62.05140079996454
17.77542069245193
2.954612130891846
-19.012699349437796
-24.430154275384297
-9.127921792453392
-18.602021852325876
-51.79678306738225
-8.737220689170982
24.15521102401739
7.520471892347288
57.41806033164306
11.92193513158179
-6.749074930877484
-65.86402771276508
-83.47169392120963
-49.99974663808978
-41.350170488536634
-76.81324197380674
-18.121292346288598
49.28883857244375
36.50889973429554
11.200424380285568
-32.81590418092462
3.521628205108783
-46.40069380508869
67.65011555005435
-51.87054978888431
-12.487818748305244
44.801242339330514
-46.478160635567825
-8.764038529157418
78.56488004974184
12.672369273257118
-0.25298039529715766
-4.12939097198803
-13.085194269847392
52.532554444922624
18.45729403260222
72.23100897885044
5.4585499557424555
-26.208505912774
-20.776647709287218
-52.011978296755075
-21.370719856894482
-3.058180886390332
39.23746930770753
2.0825942427236015
-71.69425973518626
-23.141947570356365
-43.872967369199785
44.507997624860195
-11.358428331702555
-40.28046884398848
10.896837260157668
7.350246556084542
38.429336971792196
-52.18546383332218
-80.62166639564897
-2.985451789767538
-23.426252063416214
-47.221811327922985
-62.310304627467914
46.65117044077488
-61.597758874871595
-4.470477047595438
28.679027135873937
-24.850122503981268
3.0087931308668914
4.544447964566189
-5.8499868920446545
-5.282065456689708
-46.79090213742475
-45.32733760724149
-25.53097499047861
-1.8902019525723972
-45.84395568435032
20.373538109865393
-48.41146313055081
35.619540113838895
84.8633177320103
-5.3171275632132335
8.505831098221648
-1.9965147355555075
31.84374702427192
-16.14278201641197
-79.76974757660197
59.06632479549427
84.81452538632638
42.0097959370637
26.849162090287464
4.060890699712971
-15.093585379339714
72.35826624019359
-24.424655262042634
-82.43375061985464
-5.943873926326361
-14.205092272763409
-0.876780871969359
-19.35769824825867
-13.804421918135333
1.0768071546639817
72.40672554454201
-4.619240112637172
33.15170704389877
54.04716612168983
51.741914809541896
-71.44818864725008
-26.84805878615748
-6.787886174217746
-43.58116152766284
33.129390724015764
1.3001670033407464
-57.48277352299841
14.037329947010974
-15.738426012626192
82.84516092865249
-47.61102624422892
-10.428387790695894
-0.8958092346584579
10.605116955844295
-30.05630433816289
-64.4044274044301
-59.88829207160042
16.897101643786613
-22.189283664639532
18.55433719104103
-16.363698314408936
-11.844688617154176
25.73364306939507
37.17698317034851
-7.038696650886834
-9.210561589633713
74.06247766236805
-44.094655441179455
30.563820546561914
-19.35592405224692
-13.362380265287626
17.9071039616516
16.546993147717373
85.30385542055998
-41.77436493426077
-31.1403968080662
-15.788875315789895
7.935527988848818
-13.021437050897973
8.283048796955228
-39.29765415607214
-3.0377759335636227
-57.821174322137665
30.026903443918215
10.81405188334034
-1.8304560844588735
26.148825155719635
49.22737090234838
74.45851916680522
-23.819933592842887
37.980075437791896
41.85913135731485
33.365130125482835
87.55931946350861
-23.056927081208627
28.80188729585602
26.581575182441142
73.64642795932667
45.87681580992586
-1.407851497088032
32.34586535036087
-12.412522756064604
16.82008548213041
35.35466786184165
-32.77937660939803
-62.96167791424166
9.723485546199711
-45.372801145995226
29.589864849427485
18.9662541654224
20.69571643949304
-5.273766258245615
-38.195481105689495
-1.4564097994087888
15.279653469630702
50.32466586201761
-19.015138470821682
70.51054698360377
-57.45723445723599
-29.610484051209127
-44.55189125489402
-4.582990573904993
75.53693862715667
-47.46584414206136
15.132823213627134
-47.49884899713957
-19.954193638226116
-5.463198844262607
-66.51307980760849
-58.59280939629481
69.94021039226382
-4.399346454978968
-43.707052052421105
-53.640328006009184
-11.37647798495891
-1.9882617690322064
-10.83951797679157
-72.35628132128366
-9.629748396281954
0.4813601591694976
45.131239433912555
-50.7740184220708
-17.288745322937018
-82.92607154326569
-9.246412929767175
-69.97403487488661
57.255896792891065
-44.02321329132457
76.6467001225785
-25.611424285363128
12.203932948233216
-64.37572426003429
-38.80677988472518
56.19130000386622
-30.913086407353916
22.36614297963689
-4.795119718391916
-55.223887729581875
10.42200316151495
76.29981596272796
68.24115563245175
-69.86488498692228
15.00408458456927
-55.838392907200486
38.09102288881812
39.62684367560831
-2.036941993863124
-3.999845096351933
-44.09157928028103
11.366569625863576
-11.23416380934465
29.265532141701485
-35.173456869859514
-17.3245656787076
-43.155624038551814
-27.280572427819024
-0.18664965310891546
-13.677390416101048
6.324361129952621
-18.397312862132395
17.934455692673467
-38.21599882642743
3.9230734673074608
-80.16126079104238
-52.99107360500258
-13.874278378589707
68.9681363257476
-70.2703864784914
54.683505313275674
53.56022628041987
60.51511446710353
7.174224531158643
-71.06403010132142
51.00259203518874
-67.13383104375573
-7.357924575370802
-17.106870485697243
-18.771031679728992
53.40441569112434
-7.079422981145754
-37.32497013161921
-53.80709075868692
-8.029317841695331
-24.679664790834792
-8.21368761914131
31.482678497519174
-2.947526361571718
57.844137228065705
-13.551972776130995
-57.00973882681926
53.56023770725531
19.237027844114365
-17.35511204585805
-0.4149968234090835
52.49455209782832
14.503106669780337
60.82133282888927
-0.08063091055146288
18.338188079528976
-23.998289614183435
-27.16648540244546
-23.83518996658607
3.909129872352665
-21.217046157585315
70.90169444264774
-12.474950115236027
34.97204237461625
-11.515532395329629
-66.58089897215523
60.912876201426826
-57.058663141234625
39.19100488294001
-50.0215494267438
3.50093364813263
-17.54393453459558
-61.8678176660191
15.089446904323538
-11.612563441298306
-47.580658888802695
50.36039320438499
10.371241009082041
57.02703359540851
24.98700337348359
-40.96495821802032
-54.39771344354377
-43.49117930247428
-59.92900740012909
39.804618218678144
24.94689674518051
-22.20626036590032
-28.746659268199124
49.7163891875268
-10.96269351674404
-69.53142850029946
7.075627522953269
-65.43885847155255
-23.416015413052094
15.703907887639218
-39.72483663847769
8.070888211883073
20.39812530638332
-46.07180584125042
-56.592341364250586
10.852393882968329
0.28879669382997974
-14.116675183246798
-2.5636909231643017
-3.433994323950742
28.85442016147894
-29.667182679822844
-21.26299632612877
8.475586484880779
28.97093102060535
26.99563071863966
5.478493781259232
-69.66945132011753
-0.37975002654948753
43.21513305085469
-31.349903019840596
-18.659348255701175
11.235843263915243
-41.94819195807157
84.70720232729687
-4.952928841792897
-19.473692397221143
-34.41008081726687
3.3819847847653364
-23.585353463926523
-46.247748683036974
77.40426085899966
-28.600940164598924
-33.29341844345089
-9.500614031575907
71.87829797545436
-4.154253979052783
-38.876320874409316
53.91212151396178
-40.952739122288655
-12.762459171577063
-37.17837710918944
41.64709154050291
-1.5552400831470976
27.728772272580557
-0.5636550151830022
6.884794748523191
65.70011000432189
-32.618667035648556
70.16367015948924
48.17218800766008
10.908378591529683
-29.40259049758842
-16.968407064930474
30.343250383528016
-10.287404535528992
-53.19571798231537
-23.530932044966292
85.09451603505423
-21.660541838857867
33.022333996761034
-56.17247739219515
29.910534537004565
38.35709067245128
39.49808883500356
-14.699015805261467
59.109483323508556
-5.727025104297795
-7.733172297365272
-36.34739806177612
-7.238126249998217
-31.462404444826262
-17.711277068057726
-10.287557095328395
0.6750209718019278
46.450790563552744
-63.938926284815395
16.47750566607472
36.28092997732284
71.73802371208362
12.143849706351872
-61.05665648319665
64.49195841461474
33.53061288650835
-13.404123277752404
20.605973431310247
3.0973187047710127
2.5679881410230507
-46.07751324330552
-79.43315499545866
-69.98859699206454
-17.452890762350577
17.704642411393436
-15.526886253303289
-69.55946676392733
-0.8517765435001365
-44.11053914032038
-76.296846319538
28.808121510914702
1.035429175872224
-27.82083213794037
36.92971828380419
44.1867142149263
-59.45347682219295
27.66371329710968
-10.805491348517037
-32.23449092359856
-29.38802789701856
-41.50982414965193
-32.5072592202997
29.478316261384805
49.499844618056926
-70.02281153031562
-14.664009327327577
-1.2057872304585402
-2.505916377112001
-15.653580934449366
-47.901811137731706
-59.96469339154908
50.915312589871405
37.49452258977536
-0.14885239617794355
17.107594016374335
23.467910715512218
13.047095418245448
73.3992651511484
21.447742055479864
-15.512395903751113
37.06568381150248
78.63429064183799
-57.027473517503545
10.078899848641939
-60.48538780427527
15.922728649961911
51.57179827727464
-4.904864858277151
-43.63382168522206
-18.42183934416208
52.811154989480144
-5.990555693766197
-21.260065624785796
37.76507000350776
14.460690656837059
-66.99154630086838
-26.90288835743756
-6.7060857401991285
28.465913828464394
29.381562440181014
-5.074331210667495
45.76670465054647
33.77394744787824
-28.993135734663255
0.0381332355669457
-27.749129390267598
-14.37869956912489
-1.8452476514252254
-30.54746200400281
-15.976910800450412
-6.891877860380504
-70.33339931892073
56.04243354454627
0.7799922563745412
25.958053514897628
18.007057390703892
-14.923011797348096
-1.1232033303587627
17.814403333527807
11.617405745276244
-25.199520564137032
31.459760613386777
16.025821523041472
-68.91689237770858
-48.3036327440627
-11.595114852149962
33.06752528947331
-25.137221842266428
49.70562055948835
36.767295995571345
59.157562931072164
48.6346066780022
69.81444069515246
-70.73178995136095
26.51618072481334
14.646205251523341
-16.492547487023927
-48.614374096703834
67.57418650538312
-5.980355745100013
17.087510476089605
-51.60229960950838
-9.806128915728806
5.39985085369554
75.34964934324773
-61.14709400379103
-13.00058040826228
-21.877692646432962
-19.713099674263887
-58.94601065945389
16.09484304361996
-7.351175644879433
-50.98157485691394
-48.16027721704519
62.41483196501915
53.55101525790863
-22.915961818033296
74.44357314906537
-61.11350100220582
47.88219003907531
81.50892425318196
-44.773397147836626
74.18491613836656
42.0828617754693
4.339397964727027
-19.495203422975422
-18.27789111519128
-62.63868070148305
56.371160317989705
-12.962966951386164
-42.65088997386679
12.27136530398549
4.688858186120939
-3.981790095621932
-22.439784174096545
-36.81498720430919
-24.996512304591903
76.29137994944256
34.5089992577783
19.95903183252554
