27.856495728893478
-35.20899367533134
-56.55616402855655
-56.14048948254997
-40.7331630305658
-29.873856603803972
-43.74419854778804
17.634245062239316
-48.04328116240724
28.247140031434554
15.792425840364459
-28.94329461907104
-5.942251983434346
-14.771413681037032
43.58905997029777
26.399245435640083
26.72644440124961
-29.79101410430681
48.59973634663157
49.301368718610405
-30.87849550839387
74.45363318369115
51.07254868724664
-32.43410669429244
12.499161618576053
1.1450865659886063
-41.020252422823695
-29.014193333996914
58.148399376723745
-5.963547873233836
86.91193581344925
-8.122721936271375
-13.274690433319392
78.95775974885538
-29.373647112741565
36.382559267423005
3.163852361089937
-69.2322109362662
-26.12422916081229
51.22039114982738
8.77970414622196
14.915755279116581
-35.16453636781927
-24.82749708137284
30.21963412504232
-83.61520275194978
75.9720164367742
-59.5346159447331
46.13093181682186
-14.605066988321
-1.4676669062389465
4.473337476517912
64.69818176337526
2.438657817745849
10.606938613613437
15.756900146813265
-20.52259767926145
-73.06667049348209
-1.2943177850371086
-1.102277045212631
19.4646699981694
-31.529127562858164
36.584337197926914
-0.6355992713714045
-15.612147604472668
-14.392414920831527
0.016563944907971972
40.05265804065067
-6.773645902601615
-10.07723712152199
33.32788569878218
44.99078997692291
-50.408608189590964
-44.96082025133802
-20.239957873637223
29.03361362074584
74.53919282686525
-36.317177167190266
-55.698644263076865
-38.881694815211745
-14.828548901175282
3.624224797123432
31.634722166994806
-14.596530066029118
77.32505162567935
9.41866049911988
37.82740067015723
64.8617102362841
-54.45309417217931
30.61858647079353
-51.879641865957154
-26.793376829499195
82.69300538517757
38.34667358857331
-34.65545522097817
62.782348337649864
-63.4649020560175
-29.722177612347437
24.90783301121185
-16.46602461918566
-1.5385978320377802
87.08054908097566
-9.2612824517187
-64.54063062495528
23.94432512408973
-7.598790670678312
-63.582101489928874
67.99096035553757
-60.7028993354977
43.65475122280327
-1.0720278592396397
-19.388067559340755
8.486071832301874
-9.57483366322819
-71.9961488411372
31.016270080822665
24.437100369842312
-3.4109361420745614
0.3821271279148988
0.6859902017908439
-27.119808684125857
-49.27586745482173
-4.504197382835528
-30.511771485491636
-28.565212581791386
4.1273982296490885
-51.78868836507001
-51.9034764559751
62.15792332675471
-54.36975328682753
10.357723330007587
9.93455821181415
-29.135415049632144
24.688609220703768
-17.086033965937872
-0.6918870536746908
-25.589690502355353
-58.26484556732049
57.029308021622825
-48.884647139579386
-48.354642894857925
-19.16244750093955
-36.31692258382949
-46.15079552278608
-7.89954496904727
6.335089475711982
-40.37142835145195
-27.4633823286175
-69.76128147056755
32.37219298257932
-81.73816544504771
-2.349685197509473
-4.805232103576543
68.74796854642506
-3.5807512005522
33.54846076913424
17.78463119325272
-29.96497563485967
-28.469467239785388
-48.282589565423834
-49.058980462342674
21.431109467621013
-34.42220651047302
-59.182470327593904
65.57896998732139
58.453346380821046
6.504567737410639
-62.59342569396791
-39.670144034540826
-27.7666976858945
76.33135652659035
-6.170742406697443
-0.40386052331444944
19.481237253835317
45.705615237192376
-10.650525199332222
5.309685721432388
78.59411904650284
-6.1137675525397555
-12.74826466732118
-17.12947758340033
-58.7709668281984
27.655542161370775
43.96618718352471
88.55408172082943
1.8362815067714138
25.317326914182587
-28.53492197737934
-34.300283355787066
-41.829370296752266
-14.10814591158767
-83.90240791997466
35.79296081619705
44.115574063162654
-44.336760431383276
62.41723991951912
-45.99499825050251
-15.00536631358078
0.496492719716386
70.50437426206057
59.894930593813996
-49.26591750191943
-54.620283845326334
15.580423317465062
-47.9240236420065
19.71811734741037
30.17326099876462
76.01953351513322
-41.47158955643975
-11.385069496298826
1.9311239770459565
28.0126135963029
25.17603953567985
81.23648993664577
33.32417732090062
18.352445316418525
40.99878694510255
-28.920053206991554
77.24016324711704
4.83386247156416
14.049885534206808
26.933461767713453
64.19430494333045
31.12959362750405
-3.805595957088215
-37.95512711641887
-73.33516376458184
-36.427564741935925
6.0048726190011195
-28.666799843439264
70.82363513528222
39.7479458201982
-20.420642122733824
-74.55633982348937
63.51361526902113
49.11533254486807
2.612760538609308
35.758596515453775
-76.37134945866472
-30.87331444741035
34.11273085277085
-39.36965492173869
6.930991118811136
52.7508554696511
4.625323093657769
-64.62519552618988
14.639373483572868
72.55600365855338
67.68212164794164
22.38435676648683
61.808734451271704
18.671000941319008
9.900469975406907
-51.256981792826366
-0.6020351386233642
58.977991092801375
74.25171585049668
-12.9951369748064
-76.51392117255075
-48.69578364749925
80.10907818739557
50.454082951289195
-27.84871103466716
-41.21577363162485
-22.96959432319477
1.0462686648489097
57.7787927216545
-23.283130352191307
-58.80683675972038
-2.450420531185202
-5.488601216982076
71.37688219144749
2.2911829895935654
20.54456918193017
-26.40931779157833
63.85765107717401
-9.428937588900865
-33.895012982257946
45.247348977628036
-80.73520973887781
4.2523373358899335
-41.02815281166496
-10.503727917771172
61.90705362082153
27.6341792222846
-32.59137594182579
6.220162935703499
-0.9450691802053939
-2.849024173805759
-53.51160674362958
23.59111798829312
50.9094971819986
39.63556929324517
-62.89944101491918
-40.33592108125595
70.71025127705659
13.740858159913017
-25.144796786189275
44.12044659633162
5.578026178911699
52.50783712941359
75.77331345558792
-4.666839476008278
-67.32181145476477
32.98346262061966
26.569843863535624
-3.5148857634057578
81.11320281894851
-32.12793703023095
0.21783271817517402
-36.36951244584511
61.27740311010666
-34.12122968119391
43.009276153234765
81.94368856249227
-29.87390714394364
74.24236802961732
-35.60092289071165
24.425767628986478
22.379990247102
-12.099471068434255
-72.14812526140939
-83.0746868773625
34.35591968512384
21.490611757204363
65.85272976749292
-37.66741975860578
-53.98725444116829
-70.26631315666879
76.46999665173749
61.94372827296601
-3.462022064221088
80.854071399287
80.58926289834793
1.5941579244885133
-7.875511463224541
2.4383561455472176
-28.500344256206176
5.48998971930547
62.318105792350764
52.142172076429176
-58.111456428234625
-79.24153548906403
-19.86118070243505
0.7003775821034992
-51.89691684072669
-7.335889898339943
36.13045487422079
-52.147077907126494
3.4038367996788708
-57.958402661808876
-4.940007444843289
35.031872197681224
-34.133061190423646
12.09677618779375
2.1390534632415665
41.93922009824266
-12.727507691941724
-19.618031554283604
-11.638886165981404
-0.37069354941523613
-34.10111903477132
-13.250705690413056
-29.23783922372006
3.5431063123797344
-52.66690436851064
15.460353875153004
80.57550788689585
0.4761720419766249
0.7848930655008246
-14.695701069702366
36.55222464158845
10.132638743179328
-50.263011700207535
49.66746954693647
-56.64666388422479
10.112564378470339
-35.72602854934443
29.20013726505772
-69.67445243000002
9.805550093314693
-29.44343717676817
40.542442469767934
42.28223103282133
6.328483398945821
-26.278493583463202
81.49809775585965
37.95221506928644
37.583321008892625
-20.140891008121514
-19.439264223632435
64.19989806983844
-21.113371310271262
48.92606074110418
49.880090359768275
74.91987553065866
-17.21922494154461
-67.34387672654759
20.193492291616934
-60.67550678140794
-62.96113751369605
32.61962405074087
-18.57469157579014
-3.361441158689587
-10.042978110284906
-34.89197296777416
40.40218301232642
-23.79831966457202
58.3565554421011
-43.31062152248359
36.79315173558885
-18.23204577977762
49.92243838472885
-16.386991196291106
13.284478725617944
3.4344327773747665
26.620560406086355
-22.991715490216308
79.84177510303493
23.07417370303341
32.54893434989191
59.377085636589555
-0.22953199103235988
7.263190560059883
40.514757692033044
-57.812462056404904
4.183034673903705
68.34714338565436
-79.49194452788949
-9.836132579351158
69.3962773591322
-68.97769668475621
-43.60586898883647
-11.09488924293376
-72.49949267437083
-38.08265942464004
37.280053020017846
-52.470570339021045
-23.328021019846275
-7.479930057238562
14.455574771333573
21.88318227465436
-62.930652182661326
-60.57106915285259
-75.78416501535513
19.94227477371929
-31.201945839544607
-62.07324703912326
17.777852370251694
2.977875109396578
-18.98350660591278
-24.445633136135314
-9.0938815096208
-18.573868214427037
-51.82284772608451
-8.74249001608986
24.1768964516298
7.527018032509915
57.360464966158844
11.94576072137194
-6.741595064010141
-65.88922021240197
-83.48507292576387
-50.008028869344095
-41.35334206384892
-76.83337973383297
-18.13170396525733
49.29014580508618
36.51716618153296
11.204318689903772
-32.82110534522859
3.542058261767096
-46.424015615203494
67.6085859123755
-51.88797162947788
-12.494767825684178
44.767617302051434
-46.46366263523472
-8.75721350766976
78.53032695864033
12.664758756177704
-0.23332623480078496
-4.1139082080739655
-13.09271161786404
52.53121647241352
18.46643320855766
72.1956461428895
5.473127357400372
-26.159648636614776
-20.737735875065937
-52.01682356737268
-21.357425497926286
-3.0580098119872474
39.24132830763011
2.104006941674683
-71.70017660594718
-23.08506665917075
-43.86833549422465
44.469511370788695
-11.339268730056617
-40.270230976208126
10.89821316143886
7.376810384939091
38.43718750588047
-52.161752478597066
-80.62599375524273
-2.9858947189503766
-23.398136396939094
-47.24000802294389
-62.312478622611344
46.60366070296328
-61.613344787475974
-4.436585323101667
28.642876937597762
-24.8653268714893
3.0084966310199093
4.544857120581042
-5.851172066282189
-5.285454033861541
-46.78791895815467
-45.33810475810264
-25.524887581086944
-1.8670767258956005
-45.808019704784584
20.38477108371187
-48.41517553255087
35.57881558698054
84.82548580549437
-5.275431866038986
8.504065028861149
-1.981385576125092
31.85203392768227
-16.100998576408102
-79.76854883786066
59.05501892723899
84.78553832821765
42.01219008955317
26.82756158258674
4.062216590455577
-15.076141609349364
72.34106979418365
-24.385786550408085
-82.4451194238186
-5.94055857611751
-14.166412228834986
-0.8335457958119719
-19.358819390888414
-13.798367236679681
1.0770294217975476
72.37389277469009
-4.584018907051828
33.12153183532007
54.023683430118524
51.73861531861277
-71.46487418202581
-26.841201070851866
-6.769149850615278
-43.60332952301824
33.08881289872579
1.3011433993020631
-57.499406431956494
14.030546029332044
-15.726966653101627
82.80950424721442
-47.59034894012556
-10.406629402941576
-0.8817428615404737
10.612664832203706
-30.00988109109892
-64.43003637729475
-59.9073692744083
16.90337473275369
-22.133698330431727
18.58657281584692
-16.37203993386042
-11.851921979127113
25.745300257837314
37.16972119069814
-6.997970659227036
-9.18205044097975
74.0381723556288
-44.11970152823625
30.58046989360443
-19.36329409802093
-13.357815877334161
17.91779230838881
16.55720140235836
85.27118141899155
-41.77287954579728
-31.159442163935182
-15.746509343691812
7.942954432315858
-13.028336690039211
8.28932237234416
-39.2686365133929
-3.0122480835100305
-57.82498003410803
30.035789515126055
10.829326580327546
-1.7965368026747228
26.157862501078995
49.22764049576247
74.4115055519541
-23.82120376958777
37.946930119275805
41.83359027983198
33.37326073744728
87.52301898241117
-23.061390012106088
28.81227055344064
26.59455725279956
73.62785511282993
45.87355712450312
-1.4071757806546543
32.35593065307387
-12.41132669487095
16.803701589664115
35.32553258146268
-32.78745245606025
-62.9823919765309
9.72277171727805
-45.38700554193026
29.54737580741549
18.96295300305114
20.698082891676492
-5.223227571767822
-38.18471495206853
-1.4285878249255717
15.274685640489423
50.316652896190476
-19.02589398400937
70.49529185076432
-57.484016104562706
-29.628603551592306
-44.56883087889768
-4.56660868107511
75.49537078477778
-47.44887062369676
15.15171374504206
-47.50558257573757
-19.90213333938999
-5.4128531391526735
-66.5356070583981
-58.619496195873005
69.89205176789116
-4.36209927128283
-43.67112789192283
-53.665734029165954
-11.368883790872673
-1.990129889993156
-10.815816505307637
-72.35348385959965
-9.586353189499263
0.5048502985857226
45.134174409928846
-50.80053910424959
-17.297765114394778
-82.94116960586766
-9.247106258189604
-69.99361898229489
57.20320287648167
-44.02887186738062
76.60355930528644
-25.60810448509875
12.197017058217384
-64.3764715532433
-38.79699417974226
56.17754201512324
-30.929195100867318
22.35740547978419
-4.762738077978341
-55.23471596503635
10.418892153088109
76.27258403701003
68.215774241957
-69.86900568346894
15.031022465110581
-55.864467325856964
38.07079552886256
39.61709848562231
-2.008480323724072
-3.966712532567172
-44.1140732165347
11.370558453637102
-11.235318225126605
29.246838588449847
-35.149480340386425
-17.325095552326303
-43.180307565684295
-27.297722452422278
-0.18792673417813432
-13.648262080861528
6.334285678173046
-18.33791335115457
17.93923101649365
-38.1804584286495
3.926873439631322
-80.16820709354997
-53.017454340489685
-13.823011377027214
68.95392164989636
-70.29371130102105
54.67563832344635
53.55929423286187
60.50091143068505
7.173116174875261
-71.08239344352263
50.99566475878137
-67.15125715650093
-7.332949732802533
-17.111375322801265
-18.724948162457025
53.39075305553129
-7.060885251242624
-37.34650239656577
-53.83041036010265
-8.03450811670595
-24.649645427053798
-8.210780128593171
31.49150833161042
-2.9079941034734134
57.7885008773857
-13.498187323471356
-57.01088515269599
53.52899396744729
19.214479862118935
-17.361187433108597
-0.40201916060148335
52.452436316727926
14.521394481528318
60.81400837180257
-0.05179040288885517
18.318027702132042
-23.974711835472732
-27.18221891049258
-23.783261349958636
3.9094110974026393
-21.15837450673513
70.88627147325317
-12.481118751723898
34.92242343927322
-11.46760572940741
-66.58925979147803
60.900739380043944
-57.07419717211327
39.15877453509671
-49.999507605281316
3.509667638458538
-17.525096325462158
-61.88561754631397
15.094761917895383
-11.568994372051847
-47.60591464874515
50.355869982371416
10.383002265380995
57.023055250035725
24.99271425143219
-40.962465142780836
-54.418211982644344
-43.473135326821186
-59.95110614145629
39.75353252861527
24.935114747166324
-22.160650700506878
-28.73893289185311
49.674560982439345
-10.963542304341246
-69.53134715572739
7.083141977695661
-65.46306807914365
-23.379474446066823
15.697780163524016
-39.7095754342631
8.069010470072115
20.408796378398222
-46.0969173618602
-56.60492505703493
10.865828402312786
0.2927959914085818
-14.11454767811395
-2.5639891871354195
-3.396315993987699
28.864997783897337
-29.666508594979177
-21.2240480650663
8.480514647849787
28.93609140796049
27.003445589467745
5.521488764498102
-69.69205670905859
-0.3579832259586624
43.220764310555154
-31.330213629846867
-18.630301910868525
11.235839646648387
-41.929332073063634
84.67279584394936
-4.936572130412216
-19.44140722920325
-34.36209351999702
3.3868185353847764
-23.532132437736422
-46.24682511460742
77.35740146996741
-28.57788407164054
-33.29057742945959
-9.483877478581533
71.85876304508466
-4.107123585297728
-38.89138369884612
53.884994679778856
-40.955022232132265
-12.763134785538114
-37.17735009366425
41.65042148880303
-1.5571143900110371
27.739575070936723
-0.5218035054433585
6.883639765873383
65.68227155580459
-32.629478222999055
70.13657648972188
48.1690953543187
10.90391839679124
-29.367179260570325
-16.9586700466497
30.353022631656017
-10.250746114550637
-53.19488468696073
-23.525943509723632
85.06604719313407
-21.610494943346467
33.028512774194496
-56.19935786822993
29.907248079283164
38.30455320881862
39.49719541987679
-14.703581369758624
59.095238225407485
-5.713909473076029
-7.679805991722631
-36.34974570849869
-7.234295804728944
-31.418058235076344
-17.67425833384347
-10.278912896939715
0.6817866743810725
46.45441236411426
-63.95981178938153
16.48646148125212
36.286805913283956
71.72164952346927
12.14088564550977
-61.0831221645322
64.46429109507886
33.48761522150207
-13.387245789702305
20.609059564998617
3.1094935432066393
2.577777456962167
-46.07697359929941
-79.45176402224341
-70.0100676620319
-17.41394168009812
17.68606212689157
-15.53528912116154
-69.57701104311819
-0.822995996658122
-44.13082909271087
-76.31580984659661
28.789706108565767
1.068229876920725
-27.824382749041916
36.923385777091625
44.14914343512862
-59.47196018456952
27.66011297534351
-10.795791301856056
-32.19679847361519
-29.382106604171554
-41.5090548660178
-32.4760245448459
29.49411380118977
49.495194991297666
-70.04608054360722
-14.640194067217777
-1.1789386379987832
-2.4631757787149553
-15.606111572168672
-47.86969226349691
-59.977293220701036
50.884203332720716
37.49942694028783
-0.10854269114160786
17.0911361356344
23.43885516679201
13.056540753753353
73.36465481642978
21.429079799257167
-15.496851395596082
37.03818155955332
78.61063143577721
-57.01528954910628
10.112017590911321
-60.49012832278103
15.90718456247805
51.56892870985649
-4.907131210968586
-43.61914894511828
-18.407579559168695
52.809975349624324
-5.990435356061866
-21.257028524427938
37.76763346616809
14.465234795834263
-67.00938949082338
-26.850864128968155
-6.654800669352724
28.44245897466341
29.35028647113856
-5.067514645304271
45.767746767737805
33.78136324890602
-29.007804178873982
0.06696169270514929
-27.750820030304112
-14.387065754000119
-1.8061332425467782
-30.52569482508933
-15.977032843023792
-6.878932997460268
-70.35728248323298
56.037096420802754
0.7854686932338382
25.938483963050786
18.00747748862547
-14.908120316541215
-1.1215524278247528
17.8235520760109
11.611479109190412
-25.1690718335133
31.4695063747655
16.040317034817974
-68.93494253836997
-48.275599257374594
-11.598283847284861
33.07813380871326
-25.11607793805139
49.70668420864118
36.74880785419023
59.152100713682785
48.637002820129396
69.79661759442826
-70.7243368351508
26.527397359431433
14.633982807908964
-16.479123272655997
-48.59850970879532
67.53493334258604
-5.970473213530411
17.10335722182944
-51.6289257619976
-9.793228645894175
5.406104553022672
75.33018879875155
-61.153270121716474
-12.999280510161938
-21.87820302647178
-19.69261685545395
-58.97254836170537
16.079142639505335
-7.353326137208811
-50.96439330573199
-48.15420926212975
62.39179641831896
53.54186790779141
-22.88062155177313
74.42256164732467
-61.1259375381336
47.8628270263286
81.48064040450757
-44.76389754198153
74.16445117174666
42.08880999455036
4.3722334088162285
-19.506285600765594
-18.263435273863323
-62.65756454856452
56.3672880260564
-12.921577240847043
-42.64546332974291
12.274038552777327
4.688673121125831
-3.970867250655118
-22.415472934506866
-36.7937843160223
-25.000889759111146
76.26961649397296
34.49366811962253
19.964066703837034
