27.941344011701702
-35.19147317296574
-56.535814679788714
-56.12844472010697
-40.7300360144176
-29.8943855027659
-43.698457630228056
17.674392775416223
-47.9945264444696
28.287060165364792
15.790796047584777
-29.063308820952827
-5.99458880891568
-14.88531606135895
43.579251486987744
26.491463205934267
26.767390509285462
-29.744816198193348
48.601500518369136
49.29338110424942
-30.83031204945179
74.52827958790658
51.06802150656429
-32.40048249442076
12.512230012456158
1.0952900083254065
-40.96319072296741
-29.081354207272895
58.24154445017956
-5.991526041698208
86.98625047649742
-8.246031765629354
-13.412109208110465
79.01965558063739
-29.359357227147257
36.38767799234745
3.1645640425584816
-69.24655611094886
-26.137296534126108
51.29622383801782
8.786222266281356
14.940563567861929
-35.11154375375038
-24.935108877016276
30.194802859102282
-83.58671722998909
76.01852653184432
-59.47629058767436
46.12288798337377
-14.641857461946813
-1.5191829493646054
4.436023654434024
64.75847073695692
2.4317909572435497
10.518246384700973
15.687906554384995
-20.491658136116726
-73.05146774114414
-1.2907245169242287
-1.1319251274589561
19.497013264544393
-31.566991967247446
36.64820416788447
-0.674975694209266
-15.630660757249359
-14.464333597078465
-0.008860151173891495
40.03276544115616
-6.899368004369137
-10.139818926567315
33.360081526858266
44.97637384823534
-50.36222985919752
-44.93690700481744
-20.291455072553816
29.00004119717903
74.58741032405467
-36.32759157408831
-55.67747466268822
-38.90809601360614
-14.822395860797343
3.593698026988122
31.649533421375082
-14.64431145474694
77.4028403925335
9.340759686805214
37.82789335543728
64.88820708314327
-54.44822736533696
30.57217835887363
-51.81940469595614
-26.884731726110644
82.76765217216749
38.37880455288476
-34.62745016518157
62.908688490196596
-63.42118141702713
-29.6978547730253
24.88370696625836
-16.44188369640841
-1.5392514136444078
87.15457705367623
-9.263011662752362
-64.47286543682947
23.928580963647875
-7.636098526115006
-63.60337113401904
68.04014793838851
-60.69392116960929
43.64490624903328
-1.1194253692621459
-19.38215243341233
8.492620073276527
-9.567541107903423
-71.95112047697134
31.115476442041
24.42285572218023
-3.440653410085531
0.32767488386272703
0.6576936178378645
-27.231705742938203
-49.21266472044532
-4.506973693990886
-30.464115193722762
-28.521508711110954
4.0861871872639455
-51.84167183579718
-51.845332765333254
62.18023263909291
-54.3030824607422
10.36609898609116
9.940579558401922
-29.12233987735938
24.659244791953398
-17.06128567624468
-0.6883452334909492
-25.671653210746726
-58.22135115856928
57.14577425869311
-48.81988894366312
-48.36393022702532
-19.241549241507187
-36.339298424184506
-46.128265166134426
-7.977369356454474
6.336964762946906
-40.41326571194697
-27.43595033199756
-69.7111589219935
32.45759865054288
-81.73346528919404
-2.4421175952187326
-4.815379007226483
68.87619316207397
-3.6050548507822953
33.635008892179854
17.787254556089223
-29.925609375074288
-28.42617061735676
-48.22323118735139
-49.02679099455247
21.391109663337645
-34.51977369801438
-59.12488470617465
65.68968504677099
58.46558016548863
6.473415238492137
-62.551424443052774
-39.68669958576854
-27.862156751008825
76.37784108465917
-6.2435759495947565
-0.4003109637010027
19.50548970308347
45.838174250967114
-10.6940928248071
5.292206052616237
78.66121763801644
-6.170742928063987
-12.787004631890937
-17.17686123039148
-58.72871962733589
27.733661144652245
43.95622914983713
88.65003902708415
1.775476151634109
25.352303426640333
-28.537291091990497
-34.25932911482614
-41.77774831336457
-14.14002364272308
-83.89197802973305
35.770632463586026
44.159791443952116
-44.427618829037286
62.45145632656863
-45.94226521705439
-15.07809508183837
0.49731866343132936
70.5372941757602
59.98246119106989
-49.214048828663586
-54.55792016249757
15.556497815428258
-47.864896968933074
19.689780123914048
30.209516698109553
76.06638550283333
-41.53308418559884
-11.404996637707299
1.8612121899467837
28.01845417751352
25.144707403867613
81.3139399273096
33.369636486364556
18.36030557336376
41.04500955602941
-29.059952888551635
77.29764244439019
4.710342496971492
14.003635143117037
27.01375871372929
64.22017223453227
31.10131560101533
-3.7989289030779645
-38.0010724426131
-73.2865631279921
-36.44373443543406
5.977441843213612
-28.65846943573858
70.86017049504684
39.72923887312575
-20.485314945539088
-74.52107586193429
63.544089471131514
49.10925442711084
2.546550742092535
35.73602577057608
-76.31320132880828
-30.91174453290982
34.23107415278312
-39.311905767707565
6.935228262368952
52.752968741209656
4.590339150365978
-64.58694587506614
14.660278760405674
72.65923138280249
67.71782913093799
22.367573359278694
61.82370345824893
18.71799437459498
9.895181961758723
-51.29896781534336
-0.6276245909783427
59.065317579303525
74.29660515423049
-12.991677406247106
-76.52243057731809
-48.75844288462017
80.18555058395165
50.52928664978876
-27.87181904593666
-41.158529786292526
-23.065423328129597
0.9818653780824036
57.79047609211932
-23.388346156966236
-58.73745763374811
-2.526855279775532
-5.482116589509488
71.5011205022621
2.1680605763032617
20.529903889604313
-26.381263387526417
63.98159890243633
-9.564569171941784
-33.894376169865765
45.2361811264129
-80.70407888004283
4.214841775256815
-41.108640854616986
-10.59037610160189
61.92789060157159
27.693858609919104
-32.57372083112266
6.20559181107329
-0.9917456742394819
-2.924560644690729
-53.529176621217516
23.5604900277862
51.003318923881295
39.71433005315339
-62.92499738383305
-40.40029409244221
70.74816810828037
13.696355535487072
-25.191125173528278
44.10707373932786
5.571166291991787
52.512865354258935
75.81992134691708
-4.659215538047761
-67.32715034232557
33.009519126768964
26.545034337041244
-3.515525312856326
81.20709881792698
-32.08159021607436
0.2126048827083764
-36.4044241296796
61.375516540218
-34.07916428024985
43.04021645512708
82.02595049025132
-29.83222815853391
74.28755411053612
-35.5498930308842
24.493548956593642
22.341458541565473
-12.100660653595142
-72.12719336908364
-83.06080386449213
34.3333261961439
21.55247925365694
65.92572703197052
-37.65417604250027
-53.95291238162606
-70.27313752264038
76.51579256063798
61.960300571293715
-3.5197020944915067
80.93058976309527
80.67574511205211
1.5122600439503628
-7.940048537516006
2.3627912800742052
-28.493396081251078
5.3785804192764886
62.33572537842261
52.15853295466607
-58.091071115267766
-79.2212967078404
-19.87910886780277
0.6309781495055944
-51.83086613914437
-7.4052853830093
36.19858270745161
-52.08868152854477
3.3450398507556685
-57.898060723803255
-4.950613180362993
35.0666546912137
-34.138291815305045
12.113079898028275
2.065978677772506
42.08106171463612
-12.828187044895785
-19.753256230853054
-11.741005374227456
-0.42231440384938423
-34.06004669567282
-13.388062666936634
-29.271239058584555
3.5168409529146913
-52.694564386017966
15.397467251241494
80.64874936480905
0.40925547660890516
0.74509838491538
-14.70768611470487
36.53073959157854
10.04410675850643
-50.2342039164668
49.66236636544238
-56.585737753156835
10.118237849408686
-35.70421239303937
29.29321915489355
-69.63509557674186
9.799912772714961
-29.44398085649317
40.52626518907476
42.32175890544326
6.3268142381627115
-26.30181930709017
81.60248501775948
37.92479794165405
37.606378557913956
-20.11510761640737
-19.410107473505207
64.21965976514491
-21.220179754395915
48.980210623785695
49.989983137432944
74.96216311375164
-17.276709461346712
-67.28931160922474
20.24121479086837
-60.70262732551944
-62.925464261501325
32.704770417678645
-18.54734014948555
-3.4149389114150495
-10.057193840643478
-34.85521986573164
40.387929244081704
-23.773292748656303
58.36699449076872
-43.25115114499362
36.822201056410535
-18.20606151293387
49.98846582739415
-16.419554033859356
13.26665812673589
3.4302615741249696
26.700329342312344
-23.05584106103835
79.95393120397875
23.078668266610933
32.55113557558647
59.406999366362925
-0.29594901494650117
7.254255234425614
40.50581169393095
-57.751357361499316
4.161645510350269
68.47418749164157
-79.47228548512744
-9.866771129142577
69.4270356829897
-68.98526411485939
-43.67040523512015
-11.232294049661718
-72.43942614304446
-38.14111175215886
37.257744489926836
-52.41608975599649
-23.295415451988575
-7.509093996327209
14.413629906795123
21.88898242338979
-62.865089899044285
-60.501873791748444
-75.73604301966859
20.002251585770296
-31.183972218716647
-62.0186276644696
17.773373352278
2.9178439942261463
-19.05757627686009
-24.4069958435838
-9.177854191103236
-18.64530537715825
-51.75729462347348
-8.729305089388163
24.11659506279956
7.511594198771093
57.50763070764614
11.882512813568184
-6.760232175992684
-65.82348090387745
-83.44612495699113
-49.99055422807384
-41.33993661570054
-76.77807507005338
-18.10530630648165
49.28264093125381
36.49308692405779
11.195535515364355
-32.81076116111096
3.492149088279305
-46.36303121516141
67.71452120317804
-51.83904833544075
-12.47713440356435
44.85490317847024
-46.504196610519465
-8.774477352507617
78.61572384952024
12.684975867228601
-0.2836930372509556
-4.153094672165693
-13.074199984032589
52.53365508539494
18.44356754782814
72.28487695435354
5.437738104066327
-26.28348707834617
-20.83609983877915
-52.00816241355319
-21.392374220964797
-3.0580819136398105
39.22464322691667
2.0487780426133355
-71.68585723978802
-23.228150634434783
-43.873104005881565
44.5688838975604
-11.38743511588875
-40.29966962318774
10.896078917847191
7.307683338765429
38.41497502741046
-52.22556304717311
-80.61289288649611
-2.984516001035061
-23.464412436853678
-47.196610703338145
-62.30980145599264
46.72552549918521
-61.5669295530314
-4.520230483687683
28.734822922227607
-24.827922295769895
3.010134074493209
4.544835894562937
-5.84795505417965
-5.276754090220649
-46.78811033998285
-45.30589431293541
-25.54233639282849
-1.9239455783247763
-45.902273204875115
20.35523132589303
-48.39903136653523
35.68293921535309
84.91742380567038
-5.37836823792
8.509806113937373
-2.01851708979585
31.831434569280958
-16.205682836998534
-79.77019585217913
59.07459599354661
84.85265893759092
41.99686442420446
26.88376611699978
4.059859767711146
-15.120557035360761
72.37803203054852
-24.484644017693725
-82.41237384883065
-5.94873439994592
-14.263145914606838
-0.9399095734932388
-19.35738281005267
-13.814295291852659
1.0769830267879996
72.45650338588382
-4.6709519292767965
33.19947091114983
54.08516013808514
51.74007655034933
-71.42199926535545
-26.86074447217206
-6.815988640803553
-43.54541378577664
33.19224197248323
1.299452083844642
-57.459606903074985
14.04910134438606
-15.756603902771985
82.8963768767878
-47.64647613484705
-10.461097204037628
-0.9161474689696831
10.593683490613031
-30.128344145749793
-64.36348603552402
-59.8607082479797
16.888574405910305
-22.273418147618713
18.50148165283109
-16.350698293859864
-11.833966905501455
25.711069247340248
37.190478164720304
-7.098721880484646
-9.253016886628089
74.09757239643253
-44.0564845592047
30.531484334012106
-19.345946853830725
-13.369968598504343
17.890039515300828
16.53089666599807
85.34888873674439
-41.770533131357446
-31.111344317110834
-15.852570890776263
7.925297543468147
-13.010771147999407
8.274528163689126
-39.34508361340096
-3.075147491587259
-57.81863030449599
30.013578686715718
10.788317866240732
-1.8800084485269224
26.13546011261552
49.221672358099255
74.53019160824704
-23.819905219315316
38.03263696642554
41.90059046326675
33.35291172911985
87.60972991076656
-23.05190037687855
28.78520580059245
26.55586523513645
73.66781413255342
45.88322439975681
-1.4086111179101977
32.323264948160585
-12.414934471768987
16.845639167773
35.401111496401256
-32.76408227227252
-62.93072295046398
9.725475359880164
-45.34675236382564
29.654853530683482
18.97321743427331
20.69389066252201
-5.347904577154296
-38.21531419648518
-1.4970036479699473
15.288892708160574
50.33836233358272
-18.998562958325138
70.52967754686432
-57.41534180152367
-29.582833596194604
-44.52874502454891
-4.607096166851463
75.59986232523349
-47.495675110451465
15.100286256975892
-47.49212134929892
-20.032772200199503
-5.537075212395948
-66.47323645383882
-58.550085743873716
70.01447155386279
-4.4539952948872354
-43.76520525373178
-53.60214417380469
-11.387197156026886
-1.984989012391111
-10.874107124549937
-72.36156762916211
-9.694008262583495
0.44725793218178467
45.12663016209902
-50.733144249201835
-17.275882497074605
-82.89747644563911
-9.244999683740048
-69.93720323774417
57.3381592615394
-44.01810700726196
76.7118351188715
-25.61349081405436
12.215440290580744
-64.37714777003319
-38.82517543653856
56.21350910632029
-30.890314422780747
22.38147617754167
-4.842700314178003
-55.20043741233044
10.427648297991453
76.33914417259942
68.27986862365654
-69.85983538440938
14.959463978931566
-55.79619040930907
38.12437495431428
39.644170407792586
-2.0785205703562752
-4.048440581175512
-44.05534785760893
11.361535749174976
-11.231918164691251
29.296101762581273
-35.202982173594926
-17.32252109746392
-43.117751940799764
-27.254765240987865
-0.18416761736554577
-13.72137225461502
6.308366357347552
-18.486333685702533
17.928558005209666
-38.27304927122109
3.918309756652164
-80.14836703961366
-52.95080599647532
-13.950660438221448
68.98639423023988
-70.22988502130426
54.696107170387705
53.55843306094607
60.53713550458744
7.177051088466072
-71.03503096728953
51.014360631659514
-67.09987622910114
-7.394964067341888
-17.099152640513083
-18.840661540502026
53.42691351596744
-7.107174517908234
-37.29148175305221
-53.77282689953413
-8.021375567541924
-24.7266342700387
-8.218215742460515
31.463519747359612
-3.0053779059509793
57.93078108835499
-13.631974442157713
-56.99913372325085
53.610237817120435
19.271677731762168
-17.34513963184135
-0.4336888236001073
52.56103737966612
14.471663866784496
60.83037107215972
-0.12262225416107242
18.36931705010798
-24.029803943680847
-27.143811500452117
-23.914264179514618
3.909523707367512
-21.305516616608102
70.920061223402
-12.465348105595837
35.048188435707885
-11.584639722602361
-66.56978420448327
60.92264384349366
-57.02866509078718
39.24230646638986
-50.05911791137443
3.4887808945226197
-17.573306930683927
-61.834126936728225
15.082456946840495
-11.67736366645586
-47.540825047666125
50.359018703430564
10.351817249540929
57.028654505098956
24.979713870370702
-40.962709297186365
-54.368344494587674
-43.522446580968065
-59.89617421770537
39.88358033758877
24.966927771174483
-22.275784337487877
-28.760885947393234
49.7824276977764
-10.960921855530316
-69.53313154081349
7.065315640352637
-65.39742223489237
-23.47241156130356
15.714890143239401
-39.75161466437703
8.074932557943697
20.381232046060475
-46.03415773954921
-56.5758986619682
10.829865889539192
0.282736040578385
-14.120685355053809
-2.5629638244404305
-3.4891793492408993
28.83497198617063
-29.664703815255862
-21.31712705414303
8.468630041473347
29.024902147527214
26.984580847809113
5.412729103768015
-69.62944367869851
-0.41137763780605496
43.204765794038906
-31.374175262992637
-18.703955511979956
11.237298456979374
-41.98058695490448
84.75556287155169
-4.977037279476647
-19.523193470265326
-34.485098781000715
3.3756432519338517
-23.66627726954451
-46.24219332711713
77.47504226356872
-28.63814581443779
-33.300715280341876
-9.52523367607057
71.90571676382083
-4.223310099386069
-38.85600009913315
53.95577763139585
-40.95275785831307
-12.760771848218099
-37.18324643838402
41.64265127982699
-1.5519247988941913
27.70709120267223
-0.6247426329797747
6.887733772003699
65.71713774289515
-32.60469108714797
70.20469888477561
48.16865028132324
10.916433670138616
-29.458260280622326
-16.981349834844792
30.324041750373027
-10.340825375774841
-53.18860899095165
-23.54038847028069
85.13096948295606
-21.73647477114993
33.013912422728424
-56.13011305703437
29.917835398430242
38.43796191790557
39.50125746273079
-14.692883138166323
59.13191216295027
-5.746443150338621
-7.811713834506577
-36.34699259322646
-7.24393202394684
-31.5316006148485
-17.767451792304698
-10.30087688335496
0.664442497358877
46.443820724151976
-63.907458195752554
16.463984072652067
36.272682093425885
71.75707451290077
12.149883513619855
-61.01401941729981
64.53516317660322
33.59700963513194
-13.430031714218686
20.60297806850349
3.0800396742672405
2.5542213655320296
-46.07145813767712
-79.39944960920897
-69.94969373525743
-17.50792260548522
17.733434437082494
-15.513906003351224
-69.53237451112867
-0.8937301889734925
-44.07691690274343
-76.26056977917773
28.838244984058633
0.987678288132912
-27.812754679312533
36.94176022569533
44.24622577403295
-59.426963516430284
27.671467835755706
-10.819429700923692
-32.293958918511535
-29.393051550538274
-41.51460016006716
-32.55717896132737
29.447439065544472
49.49816392418106
-69.98230298446653
-14.700323817754025
-1.2449347490834697
-2.568422364960526
-15.724712654022952
-47.95451150303797
-59.94784310430691
50.96520689587061
37.480076849103995
-0.20766301254366226
17.13334957450921
23.512663971760787
13.032267939956853
73.45165205954962
21.477443053576422
-15.536611518458017
37.109844584903016
78.66200478361009
-57.049830759363836
10.026281327757019
-60.46919343856861
15.946677915502377
51.5763181577868
-4.901248488398707
-43.659988407134925
-18.44453705905542
52.81172583890432
-5.990515427667475
-21.262529145066623
37.76256561308554
14.45496964084144
-66.96464260992913
-26.98264182622397
-6.781469457779508
28.503388178366208
29.430475876664985
-5.084357342055327
45.75887736491666
33.756092308499916
-28.969701543421607
-0.003833446862358869
-27.743681184966107
-14.365913461040506
-1.9024027859784098
-30.58300765373906
-15.977728328907247
-6.911174354017106
-70.2931598622731
56.044176297665416
0.7725098576860887
25.989609196516923
18.008224263336317
-14.943877142857701
-1.1251440464181854
17.800610411323404
11.627463278045255
-25.24060837184072
31.438056502472165
16.000498680705746
-68.88911045243432
-48.35020708033302
-11.589885724373772
33.04383292895855
-25.17109387774468
49.70293506111386
36.79798462618206
59.16159320484607
48.62910195267102
69.83963994853656
-70.74476877874386
26.49438429676782
14.665236186698621
-16.513745994867264
-48.642547907317855
67.63507500147512
-5.995023989152472
17.059522727733807
-51.56086790297864
-9.825701876587033
5.390256551200366
75.37370239069509
-61.14041364086519
-13.003214711839775
-21.87860184332142
-19.74521466130436
-58.90324301618433
16.1191447291759
-7.347975756087109
-51.01177354209371
-48.173462868813125
62.45100046964657
53.55492902669209
-22.97050854310008
74.46702191051392
-61.09675506761099
47.914184073189006
81.54782172062684
-44.78019977244261
74.207803390458
42.07066607717479
4.288315898406367
-19.479250178139537
-18.297456603450314
-62.610957825430546
56.37216332139772
-13.02251044530449
-42.65240486111296
12.268599493707939
4.690160236000835
-3.997784565400636
-22.477967500104626
-36.84018077541435
-24.98777862998506
76.32059930322558
34.53484949190096
19.952786450445814
