27.854282345033994
-35.20958184639037
-56.556325740605686
-56.14041208547993
-40.73297796423989
-29.873426112060272
-43.74550780718201
17.633219240931595
-48.044375980471685
28.24617549887202
15.792536695748666
-28.940161690440462
-5.940824240606574
-14.76834048867579
43.588885999083715
26.39680966301613
26.725446615140655
-29.79226398609744
48.599699405932256
49.301446836604015
-30.879783183587705
74.45161130228124
51.072559946002855
-32.4350904818465
12.498874659111422
1.146473718404124
-41.02180708767583
-29.012503295908303
58.14603366466713
-5.96278892593908
86.90970003580267
-8.119342384645805
-13.270954462229227
78.95595830555368
-29.374129349438206
36.38251145047107
3.163863767632961
-69.23191096542016
-26.12397823385669
51.21849708223388
8.779583501875138
14.915149405719234
-35.165968111932514
-24.824673649644723
30.220269098260104
-83.61576515240004
75.9704107839317
-59.53617746833324
46.13111639891227
-14.60401320576662
-1.4662411684713987
4.474259214843286
64.69661927859184
2.438876237972309
10.60917612892149
15.758544385001045
-20.523411269109857
-73.0670783593209
-1.2943971122752487
-1.1015168809786502
19.463878470911993
-31.52787445108936
36.58274884485809
-0.6345907973885545
-15.611695215792466
-14.390392739706726
0.01727885258726758
40.05299935605862
-6.770191547840085
-10.075550137525951
33.32714061623017
44.9910286737755
-50.409606919157525
-44.96159304844367
-20.238637871843324
29.034215652309967
74.53776265337152
-36.31704285547785
-55.69883795271763
-38.88114774111
-14.828674538531772
3.6249841708556403
31.63443140198018
-14.595276565007765
77.32291492295164
9.420608251656404
37.82746215559192
64.8606423126763
-54.452824306362544
30.61948571992815
-51.881069195559554
-26.791013075439295
82.69085415201258
38.34593433799566
-34.656307577197325
62.779088122195276
-63.46570664333061
-29.722711754471504
24.908472183901196
-16.466691259765042
-1.5385615539652804
87.07831435920994
-9.261249896390368
-64.54230002655297
23.944789502222278
-7.597784516513414
-63.58166744823379
67.98962755938447
-60.70326037739485
43.6550031197869
-1.0707139982779807
-19.38828518458432
8.48594511581436
-9.575041633771974
-71.99728604564103
31.01367693339273
24.437530656605546
-3.4101607098115068
0.383640211673935
0.6867860167454154
-27.11688481437656
-49.27756383746199
-4.504116999610645
-30.513040886442397
-28.56640547954153
4.128555101573127
-51.7874596130583
-51.90506720070532
62.156959477802644
-54.3713870381178
10.357537208002654
9.934455181043234
-29.135627955465253
24.689323571566433
-17.08671929753521
-0.691962811884693
-25.58726378507157
-58.26607466574416
57.026326022075125
-48.886267809063064
-48.35402553325903
-19.16036549720434
-36.31647241869521
-46.15153418625744
-7.8974244439690295
6.335083712192144
-40.37047630378922
-27.464190673245866
-69.76256272157156
32.36999478424761
-81.73818635775328
-2.3471326822768646
-4.804953205233971
68.74462869122138
-3.5800816378753098
33.54623758927406
17.784637386836053
-29.96608613087193
-28.470598505075287
-48.284023172184924
-49.05956253768244
21.43195738382407
-34.41972380927331
-59.18374700732934
65.57610986504244
58.45294399470151
6.505449502530226
-62.59418408116086
-39.66985970614272
-27.76422857889628
76.32989023929326
-6.168750210453609
-0.40393273332830404
19.480669639271554
45.70218249810202
-10.649322105218218
5.3101358677185715
78.59221171174028
-6.112212872919557
-12.747174352815648
-17.128250346879298
-58.77216341027124
27.653516908947466
43.966134221322505
88.55133265795084
1.8379730816408113
25.31648708354122
-28.534965951874014
-34.30145231794256
-41.830617908230806
-14.10732333221128
-83.90253333392606
35.79351028409897
44.11451725596473
-44.334506332051866
62.416323635698774
-45.99623845268581
-15.003315011167274
0.4964970494027483
70.50323399045985
59.89270534334344
-49.26709821907599
-54.621955517699234
15.581043390423972
-47.92563885536579
19.7188235250767
30.17240111357752
76.01807886534053
-41.470115833810624
-11.38450225428852
1.9329244971795134
28.012551627907087
25.176751753249974
81.2343007925314
33.32307761585372
18.35231599433294
40.997678254674724
-28.91637407240802
77.2384895257471
4.837142198132909
14.050952443278959
26.931369620511248
64.19324571823529
31.130093067604406
-3.805763401706969
-37.95405608198681
-73.33636074835621
-36.42687274081875
6.005653839934837
-28.666880833530755
70.82230894618033
39.74803695114983
-20.41896385600009
-74.55721504589984
63.51276508863751
49.11524943375963
2.614601915526208
35.758927788347336
-76.37262448647114
-30.872410567387078
34.10962429566621
-39.371207750011635
6.9309262953964605
52.75074787948773
4.626186556714302
-64.62625535213262
14.638877180514172
72.55328583073438
67.68108738050739
22.384843565823516
61.80816753558878
18.669786843814336
9.900655253132697
-51.25604476151069
-0.6013180129345983
58.97577498501562
74.25035074135329
-12.995259434518289
-76.51368697663887
-48.6942960281281
80.10693043366157
50.45220640072836
-27.847910310938616
-41.21733283907433
-22.967080519254196
1.0479277940973617
57.7781610638705
-23.280361108367913
-58.80857990418503
-2.4483109285197884
-5.488770608583295
71.37362881648909
2.29447518017065
20.54500574063303
-26.40999100895452
63.85445020804255
-9.425224233721295
-33.894824486129146
45.24759663792048
-80.73588783760208
4.2533927138567265
-41.026166519502304
-10.501379278797387
61.906424137718176
27.63266920438521
-32.59168941158737
6.220595865060687
-0.9437746810594945
-2.846941073592106
-53.51130918229534
23.591844627360786
50.907125426153584
39.63358582260096
-62.89889966680479
-40.334365820140874
70.70886075636432
13.741886155158639
-25.14364741964367
44.12074507279172
5.578251488649556
52.50768195753389
75.77169566865655
-4.667032429509689
-67.32176033176552
32.98287931010478
26.570492706457784
-3.5148609784413054
81.11062067830588
-32.12921685261961
0.21799906701257044
-36.36872928650975
61.274895039162885
-34.12242414719383
43.00856440796363
81.94137511187014
-29.874965741485468
74.24099855543827
-35.60222295251097
24.424009832963264
22.380796567333647
-12.099408765286142
-72.14868608440409
-83.07491155349781
34.35648966384247
21.488996672871664
65.85084007010988
-37.66755673299712
-53.988278897424784
-70.26619615822628
76.4685169301905
61.94301414027541
-3.460434890561828
80.85191027883178
80.58686936991725
1.5962920090069161
-7.873757802178645
2.4403067700692134
-28.500387235718335
5.49291702883572
62.3173547615491
52.141776431436256
-58.11160510916387
-79.24197968951292
-19.86060040665913
0.7023034008911111
-51.89866160508408
-7.333999088421493
36.12874930847039
-52.148441458119876
3.405475158582732
-57.95978034353446
-4.939716713045357
35.03106089877048
-34.13270306978044
12.096371512856976
2.1410831914702015
41.935512220693795
-12.72478575973443
-19.61440621617659
-11.63604670959306
-0.3692608695815238
-34.102289958107676
-13.246971254971015
-29.23706151134037
3.543854199919565
-52.66634391607767
15.461835212584987
80.57342684466389
0.47802883318121303
0.7860043616344825
-14.695326760902788
36.55244756755059
10.134876061353737
-50.26348179533183
49.66735700253096
-56.64829744278576
10.112471219909438
-35.726728098348225
29.197702267313744
-69.6754877418098
9.805743498048585
-29.443533339554023
40.54284307409608
42.28129782802827
6.328570880593858
-26.277969788709086
81.49524936939812
37.952542607769146
37.58281753415321
-20.14162069424154
-19.44006775603806
64.19913925568599
-21.110541836015045
48.92473862010968
49.87728608707846
74.91846095740459
-17.217722345179695
-67.34499934440409
20.192271286463125
-60.67493677563052
-62.962148538288545
32.61743449932857
-18.575408734397726
-3.360035281300952
-10.042613364209927
-34.89282885896969
40.40220694582649
-23.79905012767209
58.35599861661126
-43.31223306122457
36.792492677235714
-18.23276814793408
49.92080418750223
-16.38603737353567
13.284965732487365
3.4345815991808024
26.61848067991653
-22.98981813904787
79.83875100800338
23.07414100413692
32.54896396920381
59.37630456331948
-0.2276910204335536
7.263471220992628
40.5150218235886
-57.81409307031838
4.183574397327561
68.34383719041821
-79.49237061199356
-9.835320532312068
69.39524968041266
-68.97757337710227
-43.60432071572766
-11.091137901577369
-72.50079575767423
-38.08125372234086
37.28043517762049
-52.47207846976911
-23.32893295001773
-7.479146160918177
14.45653731489871
21.88311390388452
-62.9321819636581
-60.57278286758552
-75.78531093373924
19.94069619904367
-31.202281443613998
-62.074708627196834
17.778039087422258
2.979397999598305
-18.98156141537507
-24.446671289171064
-9.091579694671651
-18.57199241515231
-51.824584873578395
-8.74284554537276
24.178228530817336
7.527472428343572
57.35665601262653
11.947285053564329
-6.741091585024691
-65.89085581650373
-83.4858692107264
-50.00863880500109
-41.35344748487903
-76.8346375037099
-18.13239492299256
49.29015111735799
36.51765329769049
11.204592607474567
-32.82149985731422
3.54345289525898
-46.42552586984017
67.60583802813332
-51.88903544740334
-12.495229689162102
44.7654156181016
-46.46276090440084
-8.756759959077101
78.52798910588868
12.664262849137828
-0.23203202234506648
-4.112878561936569
-13.093222459132804
52.53110808589017
18.46704174756296
72.19328840073828
5.474125430585943
-26.156389577499425
-20.735135950423427
-52.017206550015686
-21.35656136883594
-3.0579951728394974
39.24144993028486
2.1054096258630324
-71.70057879418191
-23.081252642771318
-43.8678924670097
44.46698166519377
-11.337985413456607
-40.26960814509003
10.898323903711884
7.37853693837144
38.43766241490786
-52.16023542045404
-80.62624102555584
-2.9859215104597183
-23.396174442828837
-47.24126319862445
-62.31266976984097
46.60052416310279
-61.61424723040359
-4.434285155035951
28.64046945327074
-24.866356928410227
3.0084883441987387
4.5448979961173706
-5.851248104206462
-5.2856801734643994
-46.787577936444805
-45.33872323203878
-25.52451682351139
-1.8655050419248767
-45.80567825967002
20.385493939949498
-48.41529119523489
35.576116412974045
84.82289536240586
-5.27260150650784
8.503964808413201
-1.9803576076647005
31.85258793070642
-16.098190048964014
-79.76844190065168
59.05409176547033
84.78349068415972
42.01216637610108
26.826143799296077
4.06231849978623
-15.074982950662474
72.33980064300695
-24.383200061387996
-82.44580228837872
-5.94033420605254
-14.163809423470497
-0.8306030401872277
-19.358918957518554
-13.797975086345474
1.0770502516947147
72.3716993984282
-4.5816284422887605
33.119544600162556
54.02215754182981
51.73826232359406
-71.4659693460832
-26.8407813236515
-6.767892903604093
-43.60476587302157
33.08611664949902
1.3012184152498776
-57.50055063037851
14.030112699958295
-15.726213990791052
82.80706740141724
-47.5890342359009
-10.405167644634162
-0.8807853318588172
10.613165606043694
-30.00679848146487
-64.43170400348406
-59.90866389811224
16.90380691455327
-22.129969353939543
18.588641095783615
-16.372589871077466
-11.85241112471391
25.74598281338733
37.169277182635255
-6.995210169501092
-9.180126916270424
74.03651583176159
-44.12136665062699
30.58143928259753
-19.36380829763496
-13.357523188832971
17.91848656865625
16.5578680535165
85.26891216968377
-41.77266163766509
-31.160708134902492
-15.743660159820664
7.943467900429965
-13.028793947066248
8.289757764366513
-39.266751696076895
-3.010514843959683
-57.82528794822728
30.036381528285503
10.830296140461883
-1.7942300922138514
26.15846789210711
49.22755581847363
74.40837127980902
-23.8213216347157
37.94475116853738
41.831929405238895
33.37380179948906
87.52050441418058
-23.06171882022599
28.812942603260225
26.595305536059513
73.62648495793081
45.87336407756899
-1.4071280452063206
32.356457978058785
-12.4112585345069
16.802611546377648
35.32362040030668
-32.78793064406638
-62.983779859008976
9.722736122524864
-45.38786504281432
29.54453647463515
18.96276154300297
20.6982675041572
-5.219794101331331
-38.1840539314465
-1.4266957923926924
15.274377923910066
50.31614453398089
-19.026606398642784
70.49419707003969
-57.48577678760351
-29.629807862823895
-44.570004976192855
-4.565500115770874
75.49259136793776
-47.44780385913767
15.152898069821205
-47.506091205849806
-19.898637049156946
-5.409433221225072
-66.5370023912996
-58.62123244098405
69.88885705106185
-4.35957030517568
-43.668784674876875
-53.66743285844196
-11.368360388381376
-1.9902503210955587
-10.81420867409139
-72.35331215402553
-9.583417031247365
0.5064502183449235
45.13436480728066
-50.80229377700949
-17.298382988607614
-82.94207272019875
-9.247145793710658
-69.99479119706224
57.19972402552648
-44.02930872760642
76.60067132492549
-25.60782374123204
12.196566969034805
-64.37656316921723
-38.79639961461239
56.17664722211367
-30.930299309774185
22.356852528842495
-4.760541430859561
-55.23530296091444
10.418695878973935
76.27072796738221
68.21408322651962
-69.86929893113015
15.032743635383127
-55.86615483938828
38.06948800969002
39.61649023637767
-2.0065456547027054
-3.9644631811903537
-44.115531524636545
11.370838653764778
-11.235385573000471
29.245622823522936
-35.14774880200141
-17.325105693055022
-43.1819438160424
-27.29886951165092
-0.18800576142209025
-13.646307424010786
6.334928998047985
-18.33391235756038
17.93956932768303
-38.178131844655226
3.927141761147965
-80.16862651038994
-53.01920702572612
-13.819550412016525
68.95290984539363
-70.29517098526614
54.67512425519334
53.55916976317056
60.49997143588209
7.1730575353244745
-71.08359575095193
50.99522384399219
-67.15227718073906
-7.331262640841317
-17.111658053333414
-18.72185485176682
53.38987215477539
-7.0596405604351276
-37.34792114814618
-53.83198378433365
-8.034855503325787
-24.647659288447016
-8.210589695993107
31.491985180298826
-2.905306726721861
57.78482388769601
-13.49455375303755
-57.01079118030767
53.5269534663328
19.21297246897764
-17.361577603644577
-0.40113481277191454
52.44966842330001
14.52254232092217
60.81347957562127
-0.04982709527990892
18.31668199652806
-23.9730563994452
-27.183290017473198
-23.779786293867815
3.9094404978586823
-21.154432331832297
70.88514581560628
-12.481526343075387
34.91911498736084
-11.464344777728243
-66.58984268929792
60.89976156052745
-57.07510973478987
39.15665960417468
-49.998102364202026
3.5102689696085037
-17.523848965589494
-61.88667724430241
15.095131576564427
-11.566051576771272
-47.60756840338118
50.35540777765675
10.383755816486357
57.022704541020886
24.993115828074025
-40.962181015661464
-54.419608263415455
-43.47199374605509
-59.95259040129119
39.75013879772089
24.934359774911485
-22.157600034194687
-28.738458702217144
49.67181119213447
-10.963589460130962
-69.53136629721
7.083661937262775
-65.46459355111682
-23.377042962001596
15.69739446917913
-39.708615628870184
8.068901080430422
20.40949193762087
-46.09859836919328
-56.60580922529698
10.866683071525472
0.29306136246887604
-14.114420119730113
-2.5640062351413064
-3.393755829974765
28.86563673189498
-29.666394071886813
-21.221357053917302
8.480849356683905
28.933774737438426
27.003977677190306
5.524340321105868
-69.6934570332193
-0.3565016599030031
43.221103241681504
-31.328791355718394
-18.62836571711452
11.23586007435621
-41.9281339985267
84.67042411699694
-4.935465956715774
-19.439253488928514
-34.35891673079984
3.3871560879396156
-23.52856873516903
-46.246628323506634
77.35426485632433
-28.576378381864643
-33.2904381798168
-9.48274497292914
71.8574168662874
-4.103920358026642
-38.89243263438408
53.883227658474226
-40.95523373311596
-12.763166536086715
-37.177337528886675
41.65065203127975
-1.5572346608395264
27.740192730436036
-0.5189546522412485
6.88357871147619
65.68088566941404
-32.63024203416566
70.13476583318374
48.16872862419575
10.903637460487815
-29.36484071516233
-16.95798348630254
30.353589111337214
-10.248260921931532
-53.19466754855862
-23.52564239122566
85.06401694771432
-21.60714098015295
33.02893871336846
-56.20111907705231
29.907065428406398
38.301056300758006
39.49716553415138
-14.703901691893705
59.09430167141599
-5.7130246581744615
-7.676185152605299
-36.349956210898156
-7.234041567343837
-31.415120269308872
-17.67177826698577
-10.278339333651275
0.682231356465806
46.454624049957204
-63.96120656087952
16.487056580366684
36.28720677876561
71.72044563656533
12.140709237404579
-61.08483923064353
64.46246623854509
33.48475483945529
-13.386121682842074
20.60929094241483
3.110327620027931
2.5784493654654455
-46.07680398454859
-79.45290448493682
-70.01138070954406
-17.411268016806588
17.68482331334937
-15.535845582930506
-69.57817059734997
-0.8210378072853217
-44.13212633810238
-76.31693498440143
28.78850840911342
1.0704639888200091
-27.824565805602916
36.92300307903193
44.14667510536995
-59.47321822020062
27.659908530360354
-10.795127840960987
-32.19431290764048
-29.381633261599063
-41.509064407661356
-32.47397608550375
29.49503030645795
49.49471435801564
-70.0475347314805
-14.638602593690763
-1.1771124893156184
-2.460268988420779
-15.602914582996405
-47.86760953679458
-59.97817157682642
50.88217286971613
37.49961754869278
-0.10579841633264664
17.0900426886096
23.436916472144745
13.057158832537112
73.3623409602464
21.42784971537722
-15.49582219515348
37.03638280771639
78.60889447332525
-57.014539515022214
10.114176795804696
-60.49027212721045
15.906145244709947
51.568738514701494
-4.907282421696678
-43.61823327582058
-18.4066436900725
52.80987210004386
-5.9904239962048536
-21.256782724195205
37.767826415184345
14.465554665659198
-67.01058043166294
-26.847392150962193
-6.651319386092794
28.440918480293817
29.34821486350404
-5.067055196300359
45.76769489646034
33.78172917481862
-29.008758553913054
0.06892432858269615
-27.75087523896063
-14.38762282658368
-1.8034725785040422
-30.52428054413909
-15.977059399459606
-6.8780619356803925
-70.3588001771995
56.03661727564551
0.7858465642898693
25.937202554436396
18.007532446486508
-14.907092147568605
-1.1214354140928293
17.824160359456428
11.611096182244083
-25.166942945933684
31.47002099279993
16.04121944740224
-68.93613721550057
-48.273791385003136
-11.598487362378506
33.078691559885925
-25.114693003951288
49.7067331039938
36.747615816108265
59.15165419496617
48.63712547615921
69.79539287662908
-70.72386492121576
26.528052647053983
14.63316825305786
-16.478239554897215
-48.597517597492086
67.53233643520525
-5.969807922845391
17.104337636130765
-51.630680052953785
-9.79236628619796
5.406517515887117
75.32878515063263
-61.15372686184212
-12.999206437014735
-21.878266568577644
-19.691263419730376
-58.97426963246472
16.078094752969832
-7.3534734303319595
-50.96331345328426
-48.15387047807219
62.39028062740081
53.54106264863313
-22.87827008999767
74.42099644272628
-61.126802425153706
47.861579478906464
81.4786751158046
-44.76311628261918
74.16292774554998
42.08914451122067
4.374396269178632
-19.50704142172158
-18.262423736563917
-62.6588384991656
56.36693550502696
-12.918757208662342
-42.644970523793575
12.274235386843856
4.688674361879222
-3.9701279824913343
-22.413867277799582
-36.79223510081187
-25.001139698266684
76.26809126804704
34.49268573470911
19.96442320292678
