27.989277920821507
-35.18677503448937
-56.51484585354742
-56.11122012004815
-40.721084157906695
-29.90931320705259
-43.67834224010723
17.69878307630276
-47.96406136165279
28.31273046242002
15.793561223522175
-29.129215410728904
-6.020572209795517
-14.944332697164498
43.561772736170894
26.54258219915704
26.793492539341102
-29.721822788950703
48.60295175279214
49.285279032129665
-30.80588464525546
74.56450814530467
51.06238777694952
-32.38622253541085
12.522681967432263
1.0717538899419736
-40.93539794177642
-29.120337863429853
58.29323121765191
-6.005143644557933
87.01514760698197
-8.308175454490993
-13.482516191477771
79.0454837903705
-29.355497843259982
36.394134700392584
3.1669908849024893
-69.25772488648671
-26.147532799198984
51.339838083669775
8.792828970769463
14.957129739060818
-35.08524553942309
-24.99365778007261
30.18203962920896
-83.56658819865557
76.0304762953869
-59.44731441443351
46.11814267669695
-14.658576044687734
-1.5439373144366613
4.415075081392715
64.79023491576342
2.4305106315274827
10.470030737512616
15.647583911530546
-20.47534464544991
-73.04466765836169
-1.2874905588233787
-1.1477613589470792
19.518039560134042
-31.579502159195798
36.686456903062805
-0.69612658257482
-15.641484360534577
-14.497794042457059
-0.020077536021631204
40.017233564337516
-6.962455840926353
-10.171876048189944
33.38179806283958
44.964814010030324
-50.33204606923779
-44.92960845388068
-20.320317789730993
28.9746628000902
74.60660059532748
-36.33826888658208
-55.656379869492085
-38.92767290201986
-14.818020421868184
3.5767949695910346
31.661860958481356
-14.669925085681484
77.43960433981215
9.297832659577452
37.831385941921354
64.89052999025418
-54.434644576825924
30.539160507087786
-51.78382310448151
-26.935545693977815
82.79961187799964
38.40027323436942
-34.61677629568363
62.97698639426022
-63.388732883981994
-29.68232629181952
24.87214807533421
-16.42985145428895
-1.5379907074411108
87.1831298084204
-9.263766776710384
-64.43462865526047
23.923052604516627
-7.65480664793489
-63.619805169041285
68.06390391177007
-60.69419460890722
43.63996184580361
-1.1420256996661493
-19.380907632232407
8.499102831546523
-9.563590033171366
-71.92681338688183
31.170904244585472
24.418306954519693
-3.4561805441747993
0.3016785501404087
0.6451033421128756
-27.293027902438965
-49.18120595472814
-4.507738358813214
-30.43982358682419
-28.500040370292567
4.067267574810586
-51.87631811360489
-51.81742904541362
62.180317925826586
-54.26522744224466
10.373253798847372
9.94706747820294
-29.111976804552015
24.6428496429195
-17.04904323125828
-0.6850151391092254
-25.706248968050446
-58.202009091433325
57.20993619917104
-48.784101432576605
-48.35841852763812
-19.284187156567697
-36.35635535709984
-46.12180172653526
-8.016622824059496
6.3407722388406995
-40.441207455368485
-27.42438479868946
-69.68449672630265
32.506457928953495
-81.72858332217123
-2.4877258376403404
-4.819627381121208
68.9440531768735
-3.616328329004503
33.6845525404695
17.79258581960326
-29.90745015826667
-28.40342600710393
-48.188949312737805
-49.002779194275824
21.364630878283236
-34.57555937297681
-59.08832217223255
65.74906861867078
58.46918872413849
6.459701536080502
-62.51985892412365
-39.70113408239867
-27.915303021394678
76.39365585999684
-6.27995439473537
-0.39670943395336167
19.522457389961218
45.91133534868351
-10.715103695206793
5.283423611934808
78.69072163597093
-6.199106906966421
-12.805134606610068
-17.20287423688724
-58.710051305281645
27.77830872756401
43.941876592512955
88.69195885793201
1.7463713650595167
25.375255406767778
-28.542313127540197
-34.241010676700625
-41.74796507463666
-14.1574000679893
-83.88255620222836
35.758418580982806
44.1873040336059
-44.48162953288821
62.46836538426092
-45.91088212716058
-15.11174799730594
0.4996959951791524
70.54541878000248
60.03076797823019
-49.182073087401946
-54.52689562789034
15.544558957461291
-47.836363549187574
19.67453887950657
30.233361318676288
76.08302195356953
-41.57147877387555
-11.414114443478937
1.82406859277053
28.025860960886334
25.125550792554165
81.34850322883565
33.398335750861605
18.368567748188028
41.073888195892664
-29.135904660764297
77.3215689464001
4.648037386735496
13.975489925009569
27.059327335141546
64.22197751353895
31.07969855908675
-3.794273892126512
-38.030816014191544
-73.2592957453085
-36.444798295281046
5.965697223066357
-28.650380516490216
70.8676229082487
39.70809559806057
-20.520945997335872
-74.50173414909807
63.557965625060945
49.098853795882576
2.5147170874225964
35.71679154726968
-76.27560967273863
-30.936260205977618
34.2962798591123
-39.2831023018377
6.940393120790603
52.752448736825954
4.570707375196463
-64.56942154164113
14.674930084579088
72.71243022765123
67.73280596608546
22.361337616227743
61.82579983960994
18.74583674541678
9.89510638068137
-51.32778239735262
-0.6390252765244213
59.11371648866319
74.31340278717641
-12.99044273517363
-76.52759634575378
-48.79811619310707
80.22011486094604
50.57266908610899
-27.878527127275106
-41.13063848552038
-23.1175197221433
0.9476204731101205
57.78667651732306
-23.445272184378098
-58.69932757970996
-2.564387753536593
-5.477840132463001
71.56609601625473
2.1066000351157754
20.525006480962972
-26.36486068919693
64.0484112318054
-9.633166639559661
-33.88844905157416
45.2292318919105
-80.68405344372066
4.197848151475014
-41.15684659484684
-10.63465494779956
61.93579721953694
27.72946011024868
-32.56044352777998
6.2006048438872625
-1.013960035686793
-2.961700086933476
-53.54484192848717
23.54275408092623
51.056450660625615
39.76024071775598
-62.94389886536157
-40.44002947082294
70.75557526647873
13.669316011916706
-25.21849213285182
44.098788147287564
5.570239612659037
52.514795720816124
75.83166917029419
-4.654245641210352
-67.33391229566779
33.027950067200464
26.53281719604712
-3.5150421680313855
81.25155300630945
-32.05938575128488
0.21181421203868922
-36.428115075345595
61.429199948087415
-34.06013492701593
43.06056784916197
82.06309396315211
-29.809514700917646
74.30460864439254
-35.52227976264919
24.53261503194608
22.315651398857042
-12.100240642130515
-72.11743581978706
-83.04984107871852
34.3214488203877
21.588037677088465
65.96436367590161
-37.641531916882556
-53.93951726059327
-70.27981342485818
76.53033864951249
61.96018463656577
-3.547913544636586
80.96478246639643
80.71610479706354
1.4695508922837206
-7.972601403409286
2.322819865714777
-28.485980737886962
5.321448298405031
62.33587270020291
52.16828361928094
-58.06967386766268
-79.20869926474481
-19.88544568115624
0.5973968164750261
-51.79713563033028
-7.440172468533731
36.239009194305766
-52.05361746380714
3.317034451621879
-57.86089091679167
-4.955124100287506
35.08971384276393
-34.13498340659386
12.124257316963778
2.0306107980340755
42.15867150313528
-12.880050294255085
-19.82427484651997
-11.78909098715954
-0.44696315083000115
-34.041622872714015
-13.45843264173908
-29.29279287311489
3.505622156790295
-52.715704316581245
15.360175676593528
80.68104227257655
0.37691845696441817
0.7266336744567354
-14.712243256353617
36.50979860862989
9.996082617433856
-50.21129882875768
49.65234468348734
-56.55548162548652
10.12455859593014
-35.697189356378566
29.34536936626445
-69.61528217459234
9.799606427179825
-29.448193578089388
40.5175457208137
42.346916289533084
6.328701324098773
-26.317483262873594
81.65277669649447
37.89943695349257
37.62292692776455
-20.10298242357206
-19.395719973847747
64.22222751100821
-21.277326374277564
49.012491799504176
50.05152691736825
74.97418100733765
-17.307891683977928
-67.25207210825434
20.26981121413364
-60.722765910271924
-62.90990138675332
32.75352772743304
-18.53278511209946
-3.442673825349175
-10.064597380102086
-34.83311306008336
40.37040926130632
-23.762383572634505
58.363720229155945
-43.221947529009306
36.8420941633795
-18.193356824529616
50.02702005736015
-16.433780615265746
13.25888942972712
3.4305287391387935
26.74558308102921
-23.083088279918783
80.00928593030116
23.0852921793673
32.556246836493216
59.42252013844589
-0.32810670079672377
7.252247677498403
40.50264762341274
-57.720792513640404
4.150281055910327
68.54153073696071
-79.45989974952012
-9.882562457659063
69.43568168111278
-68.99276961515986
-43.71065176761804
-11.302158704927265
-72.40025140211974
-38.1774104159424
37.24032855173701
-52.39055653689517
-23.27991512803095
-7.523629194925306
14.387973997826009
21.89629680403604
-62.82558698253516
-60.463101904108115
-75.70780436268775
20.03640285143733
-31.170900401518182
-61.991541220670435
17.774619420227282
2.88523927972345
-19.097619295040687
-24.387404929379272
-9.218469417001927
-18.683909958295388
-51.72399189594213
-8.72198126194472
24.078383319695135
7.506112672327902
57.58757107136972
11.845961663086115
-6.769421791199122
-65.78688958813856
-83.41922362922942
-49.986996187811684
-41.32620859804978
-76.74368884178261
-18.091206693843347
49.272989179975326
36.47653148475945
11.193468028066249
-32.809655433676326
3.4687232285267555
-46.32887011281614
67.77077957770365
-51.80747959454485
-12.467454923683547
44.90509550507642
-46.532072187046204
-8.783184077693761
78.65642151671415
12.698688085843841
-0.31063125704437766
-4.17343494339265
-13.064737161355438
52.53355810560379
18.432777671869957
72.33042207289483
5.421847892025795
-26.350590922483477
-20.888886347509484
-52.009490982396464
-21.41299488086257
-3.0567936124430304
39.2068319515559
2.018801107741652
-71.68009732801346
-23.30408943116751
-43.86682880547917
44.62528358304857
-11.412484973433038
-40.32104520439734
10.898049273607413
7.269462378346915
38.40049143662881
-52.26591808548643
-80.60375595294494
-2.98283753832942
-23.492527369992573
-47.17805702377114
-62.31330407454902
46.79330633898044
-61.53386846555226
-4.56172850040879
28.786320884897265
-24.809711449156296
3.0133487056270667
4.5474323201833045
-5.8454968555540034
-5.271270376400494
-46.77893663521751
-45.282891187032256
-25.554757479001722
-1.9514790920392642
-45.95819693983271
20.33886641019474
-48.38212612365201
35.7413750846527
84.95890423130663
-5.429730417906484
8.515971997586192
-2.036040644557474
31.821872394138154
-16.26042073034725
-79.76996056229679
59.07240634285117
84.8778186371494
41.97673038273496
26.91755191816661
4.0611627787208135
-15.144568386751573
72.38754155275669
-24.538645920525354
-82.3902895437064
-5.952432563578824
-14.313389363594354
-0.992413865161339
-19.358528892870808
-13.823383866998611
1.0784939047121611
72.49822861735007
-4.714133237126305
33.2446927557566
54.12054708480022
51.73145048301615
-71.39928948760354
-26.874541118322483
-6.839573035447032
-43.51302703711157
33.25003851836888
1.3006729939583295
-57.442603381015914
14.062503459021244
-15.773196938484006
82.93586007236408
-47.682657637177336
-10.489127504184395
-0.9320988682561193
10.584653319933068
-30.193737155568485
-64.3268002419637
-59.839142936447814
16.88332849463417
-22.347399031294273
18.453031431959076
-16.33898703792758
-11.824534145962659
25.68717220818938
37.20578305176204
-7.149313025714747
-9.28910004030324
74.12469383563482
-44.02396490985121
30.497222955462433
-19.338463032662062
-13.377003043722368
17.875207478351186
16.51716655804941
85.38125899893802
-41.76163985141525
-31.08640203701127
-15.907907643898966
7.918591808584651
-13.001085426341135
8.269309497186882
-39.39092219379105
-3.1059224041027704
-57.82079924009269
30.003061635348942
10.764054438945891
-1.9210102026978007
26.125189717263297
49.21136405855731
74.5911859902167
-23.822037423079294
38.082043183156316
41.940388439021774
33.34323033620046
87.646529525907
-23.049466172484316
28.770579087948832
26.52820093150622
73.67820448945415
45.8906892877894
-1.408358958389087
32.29693216779236
-12.41731051157906
16.87046460257477
35.44529105526604
-32.74822536883532
-62.905317885547454
9.729551677933983
-45.320388338317386
29.713971256174645
18.98282281206926
20.695460104816263
-5.410196606980364
-38.23701499808631
-1.530328180079465
15.300269438837574
50.35196668604232
-18.98392341490421
70.5409877416769
-57.37866632588632
-29.55905512957483
-44.51207584693957
-4.626800522810996
75.65268502047522
-47.52693124606231
15.06895066589307
-47.490792040093176
-20.101569791216377
-5.599169279739826
-66.43388339488047
-58.5117072818532
70.07892017428534
-4.499639265197388
-43.82080035220549
-53.5703058891319
-11.395506889691319
-1.980836691050257
-10.902187457608875
-72.36820325535456
-9.748620728662416
0.4196747907626417
45.12279692995722
-50.69792191129148
-17.265401503153726
-82.86755068016149
-9.24313014677692
-69.89897378579977
57.41186294811524
-44.01811326195393
76.76632935480899
-25.612500042578063
12.228124938662134
-64.38207625578497
-38.8456846828394
56.2338865789294
-30.872650946584216
22.398597930044573
-4.882400259484825
-55.17388491587691
10.435007675658227
76.36958770287725
68.31252626787946
-69.85766882032202
14.918103285861918
-55.75783796574542
38.15728446509374
39.66275932179687
-2.112751021705307
-4.088890185433613
-44.022562540086966
11.359340960410975
-11.229269242844097
29.326607480934356
-35.22160097599139
-17.319513299154664
-43.0852180514357
-27.232871773557605
-0.18058330868296935
-13.759591601994899
6.294154474989
-18.563603922798336
17.926053145547343
-38.32703017181366
3.916339629424371
-80.13551310589004
-52.91653661542199
-14.016318560960357
68.99773959689651
-70.19048193857464
54.707533914744516
53.553419234458744
60.55613394952189
7.182045923211021
-71.00961653467144
51.02594007971675
-67.06376312884052
-7.426127369449404
-17.091562633551078
-18.90164172735932
53.44820755516639
-7.130415089461394
-37.262211657727015
-53.74516540614303
-8.013890967986214
-24.76959605427095
-8.221734398577851
31.44161505720038
-3.0535643336527443
58.00816957672387
-13.700621364274127
-56.981804358562925
53.65639304790332
19.30427015160953
-17.335719251853007
-0.4481678623252634
52.62169164297521
14.44142673374661
60.83547703586842
-0.15700529929286233
18.398908887658948
-24.052566329466856
-27.125611513336068
-23.984326785524033
3.9117310172863
-21.382943901345882
70.92969249209924
-12.456530251040249
35.11712087784619
-11.639414026359404
-66.56274956754261
60.9218869623009
-56.99706519230318
39.290643724539564
-50.09723684085759
3.48034734422329
-17.59983680982789
-61.79909079509019
15.078651059217194
-11.732799962366926
-47.50556998678849
50.34948647336549
10.334015282093745
57.025193715873684
24.975960456773606
-40.955214963135504
-54.3455741414449
-43.55469802324071
-59.86936422570172
39.95519593079686
24.9882286640988
-22.337410404512966
-28.776338075174124
49.84294439479868
-10.958687461931632
-69.5372433737086
7.058586925855053
-65.35765979883529
-23.523151041256895
15.727803831165744
-39.779571181659655
8.08108224524402
20.36672531288461
-46.00276146048012
-56.56534287710586
10.808785063735897
0.27807417744980967
-14.124740892240453
-2.5614357763040516
-3.5351549557844066
28.81527008302035
-29.65935825391452
-21.35813559778329
8.46407631556309
29.074943946485547
26.976844990272156
5.35676619951397
-69.58987556500551
-0.43692738107216655
43.194242711741396
-31.389565728951865
-18.743697949771104
11.241396736221716
-42.01368143972395
84.79152937779
-4.996802740026212
-19.567262033746587
-34.553847146759146
3.372246866312821
-23.73785032681839
-46.23100756182813
77.53439985652477
-28.673480995106516
-33.31075587329515
-9.545445581556308
71.9258908504836
-4.281154555714295
-38.8416228649133
53.996258596824845
-40.95717225360549
-12.758502036452128
-37.19162114576324
41.63996857671876
-1.5476952412435736
27.68353935958386
-0.6754842287642191
6.8928134693190515
65.72111106115332
-32.59553285923447
70.2389429568299
48.157340428923334
10.926306479048023
-29.50957093947585
-16.99065688496654
30.303504139942135
-10.383890868186015
-53.17474446079702
-23.55080853142509
85.15380987007441
-21.803407419748254
33.008487400932125
-56.092695167678905
29.92786718680756
38.51107956591352
39.506645315038895
-14.688106436095808
59.15172338162267
-5.762331846105468
-7.878080354882428
-36.35056804197954
-7.248394724166005
-31.59484438296019
-17.816820979169734
-10.312321102806976
0.6554694920332054
46.43647098407271
-63.88134586662144
16.453274664458377
36.266974622639054
71.76651346972506
12.158202525528921
-60.97546875685716
64.57305352677432
33.65777116939944
-13.452817923369636
20.603424013592672
3.0671361666019408
2.5443112077928873
-46.059924793811014
-79.36540881055168
-69.91046062811157
-17.550547309133236
17.761025169832706
-15.502279497282132
-69.50931347162621
-0.9281517163807109
-44.04565290369513
-76.2223435072849
28.8683527744589
0.9484379780001717
-27.803362126926302
36.95575574584106
44.30146307444633
-59.40650218954457
27.68195818359385
-10.830522609832215
-32.3490408592082
-29.39367507131813
-41.52331865422727
-32.60412889860217
29.41456713522878
49.487922007591806
-69.94280450436071
-14.732220543261874
-1.276997814182394
-2.620523927578944
-15.786304063913647
-48.00571251426043
-59.93655128164434
51.01160857583764
37.46088444444064
-0.25643466232244805
17.1584471093646
23.554341047578646
13.019723231430362
73.49548554722165
21.50660075524749
-15.558343549040359
37.1520965475344
78.6762798171682
-57.07441713512898
9.979543023449736
-60.44693768303218
15.969727186538336
51.580397561515895
-4.897187138131713
-43.68778737120926
-18.46551047937014
52.81085144487599
-5.989844443132071
-21.262612967754393
37.76260609509137
14.452395883881096
-66.94242715254776
-27.053938658575433
-6.845010615688878
28.539697361003093
29.476394085187025
-5.092099699342512
45.74589842190048
33.73444412666825
-28.948556616967267
-0.038185519423748815
-27.73636032243334
-14.354527597079425
-1.9498847068713872
-30.61725429889536
-15.979306592275279
-6.927153042831833
-70.25509840863135
56.038939210777926
0.7678222035922886
26.020769651116623
18.012510383652156
-14.96001880299525
-1.125325504476848
17.789698978601123
11.63890678694969
-25.270589563719753
31.41287455311877
15.97583514068154
-68.86553689108149
-48.396113758368635
-11.584706268627457
33.01632502504012
-25.20292736920777
49.699562184161124
36.82861533522467
59.16026162755506
48.62250324890252
69.8584018569527
-70.75879147424281
26.47125633990221
14.6840494133004
-16.53307323281622
-48.67239543220284
67.68821370429814
-6.0068929897710035
17.031972207580964
-51.52476996909855
-9.842420528021364
5.382550234548788
75.3875657849386
-61.13842217908315
-13.005883087852013
-21.881245630002738
-19.774507886160578
-58.86455435649225
16.14263198707789
-7.34463816605809
-51.04345062581694
-48.190054585538746
62.48292454312613
53.548191250199665
-23.019572411968014
74.47760384448327
-61.085407455319654
47.945101372558895
81.57558949398899
-44.77890732728461
74.21816517572253
42.05718204601874
4.2439138134683105
-19.466225611329406
-18.31190464947059
-62.58882908310128
56.367743859939026
-13.069667931725562
-42.647465337191655
12.268756417456984
4.693569465098378
-4.010467083070694
-22.512981363395923
-36.85503868166328
-24.97834722697671
76.34049969033592
34.561310704211735
19.950025566116565
