27.886333589715647
-35.20167977668051
-56.552058491900034
-56.13950112422968
-40.73426664755312
-29.8801723102857
-43.72705902485732
17.648152998768694
-48.02754246402262
28.260507997623634
15.791227982969446
-28.985537237789686
-5.961215522019572
-14.812359732766453
43.58914716736558
26.43193085973563
26.740226265577647
-29.77432880617789
48.60026565220417
49.29962752681013
-30.86122594635053
74.48057806962174
51.071833676336155
-32.42132925389264
12.503260584084558
1.1267985425248952
-40.99954543400821
-29.037291895514443
58.18069033021354
-5.973660573415145
86.94061271652092
-8.167491673037034
-13.32432502637647
78.98114607930484
-29.36766296949918
36.38360714555509
3.163817459053732
-69.23660313795762
-26.12805081046494
51.24639932679423
8.781538411499014
14.924094446520783
-35.145410366757446
-24.865497825690284
30.210955529494242
-83.60668932182799
75.99168354255548
-59.51368040157473
46.128288624229924
-14.61882037716829
-1.4865077110405593
4.460603828891593
64.71935246970187
2.4358751196968456
10.576241173580527
15.733824728392179
-20.511624273509753
-73.06119154287697
-1.2931961782141599
-1.1126231535799462
19.47556955849548
-31.544687883869585
36.606148638909644
-0.6493320642951232
-15.61840782303561
-14.419012349865284
0.007152126035990136
40.0471088620304
-6.819363051665306
-10.099732749250833
33.338390254944926
44.986838225464936
-50.39399417865237
-44.951093026058174
-20.25788133377668
29.0240330225718
74.55763779160466
-36.31964882394134
-55.69416001775722
-38.88975743241247
-14.826662224547533
3.6137624955702705
31.63909355905031
-14.613411637783258
77.35337758900047
9.391851011456112
37.82691681817715
64.8741855678849
-54.45468033357205
30.604767949208906
-51.85957883919023
-26.825353578227535
82.72102617600618
38.357130166888595
-34.644526832717716
62.826583879416944
-63.452283450012146
-29.714416609884566
24.89921044765147
-16.457204010437835
-1.539018400235463
87.1091783104388
-9.261798055243105
-64.51753816355165
23.938282830588747
-7.612215896467248
-63.58853110655926
68.00872145933707
-60.69862013757071
43.651299497427544
-1.0893831195857189
-19.385441381722302
8.487963016808862
-9.57212710259094
-71.98056802381075
31.051214506198136
24.431543722700553
-3.4214170474412384
0.36216412486687943
0.6755175767747943
-27.15921925246326
-49.25314690563227
-4.505250696430309
-30.494726055556313
-28.549340672222385
4.112185222862777
-51.80600494613716
-51.88231676964775
62.168962869734884
-54.347098673759376
10.360362375934756
9.936177211378123
-29.131853188590853
24.678661209903098
-17.07697425487268
-0.6908044652893608
-25.621026489293968
-58.24867664778844
57.06988192635336
-48.86235629930537
-48.361037369978625
-19.19044138972299
-36.323638993681065
-46.14153830240622
-7.927707257315845
6.3353458275481245
-40.38494450821333
-27.45291214319407
-69.74380723090194
32.40198544779699
-81.73736354178484
-2.383412268844296
-4.808946080873639
68.79312814935506
-3.5896291502078554
33.578617688093175
17.78487692324765
-29.95037259736459
-28.454165183163823
-48.26259042505947
-49.04975958684487
21.418616165540755
-34.45599736360443
-59.164031175022586
65.61776485620749
58.45835158440249
6.49300226161067
-62.58142358797841
-39.674688631810746
-27.80010332218768
76.3498670779735
-6.197165929048495
-0.4028119925647644
19.48917928171926
45.75209151330063
-10.66644375867638
5.3035535639209
78.61909036359262
-6.134412565228956
-12.762587547148726
-17.146080963182428
-58.75523748562772
27.68290366416565
43.965265933240005
88.58995228135527
1.8139797682391219
25.328985958597528
-28.534838301498368
-34.28497094482102
-41.81196675692282
-14.119295495440582
-83.89997278761443
35.785337746855504
44.130320476765746
-44.367729383472
62.429501713834384
-45.97750759308373
-15.032316556725732
0.4965333427225147
70.51833102508704
59.92529596055596
-49.24904194686412
-54.59788262903808
15.571992633740848
-47.90252833861803
19.708375664856277
30.185265041777086
76.03799727493185
-41.492101141126916
-11.392484856257482
1.9066385353615374
28.01386476552281
25.16584860230482
81.26520579949704
33.33942644875603
18.354525399551804
41.01422936596822
-28.969525501913395
77.26188907185224
4.789739626583824
14.034723850671853
26.96167418986377
64.20662154086364
31.121590367290906
-3.8033247167202546
-37.97019199789862
-73.31860819040386
-36.43550683697491
5.9946421408384225
-28.66497963531731
70.83962401290935
39.74462012696429
-20.44332559208982
-74.54426679144031
63.524822297472326
49.11519287087543
2.5884869001010173
35.75276696465983
-76.35287534837988
-30.885986049253503
34.15454217343634
-39.348873149949966
6.93205549690488
52.7520288454123
4.613390242986711
-64.6111535684189
14.646272482523273
72.5926062720132
67.69557396787195
22.37798794593529
61.81548366568936
18.68740163483089
9.898167249622688
-51.27038490700661
-0.6114869937612184
59.008251098273064
74.26916860249707
-12.993651410398783
-76.51700377231774
-48.71656218286391
80.13731775697408
50.47985846273403
-27.85849810513986
-41.195004034584585
-23.00343159649762
1.023712246086447
57.78562826929141
-23.320359778158092
-58.782903794844096
-2.47830796822187
-5.486334991496719
71.42078400392472
2.247013276433279
20.53890357182314
-26.39989542009286
63.90107042305095
-9.478145266902303
-33.89648026135515
45.24375800452654
-80.72536191923774
4.238468675709257
-41.055496021628535
-10.534974833981352
61.915117827248054
27.65475829387175
-32.586355403756585
6.214558964538625
-0.9621662636357655
-2.8765701321425468
-53.51638954519709
23.580899550445253
50.94191442396166
39.662690312969744
-62.907341584347606
-40.35750150333794
70.72696042043336
13.7262586751267
-25.16059077803672
44.11613338072132
5.575185418321496
52.50979964690558
75.7930939564526
-4.664219309392962
-67.32291024813281
32.99179039341476
26.561049819933444
-3.515191269052238
81.14741278008879
-32.11097758785104
0.2157081738132831
-36.380693630912006
61.31155674373201
-34.105555217308996
43.019352740041654
81.97408916925639
-29.859428075450964
74.25989730610996
-35.583162632738315
24.449503025351532
22.36804252165001
-12.100145581746261
-72.14059605830022
-83.07095462418626
34.34808769494748
21.512360360966497
65.87834474792496
-37.66446782324311
-53.97402165647952
-70.26816943706498
76.48852494811157
61.951917743567265
-3.483035438453868
80.8824282137632
80.62090111335496
1.5652599630120676
-7.898829337539269
2.4118492461887087
-28.499027958757296
5.45045377568195
62.32674414055421
52.147666714965766
-58.10745670865571
-79.23509884109166
-19.868429677289782
0.6749687474356989
-51.873410271605955
-7.361004911862622
36.153817218142365
-52.127796338364234
3.3822511834891884
-57.93874616047658
-4.943881523976174
35.04328050071658
-34.13673713211821
12.102305759522082
2.112288210426115
41.989232625389775
-12.763750139438486
-19.666441400248743
-11.676409200313955
-0.38960646916319774
-34.08577469944891
-13.300319193482295
-29.24878477580107
3.5333057806061277
-52.67523809958872
15.439469506243356
80.60275528109997
0.4516714406489797
0.7702467987941191
-14.700431673439653
36.54743644518598
10.101965513705949
-50.255183208803
49.667707247227554
-56.624775031783365
10.114054063701403
-35.71720633088269
29.23293473149039
-69.66047781627948
9.803132976968328
-29.442670499869322
40.53689382927453
42.295310400450006
6.327487645102522
-26.285971685972484
81.53594156079834
37.94573259286
37.59058721928497
-20.131315216828952
-19.428618942664343
64.20889453288393
-21.151321138927813
48.94436989591125
49.918279522737464
74.93738494528782
-17.23948329441066
-67.32714478820948
20.21004695934431
-60.68385348561363
-62.94784637775746
32.64930988128498
-18.565009650077172
-3.3804011994751875
-10.047942917795694
-34.87984699816796
40.40003415176466
-23.78883109990626
58.36260188445621
-43.28911391201577
36.802521224822954
-18.222508037707613
49.94495406939723
-16.399337631865905
13.277976837357443
3.4325911845931643
26.64859784309175
-23.016211794099718
79.88213281299605
23.07499598666338
32.54893758051756
59.387635026905
-0.2538343445503699
7.259612980478067
40.51131875594206
-57.790571438898716
4.175633304758037
68.39186284472163
-79.48573813229308
-9.847037535471713
69.40900532373689
-68.97970196365925
-43.62740944253205
-11.144651416249872
-72.48051925430855
-38.10219872896496
37.27383621737309
-52.450592516909026
-23.31599859024942
-7.490407105367936
14.44186769295466
21.88447723243584
-62.909026006702334
-60.54740965807296
-75.7681085473744
19.96346645135627
-31.19669797063186
-62.0536469270564
17.77563821668093
2.957047678461663
-19.009683098861856
-24.431742320084297
-9.124452374694116
-18.59911277847108
-51.799471398115806
-8.737759178432043
24.157591047310632
7.52112449450938
57.412076493244115
11.924474058666789
-6.748308663928697
-65.86668302770298
-83.4731997752436
-50.00052425645373
-41.35063260146162
-76.81542996916133
-18.122369894971428
49.28907706749706
36.50983364803972
11.200806465918788
-32.816377381736245
3.523696052944544
-46.40315587038238
67.6458019698793
-51.872471777105865
-12.488537205529681
44.797719906189286
-46.47657761814706
-8.763332161169146
78.56135572580521
12.671567636739283
-0.2509319108455941
-4.127789786627872
-13.085957348400328
52.5324399346967
18.458236850802805
72.2273582529925
5.4600215649902
-26.203462317944243
-20.77263647195896
-52.01239834357548
-21.369317701412797
-3.0581680866981458
39.23803961654099
2.0848351133103904
-71.69485953500723
-23.13610137647626
-43.8726609039695
44.50397856347101
-11.356457689421177
-40.27933242987186
10.896953188209011
7.353042882450339
38.43020805774992
-52.18293105747332
-80.62216710053869
-2.985501241972443
-23.42346364931666
-47.22363261281217
-62.31046720158788
46.646227061676996
-61.599542452265844
-4.467029625362997
28.675291214312594
-24.85166912166123
3.0087465428219105
4.5444714874177805
-5.850112914115698
-5.2824153473587785
-46.79077604885587
-45.328574882197884
-25.53029986694571
-1.8878528523080291
-45.84017290231225
20.374729705260975
-48.41201455952214
35.61531543610667
84.85949740730877
-5.312886777635072
8.505624698724489
-1.994977948419546
31.84459881409876
-16.138496573749038
-79.76965939175116
59.065377814504814
84.81167822400153
42.01027440384678
26.846902317677916
4.061009053412846
-15.091778407506823
72.3566467302895
-24.420634639454434
-82.43502217192284
-5.94353566656082
-14.201128915028193
-0.872393040613531
-19.35778107036211
-13.803781675797794
1.0768215940740902
72.40334143574813
-4.615657499509624
33.148559812684084
54.04469115284243
51.74174302497198
-71.44993211893113
-26.847300975275516
-6.7859627335628545
-43.583500608423584
33.12518982997966
1.3002539884387119
-57.48444227687625
14.036603642488686
-15.737227830525768
82.84155454833186
-47.60880657851512
-10.426155515677308
-0.8943827621102827
10.605898078300797
-30.051493582129524
-64.40712004988096
-59.89022944088646
16.897729535571244
-22.183573024898365
18.55776292927473
-16.36456619692332
-11.845426027810745
25.73496612069438
37.17618074033686
-7.034549411414588
-9.207646880042205
74.06001399462673
-44.09724392522175
30.565715017333247
-19.356654402521087
-13.361893787630521
17.908229472582548
16.548063471222108
85.30059658409547
-41.7743632014622
-31.1423652561227
-15.78453207102308
7.936271233205446
-13.022152006088916
8.283674533781436
-39.2945918282441
-3.035180452770959
-57.82149469797756
30.027819551242303
10.815690190135626
-1.8270116601176056
26.149752615939235
49.22752884489972
74.45366541947226
-23.820020586547443
37.97661392605198
41.856440576280875
33.365969054043546
87.55569035183922
-23.057346172850544
28.802983439008415
26.583063190826422
73.6446780741729
45.876447362167085
-1.4077855375854966
32.34708561901553
-12.412384147684946
16.81839020527802
35.35162074056109
-32.780285662603376
-62.96380497032787
9.723395884187553
-45.3743777641891
29.58548668684311
18.965874720323256
20.69592432202353
-5.268629380446882
-38.194294094297824
-1.4535847515337537
15.279108669686835
50.3238048436248
-19.016253313474067
70.50907071603328
-57.460028369379366
-29.61235694856248
-44.553579319210606
-4.581320585848275
75.53265729700087
-47.4640055404116
15.134867469922838
-47.499464271289476
-19.948850114359956
-5.4580810406691
-66.51554116461085
-58.59561701833767
69.93521871981477
-4.395558954741574
-43.70327383941875
-53.642941185216756
-11.375715487551858
-1.9884606558436673
-10.837108015678737
-72.35597262318663
-9.625322576031436
0.4837421090225149
45.13154791988177
-50.7767704319355
-17.289654239583328
-82.92776474154662
-9.24649252599012
-69.97622774210801
57.250414496578884
-44.02371780899628
76.6422610004546
-25.611156692223716
12.20320373202307
-64.37574546999173
-38.80569264829577
56.18985063453823
-30.91470807585017
22.36520125621108
-4.791824640627425
-55.22517765987574
10.421666889265339
76.29705567512761
68.23853373308185
-69.86528514905572
15.006957350820727
-55.84114740335464
38.088881384056776
39.62578343150193
-2.034050889699216
-3.996475808450896
-44.093951703633174
11.366961487252837
-11.234294578809966
29.26356190872785
-35.171153755180946
-17.324651556547977
-43.15818118024866
-27.282335946477218
-0.18679015453820114
-13.674398879399988
6.325408583115589
-18.391231281081502
17.93492118230374
-38.212271998195064
3.923445557793741
-80.1620348586827
-52.993801738969054
-13.869039546994003
68.96675015486795
-70.2729161007395
54.6826792142962
53.56020879407751
60.5136390310183
7.174089162805373
-71.06595277671943
51.00184938980652
-67.13581165853012
-7.355374280948041
-17.107356877229407
-18.76629961252732
53.402966477050484
-7.077521268320922
-37.32721173051363
-53.80947091530699
-8.029851822609373
-24.67654452647001
-8.213383276646681
31.483731592719295
-2.9435104685672684
57.83835380572063
-13.546479888731653
-57.010075784633976
53.55695826255547
19.234704581629032
-17.35575702084141
-0.4136820386179352
52.49015400797845
14.505084171133305
60.82062776523031
-0.07770482312864146
18.336108018651373
-23.995963871462124
-27.168079033683625
-23.829843818205248
3.909144038680168
-21.211026409443107
70.90022590917692
-12.47559084079542
34.966920683224004
-11.5106747672627
-66.58172734882889
60.91183745260119
-57.06042345416066
39.18763400155879
-50.019188324256305
3.501810295931861
-17.54197788740501
-61.8698172375268
15.089974185413638
-11.608113294638102
-47.58330173540839
50.36013011619596
10.372493515835018
57.02673124358648
24.987564269263018
-40.96485127483786
-54.39978833282452
-43.48923473083683
-59.93127188607001
39.799329446025496
24.94563964070096
-22.20156282211758
-28.745807146600143
49.71202204713211
-10.962792523239429
-69.53138708686524
7.076378805238932
-65.44147005430088
-23.41223545228594
15.703244210083298
-39.723184344406704
8.070672655345817
20.399245759131162
-46.07438619408584
-56.593579313656704
10.85383242439552
0.2892108465503611
-14.11643676816793
-2.563725619546247
-3.430165363247937
28.855595600374315
-29.667201053553086
-21.25910030196657
8.476086085898572
28.967325938225386
26.996421410851156
5.482945284232557
-69.67192138168085
-0.3775417501893088
43.21575977724075
-31.3480117032788
-18.656348130286986
11.235814605170575
-41.946165916165796
84.70374804437165
-4.951260524475728
-19.470359861778533
-34.405095295666065
3.3824632697069177
-23.579877064603664
-46.247826115595124
77.39943871575252
-28.59851765172776
-33.293058368408765
-9.498908093933125
71.87633664554616
-4.149465200057364
-38.87781549010292
53.90926817200864
-40.95289574799051
-12.7625451091331
-37.17819661369059
41.64742297003002
-1.5554403632082057
27.73001720279099
-0.5594079460438479
6.884653536325914
65.6985180083008
-32.619725373880655
70.1608784290826
48.17207241765112
10.907895563679944
-29.39890406659687
-16.967449393485893
30.344366687851135
-10.283676596010153
-53.1958390832326
-23.53037521232342
85.09174424531801
-21.65539573397261
33.0229521493269
-56.17528927886441
29.91014678129622
38.35166017135185
39.49795719046659
-14.69946606543958
59.10799557233889
-5.725684681262777
-7.72774207289271
-36.34756843947587
-7.2377296371781625
-31.457800119237604
-17.70746968054877
-10.286661126929076
0.6757273612977173
46.45120134598008
-63.941076993482255
16.47843120958271
36.28152324604483
71.73647581490243
12.143514744037219
-61.059447195836
64.48907707630764
33.526165892526336
-13.40237903739876
20.606257174211564
3.0985465428474015
2.568973479477279
-46.077628236749185
-79.43520559935779
-69.99096504857147
-17.448972391966763
17.702723448565337
-15.527757425425577
-69.56128937171302
-0.8488552993731702
-44.112702357447645
-76.29898341055416
28.806180578088615
1.0387559131379902
-27.82126592174727
36.92901260589818
44.18278916677377
-59.45534899190523
27.66329418016248
-10.804511190169848
-32.23056223457961
-29.387516553528457
-41.50966368079481
-32.50398880682765
29.48011828739439
49.49958108591031
-70.02533766161523
-14.661554832093017
-1.2030614505100345
-2.501576054196022
-15.64872039302972
-47.89841696806424
-59.965942091411705
50.91204557575077
37.49520163620045
-0.1447622576555858
17.105889056481786
23.4649123302446
13.048084215699433
73.39569999848317
21.44579598753465
-15.51078134697616
37.06279947861
78.63205068221902
-57.02613287594122
10.082376562726623
-60.48609823741149
15.921127232862133
51.57149972575613
-4.905099154603278
-43.632223653506145
-18.420347283722762
52.81106375123116
-5.990547324594601
-21.259806600097022
37.765304845696136
14.461136288392481
-66.99338462592166
-26.89751999068163
-6.700869393991425
28.46346156721704
29.378315526498966
-5.073634347897084
45.76696612749714
33.7748756481445
-28.994678019479252
0.04105792400926589
-27.749376217867365
-14.379563186747319
-1.8412762618732188
-30.54516535422617
-15.976899080999118
-6.890551953530164
-70.3359596556384
56.04203912803061
0.7805403904737744
25.956002061262552
18.00706422130068
-14.921519947185274
-1.1230426947300458
17.815348320933637
11.616777050329091
-25.196506292335002
31.4609373299794
16.027398672824916
-68.9187653078024
-48.300657153910315
-11.595451189688575
33.06880862180449
-25.135005701248176
49.70575746724768
36.765334495615434
59.15710345776901
48.634900368353925
69.81264679109103
-70.73098727636983
26.517455655796468
14.64494248784142
-16.491146449659837
-48.61264907282877
67.57010887842685
-5.97934406413296
17.08924223996064
-51.60507210280253
-9.804800028095997
5.400500779061375
75.34777508281257
-61.147671163554584
-13.000429719765009
-21.877706124826403
-19.710968442229316
-58.948809430222354
16.093222956115355
-7.3513928547392595
-50.97971376721136
-48.159563235430696
62.41242833127612
53.550318706039576
-22.9123059077874
74.44161270925883
-61.11473626617355
47.88013526580556
81.5061047533357
-44.7726062935406
74.18300535215263
42.083553922041176
4.342817441062664
-19.49632437462492
-18.276460060723622
-62.640608379304346
56.37088022756441
-12.958776263997123
-42.65049735479332
12.271615650135772
4.688820329337204
-3.980677052067648
-22.437253548755166
-36.81297341983773
-24.997016361936886
76.2892271921294
34.507364475569744
19.959522948722892
