28.02317570256507
-35.18629201021425
-56.49843392526617
-56.09685476864339
-40.71305055390932
-29.920951217948144
-43.668124884688176
17.71768466527891
-47.94386970463711
28.332691809891813
15.798293677750607
-29.172851169216912
-6.035822480417593
-14.981556674496247
43.545825266614514
26.578356239661645
26.813757644066257
-29.708292913859253
48.604213693551685
49.27850950476051
-30.791341036505656
74.58400892766562
51.05734933446536
-32.37914542284257
12.532499717170907
1.058909958253338
-40.91957904487472
-29.147103504906823
58.32648932364842
-6.012626496285648
87.0262633351308
-8.346411781735924
-13.526629456764368
79.05661998383812
-29.35498004952177
36.400823201168635
3.170432855931722
-69.26734159587458
-26.155719464115407
51.36912752992842
8.799867549117167
14.970997556459196
-35.06993385101587
-25.032110197092067
30.17501393963441
-83.55269746585142
76.03097445848894
-59.430837533854394
46.11517367798754
-14.667688475394016
-1.5578311585767182
4.402022566913331
64.80910456333672
2.4319167254828216
10.440370057997356
15.621634667836503
-20.465127192151073
-73.04190569100811
-1.2840849047551472
-1.157279777409613
19.534978745915325
-31.584339529593464
36.71404709203901
-0.7090052687634056
-15.648611268114067
-14.516266304894188
-0.02524032307634627
40.00570780971188
-7.001118570164806
-10.1915342769951
33.39897032826474
44.9560609240059
-50.31167307244943
-44.928059406880784
-20.339493496263486
28.95613865345311
74.61416670290961
-36.34785868534282
-55.64000559285882
-38.94319444754307
-14.814699344920484
3.5664502125300714
31.672932648004576
-14.686220046775077
77.45873838887135
9.271196648108571
37.83584876809189
64.8861247586496
-54.42244088465637
30.515558146639336
-51.76087091738684
-26.969439916578693
82.81405605971025
38.41686704229173
-34.612302639614114
63.01991687534465
-63.36559151932727
-29.671864738104617
24.866374521636985
-16.422371736968643
-1.5355327426947838
87.1939465616999
-9.263620278415743
-64.41062399206328
23.92194515423408
-7.6657244763482595
-63.63344828602812
68.07652758477457
-60.697506582484934
43.637346587332644
-1.1545123318123274
-19.380863808646282
8.506076824590366
-9.560505015198714
-71.91230311217923
31.209433213215846
24.417917572198746
-3.465409405817951
0.2871995952941546
0.6391525778114158
-27.33354365263625
-49.163088020247976
-4.5074309920687625
-30.425296692841627
-28.48750556219953
4.0576002506658995
-51.90209853989747
-51.80194858210063
62.174671351409756
-54.24133081123713
10.380704036736589
9.954081012753335
-29.104403362053148
24.63300823335642
-17.041503368993517
-0.6814470545295848
-25.72375266995131
-58.19233224363602
57.25133472980758
-48.76184954304144
-48.35132696760771
-19.311843995005418
-36.37003777001306
-46.12084992859298
-8.040476618854541
6.345835445816434
-40.4621888952971
-27.41858443429126
-69.66865589582322
32.54091868978048
-81.72542431705752
-2.514891373487714
-4.82105730399374
68.98545658107676
-3.622001279483854
33.71940392037624
17.79916557180205
-29.89746218508921
-28.389506458836962
-48.16709224623717
-48.98569184957596
21.346477656778035
-34.61355472183727
-59.063873892990074
65.78575544302925
58.46964186553171
6.453483672832405
-62.49725413239873
-39.71342161972101
-27.950793557291234
76.39801011135313
-6.301765393555897
-0.3927046724918739
19.53680601439281
45.959990161532176
-10.727066817658027
5.278836610041196
78.7045532198712
-6.215876527896185
-12.815236275137465
-17.219799036501385
-58.70080927990025
27.810185195031238
43.92919028279769
88.71169923247251
1.7300438950539672
25.393517063843646
-28.547450203125962
-34.231356169241096
-41.72896487774265
-14.168442716285057
-83.87587431626991
35.75122403421392
44.20719453808363
-44.51941384127096
62.47760178946939
-45.89055805588598
-15.130243270937797
0.5031055943933467
70.54519964062646
60.06151471696927
-49.16101137733573
-54.50912267685322
15.538295338617687
-47.8203757004653
19.665731005621566
30.252084319882727
76.08815609871812
-41.599187371333215
-11.419026913565602
1.801545564403682
28.033794957059314
25.113158028160058
81.36513069474952
33.420032764365175
18.37715558651699
41.095049169075395
-29.18580851304094
77.33182140387967
4.611689175460782
13.957018616868908
27.09175187896797
64.21721776622843
31.063874423654852
-3.7900434175712974
-38.052738483975155
-73.24247637936976
-36.44275817771015
5.960734887977139
-28.644112869204946
70.86596201975621
39.69043311968613
-20.544399876508805
-74.49024830582842
63.564753547908964
49.089224513279504
2.4967008963180604
35.70207855165188
-76.25017098985212
-30.95411542972215
34.34077310320049
-39.26634233586788
6.946314137108033
52.75122881168758
4.558513203830131
-64.56052312642296
14.68757815541106
72.74356856370883
67.73925236444813
22.359710297365183
61.823820685455246
18.76692656452464
9.897431087751244
-51.349831509669535
-0.644381044147238
59.14470290693305
74.31924381999809
-12.989545404358566
-76.53213229465669
-48.827033154412916
80.23703764803486
50.60193087134621
-27.88060618213366
-41.114761737710296
-23.151664816495327
0.9268352160987945
57.77955621523796
-23.482482871408195
-58.675757071305334
-2.586462800403183
-5.474032268254064
71.60507660811464
2.0710402850411356
20.524361259289066
-26.354191557143892
64.09018486837681
-9.675616239782087
-33.88285304793014
45.22466760929038
-80.67088712565402
4.189422370981461
-41.190726642786544
-10.66203106701262
61.93858863380075
27.755721833030123
-32.55094262529863
6.200012001356896
-1.0261879356691992
-2.9835719605912203
-53.55844165311418
23.531753851393688
51.09186926011449
39.79244122688172
-62.9591936879813
-40.46849736554726
70.75359698286482
13.651600258508722
-25.23741994309053
44.09336019513091
5.572213070092701
52.515539855345
75.83196053499651
-4.65006406298906
-67.34088986408987
33.04298975783436
26.526459857780154
-3.513823424329999
81.27487181982909
-32.04678236717443
0.2132371970814546
-36.44603785186208
61.46312801736755
-34.04997457903628
43.075880273099926
82.08129708828687
-29.795343450911204
74.31065059849317
-35.50522319034575
24.560962449752708
22.297862223157964
-12.099350648680556
-72.11284204161157
-83.0423194490765
34.314737184841476
21.614054613583335
65.98753527999929
-37.6318413442746
-53.93401503349112
-70.28636022291931
76.53354309715897
61.95556044519509
-3.5642322526455814
80.9812561081763
80.73682500748592
1.4439973550686744
-7.992249333380698
2.2986630719324666
-28.480103671902043
5.28770845266186
62.33127182169983
52.17481850591744
-58.052846554073334
-79.20091605810128
-19.888119472724853
0.578131660041052
-51.777319962357744
-7.461208176116287
36.26800934837644
-52.03081029950472
3.3015094414754174
-57.83639357618846
-4.956737810402245
35.107642506134255
-34.1308053577449
12.13431942230865
2.010310520868842
42.21041324159279
-12.912498984807883
-19.869723375051464
-11.815715906786977
-0.4606662642093511
-34.03187740229093
-13.50251932475119
-29.308571488419616
3.5008371365809694
-52.732837571494855
15.335984526604562
80.6962815929516
0.3584245698394284
0.7169721495107382
-14.714254134264962
36.49304337306708
9.966583794062174
-50.194639604099976
49.642867849758744
-56.53821620697697
10.131466331187411
-35.695224022229084
29.38187486650709
-69.60422833396677
9.801753613639377
-29.452914053353027
40.512493525383775
42.36549628002609
6.3325434459724335
-26.3291484106051
81.67984998111484
37.879377701393935
37.636337410394475
-20.09592136500946
-19.387015726682307
64.2195348940798
-21.314349240470108
49.034804468021406
50.09241221651439
74.97566434303002
-17.32807626242146
-67.22631637812394
20.29149836230407
-60.73901497996177
-62.902486291421695
32.7879187999979
-18.523543859168043
-3.459246348138862
-10.068759568118992
-34.8186759274484
40.35549731401963
-23.75658957682252
58.357377873417136
-43.205241733452105
36.85779809972007
-18.185654662527156
50.0532526595363
-16.44129387311628
13.255735920660484
3.433029552280786
26.77780488141194
-23.09705205026627
80.04007104759879
23.09280938762454
32.56234337060164
59.43151519245467
-0.34655170559575765
7.2536336969389765
40.50193218323824
-57.70325539991455
4.14376866160498
68.58269343812162
-79.45220752784127
-9.891975720102394
69.43652518410002
-69.00003106647259
-43.73968490125746
-11.345624784866786
-72.3736405311098
-38.2035034803227
37.22744165987274
-52.376755395678146
-23.270963209473734
-7.531907666788598
14.371126730402139
21.904287107764688
-62.79982069574789
-60.438842310626924
-75.68985400111839
20.061392898013395
-31.161645388578037
-61.97623730932715
17.778353204703777
2.8651805151678644
-19.123624280935758
-24.375578407036684
-9.24150555487708
-18.708952130079894
-51.7045106319465
-8.716654041679135
24.052607641816635
7.5052505566234515
57.63881552003028
11.822611693554919
-6.774572510912918
-65.76414599537912
-83.4005826972051
-49.98805152031775
-41.315509455234825
-76.72092509494948
-18.082216663417896
49.26446405298276
36.46500602658671
11.194440509689713
-32.81129288445857
3.4561361762428504
-46.30744830201979
67.8050222087324
-51.78624650973637
-12.46092264754651
44.9394796869729
-46.553386579292535
-8.787981797350241
78.67788987917794
12.710540957332356
-0.3270426401698643
-4.185571400608083
-13.058545706296954
52.53273011860796
18.427562630257086
72.3566568197472
5.414193351778735
-26.39458036076404
-20.923128617459838
-52.01376923957084
-21.42713692765939
-3.054521417376222
39.192190775196934
2.0003670753564364
-71.67824047343193
-23.353131817041884
-43.85987469524737
44.663615173197144
-11.42793710507911
-40.33782810994289
10.90193799612355
7.245693124572114
38.390699425201745
-52.29533793155663
-80.59800604875272
-2.9807489853671996
-23.5069030515276
-47.16903459878
-62.31862537368201
46.83851729237185
-61.51066109722522
-4.5865344700429915
28.82241659140813
-24.79905005543371
3.017592654489235
4.551523307039432
-5.843139548974236
-5.2667059889168115
-46.770051180069565
-45.2667847577673
-25.564261665074568
-1.967174831610464
-45.9972751821596
20.329114113355445
-48.36887263551306
35.78166339097842
84.97929697204165
-5.460844408520629
8.522685156644073
-2.045434538971392
31.81730651518822
-16.295174929611903
-79.77030108043868
59.06518563307503
84.88678032754561
41.95929711987182
26.942676543964822
4.064389419946437
-15.15992870439787
72.38776325052174
-24.574191103253156
-82.3753111355661
-5.954103181388589
-14.345041884555386
-1.0238155635006336
-19.360016945943315
-13.829152134445323
1.080964942412109
72.52190519794439
-4.740016627485659
33.27686496479356
54.14402530921302
51.721873322376894
-71.38597592520637
-26.885089065050337
-6.853399991902236
-43.49272282608902
33.29000515942323
1.3034877126306839
-57.43455623506723
14.074318042300987
-15.78398433079525
82.9554235549528
-47.70931477737822
-10.50631003753449
-0.9403623725220882
10.58031492860951
-30.23719709974816
-64.30413249806459
-59.827847702447706
16.88231186504335
-22.395077332821188
18.42227246325575
-16.3313333721036
-11.818206275821879
25.67038106703832
37.218404035906474
-7.180156813776847
-9.311150051101876
74.13808196193207
-44.0046546146688
30.47290524259361
-19.334373063158026
-13.381408512617611
17.866699086006676
16.509510664545644
85.39529961352255
-41.753514549444255
-31.07132567865557
-15.942981789612915
7.916939030834186
-12.994567052214876
8.268626509334538
-39.423156658139156
-3.1238001659025656
-57.825508366484286
29.997883080144774
10.74843383828032
-1.9452082343831023
26.12040857591741
49.20180171197569
74.62691689019107
-23.824740806007895
38.11657638429301
41.96849351729338
33.3384236619946
87.66304964516345
-23.049128052245138
28.762071771417908
26.508482147874076
73.67861376408851
45.8967933686196
-1.4070972556621086
32.27716442534535
-12.418629647874184
16.889485132143577
35.476707754876
-32.737303302732386
-62.89112515513448
9.734962085411112
-45.302551558717475
29.75472711073712
18.992326024498126
20.69947946376047
-5.448183950879411
-38.25383487115426
-1.5496335998008703
15.310832609642475
50.36155116773523
-18.974615590716766
70.54371225652682
-57.356433447251064
-29.54463188959258
-44.50424404468118
-4.637912801281672
75.68288012783523
-47.55044447236101
15.04833837616519
-47.493264101260195
-20.14567727365592
-5.637052422931859
-66.4076015537556
-58.48788709836745
70.11789907769685
-4.5270465827738775
-43.85953982634234
-53.55194255681634
-11.399935324461467
-1.9767044328593784
-10.91814440583748
-72.37441610189889
-9.782334341960663
0.40420106261071
45.12075649579933
-50.67683852332809
-17.259074316703334
-82.84681791415802
-9.241323367839755
-69.87258540886981
57.45923463432652
-44.021327097363134
76.79734295243654
-25.610493147066776
12.23927728241766
-64.38815911868738
-38.86179547357096
56.2469499625511
-30.863109798853145
22.41309516646602
-4.906115037494587
-55.15471651218577
10.44259355206654
76.38468709497431
68.33116519615615
-69.85845714468974
14.891659887265646
-55.73378436669652
38.181341691970715
39.67731341133327
-2.132691992335495
-4.112979348535674
-44.00203078857003
11.36023321142153
-11.227011313904953
29.349630769578084
-35.229264663247875
-17.3169275600669
-43.06573224823688
-27.219702340461765
-0.17673739624839868
-13.783645339329382
6.285682542513172
-18.61275285481055
17.92710113298253
-38.364293875411576
3.9174849537127585
-80.12736288473633
-52.89630723517929
-14.057547153191322
69.00102453314884
-70.16443675902886
54.71471430384031
53.548050994791026
60.567292381724656
7.187946226066529
-70.99446721032214
51.03399007237465
-67.038491827305
-7.444826077861222
-17.08629216512361
-18.94069353307688
53.462453581595696
-7.144014301541205
-37.24434264799993
-53.72984114502739
-8.008398320398257
-24.79826481130705
-8.223185243265021
31.42541671687286
-3.0824149731446937
58.057746776790964
-13.74366821276702
-56.96727810422894
53.686933332108396
19.32822613994699
-17.329374889963603
-0.4554425721950821
52.66163574766634
14.421569304928838
60.83640729807942
-0.17684474058543742
18.420964892062614
-24.063968569260282
-27.11526715487183
-24.02981156672665
3.9151035282150133
-21.432620872098212
70.93079748129279
-12.450513811630998
35.16387768839533
-11.66952107769606
-66.56071044815812
60.91553817389402
-56.97513588826119
39.3244138562834
-50.12520100581424
3.4773361843886192
-17.617145334263313
-61.774934268636805
15.078613347489537
-11.767311675782253
-47.4839130398762
50.33866464428533
10.32298773066745
57.01979789536608
24.976144321728356
-40.94794838381665
-54.333673125523156
-43.57864362572248
-59.85440569855363
40.00339919250965
25.00543093069129
-22.37738813115071
-28.788175187601865
49.88321222027457
-10.956683429549244
-69.54221123804501
7.056904371024544
-65.33164618287805
-23.556507856735564
15.739390780196274
-39.80050891375455
8.087801979195476
20.358542650285486
-45.984553891370474
-56.561675654503595
10.79536887592694
0.2760524496243164
-14.127365170336546
-2.5594067027263776
-3.5626618891722615
28.801931024072218
-29.65452425344334
-21.379644924397866
8.46293584886645
29.110154271364394
26.973998507495978
5.323635336363424
-69.56341280648732
-0.4511995001941642
43.187060977110065
-31.395998822431892
-18.76946140791142
11.246820975979773
-42.03805917481662
84.80821982651608
-5.00800475739635
-19.595856468633812
-34.599959627626674
3.372428194860177
-23.784239207251858
-46.22109815845723
77.56837735626021
-28.697891786004462
-33.319642424522556
-9.557057053808535
71.93495208128158
-4.316222499504761
-38.83501591809666
54.02307658514641
-40.963081331072935
-12.75647729449048
-37.199803959216226
41.63943524561628
-1.5434882384289494
27.6666906445777
-0.7057443802392669
6.898664027803093
65.71660344607494
-32.59187401713886
70.25818131925598
48.14555569141115
10.935645654414728
-29.544127757536756
-16.99528787322842
30.2889989537274
-10.408075234346867
-53.1625413907732
-23.558777290394175
85.16087554463391
-21.846612559504592
33.006992921501705
-56.06980886993188
29.93749332163145
38.56028462329263
39.51223594942405
-14.68516775219068
59.163765331533654
-5.771206528653124
-7.9189105332638405
-36.35557614979559
-7.250302060140228
-31.637145716677082
-17.848461696009522
-10.319064069280998
0.6504870095825765
46.43127173907985
-63.86656807980814
16.448035322912943
36.264922578554064
71.76702345520118
12.166584589896274
-60.9514186285563
64.59604602884102
33.69955221706513
-13.467155646793998
20.606649439519245
3.061238180663736
2.5402680878531925
-46.04984796162091
-79.34233356738146
-69.88387189641847
-17.573470745662277
17.78180699691758
-15.49467623324432
-69.49602669346842
-0.9480888558013589
-44.02566557572405
-76.19565992307122
28.891133992437958
0.9256014041699245
-27.796442449963422
36.967523313397805
44.33909928814157
-59.39599312137021
27.69199197259107
-10.83665194920431
-32.386327278398966
-29.392197111079142
-41.53205296953188
-32.63634188811609
29.39119770620877
49.47644290114707
-69.91665333804775
-14.75246408857744
-1.2954789428236495
-2.651805298131322
-15.825261467175451
-48.04190648805642
-59.93222988609913
51.04273970709812
37.44544649495728
-0.28541439202015795
17.177685764410185
23.584212134268938
13.01283150215039
73.52031367701102
21.52870839300367
-15.57233351566316
37.182189224131406
78.67795265298005
-57.093699564382014
9.950741533169236
-60.429370476692434
15.98743138380867
51.582966380070815
-4.893440952765587
-43.708904323551366
-18.479451583940318
52.80933273217181
-5.988674841815822
-21.261584167594094
37.76461716577185
14.453230512106629
-66.93005201174937
-27.100644651215205
-6.88394418017954
28.56639770877237
29.509069608253256
-5.095761677959857
45.73433678333697
33.71785833974903
-28.935216998709308
-0.05799461607018941
-27.730603330891128
-14.347055914549102
-1.978183158925674
-30.641225309435995
-15.980612606575122
-6.936251559888049
-70.23048668900941
56.03142716566805
0.7668761338806718
26.04424328201307
18.018375726369896
-14.968771221042914
-1.12370417637176
17.784362290887472
11.649247582296255
-25.28571635164488
31.39404329370953
15.95954971402358
-68.85197903426469
-48.42897216250664
-11.580890958021413
32.99568951221204
-25.22466737952992
49.69684612363508
36.85131762773594
59.15609359889953
48.61735807532148
69.86701780459737
-70.77005822376736
26.454988176737544
14.699030902441052
-16.545694508904177
-48.69504873665759
67.72046348158901
-6.013277658021764
17.0135786290344
-51.50293793265993
-9.852410436748215
5.378759584366506
75.39062997297626
-61.14021145574964
-13.007470057147927
-21.884027393589534
-19.793874019675044
-58.84039560555036
16.16067764359532
-7.341651737579284
-51.067325928423706
-48.20419080513568
62.50242318662427
53.5379674482281
-23.051807196423326
74.47724918025648
-61.080974367192674
47.96668696048127
81.58740925422737
-44.77455270091978
74.21782816776013
42.04736488569287
4.2170916995441985
-19.458474143122658
-18.31935844667879
-62.57694642986216
56.361546921019254
-13.095620873185936
-42.64138784282997
12.271438187161763
4.698172852189501
-4.017080404974195
-22.53633982173737
-36.860460008424205
-24.971629012628753
76.34807675533733
34.581489620361054
19.950939569956915
