28.028809258017475
-35.186455663847596
-56.495697283214135
-56.0944024784632
-40.71164922866492
-29.922950321442826
-43.66680258869222
17.72099262492108
-47.94073898238212
28.336164494907067
15.79933806448679
-29.17976763019506
-6.0380453267475644
-14.98729030471955
43.54296182444156
26.584276670648435
26.81728344374399
-29.70632209018123
48.604445930699114
49.27733163904915
-30.789207892991854
74.58663020629439
51.056447863019685
-32.378245708929356
12.534360603669299
1.0571539810687227
-40.91733292263071
-29.151427998401502
58.33163832250759
-6.013654114984433
87.02724352800465
-8.352206953256967
-13.533399958734478
79.05779224064747
-29.355082906772267
36.40212109947066
3.17116583055072
-69.26907825158352
-26.15714022153732
51.373793462165
8.801261267518314
14.973510916760148
-35.06772279482944
-25.038177029373912
30.174062693599055
-83.55050792922337
76.03037642513794
-59.428507759792716
46.11473354728449
-14.668955504319015
-1.5597819146766199
4.400061622523509
64.81185487924927
2.432376531855539
10.435927947135127
15.61764864314705
-20.463574756705214
-73.04165371473863
-1.2834158006018725
-1.1586789671829933
19.53798771604879
-31.584829075725494
36.71865402959875
-0.7109176599272757
-15.649727668641859
-14.518849442488204
-0.025823588305286194
40.00381140121502
-7.006962095647268
-10.194497314525734
33.40197298473649
44.954605051056404
-50.3084860751036
-44.92811688592853
-20.34253313305014
28.953110136141532
74.6148605310911
-36.34960357201126
-55.63728437573114
-38.94588103179945
-14.81414377003614
3.56491610748715
31.674977809100568
-14.68873383249904
77.46123276962231
9.267189931887089
37.836768537541104
64.88490770464884
-54.420305011555214
30.51172279122588
-51.75735886075901
-26.974832880680026
82.81567414957786
38.419730050509344
-34.61183414530771
63.02646359355268
-63.361873538836264
-29.670229391639566
24.865662534119778
-16.421230725341545
-1.534972927237618
87.19487389690309
-9.263524055100106
-64.40700325644897
23.92203073975945
-7.667305181009198
-63.63586324591373
68.07820424791154
-60.69832308408557
43.63700849472829
-1.1562405068040675
-19.380922319581245
8.507467987024626
-9.559961511838111
-71.91019168684869
31.21576763929386
24.418122998403447
-3.4667585712180653
0.2851815177630215
0.6384569077274023
-27.33995782939985
-49.16049747229051
-4.507299885182462
-30.423159967377643
-28.485687753709897
4.056368136690807
-51.906433225588344
-51.79979588426597
62.17328597717989
-54.23771536093409
10.382187820594183
9.955473793293237
-29.103177243236374
24.631579443629235
-17.040360394343466
-0.6807419776036028
-25.726046019688653
-58.19110425344578
57.25776697726252
-48.75851118660906
-48.349966905138324
-19.316172602207928
-36.37241806180894
-46.12100582240356
-8.044053096916358
6.346907000222174
-40.46573227382735
-27.41783745142584
-69.66635423927582
32.546621996172576
-81.72497400580878
-2.518905117767943
-4.821137885300985
68.99163181442177
-3.62271496831508
33.72516006882148
17.800518241795075
-29.896074663103278
-28.38742983466537
-48.16376845165895
-48.982954612232746
21.3436024664377
-34.619668394987386
-59.06006283484686
65.79127432035068
58.46953241372435
6.452807573217484
-62.493616289509816
-39.71561213687212
-27.956444363457265
76.39811659495211
-6.305002322697604
-0.39190175722900733
19.53940728137262
45.96773679911735
-10.72877640382309
5.278244103209744
78.70617046505444
-6.218335903991715
-12.816660717504803
-17.222447276205884
-58.69964884477813
27.815508927970583
43.92694340493355
88.71402518699384
1.7277551461207707
25.396732320617772
-28.548425672161258
-34.2300622632472
-41.72607478037068
-14.170140660304668
-83.87482750664834
35.7501955626835
44.21050371035193
-44.525576574360194
62.4788597463926
-45.88744281844773
-15.132821615277948
0.503837439303382
70.5446499419987
60.066236191829944
-49.157755294384025
-54.50659314294239
15.537483157260041
-47.818134013946
19.664487988399472
30.255352945496128
76.08840449541455
-41.60377827141583
-11.419702368164764
1.798204775677192
28.03535629318634
25.111265536463463
81.36713293091952
33.423747488649184
18.37883504819706
41.09860102316887
-29.193686241005153
77.3328910858358
4.60641787048894
13.954158359826721
27.097160666020358
64.21594589867226
31.061287612083902
-3.789252622655752
-38.05640850610281
-73.23997421432225
-36.44223702149379
5.960251016374343
-28.643074555365388
70.86510615125232
39.687364479745185
-20.548100436379457
-74.48859038232965
63.56558607691227
49.08748626297336
2.4941570867801204
35.69962377446345
-76.24617541118648
-30.95708738686129
34.348004114109415
-39.26392542780616
6.9475126764484685
52.750960264226165
4.556685965340748
-64.55938404612411
14.689898295536977
72.7480621751869
67.73992925212818
22.359709139310297
61.82320157545226
18.770576396955704
9.898041033056117
-51.35358760913132
-0.6450026787905472
59.1494811520335
74.31965685813498
-12.989385802475141
-76.53297855767158
-48.83184683139764
80.23911383346464
50.60660615411254
-27.880752990766553
-41.11250730597774
-23.15704462112464
0.9237506148528496
57.778039865731046
-23.488337791525424
-58.67223310099046
-2.5896904510416903
-5.473324727682893
71.61081546299653
2.065912786757565
20.524524236282232
-26.352548644308072
64.09652925033467
-9.682077796429269
-33.8818629574458
45.22396635660155
-80.6688649919723
4.18838445101774
-41.19626624841739
-10.666187841094313
61.93879435419652
27.760179109306705
-32.549418506546715
6.200210213335055
-1.0278744733517726
-2.986773234387414
-53.56088604767277
23.530119309224844
51.09749322438515
39.797732198955316
-62.96187050380736
-40.4731972601367
70.7526688392432
13.648860438710045
-25.24048818684639
44.09252680943305
5.5728022098105185
52.515609912184686
75.83132501072035
-4.649310294525293
-67.34223319698185
33.045657429619325
26.525642380490112
-3.5135388069237905
81.2779366375253
-32.04499214440436
0.21366672259644304
-36.44907550275486
61.4683146595533
-34.048598087367246
43.07848076410585
82.08353348505133
-29.79320860144601
74.31109763475078
-35.502671096841986
24.565745463188364
22.2950374172991
-12.099157927899867
-72.11231212332761
-83.04115531452196
34.31380869735651
21.61847292170009
65.99093863191871
-37.630242949136765
-53.93346150662229
-70.28760541451523
76.53344460342319
61.95442988068726
-3.566584286060987
80.9832428814127
80.739492536082
1.440236946638251
-7.995177878767848
2.2950868106636904
-28.47912183719437
5.282778717523769
62.33013164888155
52.17585429563704
-58.05003477085702
-79.19977782341171
-19.888421173773608
0.5753754489592637
-51.774449061763846
-7.464342472904676
36.27283976188255
-52.027305587729906
3.299359862821504
-57.83260236229517
-4.956848563277333
35.11075019834598
-34.130011148400904
12.136219485367661
2.007407477489167
42.21868125089841
-12.91746867086691
-19.876790312536514
-11.819440449318662
-0.46257344141008616
-34.03056723700295
-13.509285401340932
-29.311204000731877
3.500357109008135
-52.7358317251986
15.332254291703336
80.69807756050523
0.3557855475004317
0.7157044559477725
-14.714488482112912
36.490188844161764
9.962170144989429
-50.191945455637324
49.64114431514483
-56.53576679989771
10.132842328106221
-35.69515927527224
29.387905208344563
-69.60269883033811
9.802332972951831
-29.45383471535402
40.51178187735053
42.36862450672888
6.333429410299232
-26.33110958554714
81.68349457434459
37.8759644889372
37.63870310631165
-20.094891428350593
-19.385715133423545
64.21871348410264
-21.32014465494062
49.03841859339735
50.09889898540837
74.9752977609084
-17.3312274521534
-67.222232581057
20.2952471691723
-60.741853055506134
-62.90159522029231
32.79360992325846
-18.522126564485475
-3.461683394374049
-10.069337626643375
-34.81645346202629
40.35289367935994
-23.755802853607264
58.35601742048442
-43.20286221432047
36.860536779741295
-18.18449988070678
50.057464268654996
-16.442316913196663
13.25544461414475
3.433670567333621
26.783182788890358
-23.09890490221933
80.04433474844936
23.09431723793638
32.563579418760895
59.43280183302363
-0.34919105061497646
7.254149028454776
40.50196151533814
-57.70075825177215
4.142852403973947
68.58884086552803
-79.45107958376036
-9.893358771950531
69.43620294503279
-69.00140226066206
-43.74449395626588
-11.35226531684863
-72.36945400186471
-38.20781878039248
37.225324899932275
-52.374875464097244
-23.269669681374765
-7.533080519605136
14.368519486188106
21.905872421833138
-62.79585220780663
-60.43518976172741
-75.68713469347958
20.065645024299158
-31.160167162696183
-61.97408570754799
17.77923942034424
2.8621806159774223
-19.12769638449288
-24.373823290451526
-9.244782880223326
-18.71287024189637
-51.701696190032656
-8.715757342827985
24.048541817268486
7.505417267732568
57.64675511983134
11.819042831837692
-6.775295314376649
-65.76073613311704
-83.39762623431373
-49.98853234337873
-41.313732539472745
-76.71739162439913
-18.080834151719017
49.26294947010916
36.46317087638158
11.19483328515875
-32.81176711766028
3.454444764011285
-46.304219361914356
67.81011521599939
-51.78292997956932
-12.45987824250139
44.94504254360811
-46.557016054174895
-8.788638511101041
78.68072477634664
12.712727331279211
-0.3294827388645132
-4.187353587257391
-13.057566742060544
52.53253322203224
18.426942617527132
72.36039283191806
5.413285851348277
-26.40151493294887
-20.92849170620714
-52.01475759591178
-21.42941653353276
-3.0540117057590663
39.18967042525546
1.9976112486746729
-71.6781485320023
-23.360799272541115
-43.85858695001761
44.66979255113688
-11.43027212472066
-40.34072052353239
10.90281706820106
7.2421148385842145
38.38916546052485
-52.300235929803165
-80.5971665400314
-2.980318454692778
-23.508806608574247
-47.16791564493885
-62.31974813922275
46.84572246613689
-61.50695963074572
-4.5902094744838
28.828385374618463
-24.797497718174668
3.0184853034415084
4.552420911720475
-5.842693232841015
-5.265884234565334
-46.768462608899306
-45.26422396814313
-25.56587915765452
-1.9694091823543545
-46.00364499838512
20.32770508285863
-48.36666416919432
35.78824074542442
84.98181251664437
-5.4655040343443915
8.524022754854656
-2.0466978675780325
31.81677196752227
-16.300548798259683
-79.77043615385148
59.063554784492226
84.88745547833298
41.95622332249633
26.946959601410086
4.065149767282364
-15.162305802257734
72.38723894146025
-24.579805512106375
-82.37296779891452
-5.954290060134937
-14.349910529966138
-1.0284696426575977
-19.360312937096552
-13.830032752610421
1.081506903696976
72.52523530981796
-4.743859883380651
33.282210650193576
54.14772950121284
51.72004509382458
-71.38406369809834
-26.886884206333832
-6.855410820082653
-43.48966259185024
33.29654989751961
1.3041437031677674
-57.43359086147112
14.076503838040523
-15.78566678258332
82.95785531721052
-47.71377550452386
-10.508897157260549
-0.9414360864820566
10.579803266228566
-30.244099829429246
-64.30074563691062
-59.82635386918023
16.88240253173514
-22.402522226009808
18.417574443332114
-16.330139091186723
-11.817191336367202
25.66769016949064
37.22064822053909
-7.184797499410948
-9.314467717414814
74.13973738046369
-44.00183499482247
30.46896552266037
-19.3338007054586
-13.382072585884572
17.865505171205882
16.50846127329524
85.396792235168
-41.752088905242566
-31.069094614666312
-15.948399560713383
7.916984720009609
-12.993527881270168
8.268825731558763
-39.428429018623326
-3.1263866798262114
-57.826555999373554
29.99725477163105
10.746043051478864
-1.9487563567466992
26.119865284023987
49.200074244033146
74.6320799435924
-23.82528251617758
38.12224642762749
41.97312132869865
33.33783570019
87.66488759909348
-23.049187092000153
28.76086617662085
26.50529347254782
73.67808343199042
45.89787032759148
-1.4067850712540064
32.27388495014716
-12.418804078885202
16.892803841715335
35.48191999173389
-32.73557984427333
-62.88914793769485
9.736122792488672
-45.299759442612086
29.761405605910255
18.994153959910562
20.700417560404617
-5.45390436323882
-38.256717184985106
-1.5524203561829921
15.312822515582681
50.36311610255541
-18.973188153007428
70.54369075167571
-57.35314834284516
-29.54249192450841
-44.50330593397573
-4.639478138634303
75.68715637670917
-47.5544182391385
15.045139912532065
-47.4939621291297
-20.152542548338786
-5.642758978752113
-66.4035037175465
-58.48431732529748
70.12367279918047
-4.531122246141081
-43.86584572817727
-53.54931596035591
-11.400539084051672
-1.9759056905282932
-10.920420420139294
-72.37558374208642
-9.787453034696483
0.40203035658728936
45.12049240926552
-50.67374632074971
-17.258125616242737
-82.84352656633651
-9.240984521109198
-69.86840349499418
57.4665830529928
-44.02212841496171
76.80172014457801
-25.610082685363963
12.241351313396365
-64.38938723654766
-38.86457275322686
56.248960426410406
-30.861803434864143
22.41572092690076
-4.909625990502704
-55.151624304398084
10.444098919837018
76.3865636667187
68.33379768534527
-69.8588031832009
14.887612423521404
-55.730158095336684
38.18538223178825
39.679837851576565
-2.135584210667929
-4.1165375257706245
-43.99893811514804
11.360613724472117
-11.226610325374338
29.353578128694238
-35.230093851288316
-17.316477811656853
-43.062871355659276
-27.21775562877862
-0.17597680055614262
-13.787338219416213
6.284453563738623
-18.62036911186084
17.9275421095097
-38.370331428150465
3.9179256557933257
-80.12615084240345
-52.8933674028791
-14.063882212464009
69.00113932731685
-70.16039562405277
54.71580513454731
53.54703020431364
60.56890445125785
7.189155871108582
-70.9922631368973
51.035294164769795
-67.03446344050938
-7.4476004590546125
-17.085448082827682
-18.946765853251406
53.46470883286207
-7.145989771279048
-37.24168723053085
-53.727713420664585
-8.007471797947161
-24.802826131836255
-8.22331931386583
31.422755309367318
-3.086695890754072
58.065422001056476
-13.75027800779722
-56.96479348520311
53.69175143158921
19.33231505370985
-17.328373123923384
-0.45635719280625153
52.66793179442806
14.418491537454244
60.83632331183381
-0.17969809117718683
18.424758060867376
-24.06545731006142
-27.113793000986078
-24.036943137190605
3.9158331106443853
-21.440358466336463
70.93048012240635
-12.449547210323317
35.171449099324576
-11.673709622349662
-66.56064344228871
60.91403378605651
-56.97165846376354
39.329953192903616
-50.12987072464455
3.4771304207496456
-17.619858428812606
-61.771112524022115
15.078860771748424
-11.772581594836865
-47.48068611050087
50.33658964019236
10.321344913014883
57.01867702646473
24.976444593233595
-40.9466507757125
-54.332098159808936
-43.58266574025032
-59.852321095308135
40.01115080433638
25.008480373763888
-22.383652011768888
-28.790192270718634
49.889607250943754
-10.956320315138413
-69.54321731490914
7.056939955889405
-65.3276326069846
-23.561772286752046
15.741545637157671
-39.804040643352245
8.089147317200215
20.35741042762089
-45.98193692994892
-56.561408026448746
10.793332425768128
0.27584450284238926
-14.127765216657295
-2.5589813579321685
-3.5667408649152605
28.79983890585885
-29.65368022100047
-21.382539663341618
8.46294903836909
29.11598690086757
26.973783341826774
5.318787474590792
-69.55928254681858
-0.45319452303380103
43.18592992783425
-31.396710774034602
-18.773491229159873
11.247957335124696
-42.04213858349879
84.81015104981697
-5.009589361504027
-19.600333221312567
-34.60731965657833
3.372713539539731
-23.791505959790797
-46.21937476366232
77.57319739608411
-28.701848293623243
-33.3212503705265
-9.558725411944081
71.93595792079995
-4.321478765760062
-38.834241985773666
54.027306946430684
-40.96428727339944
-12.756114356315393
-37.201337146845155
41.63947955202866
-1.5426757725753504
27.663965928852278
-0.7102184163334755
6.899849499138128
65.71527114702806
-32.59151606509414
70.26086372298789
48.14335076571592
10.937425387455463
-29.549655121995713
-16.995891908519965
30.286670947955827
-10.411492544518183
-53.16042051207394
-23.56013191867443
85.16122523035094
-21.853363867518794
33.006971719205865
-56.066408430933464
29.9393175820517
38.56820332119429
39.51332019502746
-14.684715063467564
59.16555037595748
-5.772444499509447
-7.925099794515546
-36.35660792527382
-7.250491879634524
-31.643887487874466
-17.853380581988745
-10.320042848736392
0.6498029657501405
46.43043682411036
-63.864489663348905
16.447403833787618
36.264777192150945
71.76657288994764
12.168211325602883
-60.947803813789584
64.59945282184603
33.70637241288921
-13.469350104879481
20.607456769059496
3.0605808051405887
2.539891420519453
-46.04810346622777
-79.3387072894494
-69.87969473489674
-17.5766132343919
17.78540118641358
-15.493487305909213
-69.4941397354858
-0.9509661150782875
-44.02262205788401
-76.19140532781208
28.89504560734582
0.9222946055949279
-27.795318160721664
36.96963369677297
44.345173829213195
-59.39462721243902
27.693893026084808
-10.83750990543517
-32.39230764049199
-29.39182866112742
-41.53370293684471
-32.6415451346969
29.38741224283301
49.47425006715997
-69.9125923769445
-14.755585979970462
-1.2981351425357843
-2.656457344176019
-15.831273608173802
-48.04784065676176
-59.931846539192044
51.04769848306762
37.44281242172843
-0.28968587149115876
17.18104084983939
23.58922631650131
13.011898766286222
73.5238011731386
21.532525425385003
-15.57450589365284
37.187180695172344
78.67750165964338
-57.09702285093149
9.946424612235361
-60.42642974852719
15.990535107806295
51.5833603707527
-4.892735094282145
-43.712489508456216
-18.48165882177736
52.809011627158185
-5.988417465705567
-21.26134381525705
37.765134473701096
14.453621206006773
-66.92833670345894
-27.10800513651793
-6.88982800752035
28.570920382139647
29.514511874407447
-5.096188599406645
45.732282017521584
33.715087209372456
-28.93319537741972
-0.06084195591662933
-27.729644148105223
-14.34588232182891
-1.9823661710541671
-30.645137127750743
-15.980834850720953
-6.937541488246097
-70.22671260606714
56.0298993098549
0.7669522050329647
26.04827181221546
18.01961235277659
-14.969984106074534
-1.123264547502643
17.78371920413582
11.651191466138386
-25.287696963141244
31.390927600455
15.957023220006889
-68.85005504164235
-48.43439322342507
-11.58025433281712
32.992264037716495
-25.228168613152548
49.69638250870935
36.855159709821976
59.15514496744703
48.61648981574223
69.868000735901
-70.77203554026755
26.45238046551414
14.701707008636475
-16.547670508830194
-48.69889301016999
67.72524835501451
-6.0141365084862315
17.010704808506603
-51.49971548559446
-9.853881571820665
5.378300296986751
75.39053792606495
-61.14078633870205
-13.007694158954095
-21.884556895260758
-19.796935178795607
-58.836762397883994
16.1638377775824
-7.341093448888415
-51.07136461066886
-48.2067118758222
62.50532502812385
53.535875181778295
-23.056892319144225
74.47652652373756
-61.080567576383324
47.97020462394369
81.58863213044134
-44.7736129156688
74.21712193592464
42.04576399683626
4.213121110300875
-19.457327005387114
-18.3203568244125
-62.575343383116255
56.36028825248155
-13.099236222765214
-42.64023554205266
12.272124999464197
4.699147920085807
-4.0179444924530685
-22.54005376891888
-36.86096195443381
-24.97055116804249
76.34872956179291
34.58495653613707
19.9513627841596
