27.95218760604206
-35.190032759154185
-56.531488844760965
-56.125039854135004
-40.728364311158536
-29.89757284938608
-43.693426773449346
17.679733800526293
-47.98762845035665
28.29263236201018
15.791094958039068
-29.078486503729422
-6.000807871459912
-14.89916020259028
43.575932223921626
26.503087297567433
26.7730652167417
-29.73931560475623
48.60179649016601
49.2917387563642
-30.82449696517422
74.53711373962875
51.066922411395495
-32.3968833635646
12.514314730413815
1.0895454377211422
-40.95647844363494
-29.090192132038382
58.25350938726234
-5.994834227899005
86.99388687934334
-8.260738755223983
-13.428673693361503
79.02631273952437
-29.35818566742941
36.38886650874028
3.164916577340307
-69.24885172338884
-26.139449155051636
51.30617991162708
8.787445791845968
14.944069660215504
-35.10523682824994
-24.948633736121963
30.19172588546158
-83.58226976986712
76.02226826833203
-59.4693104615363
46.121791802801965
-14.645968731437733
-1.5251828030649648
4.431149881152166
64.7659940102914
2.4312467311041104
10.506941063564952
15.678630227409826
-20.487835738723604
-73.04971819903349
-1.2901181762486686
-1.1356611922524564
19.501527228031975
-31.570399211815413
36.656747575151314
-0.6799491004484963
-15.63313630202586
-14.472515933373202
-0.011700855397450027
40.029427503389115
-6.9143187121830465
-10.147393963193068
33.364745871006704
44.973909512032094
-50.355457291126484
-44.93478722138539
-20.298079051640116
28.994542626658685
74.59244923544253
-36.3296990756817
-55.67310029582177
-38.912245842866994
-14.821452959452344
3.5897438520304377
31.652019789346042
-14.650281161048738
77.41188946510695
9.330732332900027
37.82843228409345
64.8895775490247
-54.44568958551359
30.56493252518939
-51.81124242116612
-26.896394336084498
82.77580513711516
38.38344981668925
-34.62464316275817
62.92463192181293
-63.4141029617195
-29.69436117978566
24.880846542805287
-16.43903765162716
-1.5391368776655128
87.16214541125919
-9.263242037670707
-64.46399018961912
23.927013106330236
-7.64057519138494
-63.606790487828576
68.04595775305563
-60.69357595390146
43.64370224924048
-1.1249243265334314
-19.381743226058006
8.493820091767716
-9.566666509644605
-71.94538673797098
31.128084405034258
24.42150336359464
-3.4443357337534195
0.32136085720317453
0.654521715549663
-27.24583838791409
-49.20510697896952
-4.507237517431662
-30.45834191533305
-28.516355637807038
4.081502162960916
-51.84925385560966
-51.83854692603506
62.18106750169284
-54.29431337666717
10.367466633986623
9.941766147411911
-29.12010857350033
24.655398731916392
-17.058381211464066
-0.6877282009540693
-25.68036712486304
-58.216509790621764
57.16063397700799
-48.81154260871171
-48.36325937456561
-19.251438180457754
-36.34289120913884
-46.126331755176494
-7.986681212306294
6.337561932348322
-40.41935126649621
-27.43303361017138
-69.70485083840722
32.46863828394672
-81.73241077476116
-2.4530099921610855
-4.816505215386172
68.89217410236918
-3.6078527410628993
33.64620897237168
17.7881265802706
-29.921161483681217
-28.420812655537077
-48.215324330218685
-49.021552452931275
21.38519869198865
-34.532468852842904
-59.116638989889864
65.7036098982677
58.4666563392247
6.469941136614693
-62.54455489148756
-39.689643535725274
-27.874349893033752
76.38225290356644
-6.252240033303011
-0.3996587639949496
19.50904785560472
45.85500735828646
-10.6991743008914
5.2900621710682
78.66867574000483
-6.177519722832415
-12.79142609030255
-17.182875522620762
-58.724034627900394
27.743722193471783
43.95344435662159
88.66063747974215
1.768420303155665
25.357241641920467
-28.53819078851025
-34.2547877466643
-41.77087911611002
-14.144065372080405
-83.88996267144441
35.767748975818165
44.165901726220596
-44.43976927229009
62.45555912277888
-45.93507916914755
-15.086337757594208
0.4976645820069905
70.53990353974137
59.99367698480674
-49.20678660781013
-54.55045848608318
15.553583259379607
-47.85797625288786
19.68616041752007
30.214664187046964
76.07094916948947
-41.54160247955461
-11.407240885223743
1.8524547359660772
28.01979691619954
25.140333826096565
81.32262439241987
33.3759274917428
18.36184649133375
41.05139872387241
-29.077500785260085
77.3038169171964
4.695424952174747
13.997224711066906
27.024045902276725
64.22142970106901
31.09664254837574
-3.797977529632476
-38.00760704683923
-73.28020648414011
-36.44443662770073
5.974425808456289
-28.65678765475583
70.86278382496417
39.724983052872915
-20.493527920933815
-74.51651899256395
63.547557793700406
49.107289759414755
2.538851397953536
35.73196082060642
-76.3047664050428
-30.91715757085663
34.245997423160134
-39.30500194444364
6.936137468557035
52.75296834195248
4.585768596935523
-64.58258974583578
14.663331776021849
72.67190483207955
67.72168781302392
22.36585065798593
61.82463494065786
18.724148702984692
9.894892066703036
-51.3051903315944
-0.6304994383430653
59.07653478557478
74.30112155061826
-12.991379070234828
-76.52351954359182
-48.76720666727962
80.1941962172188
50.53917627491299
-27.873734218660772
-41.15179418495508
-23.077464477939216
0.9737944791535398
57.79027198284177
-23.40151988105879
-58.72854734987228
-2.5358469387353892
-5.481230304351357
71.51649674910368
2.1533014825643306
20.528476511008364
-26.377503024691435
63.99721823385673
-9.580777164689891
-33.89331551054839
45.23460303538829
-80.69955446882852
4.2106061677157385
-41.11946313720506
-10.60082532980175
61.930008658702036
27.701770850513256
-32.57083076556857
6.204147695024517
-0.9971556378450401
-2.9334546153049956
-53.53234287535814
23.556376381320135
51.015493058797006
39.72468977082423
-62.92897993571506
-40.409138790836394
70.7508178481807
13.690193750240809
-25.1973050477109
44.10519016115276
5.570669617954351
52.513376627240405
75.82363008980803
-4.6581656783204295
-67.32839214836493
33.01342015317593
26.542042642023645
-3.515510831805713
81.21802339812805
-32.076212397251254
0.2122086786333881
-36.409564287940185
61.38801346286397
-34.0744651105324
43.04465985717766
82.03524103377069
-29.826925335510012
74.29212437507908
-35.543426416957395
24.50230839870386
22.335712839363552
-12.1006455162115
-72.12474678150082
-83.05840805812277
34.33048508066855
21.560440253994415
65.93485568860106
-37.65153489561896
-53.9493931461382
-70.27441745109509
76.51996370865132
61.960909325534686
-3.526486285302596
80.93917757424549
80.68571899360387
1.5021363236667185
-7.947781219544382
2.3533543828531265
-28.491876369260424
5.3649661215704185
62.33641599693496
52.16074888067371
-58.08666965037144
-79.2184009616547
-19.8807961012931
0.6228812084424078
-51.822822519495155
-7.413577879399028
36.207634757669354
-52.08066929552462
3.338233400869669
-57.88961922782053
-4.951798752741283
35.071640997414676
-34.1378774965261
12.115390200460013
2.0574537669510846
42.098931150731374
-12.840383149304884
-19.769834197229585
-11.752739798055885
-0.42830350942885786
-34.05548399497571
-13.404618879227243
-29.27598537675361
3.513959305064205
-52.699000570028524
15.388920158961923
80.65690108722794
0.4014524298925295
0.7405472130607791
-14.708877213993631
36.526420873753125
10.032839858899251
-50.229267311685966
49.66050137558426
-56.57845369759191
10.119384673258963
-35.70223103416991
29.305058180398333
-69.63031548838333
9.799572808794196
-29.44467879163132
40.524196138223175
42.32730062886489
6.326965832346488
-26.30523725164771
81.61476000296358
37.91951988666787
37.60988217184004
-20.112177422119558
-19.406680483346364
64.22084558398646
-21.233450539608015
48.98749699311671
50.004117172697676
74.96577459019744
-17.283938541498756
-67.28105047630683
20.247523104037256
-60.706872218283166
-62.921528156655896
32.71578536355207
-18.543943985182793
-3.4215177189711454
-10.058968774459615
-34.85017416006493
40.38444870268654
-23.770581469615436
58.366840937867494
-43.24411292509993
36.82646787103758
-18.203032629456217
49.99722339746066
-16.423092711604767
13.264651248646103
3.43006634906304
26.710544407483752
-23.06268243218554
79.9673206090682
23.079823963950957
32.55198303436512
59.410700371125955
-0.3037031555176952
7.253500856531886
40.50492220668812
-57.74401406356806
4.158937547744571
68.49003764632792
-79.46944575321075
-9.87052043955768
69.42965704630993
-68.98670873531726
-43.67933638955427
-11.248771763471211
-72.4306525540492
-38.14917885851586
37.25399876452755
-52.40982988847379
-23.291669570544485
-7.512590979381486
14.407791468915462
21.890296854164347
-62.8560729861094
-60.49285968166619
-75.7295399280741
20.009908588941357
-31.181109072724553
-62.012093360652685
17.773320283895288
2.9102028729695633
-19.066857254474144
-24.402345252660254
-9.187682841883841
-18.654255666758587
-51.7493406568934
-8.72765909218532
24.107979895208146
7.510034894127273
57.52620646527376
11.874081026596713
-6.7624538273457375
-65.81495441568529
-83.44017062565375
-49.98927899569432
-41.33709953741713
-76.77028363101519
-18.102021072714265
49.280754333252474
36.48942135798197
11.194791580840274
-32.81017925216263
3.4864131558894513
-46.35509271158738
67.72776959775817
-51.83195206029942
-12.474915855911803
44.86631114130506
-46.51021654819295
-8.776581332772878
78.62570689342951
12.687846101237554
-0.29003095157987957
-4.157919410808759
-13.071994030666218
52.53373591662009
18.440877709868204
72.29577373087153
5.433756642797178
-26.299002904152104
-20.84834967382274
-52.00801183616938
-21.397040898406615
-3.0579364223321903
39.221028403326244
2.0417520335865333
-71.68431267143265
-23.2458168878632
-43.872154061583196
44.58174864096202
-11.393335065341958
-40.304223923582036
10.896234785636324
7.2987651898075825
38.41172604987861
-52.234478007041204
-80.61082909342232
-2.984235113257583
-23.471476133095408
-47.19191802086397
-62.3102172160657
46.741093654606146
-61.55965644496369
-4.530128151089585
28.746511003304605
-24.82354790361954
3.0106393929440287
4.545171507302712
-5.847468189791442
-5.275586442120428
-46.78650594602706
-45.30083178752374
-25.54500913835308
-1.9305933564488527
-45.9148603572087
20.351382878984765
-48.39554995649921
35.696247193058156
84.92779488130174
-5.390577298469964
8.510930734471671
-2.0228098936142658
31.829041298730516
-16.21848941911213
-79.77014146408442
59.07493580070425
84.85940411665192
41.992899597396246
26.891251964388843
4.059898798536977
-15.126140362654482
72.38102260140084
-24.497105646619005
-82.40744751694702
-5.949671724057481
-14.274930943282342
-0.9524365859784183
-19.357530294940275
-13.816397321543903
1.07716800757305
72.46652812266737
-4.681243880262272
33.20964796523543
54.09325825937029
51.73867996762428
-71.41660940215083
-26.863716540268783
-6.8216262831546715
-43.537885603429245
33.20540373635268
1.2995121662861493
-57.45528798260158
14.051865381115206
-15.760430989824755
82.90622642069533
-47.654428891717046
-10.467717006783701
-0.9200869967619525
10.591432575020193
-30.14338015421953
-64.35491591308639
-59.855381553964484
16.887085855460185
-22.290642214010944
18.49026063323251
-16.347994224975224
-11.831788671445693
25.705798446053507
37.19369199024467
-7.1107225993680885
-9.261557873965941
74.10433833366565
-44.048754153974265
30.523937383607432
-19.34409312823165
-13.371597213521241
17.886509037897284
16.52760079263625
85.35722697454923
-41.76889657916258
-31.105443207201205
-15.865526152769277
7.923455988416478
-13.008551100403338
8.273032979473342
-39.35537174150802
-3.0825416097497538
-57.81869628243311
30.010966078013112
10.782749450085731
-1.8898238528187932
26.132875092701212
49.21972751445753
74.54472549348003
-23.820207526053125
38.04381145993315
41.90953359978482
33.350511539047034
87.61913813760316
-23.051154663478883
28.781738651216074
26.54979858869025
73.67106150376881
45.88478762070372
-1.408671488646391
32.31763592900927
-12.41548945883899
16.851112702132525
35.41104478652824
-32.760558494867524
-62.924574071183656
9.726133726830852
-45.34084448754544
29.668356553670264
18.975065368091734
20.693901673244554
-5.362689279300511
-38.21996729375484
-1.5050185092025572
15.291170477255704
50.34139945687113
-18.995151130629182
70.53288239936074
-57.40670365385074
-29.57721328253548
-44.524488892569394
-4.611860502016498
75.61253461733438
-47.50247846442598
15.093152721484387
-47.491363366840794
-20.04881944223871
-5.55181080556568
-66.46435243883306
-58.54113218880573
70.02968568838159
-4.4648704374859705
-43.777733664672375
-53.59450360292432
-11.389248926573515
-1.9841818847010302
-10.880902554065827
-72.36288565578306
-9.70691295256698
0.4405702347255982
45.12569922092166
-50.724802721649205
-17.273374139948515
-82.89084549782237
-9.244636364468874
-69.9287117586306
57.35526345005243
-44.017672564028295
76.7249268141343
-25.613491139589186
12.218077043725316
-64.37791930645014
-38.829543582640255
56.21821620834038
-30.885964218145446
22.385057954870362
-4.852169594166881
-55.19468852412501
10.429063168853318
76.34673116471251
68.28769727689988
-69.85907323135703
14.94992172904091
-55.7872812187566
38.131676465005626
39.64816523217513
-2.086741242424509
-4.0580981867427965
-44.0477236046342
11.360762053375595
-11.231372432410623
29.302808674745677
-35.20796805619393
-17.32192486089278
-43.110043118088676
-27.24956798891246
-0.18350456917926294
-13.730330749753278
6.3050197754394475
-18.50441607661729
17.92766701321925
-38.28526330436721
3.917585388303422
-80.14544279118662
-52.94264931054235
-13.96609232866679
68.98953232188165
-70.2209451149346
54.69876272430167
53.55757696224725
60.54164778921643
7.177916075033323
-71.02902928667264
51.0169575768698
-67.09191426290977
-7.402378999824293
-17.097451927376653
-18.854887377595787
53.431762728008835
-7.112734267311083
-37.284594619454445
-53.76609912229722
-8.019703190644009
-24.736489644552393
-8.21911181877094
31.458808200486203
-3.016870356525942
57.94876275072744
-13.648118773781334
-56.995720129785575
53.62082547725211
19.27897710812023
-17.34299832925835
-0.4372893367055184
52.57499826383258
14.464776544038614
60.8318554294645
-0.13090068800619292
18.375910337438512
-24.035565488720735
-27.139397793538137
-23.930527813675482
3.9098164482090425
-21.323575835413948
70.92296045864862
-12.463337228136396
35.06399720278003
-11.598037237601773
-66.56784485895858
60.923314848016645
-57.02167355334049
39.25323456536947
-50.06751394307344
3.486550604427194
-17.579435096958235
-61.82634578196999
15.081295861887853
-11.690425824577517
-47.53256001270751
50.35751899831308
10.347679647232923
57.02829913662717
24.978537711860938
-40.96140083887188
-54.362707994973434
-43.52950915528825
-59.88967680686306
39.90002066416369
24.971480013242456
-22.29009041494318
-28.764213729387677
49.79631759769683
-10.96047359266528
-69.53380519325947
7.063466122760133
-65.38835822724818
-23.4841244742489
15.717523820146738
-39.75771087347216
8.076057383179233
20.377761049171113
-46.02663048336041
-56.57303916839751
10.825010429640258
0.2815521267421133
-14.121603115416306
-2.5627220471096592
-3.500145570618571
28.83055736194217
-29.663709659555465
-21.327328357268584
8.467373687347063
29.036239877613383
26.982541436869965
5.3994063973905355
-69.62051589156388
-0.4175785008595909
43.20241269391806
-31.378284654805455
-18.71317279573846
11.237930459263438
-41.98786068697378
84.76468318855339
-4.981809737530881
-19.53341398382041
-34.500846594579855
3.374591689437608
-23.682902875901036
-46.2400819237963
77.48928231853469
-28.64613447206601
-33.30271356296876
-9.530104326433957
71.91086566679527
-4.237061335884732
-38.85230415882622
53.96505271027192
-40.95336440267801
-12.76032065650108
-37.184808846201484
41.641888317596994
-1.5511033871870836
27.701940872590384
-0.6368579219952011
6.888624479968058
65.71907003831853
-32.60225585148105
70.21294659987237
48.166718529632504
10.9184020621813
-29.469990953413586
-16.98371053962869
30.319525675872256
-10.351283962501029
-53.18597651660506
-23.542627833077177
85.13724294191357
-21.7520452698069
33.01242033244063
-56.12133013049677
29.919786156525078
38.454759299006525
39.502244877060576
-14.691732136640923
59.136567756032036
-5.750289951428442
-7.8274239370760625
-36.34745120322605
-7.245066611589678
-31.54610375175588
-17.778958766362138
-10.303596231949243
0.6622840302578652
46.44220118446816
-63.90116601122256
16.461322823562995
36.27117054223754
71.7599991640158
12.151474339371433
-61.00504596788433
64.54408297349727
33.61087605071728
-13.435359421266611
20.602736674695862
3.0767677208608006
2.551655007906774
-46.06925754989386
-79.39182099917535
-69.94089830333458
-17.518435023951398
17.73955779400508
-15.511218574601244
-69.52686393737196
-0.9020097936219145
-44.069714199848406
-76.25212298558371
28.844858585722463
0.9782514204642894
-27.810740504286656
36.9446712814686
44.25881399575803
-59.42188076151507
27.673515134442567
-10.822137800911378
-32.30652617510809
-29.39351038160693
-41.51619923578578
-32.567828826250135
29.44020823561607
49.49653348101364
-69.97334827402811
-14.707772290990604
-1.252656102062602
-2.580840616865544
-15.739147816071494
-47.96597769095771
-59.94484290739568
50.97580738025616
37.47613204163318
-0.2193185954244825
17.138878564539922
23.522064250579263
13.029244387806827
73.46219025021682
21.483869804785897
-15.5416506004957
37.119329818660276
78.6663204338144
-57.05508122832801
10.015330976149272
-60.464625063160405
15.951769033135207
51.57726706793176
-4.900421541047379
-43.66601009541377
-18.44934208794693
52.811653579409295
-5.990440409811271
-21.262724663240746
37.762334343275086
14.454084531979134
-66.95927059670075
-26.999133006837738
-6.796528784547718
28.511465025561506
29.440828321921003
-5.086299909235748
45.75636860811758
33.75152032197806
-28.96478839809147
-0.012105725225467268
-27.742172551356646
-14.36328008916091
-1.9137415234945365
-30.590707042116236
-15.978034751716777
-6.915021705415043
-70.28443906853674
56.04356447949121
0.7711902066840679
25.996477995536125
18.00885752759325
-14.947854112735556
-1.1253756790089966
17.79789822590864
11.629809631366697
-25.2481715690856
31.432665808434166
15.99490182636066
-68.88347193841909
-48.3604310413338
-11.588741522528423
33.03794706047299
-25.178323120188367
49.70223607708246
36.804744876161095
59.16174231184144
48.62771208949172
69.8444031123214
-70.74775595004905
26.48928665133704
14.669335591483659
-16.518201043668796
-48.649017653867745
67.64759712985594
-5.997920843154944
17.053296507171467
-51.55235398857854
-9.829670089979459
5.388348292947313
75.37767480812352
-61.13955291761327
-13.00382775295968
-21.87905540667755
-19.751950537110346
-58.8942399984833
16.12432692449326
-7.347280287499856
-51.01866375900423
-48.176848771938594
62.45849740113809
53.55424904703415
-22.981836591294112
74.47045217474707
-61.09375423926859
47.92113750026073
81.55500103698628
-44.780493434184585
74.21115846445161
42.06773867364831
4.27783084276993
-19.476126912541034
-18.3010804012045
-62.605536792365726
56.37161743936221
-13.034043822640768
-42.6517586362401
12.26833791874924
4.690684984490304
-4.000907192283549
-22.48599598168552
-36.84427671843252
-24.985713698382227
76.3258618758091
34.54062374412189
19.95183148305472
