27.94988475330082
-35.19032127847481
-56.53243277065838
-56.1257914501508
-40.728739266050475
-29.8968859544226
-43.694474569662134
17.678592657756553
-47.98909803635402
28.29143838648882
15.791017786550142
-29.075272176796332
-5.99950075911282
-14.896239982657079
43.57667102946979
26.50062171186822
26.771849830924694
-29.74047172940098
48.601732005517334
49.29209768312995
-30.82572062044055
74.53526173626284
51.067164769296994
-32.39763123854971
12.513860447946925
1.0907483646368519
-40.95788674981167
-29.08831371729795
58.25097603988118
-5.994140464601742
86.99231140647154
-8.257642405326706
-13.425182108471063
79.02493231441215
-29.358420570586418
36.388601864311426
3.1648337660842003
-69.24835370196068
-26.138983439727596
51.304066218648984
8.787174834673976
14.943315289674246
-35.106561944865376
-24.94577131679867
30.192372797542816
-83.5832235696682
76.02152068411078
-59.47077641723738
46.122024276031226
-14.645109856334685
-1.5239248234841654
4.4321816086178245
64.76440760385239
2.4313521629264017
10.50932941392179
15.680598670743123
-20.488642539260937
-73.050081908147
-1.2902518811403496
-1.1348727858425463
19.50055843160648
-31.569703491937673
36.6549270411453
-0.6788990284508145
-15.63261053953427
-14.470804202291788
-0.01110966807571856
40.0301473718724
-6.911171960809483
-10.14579797833565
33.36374369577342
44.97444181989644
-50.35690342163063
-44.93521621532528
-20.296674732849866
28.99572633707848
74.59140807117018
-36.329236344818376
-55.674053507255486
-38.911350226071136
-14.821655746769224
3.5905800388498648
31.651478182906203
-14.649019574489259
77.40999597062398
9.332852576074743
37.828306648807
64.88932643180644
-54.44625870257017
30.56648729750978
-51.812975789762135
-26.893922451800407
82.7741112400445
38.38245288512121
-34.62522167180813
62.92126222165453
-63.41562508743268
-29.69510646357017
24.88144485500233
-16.439636577777065
-1.5391678598725633
87.16058491435419
-9.263194862860516
-64.46586977438457
23.92733312217122
-7.639633937735411
-63.60604996197891
68.04474031394372
-60.69363090937004
43.643954835366515
-1.1237721366695155
-19.38182370566585
8.493554507085648
-9.566852443583713
-71.9465971480858
31.125409459367063
24.42177725428587
-3.4435596801428403
0.3226841493584516
0.6551823735287456
-27.24284583979822
-49.206694783202586
-4.507184926814617
-30.459557216275172
-28.517437828345138
4.08248083949475
-51.84762969671338
-51.83996888967777
62.180929256989145
-54.2961712355257
10.367166506341604
9.9415025204393
-29.120589895699766
24.656211968837056
-17.058992072015087
-0.6878646409797113
-25.67855631945585
-58.21751848834588
57.15748870831709
-48.81330800794084
-48.36343280682384
-19.249346848335676
-36.34211461984095
-46.12672101531384
-7.984721162003368
6.337424485146698
-40.418046109128966
-27.433639587438194
-69.70618138547184
32.466292461368425
-81.73263966518554
-2.4507205781940797
-4.816272295164964
68.88880196195615
-3.6072682590457816
33.643829137513706
17.787927260588646
-29.922091482764287
-28.421942776950573
-48.21700123024993
-49.02267900820093
21.386462129647583
-34.52977309417533
-59.11839739400409
65.70066894139887
58.4664390162429
6.470664222407137
-62.546033002403924
-39.68900235223999
-27.87176536952893
76.38135197125936
-6.250417706779842
-0.3998037108261201
19.50828031382369
45.85144181281629
-10.698108612827724
5.290512011320104
78.66712330228879
-6.176094987657322
-12.790500623881883
-17.18160237755461
-58.72501025886364
27.741583771180615
43.954060573635445
88.65843193308956
1.769899519666268
25.356181743948284
-28.53798810152169
-34.255735034056165
-41.77233588751372
-14.14321055017956
-83.890399343371
35.76835780572864
44.16459720408764
-44.437182534527714
62.45469797072397
-45.936605878941634
-15.084614037132326
0.4975834997798927
70.53938404994358
59.99130341227263
-49.20833262027102
-54.55202590247218
15.554194634274069
-47.85942716377394
19.686923848266616
30.213559727017042
76.07001420200095
-41.539783280966915
-11.406771941113888
1.8543024261877292
28.019497233559377
25.141264054536464
81.32081463852688
33.3745817977765
18.361505305362257
41.05003390785481
-29.073787259172732
77.30253684435283
4.698561307332312
13.998588359197683
27.02186038300485
64.22120294184674
31.09764913849341
-3.7981834394328473
-38.00620834087979
-73.28155183992773
-36.44431137791658
5.9750520795964945
-28.657153749005616
70.86227150819883
39.72591606615458
-20.491788562576488
-74.51748163173198
63.54683407383871
49.107727220896095
2.5404661883501944
35.73284122195571
-76.3065672804248
-30.916000138080165
34.24283485944849
-39.30645282063345
6.93593378475957
52.752973787773755
4.586736051579507
-64.58349901413013
14.662672670697447
72.66923614362167
67.72088745726671
22.366203876867132
61.82445788291815
18.72283627964545
9.894942458042266
-51.30385335611351
-0.6299006882535139
59.07416013385725
74.30019263099646
-12.991440808280558
-76.52328585271356
-48.76533327247817
80.19239292066649
50.53707617228096
-27.87334705103771
-41.15320741261883
-23.07491630075758
0.975497455826627
57.79034727256382
-23.398732856965196
-58.73043130315825
-2.5339579693441863
-5.481421454472269
71.51325512422608
2.15640245031004
20.528766606629077
-26.37830134914759
63.993917843827404
-9.577363798768175
-33.893556335895255
45.23493896015586
-80.70051960751927
4.211489984386176
-41.1171580654609
-10.598623666317806
61.92957257322405
27.700084126731454
-32.57145254079434
6.204441885417879
-0.996022275098909
-2.9315860113621
-53.531652060847236
23.557248308982352
51.01291088648975
39.72248668773997
-62.92811983062654
-40.407251276262045
70.75030021538686
13.69150437458137
-25.195990244442342
44.105591041637865
5.5707636773651785
52.513271108592704
75.82289022425041
-4.658391499698851
-67.3281154814225
33.01257931620438
26.54266968649668
-3.515517517966188
81.21573696268857
-32.07733971112587
0.2122842306432915
-36.40846087224306
61.38537028738514
-34.07544612000586
43.043707686977655
82.03330329076928
-29.828046305362847
74.29118377114648
-35.54479262855523
24.50044508355313
22.336941745817626
-12.100652350032831
-72.12525741244178
-83.05892410148795
34.33108333608968
21.55874668912365
65.9329300053038
-37.6521093064567
-53.95011921911871
-70.27413557476292
76.51911639411378
61.96080999485599
-3.5250618284666473
80.93738780313953
80.68363376057007
1.504269655290983
-7.946153794040995
2.35534481781022
-28.492208444168455
5.367831582925945
62.33630032815282
52.16027753468268
-58.087630808573444
-79.21901688204879
-19.88044981871539
0.6245802578928874
-51.82451525906265
-7.411832955622742
36.205706981458576
-52.082372423456
3.3396597630918308
-57.891416288448774
-4.951553217579701
35.07057106224005
-34.137983446062826
12.114891407347628
2.059242738014774
42.09514754600855
-12.83781174829484
-19.766333840884414
-11.750283461173538
-0.4270483700026375
-34.05643593563406
-13.401129057068658
-29.27496982970456
3.514557530497598
-52.69804113841098
15.390735476127816
80.65520387184242
0.40308959408049816
0.7414986592804667
-14.708631553238732
36.52736194828333
10.035219778400332
-50.230332260469396
49.66091826835378
-56.57998355209427
10.119129395301215
-35.7026339243309
29.302545605304047
-69.6313197528658
9.79963393784945
-29.444518153556146
40.52463251365194
42.3261155466171
6.326922659424142
-26.304504269418402
81.61218759470856
37.920667209190356
37.6091266906345
-20.112791369007738
-19.407400876022322
64.22062155731183
-21.230645111983762
48.98594631923481
50.00112120050497
74.96504732407206
-17.28240931958993
-67.28281931401574
20.24617700697783
-60.70595539549215
-62.92234682601232
32.71344467191045
-18.544661369291234
-3.420131692755845
-10.058595151558308
-34.85124686530344
40.38521434598019
-23.771146307129285
58.36690191486329
-43.24559037550966
36.82555053173206
-18.20366906135918
49.99536220508318
-16.422355400178816
13.265067837340908
3.430097590902207
26.70837421367547
-23.06125991947195
79.96450973472082
23.079563811174822
32.55178947824109
59.409920837989574
-0.3020760339190929
7.253649259446618
40.50510388114404
-57.74555709075978
4.159508279043848
68.48669272109981
-79.47005016002102
-9.869730714974466
69.42912972816487
-68.98639065998456
-43.677429134875844
-11.245300299294115
-72.43252659875395
-38.14745665430162
37.25480651996824
-52.41113940850517
-23.292454743251042
-7.511856277811631
14.409033769461729
21.89000312864316
-62.85799015288465
-60.49476788090437
-75.73092015829758
20.008280503871944
-31.181724045752404
-62.01346539946886
17.773317519204426
2.9118173047747007
-19.064894156726595
-24.403324162368776
-9.185621613949024
-18.652362602721837
-51.75101394848825
-8.728008742263484
24.10981666858285
7.510353548463527
57.52227797906221
11.875869142280195
-6.761987483027056
-65.81675856410644
-83.44144645441266
-49.989528400543634
-41.337718334574134
-76.77194331510724
-18.10271521882568
49.281170567108944
36.4902064026183
11.19493834690573
-32.810287270938204
3.487613648832692
-46.35677325271828
67.72497367230957
-51.83346661536896
-12.475385902073413
44.863888142095504
-46.50892302949875
-8.77613930510445
78.62361663791754
12.687227466844362
-0.2886930867925628
-4.15690286118776
-13.072459395237004
52.53372338654074
18.441439630946633
72.29348090740078
5.434586761380743
-26.295719908501283
-20.84575961396537
-52.008022975074645
-21.39604831895234
-3.0579729122723194
39.221819245854334
2.0432364718185596
-71.68463123746434
-23.24208402254345
-43.87238135701191
44.579018506593684
-11.392090915985946
-40.303242203521826
10.896189681088686
7.3006513852226504
38.412419744410045
-52.23257237892183
-80.61127042488374
-2.984298570588848
-23.470007581248097
-47.19289324368317
-62.310111808647704
46.73779454571576
-61.561217105268895
-4.528047156183177
28.74403042621047
-24.824466196302154
3.010523138883798
4.545090110028042
-5.847574265944658
-5.275837089027874
-46.786872779985906
-45.30191806700183
-25.544434035082816
-1.9291986062064694
-45.91218096178562
20.352196208807413
-48.39631001059205
35.693423637158304
84.92563174397043
-5.388008914678608
8.510680797672777
-2.021911387672631
31.82954074036968
-16.21578643839571
-79.7701549826098
59.07490433647655
84.85801636847663
41.99377368262458
26.88965518917081
4.0598802658360995
-15.124959794046248
72.3804251714649
-24.494467594231438
-82.40850141024234
-5.949476497730004
-14.272444824391556
-0.9498032515837878
-19.35749313644449
-13.815951786072262
1.0771225069094044
72.46442044394016
-4.679079738190296
33.20748344686899
54.09153938047851
51.73900466488644
-71.41774574086013
-26.863077267530144
-6.820440699077366
-43.53947914020986
33.202611613522265
1.2994908066178397
-57.45618515184284
14.05126736568522
-15.759620093315164
82.9041710601102
-47.6527269367695
-10.466321970556933
-0.9192636237128795
10.59190295589785
-30.140194727306636
-64.35672820534154
-59.85649445660121
16.887389800687387
-22.287003378846194
18.49263786610652
-16.34856666178362
-11.832249105651726
25.706928333414325
37.19299776243662
-7.108196946228503
-9.259759164752111
74.1029262013742
-44.050381932333075
30.52555527338717
-19.344479273843234
-13.371251896384834
17.887253315555043
16.528294440794937
85.35549797986587
-41.769265205315634
-31.106686762900964
-15.862792192529142
7.923834437311342
-13.009021531972508
8.273338307369158
-39.35318029619941
-3.0809889231641563
-57.81866281249656
30.011512100039184
10.783931967634388
-1.88776163285155
26.133414024419196
49.22016069162578
74.54166543700836
-23.820134390157364
38.04143661272133
41.90762968743516
33.35101333978719
87.61718449660253
-23.05130366759633
28.782470145020454
26.55110076465334
73.6704121769904
45.88444932968531
-1.4086631729406776
32.31885162783166
-12.415371435907304
16.84994519785151
35.40893136378105
-32.761312630243594
-62.92586434835109
9.725983758836549
-45.34210638796626
29.66549455544157
18.97465908140957
20.693884825113642
-5.359578422228026
-38.21896572781214
-1.5033358954793101
15.290674345774391
50.34075119086873
-18.995872075955617
70.5322297060138
-57.4085267432173
-29.578397862051304
-44.52537161943282
-4.610860890158989
75.60986984754888
-47.50101925342046
15.094670301047302
-47.49150328566292
-20.045430547289314
-5.54871018611108
-66.46624642020691
-58.54302601230049
70.02647670648301
-4.462583583380166
-43.775067489973715
-53.59610933335986
-11.388820466451165
-1.9843584612174254
-10.879477598833077
-72.36259804441613
-9.704194991230295
0.44197225380457894
45.12589462338576
-50.72656085816676
-17.273900584882156
-82.8922657601987
-9.244716017831038
-69.93052929498711
57.351644993776546
-44.01774458225201
76.72217466943596
-25.61350283031402
12.217508005282028
-64.37773989070027
-38.82860189034216
56.21721854067644
-30.886872766633786
22.38428470531082
-4.850178630399327
-55.1959272146216
10.4287530500186
76.34514741789542
68.28605041901102
-69.85922377175493
14.951945246845042
-55.78916752059366
38.13011812524101
39.647306487588764
-2.0850149629657295
-4.056068051298766
-44.04933731107619
11.360915104415525
-11.231490755654235
29.301375398394754
-35.20694612093633
-17.322055947661312
-43.11166752834483
-27.250662163110107
-0.18365126562504486
-13.728440336728028
6.305726735000604
-18.50060024859819
17.927842857482133
-38.282666372309215
3.9177281081840647
-80.14606625691133
-52.94436660079269
-13.962838693103876
68.9888902709693
-70.22284868094653
54.69820045438422
53.55777245046468
60.54069666577689
7.177721687910207
-71.03029584253251
51.01640372945394
-67.09362169741493
-7.40081892334598
-17.097814593230254
-18.851883103530056
53.43073206863812
-7.111565276269843
-37.28604809543423
-53.76750895270362
-8.020058988677619
-24.734400459838454
-8.218924951203135
31.459824308653907
-3.0144542471827407
57.94495969671382
-13.644715442311636
-56.996474373596264
53.61857979686633
19.27742485029178
-17.343453413271533
-0.43653771044128575
52.57203995361826
14.466241569392338
60.83155437513176
-0.12916312116948347
18.374506844036006
-24.034369757999627
-27.1403225087021
-23.927089599632055
3.9097459045763543
-21.319762129882292
70.92237657230444
-12.463763773861729
35.06064833315611
-11.59523409883586
-66.56824205779833
60.92321301460302
-57.023171674953716
39.250911670680324
-50.06571800288258
3.487011376446233
-17.578137612863998
-61.82801145515062
15.081530251884914
-11.687673073312666
-47.53430605106599
50.35787096092787
10.348556092107316
57.02839514203541
24.978773944412993
-40.96170015933929
-54.3638848244365
-43.527996382040776
-59.89103966135448
39.89653777912531
24.970501569684444
-22.287065972459928
-28.763497979124637
49.793373008001254
-10.960571343863393
-69.53365099868799
7.063846042147617
-65.39028602702135
-23.48164506348668
15.716952470282266
-39.75640378878745
8.075807723075627
20.37849200049098
-46.02821250541385
-56.57362579749037
10.826040834465644
0.28179886276062405
-14.12140722884972
-2.5627773988376674
-3.4978400784763437
28.831500303011424
-29.663932816666403
-21.325202346197017
8.467631652729736
29.03383269646173
26.982962970981063
5.4022111128940935
-69.62241942976972
-0.41627873131731974
43.20291537356897
-31.377441919764067
-18.711223433906156
11.237783959874506
-41.98630396506961
84.76278616505579
-4.980808149692351
-19.531252552195824
-34.49750757566193
3.374803718221642
-23.679388685688025
-46.2405540636052
77.48628808644128
-28.64443547181307
-33.30227564084083
-9.529081975754892
71.90979579466915
-4.234168764622382
-38.853069495336825
53.963084721200175
-40.953217003737734
-12.760419434762113
-37.18446091024657
41.64204382683508
-1.5512831557323778
27.703047192438902
-0.6343114508136125
6.888424746340576
65.71870892324279
-32.602756579614805
70.21121323896551
48.16716114930534
10.917973290919392
-29.46750250625641
-16.98322079916359
30.320494514004167
-10.349092364312824
-53.186564179713294
-23.542145730944767
85.13595836186067
-21.748755102093895
33.012726355084936
-56.12318519720751
29.919357771658426
38.45120164692864
39.50202465006163
-14.691972872728002
59.13558435726043
-5.749482858363919
-7.824116666064498
-36.347337139759134
-7.244830156206362
-31.543029379639563
-17.776528002037793
-10.303023277252635
0.662738093127146
46.44254823310138
-63.90248764438955
16.461879145718072
36.271482626703204
71.75941328503637
12.151124390465398
-61.006945036505044
64.54219999329126
33.60793573307123
-13.434234145122872
20.60277356204817
3.0774484402490714
2.55218704976663
-46.0697481367576
-79.39345030917107
-69.94277657921215
-17.516239876751783
17.73825335218352
-15.511787246893249
-69.52802387900675
-0.9002716670842403
-44.07124214309975
-76.25393318993913
28.84344503170999
0.980230769887342
-27.811175406956153
36.94404114013102
44.25614205759666
-59.42294144925092
27.67306604198096
-10.821570940617377
-32.30385909523585
-29.393429360926206
-41.51584164875847
-32.565565684030304
29.441758949448527
49.496914874266565
-69.97525534256552
-14.706199092507163
-1.2510354656266571
-2.578229643637016
-15.736102397334193
-47.96353415656437
-59.94546084437534
50.97355737747816
37.47699235404593
-0.21686912583695062
17.137698938344585
23.52006733275637
13.029880244228451
73.45997496093872
21.48249801729031
-15.540584385593121
37.117310796139265
78.66545273659386
-57.05395038591036
10.017644763377362
-60.465623213588636
15.95068390073871
51.577066156374684
-4.900600542700374
-43.664717065847064
-18.4483227755197
52.811674722648945
-5.990459308414458
-21.262692137856476
37.762373032096576
14.454260116831776
-66.96039837201859
-26.99564395130777
-6.793359234429531
28.509743443976518
29.43862793297228
-5.085894670972493
45.75692416607623
33.75251073466623
-28.96582815913159
-0.010369499570344942
-27.742501703858593
-14.363837099265567
-1.9113582937452662
-30.589067524721244
-15.977966537849113
-6.914213621574575
-70.28629165137214
56.04372256704471
0.7714601717524943
25.995011323992145
18.008708833095355
-14.947023658931442
-1.1253339507498765
17.79846514302824
11.629301808816905
-25.2466005515883
31.433829674389244
15.996093558516762
-68.88465850087658
-48.35824953057991
-11.588985870638979
33.039217878768426
-25.176787069868027
49.702387914440806
36.80330054722185
59.161731810661195
48.62801299391296
69.84341232928281
-70.74711309599269
26.490379616063493
14.668459611709139
-16.517257125748444
-48.64762869489778
67.64495471810557
-5.997313772845331
17.05462343472388
-51.5541501596589
-9.82883426219739
5.388747652490849
75.3768676972937
-61.139717410506464
-13.003697033549557
-21.878951713819873
-19.75052310433837
-58.89614541820561
16.12322199535575
-7.347429913429863
-51.01718574273459
-48.17611158593746
62.45691390290176
53.55443575384868
-22.97943871152691
74.46977104256263
-61.09437293342853
47.919656622921735
81.5535133185405
-44.7804618310346
74.21049205801722
42.06836839575189
4.280042282922508
-19.476782423306503
-18.300326811288144
-62.60667148853045
56.371755413347614
-13.031630801056352
-42.65192128545524
12.268381210220099
4.690563591787281
-4.000253987055814
-22.484293755197783
-36.84344245332574
-24.986157102254182
76.32477604050132
34.53938725197719
19.952020630377902
