24.797434650352514
-31.307038724450564
-70.41895959992831
-71.31610119247235
-49.60780532601921
-25.33820890223319
-41.10938314295206
15.780923990262139
-53.49020387079615
25.280553072167677
14.334057368434202
-23.346376184950103
-4.215926311422351
-11.486253405019099
59.553486121112826
23.439262962954828
23.903666253176496
-28.40142094907111
46.48820210018371
50.024123371853534
-29.890002055788983
72.8272475321535
51.262691300395744
-29.35281254829593
11.466491911076616
1.339598675300735
-39.5473944370031
-23.898068679924307
53.995936059616895
-4.201063904107869
90.03536275649307
-6.416803662110439
-10.3689717711096
80.0240720388179
-25.69754873807304
33.32204198178428
3.0555903748803246
-68.45774527784734
-22.041026147082945
47.041222091140924
8.267318858339323
13.502861737112127
-33.84466546177086
-19.861510115642247
28.894045832618986
-93.22368916091212
84.35100042943495
-60.00708882312363
44.695434457840236
-17.74457931222014
-0.6538639626592015
4.628251508487054
61.90690478872287
2.880921829130642
19.79834344569683
24.75113091186215
-20.035263183615484
-75.12698095847063
-1.1639438707979224
-1.8034496391174173
17.476012486248507
-40.74791745799039
32.85657084861191
-1.030160427468502
-12.59191126539534
-18.07109116696138
0.7796489464459597
42.01409483850355
-5.469799812437159
-7.62373408869999
29.997460343437183
45.890985053917404
-57.12886355015773
-41.26651119077901
-16.293829539620788
36.61438676321515
75.74249793077561
-31.612718903300745
-68.9757093003482
-33.76112230350272
-15.919214854284775
3.3204915120756766
28.58610993387684
-11.455053312411735
76.18065529024824
16.15786369928699
34.901959014091375
73.10378816248178
-70.00550140850495
46.468751317857794
-56.532460115803964
-21.689074780708594
83.55123511583622
34.76249456409698
-31.177645761882815
58.48467544539989
-76.02684549612454
-32.44500892366442
23.43837652564669
-14.815484462835784
-0.6256462471339006
90.40329181592114
-7.316516094769867
-69.18971121878992
22.004029125052043
-5.563857437962767
-60.914690066570046
66.48150475217895
-58.39158216296105
41.887804652589125
-0.3000210517252526
-16.402511872353884
8.010002698762264
-7.8590459373905475
-75.78628245818504
27.646021967213642
22.412828742401814
-4.362877851966175
0.7007844399534946
1.292921534605199
-21.814833988952586
-48.74870404557777
-4.979644403529505
-29.631230248668743
-26.916038555374087
3.6309248940601435
-46.45588479502227
-50.904841592456684
70.69908720321078
-58.122916273999564
9.334621613914834
9.239432566619413
-32.819584014556966
24.135581319104347
-15.361419277650796
-0.5323423135860565
-35.04417029864931
-57.137245798269795
52.614906662060946
-51.22401313592449
-62.82098259763251
-15.184571606416085
-31.360984903179954
-42.45596515079913
-5.908075116134555
6.186473032100338
-34.927418589024306
-24.462122159407983
-73.01460856848935
28.906414863547624
-87.93030448600868
-1.8862951459390445
-3.3098287461286446
64.7752638768454
-2.1966825514364956
29.982363045912564
16.089932002805597
-27.488094875653985
-28.19354224639558
-51.84574157711288
-57.48796150162074
25.801365660982356
-28.48190469950167
-67.04340710222955
61.63884414194857
58.08200923423507
5.46721145668333
-75.14334312843269
-34.738890366049525
-22.51106660402249
79.80330860305986
-4.513936132416433
0.16991055227107665
17.519557441143988
41.33679273000945
-12.946689802676772
4.6693421399758535
78.78809200288993
-4.37521665668406
-15.476891816168248
-13.631492531478344
-57.671007411344654
24.633182686867798
50.51945267452615
88.98506186873487
1.6136923054919095
22.660625545725537
-24.470451683581473
-31.55274946545626
-44.62813700557367
-11.142649805213935
-91.99345300102213
34.66373630848332
40.263003749090586
-38.06150086023443
60.62219332850529
-50.036888773757404
-18.939654867615403
1.105472926116576
75.2077033814735
55.916927072194454
-54.6240803533556
-54.56105310238554
14.628686613968867
-46.68617901263551
19.001764494468148
27.052448316168068
78.85994569003256
-35.6741041065584
-13.303614665733463
4.218312802565521
25.324027780403014
25.670668488848435
81.24051846631198
29.90670836442972
16.57430674276395
37.17873026058132
-23.17893560316719
78.18449760316128
14.923991644876963
17.194818392312627
23.972381124538657
72.77280865756117
35.706985846762194
-2.948461840790131
-32.5091673140582
-78.2856493798057
-45.67300636530907
5.258101642266396
-32.660851001134716
78.72643071099239
54.74258211252962
-16.34847117914768
-78.75140146785768
62.394346006432215
52.820023702421
2.004447327005778
40.643303027434996
-87.14566127237666
-25.965493347119065
30.46538040609775
-38.30417121547138
6.667130827424927
51.778293253354065
4.638151626769428
-64.8348040210879
13.293175410987374
69.45432681493034
67.51807260092733
20.583426034505166
63.64410151083112
16.65140827664335
9.059231798127357
-46.11010271930675
0.27408328239681623
54.947088497912745
76.10657678676407
-10.703887156566907
-79.01861319270131
-42.97858378118579
79.84746361815243
46.27047076628992
-34.27178135880905
-39.75823548136343
-18.339971576872998
2.5420170696400106
64.26347638656637
-18.55333852307342
-61.95223367468032
-1.7153480886730108
-4.329223348966153
67.67508088874462
10.459933194162659
18.807821976274056
-27.867330090183316
59.63729211328146
-7.4797159546806995
-40.33005967026977
44.169750122064045
-88.42059402521625
3.8075766020393047
-34.951195059105416
-8.018228319952087
61.53934319309664
24.66228288024672
-36.84226970886609
5.7568100621776495
-0.1932042369572713
-1.9976902377579364
-49.16389059330855
23.439056994929615
46.573816191059166
35.670529734513906
-59.94060701281062
-34.51767135592383
79.74588514612188
16.407462345393938
-20.667230108885718
43.18306379229992
5.448671584178825
50.965737397439966
84.55134663167695
-4.347765803680531
-66.24552050849569
29.728537041038578
25.148474811384943
-3.815995814180809
79.81084241812812
-30.12541270769725
0.9756202750828749
-31.177877437551004
57.230006141607646
-31.46924494188754
39.35830719964906
81.71061810694465
-30.44855690427481
76.00040908573743
-36.344417255633374
21.746750914250782
26.64341673702063
-13.262488066484266
-74.12723377417942
-90.83866137087057
33.02808728648145
19.106527956200182
62.77685441069488
-44.11416178420686
-51.56152837741886
-70.14551445488691
80.94197875409773
66.82085686373091
-2.268666301798575
80.82611086527197
79.65139146131176
4.881789108983938
-5.830036610678363
5.4747231613371525
-32.57261485848943
14.488864352975853
67.50354013122902
49.5260899251123
-72.77648274322948
-84.93368654068266
-23.46943627612376
0.6533269786809228
-52.19362976242114
-5.416643150058746
32.41596300315575
-57.29455517305989
2.704250553789535
-64.73807168044019
-3.4213973087442753
31.575304918173657
-41.25854088014564
10.721882018237565
1.5286194422431976
37.74891451334224
-9.832233808582714
-15.383694651696857
-13.606418504572034
0.18278637578610812
-31.375928239540983
-10.350372126110429
-24.53973020454859
3.5386953390061393
-47.9731353031972
22.9540643097626
80.79747485545005
0.5460948815736657
1.2284352457058247
-16.852691784933754
46.249670643222544
18.98377460997108
-59.721442513540254
53.49075867186903
-56.76759985224326
9.387706008332017
-31.95692182773692
26.000198577574025
-71.8470258429879
8.969487805440082
-25.35296053666933
39.12161645283561
38.508989655265225
6.130894480604354
-22.00281919679034
79.69571440779734
55.46636390930641
34.14415616805735
-17.934131092576365
-17.739174526401655
67.86845863364144
-16.7077177938027
44.971115159428734
45.46016868154686
80.39150724237768
-13.642697816575733
-78.85733352781479
18.038394467717794
-57.1883951869354
-62.50319568562285
29.13324625054885
-18.169166894234394
-3.7704752736269285
-7.79539064459432
-37.65903522788394
49.497234166748285
-21.0563953582988
63.35012782535327
-42.1076356931072
33.305068398323925
-16.394345433145048
45.830822793015045
-19.834990839037545
12.219826404495635
3.725053330580053
23.690022456962183
-30.153298815616523
77.43257872053914
20.817180678405848
29.665286625949975
57.19385372810794
0.05433810801734751
6.646636564526958
38.2102758976547
-58.21561131128883
3.6033455070306957
64.36341925666747
-85.29647868577592
-7.481700637712109
72.42704715908977
-68.36661165443586
-37.74027387262576
-8.721278416476622
-83.39102851370164
-32.432214537243055
39.952094790322406
-51.17562433705257
-21.195027852237388
-5.482092630875371
16.743024472194776
19.732211183739196
-69.74845976991544
-64.5606258939531
-82.20732072999839
17.66336982231094
-35.00095506498728
-62.84886118523082
16.12401473778651
4.713360910106161
-15.057886327206035
-23.31062230092992
-10.38144968004704
-14.722646261930734
-51.98259068255106
-7.58221161794954
37.750042043976805
6.6215204712543
52.78156970488075
17.57846967910048
-7.965515544589337
-70.18500886454409
-94.58717019469869
-46.38965883602628
-49.20656307859468
-85.80379152381364
-17.76908185086849
51.513177501202364
37.592163705097505
10.219925631698658
-28.804038671662312
3.0211148550018265
-48.92772495512661
63.916520984131296
-58.73447289976051
-12.129879271536097
40.553394486849044
-41.08035696522495
-6.650441818626746
77.17675917626028
11.477241460954062
-0.050939923335008075
-5.069186786816971
-11.546868387651983
51.404295795002156
17.23549893807116
69.48458482013606
4.681742069929157
-20.90349764018896
-16.42824918397868
-48.284602111579545
-17.439709749908246
-1.962632811194993
46.44393757138528
3.177661790746015
-73.11245240389167
-18.208755370605118
-55.23564544702023
40.2174300708696
-8.689416214630228
-35.06125285637927
9.986256528933481
11.798066675352132
38.65028452528435
-46.64662163289143
-86.6674231187648
-3.1311994423847267
-30.85771822864635
-44.61084070429608
-60.13582841220988
42.219188025418674
-72.82283974688272
-3.2801607038071126
25.494846018378126
-23.036210571730948
3.279452721804205
4.665153696800473
-6.065317899884988
-4.3602407394407265
-58.98226300616698
-52.27563287867628
-21.41847668521254
-1.023867062849007
-39.48873273903734
19.87805838011292
-58.970583149793114
31.828571132354227
84.5651170506761
-4.123777908184579
8.021275684636535
-0.923621883339905
30.035521789749424
-12.560149927890691
-84.37051342501123
69.32935992377378
88.44070229896812
59.27940154211635
23.94603442802564
4.25796747166136
-11.88543839555058
77.73612944809418
-19.53796621007382
-91.6351958392684
-6.760580982810552
-10.987426776290746
-1.13984735827988
-16.26129816624473
-11.04067173896074
0.9547988300752905
69.94488998487819
-3.427449097191115
29.606920678044872
50.13280699814507
57.92878424413294
-74.76957204474161
-22.57679365069582
-8.15035328653748
-45.79309202646665
29.53752042187554
1.870629274195224
-55.97833322020512
12.774643799161097
-12.565891725585885
82.42367298359986
-41.94616972231752
-7.896653430637613
-0.017857192458095028
9.767829541129373
-24.29811772479151
-68.2532586736685
-59.38299880545139
15.469575273167422
-17.43347569219192
33.202515609367936
-16.333754198680083
-10.561387573617822
29.837610026537803
33.77822681872826
-5.375289666293838
-6.907810951371218
73.44628901953473
-44.036409773278294
47.331124344902804
-16.77682396488713
-10.70845723992008
17.20457478126697
15.749422724433686
86.7958911155228
-51.20317821782007
-30.68532084872487
-12.270628496116757
6.807113384485916
-12.78865058240524
7.1207273902202814
-33.3065480587678
-1.970862288697944
-54.83950245802243
28.33982052093195
12.195356913408716
-1.3499157005804108
24.495197491199264
52.890475034562456
71.11974495950702
-20.256062778191605
34.0602484527989
37.82485280283254
31.603136576724665
88.68717675851394
-19.788877565189978
27.859910090149725
34.53355327424515
79.74038869843977
42.911634093424226
-1.6598356609320888
44.07063193228467
-10.026843964749915
14.933291723002469
31.644620385165126
-36.490207801383974
-63.74229101945459
8.681856112342217
-51.188749313862374
26.285352724061966
17.105950810819465
18.755444354455662
-4.373362034919651
-33.00253139875301
-0.8489741201860284
13.867206200604443
47.2198481885315
-18.75863182463479
72.6966186374809
-59.57118731465381
-29.145184431935434
-41.61099986426398
-3.046725117965906
72.74056863956483
-41.97683376876901
19.909415928972976
-43.55812381686654
-15.625024441181964
-4.497552371851768
-75.45116200137981
-61.948159036581686
66.09821566174415
-3.322237725031684
-37.35272188974068
-53.65119957832207
-13.226949483664683
-1.3138031160953858
-13.206427942282161
-72.99533984723745
-7.394937270199563
0.737082833306232
43.36784873523479
-51.62966002296858
-15.254961684348615
-94.60141271512322
-9.859751386415311
-81.81071793237035
52.67832494808843
-39.840754330150375
73.87557693795671
-29.897543552146175
11.047127570550941
-62.605785503690626
-33.643613578303615
53.148690905708776
-28.308704370795013
20.06170512321826
-3.4868784237704205
-65.98527947060886
9.390749909936986
75.72422844663436
65.86177602895864
-70.28923603682831
24.070395801231697
-59.430481304051554
34.310779501333
36.06466120441419
-1.3002849165528545
-2.9067019520225443
-46.30592853237847
10.370814328290209
-12.000646273570453
26.15144104533239
-47.89068772504383
-19.09433075384277
-43.32961443342062
-26.3323919580815
0.037353841717759906
-10.572885251430591
5.903823174576942
-14.339144365469636
16.338629882001158
-32.05138616370034
4.106588018372648
-86.41933535165249
-53.590511826229566
-10.76144542857169
70.3205640237527
-78.8889889337194
52.21245518075514
54.675662505412106
58.142095153914624
6.901575461143935
-74.66457597647567
48.10307361239521
-79.42441063547487
-5.381835228456282
-18.116147476891697
-14.692632654601127
50.056537469145866
-8.514465369971617
-37.763873253061796
-53.03944456390215
-7.281141716988003
-19.928718763008035
-6.296247025397832
36.77901707487604
-2.3567595686730556
53.235532466954425
-10.527840943558346
-72.72745341277653
49.34242994830521
16.993568300246253
-18.076264679597116
0.3905979698063078
48.028020095741965
18.61830021994942
60.83573545949065
0.10177602757219972
16.22471805961817
-31.094304831986392
-25.001817237746607
-18.84400114908121
3.724068974632516
-16.611366135311187
74.41798324091269
-12.366146926768494
31.20806411669028
-12.804853153505803
-66.34915341398938
70.57688407826515
-66.58250463092003
35.20445155880449
-44.40929162792417
3.6070147435763857
-13.966807785222244
-72.11848897988568
13.776354261632505
-8.937028503016549
-49.22772791621333
59.56961355819237
10.360660648316625
59.625047764933896
22.893210029943205
-50.35840130130987
-53.02430056609929
-37.86968467909306
-60.158472441594206
35.69588110365967
22.330523162974302
-17.55219652168482
-24.268689142703806
45.265942704186386
-11.745183347872285
-69.34500973473534
6.255710745765455
-72.80031806803238
-18.709873840714195
14.23031037375496
-34.27622851495395
7.666461865908374
19.536124208934936
-45.455340263789374
-54.336267007792166
11.47069696123043
-0.2642902500673614
-11.4701908147469
-2.7116244955112165
-2.63446208371613
30.222572084081776
-34.55891156652707
-28.57337539626144
7.696778987325004
25.769273928742166
25.06461932778936
14.195093539872431
-79.09808496148085
0.16703414628695157
42.843907341647764
-41.0164229473781
-14.759308442367299
10.317744152264765
-36.29671235467163
85.27570918854957
-3.350805696792534
-15.408327064538113
-28.161120615658106
3.6410953748577697
-18.618752102263244
-57.4612238449802
74.43030274335337
-23.583076303014963
-28.733662171540388
-11.489215638043177
71.89388107081976
-3.4819204859009574
-35.62985244777696
49.84129319372718
-36.475577824725775
-13.80141932204225
-32.548412692041026
39.363379009635196
-0.9920721139452695
32.48450902302707
-0.8671661753384257
6.618267934125782
78.54384100840966
-29.120565517377273
67.95451915855375
57.57616983827714
10.07867904830124
-23.969810518972892
-20.112546927524903
33.02484096384751
-11.87583953348529
-67.78164699523181
-19.66783207039471
90.155049995355
-17.048143767175418
30.7577061137836
-58.52894004787973
27.0233984668655
34.342357620350526
36.46838165072134
-12.431950656415609
56.4583349732128
-3.985717798392571
-6.183142602524313
-31.965271298331757
-5.4173299084562245
-25.59375362814015
-13.878188424594896
-7.921137100940115
0.019534690066549842
45.775094424708016
-65.10690933536954
15.373222615535994
34.0850204561867
76.32081912933461
11.153062398740616
-64.97507135251024
61.27385678887907
29.89751513028243
-10.449319179533703
18.698589133171097
3.155553928427807
2.843764121938534
-57.08140238792146
-90.14112513593659
-80.45117469214064
-22.626187695841608
15.682196173977204
-15.305039766675037
-72.168941500535
-0.44502081646707836
-47.31263645149529
-89.75578472295334
25.739476093488463
0.6590098955490191
-31.278521725347247
33.57739203421167
39.91629164316589
-58.72038027277775
24.93313832978056
-12.73415101089003
-26.453925670988497
-35.322660645337415
-36.82373657583722
-26.88127809440563
44.11733377932114
60.16826412695309
-78.73879606126533
-11.436320511294426
-0.6292551133434472
-2.183644812522118
-12.157921353646827
-41.740473121151
-58.40980129150729
46.6501807273074
45.090338734389036
-0.5200333432602804
15.221050825576029
20.812040034578004
12.30091717722648
70.92369720072165
19.144073019674977
-12.279489404365037
33.251455194108615
86.95257096551077
-52.69435942041436
18.50366623231963
-76.3101588573416
13.946932901198466
49.52340659552783
-3.8008845290971323
-38.173774019715204
-14.828848653636442
51.9421107589678
-6.426791837679673
-24.411282077505405
35.069374173065796
13.183456100014112
-68.54835136703767
-21.446944841652495
-5.3968432843329595
25.388161750737225
26.164223949184986
-3.481253633935097
50.98129781755205
40.98231243104621
-29.884839057508003
0.18581033170968908
-31.59188311985575
-13.901198460594443
-1.5774882265477146
-25.385388997654758
-13.218837953554
-4.965600173893321
-77.41705208705407
61.389482168495164
1.4797306094624787
23.162970086965387
16.296624433628295
-18.092142184876607
-0.20414614428281652
16.64294906582461
10.574808176458276
-33.801007190860446
41.01089809762047
18.1917919180772
-71.3584962005801
-42.32995305528085
-12.051729303706978
46.77428345226133
-20.545178701131164
48.68890788477157
33.08803562268355
61.595368124666436
48.33060144966086
69.49587149506914
-70.2646514268363
30.24861355292171
12.844029316592625
-13.172252194031117
-43.234268493396605
63.952036493018596
-4.216174359206661
20.746289566362094
-52.95870370268001
-7.435897799041001
4.7557216036707075
79.3576151528685
-59.09845340532001
-10.534909099199425
-18.467716444729348
-15.808980941526613
-62.662914117611315
14.178361301218004
-5.86680961686649
-45.68138620745507
-43.31400908039302
59.307740622250435
67.59914094945398
-18.300332449198493
83.42892153031733
-59.81599979742702
43.929489298744954
82.91775971075404
-58.258002208489906
82.665399517005
43.040898403029274
9.232202692283352
-17.519634025961395
-22.283613369172173
-62.87461728873977
59.54945442463733
-15.624089864296863
-53.700149904989935
11.19562667425194
4.772979285117387
-2.5244033137967534
-18.097083281154184
-49.700792121446355
-27.58937782660135
77.96197027184209
31.02165308612817
18.195126640998254
