28.073893693827756
-35.19021630751081
-56.47428735706011
-56.074675496679546
-40.70018238922839
-29.939464114597556
-43.66013355870557
17.749231577585363
-47.918511105145235
28.36545286732624
15.810260439986749
-29.231304716892964
-6.05253419372184
-15.028309605311307
43.51834623129989
26.63146801482209
26.847036194937047
-29.693632756496484
48.60659676003837
49.26764217634275
-30.775311724357508
74.60116710359813
51.04881433673549
-32.37394909310868
12.551561397018787
1.0471626086548866
-40.90349220671441
-29.18449962757107
58.36867295064479
-6.019625750749
87.02641851380255
-8.392607462684694
-13.581576432623635
79.06033095991495
-29.357831534966266
36.414360270369855
3.1785721092691688
-69.28412280219085
-26.16903776420088
51.40881942798711
8.814658034834068
14.995774460571738
-35.05369118507813
-25.083110296173828
30.168808258746168
-83.53446901436483
76.01902755539552
-59.41420540025639
46.11189469541904
-14.6766080694034
-1.5715788949890879
4.386673540241802
64.8297697292455
2.438378004895114
10.405615556154274
15.58941955316665
-20.452885723525824
-73.04169618517811
-1.2771290963090678
-1.1679300933435144
19.56402368541609
-31.585759433498623
36.75559379211978
-0.7237614901749794
-15.657935761509762
-14.534513596740538
-0.02760584519566578
39.989193943746955
-7.047504257281091
-10.214973071048988
33.427408516763705
44.943245603902824
-50.285566165667255
-44.931708493818384
-20.365206057320194
28.929836709466414
74.6147795464623
-36.36493538076349
-55.61608777906493
-38.96821286097978
-14.809844554094
3.5546551437132052
31.693354645044053
-14.706759763262568
77.4741095175469
9.239697516069668
37.845924690249035
64.87064801460028
-54.40264173658125
30.48231675352551
-51.73286306320511
-27.015238325191618
82.82069043656574
38.443589576542365
-34.61091680840081
63.072458304866046
-63.33407372804241
-29.658549583313274
24.862589926487544
-16.413306548491732
-1.5290062425205804
87.193603344205
-9.262070102552741
-64.38220672165927
23.925479645979877
-7.677497086488415
-63.65635162749761
68.08727814003248
-60.707366789948054
43.635405059470685
-1.1663794614340617
-19.382098961821484
8.520986320488603
-9.555390315623498
-71.89652096953321
31.265724193515354
24.422527782176672
-3.4756112486486614
0.2731919295299008
0.6359862277890045
-27.387680480785377
-49.14430310571222
-4.505529182398178
-30.4091758075552
-28.47407455306238
4.050571843438291
-51.941170782263896
-51.7870170108305
62.158082949420276
-54.21289865107908
10.396719769921901
9.968877409427378
-29.094028669053017
24.622456872693505
-17.03250113134314
-0.6740736489432209
-25.73818158544681
-58.18517673544954
57.304312310423114
-48.735911802056286
-48.33767574137202
-19.347876719984754
-36.39233300467828
-46.12536056123452
-8.068543574893411
6.357838164752593
-40.494335610141405
-27.414160985557288
-69.65149413953756
32.591935989853056
-81.72218535390016
-2.5456502558298553
-4.820195005715263
69.03345432067428
-3.6260429267988457
33.77075646543216
17.81391945315241
-29.887903165358736
-28.373531637557164
-48.140812028986296
-48.9626420383882
21.32243431158831
-34.6661309239543
-59.0327295830003
65.82918606436718
58.4669158403093
6.451324225068191
-62.46636163856323
-39.7344256137422
-27.99881685013618
76.39290025741926
-6.326777698976812
-0.3841675098795889
19.56238731639523
46.02599974861417
-10.73958486221315
5.275254073882252
78.71217872085589
-6.234543256768703
-12.825473811445292
-17.24184187393979
-58.69420490891436
27.858365693045315
43.9080185307582
88.7229148617175
1.7140290119051969
25.4242325946192
-28.557406099414877
-34.22299769348616
-41.706134458317656
-14.182263083756098
-83.86724110639611
35.743854350366774
44.23685740860492
-44.57318543798926
62.48608253812779
-45.865690875512904
-15.148365611418171
0.5113161974920786
70.53532495003452
60.0997619772545
-49.134724788068695
-54.49089377029318
15.533398126307361
-47.80462488352727
19.656948024482915
30.28301313066089
76.08442115940167
-41.63997128753063
-11.423729392031504
1.7758040143762344
28.050263589635833
25.09810821227012
81.3753816327382
33.454465901840166
18.394780068656218
41.12722337170635
-29.252056618644318
77.33506242460825
4.5722206014691125
13.933741407051983
27.14065878256794
64.2012976345795
31.041459192949702
-3.782140427083732
-38.085734543531316
-73.22316919584273
-36.43653912941731
5.960095232103171
-28.635116699432146
70.8527355301224
39.66191437020035
-20.575519107739368
-74.47800202258344
63.569269991953774
49.07256612166779
2.4786940208442445
35.68032703920892
-76.21709688416729
-30.98070268997344
34.4041385013644
-39.2486140167434
6.9592408816207865
52.74828160355034
4.5442636619662125
-64.55374600615659
14.710685441610053
72.77678443036186
67.74139872436731
22.362462624512503
61.81553817140471
18.8013453136807
9.905131121192127
-51.38416082394915
-0.6471630162090918
59.18363388071154
74.31743071922014
-12.988062044285783
-76.54056486550537
-48.86997442459624
80.24819108050403
50.64185319783948
-27.880126395416795
-41.09861375298354
-23.196817147752498
0.9030550449112695
57.762935400447816
-23.531540033630932
-58.64845393604176
-2.610801382916165
-5.467002560788032
71.64882569210991
2.0329914998133773
20.528580512040577
-26.34105092721306
64.14080672939662
-9.727448918169955
-33.873679128546904
45.219112627791816
-80.65459391442383
4.18400466871816
-41.239216519457685
-10.695257290297505
61.93792105645045
27.79674025145117
-32.538155658308725
6.204988895942577
-1.0376947447414153
-3.007756663384484
-53.581993299585974
23.519245569997096
51.13953499731599
39.839275216759546
-62.98430335999024
-40.51009107678707
70.73954169803051
13.629344470188258
-25.26407350988903
44.0867471994506
5.580264241322311
52.515718007772506
75.8196528197445
-4.64281607962856
-67.35461696761836
33.06861867576686
26.521658561895748
-3.510528238400468
81.29406803074741
-32.03397239741582
0.21905426163937136
-36.47372398209997
61.50488494891073
-34.04089914236391
43.09973168818476
82.09335156205847
-29.778712251119416
74.30914420745103
-35.48550560387665
24.604779986626014
22.274172672209033
-12.097298004520795
-72.11042415274811
-83.03285867111481
34.30844854090728
21.654875377026002
66.01339468570475
-37.61799205652022
-53.93266155390712
-70.29895695320536
76.5264872374214
61.94205626831777
-3.581580072508217
80.99146986422949
80.752834388546
1.4153261392189336
-8.015034719414643
2.271173173358477
-28.471525242881285
5.250419279670595
62.317550148159114
52.18361444159231
-58.027970633068705
-79.19234994133731
-19.889535173729826
0.5581217586885856
-51.75607149535858
-7.485578396736059
36.31146108834773
-52.002710372824936
3.286846253111676
-57.80569177154979
-4.95614162970368
35.13680629420645
-34.1229764136575
12.153937190649472
1.9892882113330472
42.281267147640534
-12.952707413438034
-19.92806940029068
-11.842024551648379
-0.47388324063965115
-34.023363899476585
-13.557426530256436
-29.33219309916919
3.4998836150981987
-52.7609170262698
15.305713933861995
80.7049447533806
0.3393439457590972
0.7091608209722011
-14.715466860954635
36.467113115817654
9.932100365634696
-50.17169798291055
49.62623491499377
-56.52064714302512
10.146116705722918
-35.697293708840505
29.435783325145366
-69.59367228753226
9.809168224366502
-29.462522917089075
40.507548740989364
42.39392068675758
6.343100656643401
-26.346911716774372
81.7037623501484
37.84826873983599
37.65892777734115
-20.088255733296748
-19.376978143091407
64.20863914751007
-21.36260021143643
49.06618407083954
50.14736477259291
74.96642110815506
-17.35422646648101
-67.19219966767672
20.32675974433718
-60.765589400390574
-62.897924665265286
32.838815923506985
-18.51223034074981
-3.477803712713211
-10.072803540511885
-34.800882389612546
40.33126737148493
-23.7514090153271
58.34239502278936
-43.188107626225715
36.883650939780665
-18.17669960803211
50.08942846902727
-16.448272803763373
13.25549902725426
3.4411090280987082
26.826468212089523
-23.109027439806923
80.06951623277274
23.108956513568714
32.57569797433851
59.44094485624183
-0.36573813530240784
7.2613451656577865
40.5037731994629
-57.68523578868569
4.137268978142345
68.63056728801448
-79.4436861928728
-9.902524103755312
69.42915858789698
-69.0138173117264
-43.782380783774016
-11.399173048349297
-72.33894964468814
-38.241780927474224
37.20903229092352
-52.36417238617094
-23.2614664003616
-7.540346709376493
14.349939579399333
21.92111749003736
-62.76784105017665
-60.410266632762564
-75.66834179821558
20.100818266394654
-31.149309314598526
-61.96100993446003
17.788985624825216
2.8418135118684944
-19.15754358784352
-24.36216909668495
-9.265278420235973
-18.74155505516697
-51.683768516700304
-8.708603694803514
24.018596125604432
7.510142013704325
57.70399833889036
11.793990192788172
-6.779743885862217
-65.73759075579905
-83.37578461678925
-49.995349239912514
-41.299976573804614
-76.69208642615672
-18.071142668520295
49.25017731245711
36.44963332001535
11.200279167060785
-32.81757249849386
3.4452576288724686
-46.28221629123822
67.84444102387715
-51.75911907984074
-12.452131135146686
44.987779262903786
-46.58656875959436
-8.792449522220693
78.69581457112633
12.732516391464614
-0.34590077017094245
-4.199126031029962
-13.050390195569676
52.53048325642351
18.424563610194895
72.38369546846971
5.410005812770791
-26.452809829956806
-20.967811067587647
-52.025293193400806
-21.44682272728059
-3.0486478911749657
39.16908937844957
1.9789148088415232
-71.67954382615598
-23.416869427293136
-43.847362053118566
44.71701752783815
-11.44648037046575
-40.36463579428765
10.912150261429957
7.21755807450009
38.378123378094415
-52.339019207270375
-80.59171181905384
-2.9761358267539606
-23.51915394542752
-47.16288139432465
-62.3309323090164
46.8999580733155
-61.47956008098672
-4.614840613063663
28.875847843281903
-24.787514361200692
3.0274805632489716
4.56181194636838
-5.838692117195123
-5.258785412737836
-46.75507151604822
-45.24542803923495
-25.579114531548328
-1.9833023817396338
-46.052805316628195
20.318772036100953
-48.34944827960672
35.83955469393686
84.9929916907802
-5.497327603015222
8.536940857007707
-2.0536645261793467
31.814884545993976
-16.339217242647877
-79.77229034035739
59.04658254153563
84.88475677792627
41.930279022917944
26.98228126519807
4.073524398577092
-15.179434463515008
72.37764098548945
-24.62145422784492
-82.35598082401057
-5.954930903771611
-14.384663721038976
-1.059618397548249
-19.36319690124442
-13.836267906155982
1.0870789551008642
72.54552113496788
-4.769720695752355
33.3248742882528
54.175135726400896
51.703446862885386
-71.3719600623742
-26.901565212031755
-6.868486344747339
-43.46882359994578
33.34786178130892
1.3112764810708057
-57.42964944802355
14.096252130266265
-15.79793951378305
82.968908137694
-47.74933942135215
-10.526746186848285
-0.9468647905903538
10.577871006741915
-30.29567414003907
-64.27788560664848
-59.81836383865845
16.88576487293686
-22.45686964915859
18.384480170747395
-16.321597506641197
-11.809599311407041
25.647582692178716
37.240005410964415
-7.216754613622442
-9.337324012741007
74.14715907662566
-43.98357138676841
30.43885864244953
-19.330409067101016
-13.386690504499683
17.858337824382815
16.50245407975342
85.40024776618588
-41.74034191182512
-31.054348766506692
-15.987323979412494
7.920884338071701
-12.985857010295106
8.27387364387188
-39.46933614277217
-3.142987937461598
-57.837418706052404
29.99470439124498
10.729275265411331
-1.9720713982093656
26.118165137959068
49.18523523874674
74.665159155786
-23.83054705377195
38.16675361992452
42.009524747972534
33.33539586568486
87.67040221879577
-23.050862588239895
28.753525461901546
26.481117266600407
73.66807267127089
45.907099541658965
-1.4033396074284923
32.24815507792036
-12.419775800199574
16.921106302892653
35.52340543019406
-32.72310719695389
-62.877337664353306
9.748265154791682
-45.27968756627364
29.81390905308504
19.01125047198579
20.71062970321354
-5.493335117732542
-38.280403181791165
-1.5702079257841035
15.331088807760324
50.37528846141535
-18.963226239322594
70.53888391496847
-57.331395181126126
-29.528290973163564
-44.49953530244285
-4.64903940186899
75.7135459402335
-47.58648044088657
15.02221838271214
-47.50232211067374
-20.202429793549854
-5.682117646600176
-66.37405279666947
-58.46014157557458
70.16231837368542
-4.558615443367927
-43.914439999478084
-53.53287042616587
-11.404087807198408
-1.9684762377778355
-10.934735941242508
-72.38611107442117
-9.823244673243295
0.3889623521951222
45.11925706493096
-50.65354406830902
-17.251720342181287
-82.81918380703748
-9.238014362890013
-69.83765160279829
57.51964806517509
-44.03112046535229
76.82855586552128
-25.606265580580555
12.260297556530602
-64.40119160015789
-38.88755107554116
56.2633087445262
-30.85433694282679
22.438877119518395
-4.9331332633884415
-55.12842737791885
10.458792577541075
76.3950966955039
68.34997627516083
-69.86363161259762
14.85909331608778
-55.70539127617518
38.21799539246524
39.701001975581704
-2.154218544313082
-4.140256727708419
-43.97789494951755
11.365973825113116
-11.223289544554376
29.386315109321217
-35.23240089479056
-17.312868079294375
-43.044174071854506
-27.204912837208326
-0.16876581659320777
-13.81361992510385
6.276548452157044
-18.675361826848572
17.933759560392048
-38.41661230317382
3.9240601916511224
-80.11801954020356
-52.874445502556
-14.109038772162108
68.9978290960106
-70.13152157991098
54.72347137736696
53.537821356524205
60.57927235809322
7.201175841045597
-70.97799817144391
51.04534292150464
-67.00462842139666
-7.466264396183334
-17.079235156583294
-18.990825764436735
53.48148853391089
-7.1588128872981684
-37.22400950946798
-53.71511459352147
-8.000070499287972
-24.837006606298132
-8.223327241697916
31.402214509281862
-3.115444094644147
58.12068258037331
-13.79734300722761
-56.94475482835793
53.727407791671396
19.366287811242685
-17.321119800174145
-0.4605705696645259
52.71450291732367
14.39647898726858
60.833369573475466
-0.19775886952018595
18.45656235241053
-24.073324371924187
-27.104672774942657
-24.089303498180797
3.9232982743556732
-21.496642601854205
70.92309282921951
-12.442341597421105
35.22993664860044
-11.698851844050111
-66.56277469066802
60.897873684182144
-56.94614284154095
39.373360426266146
-50.16699353015622
3.478612441313558
-17.639778773067135
-61.743125613335955
15.083398162047843
-11.809774440605196
-47.45907576432613
50.31765003538746
10.310312948698126
57.00773987431782
24.981598360943863
-40.93576485259392
-54.32367734285795
-43.61490215993328
-59.8398699169496
40.07036914166537
25.03475735178762
-22.429600140364656
-28.80670204115806
49.93745394407529
-10.953254091783947
-69.55291024794386
7.060664885309265
-65.29921567690887
-23.600782762021566
15.761087300633804
-39.8325123352028
8.102243266523388
20.35081338726833
-45.96543506571325
-56.562663730751964
10.779238552072854
0.27544430672919873
-14.130615263381614
-2.554790217668767
-3.5941102815224184
28.784706287710122
-29.64682368890375
-21.398781264053667
8.465086278944327
29.162456411172954
26.974743658837937
5.286894433290115
-69.52953368487506
-0.4651325138596576
43.17774919513664
-31.398964933384306
-18.80298158496545
11.259371294504845
-42.07469464509892
84.81703680112568
-5.019351448779844
-19.633136916669216
-34.66265250220524
3.3776615095929827
-23.844791465673524
-46.205274878481006
77.60303892856089
-28.73223592726201
-33.33531242023416
-9.569371984746866
71.93896053209451
-4.3574135688846525
-38.83139245519322
54.058601271057
-40.97605937831634
-12.753097100973903
-37.215210538279216
41.64125635913376
-1.5351276394873992
27.64335731808974
-0.7400272087362225
6.9114548795509165
65.6991322948706
-32.591228557663115
70.276935430353
48.12368280285813
10.95399942186026
-29.59135375382607
-16.999144707486067
30.269272691440307
-10.432602287734042
-53.143026188908344
-23.571212013133376
85.15587566442267
-21.902698843868464
33.00916977240729
-56.04369788048843
29.956132847709924
38.628797157728854
39.523547519118324
-14.681543481505457
59.177549867511686
-5.779870246726105
-7.968256075144396
-36.36678091598561
-7.250732416372969
-31.69448755745806
-17.889057794854224
-10.326401963307049
0.6458103977918057
46.42425246609423
-63.85184455933741
16.444851710526308
36.26568182980978
71.75780548450197
12.183559909407393
-60.92319946285492
64.62227408299705
33.75962459633968
-13.484897983596312
20.616640053318392
3.0587709400532646
2.54000531201541
-46.033904357204875
-79.31227456380887
-69.84933545392914
-17.594930692398208
17.8157401763239
-15.48494984467213
-69.482438880155
-0.9693123681439744
-44.001579920550085
-76.1598165630461
28.927545828608473
0.901120131286163
-27.786898925405524
36.98800839706459
44.39171042582885
-59.38761657127462
27.711414078256965
-10.842775685117587
-32.43757528072115
-29.387903517375875
-41.54872854391853
-32.68130211495537
29.358526866366276
49.4542886803751
-69.88354480735315
-14.77795817551413
-1.3149467159736759
-2.6878119814301584
-15.874412043593026
-48.09396748518808
-59.93211392482855
51.08492336878126
37.42151288402127
-0.31797884930119835
17.209616987100517
23.629941238278676
13.006691924504054
73.54498922491973
21.5645415909826
-15.590241186481904
37.22687259519142
78.66682847980783
-57.1244165739055
9.916941243126459
-60.40328725267049
16.017236929187888
51.58622911644184
-4.8863366274129305
-43.74159499893578
-18.498103263168034
52.805890708547196
-5.985827621009392
-21.258920006500517
37.771153410857465
14.459275566580217
-66.91818309620103
-27.16242396299225
-6.930641488312361
28.60791977544835
29.558143702875313
-5.097739735714171
45.71492286973589
33.693228722321834
-28.919350366601662
-0.07884229832168899
-27.72224916473901
-14.337389180068982
-2.010251282992968
-30.675442866610453
-15.982695624227702
-6.945538009189633
-70.20019176030779
56.0152331319492
0.7699728236972021
26.081760439274603
18.032114330645697
-14.977268091401825
-1.1180470761547951
17.781126979747242
11.669130422000876
-25.29818175434974
31.366597907129346
15.938964999402401
-68.83814228094033
-48.47686131257692
-11.575302992304444
32.96533475325967
-25.254845922702472
49.6927049363031
36.886469012118
59.14524113418136
48.6096229508488
69.87133289350635
-70.78865296764693
26.43289654283535
14.7252375573471
-16.562160341060576
-48.730056763005614
67.75736329897765
-6.018909152562799
16.98993539646726
-51.47843918543792
-9.863667435430969
5.37636965725865
75.38392405878233
-61.14803679694534
-13.009112648283335
-21.889474009510252
-19.819678365759202
-58.81202310688719
16.190958479594926
-7.336082456472354
-51.10396804012427
-48.22832594202313
62.52491702857131
53.51561689679477
-23.09455222975734
74.46437248425724
-61.08060009262959
47.99745562835935
81.5909463147475
-44.76428476108861
74.205228550534
42.03358011879496
4.186555932572233
-19.449745057070885
-18.32598187017834
-62.566375963141105
56.34822701503663
-13.120983139080195
-42.62997391743342
12.280014682781498
4.709061024405727
-4.022408719567537
-22.56786630019225
-36.86114739980294
-24.962610612957576
76.34790201973289
34.613733080036866
19.957492099983327
