24.829748188359716
-31.342465070130984
-70.16841550023045
-71.04248735354992
-49.42692701853973
-25.385092162049517
-41.13274669900848
15.788651195409997
-53.36866168355398
25.32151286756877
14.35356132159734
-23.429661757740845
-4.242601333510763
-11.536362934634468
59.24826969826478
23.461887068722206
23.941012341156124
-28.38568434323271
46.52590225554346
49.99815209338129
-29.867800426154503
72.9636122173074
51.25344803179635
-29.36782309009655
11.478235331837425
1.307906935807324
-39.540490913735184
-23.962835138197576
54.12279670912025
-4.218115626560788
90.13413938943498
-6.465620138594318
-10.42353742638825
80.12409053903392
-25.723368292751204
33.36601484998869
3.0658184057586766
-68.60812062612965
-22.076372709610496
47.14388505514725
8.275813031837089
13.511829947383916
-33.82880979647465
-19.929155541165898
28.889083162522354
-93.2792352243067
84.28783811552265
-60.02918288764452
44.71075446202488
-17.694718591894116
-0.6823921327090261
4.59292564212268
62.023094961276286
2.8754311024939625
19.62557462313245
24.56223470197341
-20.01227103593635
-75.23988471102581
-1.1543587750072817
-1.8127560193239702
17.496505278472725
-40.56970341260203
32.91896486481386
-1.049972311883792
-12.613112715764302
-18.009705487755554
0.7629550486197445
41.94234316293054
-5.5197738900936315
-7.65511435562712
30.04833134157846
45.85076204967035
-56.98880166220014
-41.31912867017831
-16.333751133089052
36.42940794776533
75.81568975092097
-31.669910507568304
-68.73313130602553
-33.83491779730913
-15.887825124571876
3.298712230196287
28.62960493515817
-11.485661216166875
76.32046509092459
16.014097026065215
34.94295156098585
72.98563824995543
-69.72229510119965
46.16822226470367
-56.432367028107144
-21.756596146263078
83.67468687930449
34.82259674231406
-31.202864353882532
58.6373580371293
-75.82298231864485
-32.36927311078878
23.439020728496985
-14.810128242960886
-0.6257569493254351
90.49903187319552
-7.323433347182373
-69.14931291774616
22.020624857322915
-5.585277110255035
-61.060715605208124
66.58165756754167
-58.498659355927074
41.90617614775243
-0.3270814728674907
-16.417064988585494
8.01097033541491
-7.860666157062653
-75.83708265925445
27.687965990650056
22.4315466641703
-4.365113920524962
0.6682048514902732
1.2738931532437334
-21.890031185678183
-48.742582762549354
-4.968784571493927
-29.60739060660289
-26.904578612530074
3.5962359917069193
-46.58992282141826
-50.91951784046561
70.56352174017448
-58.04733056479892
9.320637788521935
9.251496508581283
-32.730983578152205
24.11073747831341
-15.356618991184675
-0.5229382283324497
-34.8622267296351
-57.19143005673194
52.747044541765774
-51.159645830689016
-62.5486731537756
-15.231455295479705
-31.42514051013505
-42.51289612233561
-5.94351032010033
6.185968691042618
-35.01457067945358
-24.473879356688244
-73.05464198619063
28.95574044966206
-88.05057216061641
-1.9302735455492126
-3.317915341639093
64.94513858464907
-2.2115946485637465
30.0356163973168
16.112341339365173
-27.490613285634183
-28.161394670184237
-51.75771595370944
-57.31674200257532
25.672311098410276
-28.575058031365174
-66.90753897944003
61.79243914716963
58.111234467182356
5.429950952780743
-74.93575190300508
-34.80906773645285
-22.582631907819305
79.83876347056531
-4.547822702650905
0.1752965125123751
17.54283671021261
41.43347895785374
-12.918719996792419
4.666693132352762
78.90485343238899
-4.403581843574344
-15.437390935865622
-13.6651931058029
-57.728086909833024
24.666600723027898
50.365393925854505
89.14216113415878
1.574598721039095
22.695180399192807
-24.505000905371517
-31.5625658022297
-44.54602716068168
-11.167218675729856
-92.09518578535892
34.65626355501013
40.338189115299514
-38.18881876551388
60.70218310826667
-49.93708657380957
-18.872557987594433
1.1079448885631535
75.18610501819833
56.045379049481056
-54.50591078178539
-54.56683922547379
14.622802662650585
-46.690953708542665
18.98374136105963
27.0975342706044
78.9066809163572
-35.775556213398524
-13.274736446978409
4.15045040522719
25.35947286074611
25.619902830811995
81.3746454483641
29.95945717473448
16.597832107205306
37.248372897518806
-23.26860223107387
78.27793316794347
14.782078726462046
17.092323832097733
24.00218979968848
72.64540132255206
35.574501202082985
-2.943383826369015
-32.5907804879226
-78.32155366468061
-45.48915985513247
5.226227583433328
-32.568541854128114
78.64410780653844
54.44856071485265
-16.393076691322648
-78.82281554015867
62.46312778597604
52.73165681615748
1.9601698357555932
40.508479285715424
-87.07582536538386
-26.023208332838223
30.51691707176721
-38.287227464250414
6.674735026975881
51.800656809337454
4.606540875525127
-64.90511238389612
13.304924216325375
69.61777876015196
67.58514936914915
20.597643995436556
63.639061501356395
16.658833255855967
9.072481555399122
-46.23473233770054
0.25773962791960514
55.07331756388132
76.16423847654846
-10.711780016147657
-79.16697959919728
-43.10727211099472
79.98171885720316
46.371020736026196
-34.14471647726523
-39.75135185329671
-18.39951102319553
2.486741449491234
64.14886066163555
-18.616457520886357
-61.90864178953151
-1.7531268643530922
-4.326712969493215
67.84932011490756
10.347623679577595
18.82326660266166
-27.81313883427849
59.79216336965922
-7.531786007500116
-40.19379229860649
44.1746619316192
-88.48327764416514
3.774953153768436
-35.06060766937386
-8.057163339535464
61.58323777912071
24.699714206654974
-36.74081873565751
5.735503135906129
-0.22006510667230827
-2.034646662340066
-49.2775307016799
23.404093113951518
46.681303389058286
35.74270006501234
-60.08899130725362
-34.61660307646146
79.64168414962461
16.3138101669567
-20.7147543782271
43.182401740589796
5.437690102620849
51.00078632028746
84.47952807469872
-4.337708795862767
-66.38231331488487
29.777439575645914
25.14677209757062
-3.805692923961786
79.97222078239898
-30.120161516759737
0.9723227531031995
-31.24895748566628
57.36692148344267
-31.477053390432417
39.425638587102696
81.85311163460753
-30.4032578509223
76.06008084916226
-36.2944632160806
21.77041249781567
26.515903698627454
-13.236037864958206
-74.23056532112359
-90.93589706417427
33.02455612643453
19.118898543432977
62.906366335831905
-43.974016246919916
-51.62258894198437
-70.28834451648095
80.9579034196355
66.75413968283357
-2.2981248121729294
80.95904745165254
79.80251472114844
4.804492871652769
-5.861173462970825
5.396544669086495
-32.479452079148444
14.346848926439748
67.43238371632523
49.586640044824236
-72.51629159711007
-85.02903752317661
-23.39990577298947
0.6128928701196088
-52.17935268201942
-5.449309299058356
32.477413518232225
-57.186075357004235
2.6613180570440136
-64.61769931679122
-3.429801661444543
31.62999096398312
-41.11118229611176
10.705690914274413
1.4823652103778784
37.831210668470476
-9.87667346431651
-15.44722384202042
-13.56204785647499
0.15282286662358047
-31.385142725147034
-10.404899827354498
-24.591158628734107
3.5160069658459463
-48.09210740364009
22.784333823947634
80.92373626752575
0.5073410240738525
1.202756009491324
-16.812479274786682
46.03270947817538
18.816219910981488
-59.5342475838922
53.40151460212314
-56.78007339292562
9.400340966982114
-31.989951833970693
26.035923850906755
-71.91520522877587
8.982506978648843
-25.38831517266499
39.12651163392351
38.57889532233915
6.124206089922751
-22.043233670311054
79.86951597314177
55.13917965714239
34.19956647666481
-17.934404692168002
-17.732459042688177
67.8361822437065
-16.766473280055664
45.05989693720886
45.568274511071905
80.37873829537475
-13.679827008043333
-78.69443845763954
18.05353959483969
-57.33203655282561
-62.5767229800762
29.18345547077081
-18.147170460171452
-3.787819499934443
-7.809074201891818
-37.57786088220471
49.29353759246777
-21.06392144660616
63.2663866013381
-42.099558160287664
33.361430142844114
-16.39032952271195
45.926725647351844
-19.77634176598181
12.224268513355781
3.7213137397913556
23.718661306442314
-30.019607973748734
77.6126889141041
20.846191107323435
29.703784512854043
57.27009340460444
0.01726254863712029
6.626721675185138
38.23731638405678
-58.228258883552634
3.5949798452979707
64.53172799592943
-85.39243531671349
-7.501896438823053
72.43375679766234
-68.50864709329892
-37.85103596936091
-8.774287733637394
-83.2800197495886
-32.52051901647248
39.86193973159311
-51.199912497453084
-21.19261368570659
-5.500266724101792
16.655978823949425
19.760062456061505
-69.65141649801811
-64.50878023210083
-82.23499117672867
17.666615064795423
-34.907864762041264
-62.881991819099675
16.14445886460159
4.650007145906017
-15.102936757990165
-23.293014797479316
-10.364900350170487
-14.766211409276053
-51.97097888488104
-7.57671170413893
37.48754763279163
6.593219262475728
52.922746300934904
17.440907742320093
-7.953168132539389
-70.16304537149071
-94.60205100420728
-46.46143565777569
-49.04199928530899
-85.78109376785984
-17.74707213408584
51.45532721715534
37.53460513457509
10.232313568309308
-28.83959511064255
2.982934126174584
-48.855566501979894
64.07228222634348
-58.5949648490777
-12.113853912717545
40.641643845517734
-41.18724346022215
-6.664436030706696
77.32721489376837
11.475432271574917
-0.083519785734822
-5.074070412774972
-11.542673713104548
51.42956751532671
17.235578359339016
69.6361161417642
4.645954824668692
-20.97973925929486
-16.483781874435593
-48.37044169125725
-17.475621973075377
-1.9632993803680847
46.271116802671486
3.12617651077133
-73.2267884799158
-18.282347543470323
-55.01322154126168
40.30657474625983
-8.716970551427153
-35.14101781801401
10.00123462306783
11.687639070610388
38.614086698460966
-46.78916293146129
-86.77417936268591
-3.120971903673876
-30.717841694141057
-44.64511784681206
-60.25364718410297
42.31814021221871
-72.63524964997401
-3.318570230263731
25.528461624569474
-23.02852647424487
3.2838642490588654
4.66541150760149
-6.052807973249358
-4.354724976541135
-58.74670252842978
-52.12641855497702
-21.454731747743665
-1.0543300379894731
-39.62370797868597
19.85360209085424
-58.76311563160811
31.887634250812795
84.72099658417119
-4.1679302395513815
8.030498353729229
-0.945066216720619
30.043854305487628
-12.609518274898178
-84.50580213413706
69.15039766578533
88.51862653906738
58.95547883073104
23.981621145753053
4.255595556882966
-11.91548669610647
77.71061144572579
-19.60177842230013
-91.68362253045419
-6.748411230630808
-11.032201250427647
-1.1921015246013127
-16.278269893720704
-11.058727993620536
0.9644600289642824
70.09017117751003
-3.4668766208822035
29.659401803391162
50.23518299104629
57.799766012806515
-74.82724670769204
-22.616633300826294
-8.144990942850498
-45.72276065434217
29.587121307251422
1.8705739445915128
-56.03766408757985
12.786293381687173
-12.591531635731997
82.57333807108455
-42.06676914719981
-7.92561298572727
-0.03871838243213688
9.767159587331108
-24.38425274761589
-68.23080220505851
-59.43319094571533
15.481778260172348
-17.503780121961412
32.946947582990134
-16.310343528773103
-10.555009530695955
29.712721337832193
33.83203269411189
-5.41786762720227
-6.9414101035474545
73.55651554738205
-44.00802701189644
47.02028796527176
-16.783810593617687
-10.72443168846307
17.187869025897314
15.737100772701794
86.91818315022445
-51.01287366522218
-30.65505692509224
-12.319883943475162
6.774172609607817
-12.770993571547422
7.088617499760119
-33.407596834332296
-2.002730178288985
-54.94282127563676
28.344854302251065
12.12906603258557
-1.3913829584000013
24.50074463914686
52.80323682332235
71.29698042587947
-20.279951501808796
34.12778058432062
37.90137629995445
31.61057076243827
88.8263664752402
-19.806800532486946
27.845085141618853
34.3435427125857
79.70778364525583
42.96486836086342
-1.6506379071200428
43.822449906607886
-10.037857860712577
14.931253605669141
31.70396221101808
-36.39670271246668
-63.783192719126646
8.662488367597419
-51.05850568601469
26.318462017334483
17.130328477012085
18.778796911069776
-4.424245386286145
-33.07663937830476
-0.8849115929725144
13.884815238513752
47.28763013122068
-18.734601150777436
72.72654380496954
-59.54348849952759
-29.115539661113928
-41.64419591019086
-3.0688332643816807
72.90928944038663
-42.09114815484417
19.77905352425772
-43.627313119304056
-15.687904273934706
-4.548113003437194
-75.3342204178611
-61.8996701715162
66.26808667178199
-3.363540318362098
-37.47899216681056
-53.651344615454846
-13.198438099750334
-1.3080758637205037
-13.176455697886112
-73.14184447858375
-7.439489410315488
0.7027281580572691
43.38906129362897
-51.600227662615566
-15.254546659362546
-94.59439908265065
-9.841570788065283
-81.66027600712958
52.816094718448056
-39.90315082801472
74.04879945920874
-29.806409890107943
11.042801743431852
-62.73172648644815
-33.71818187636535
53.2341027776684
-28.314103680357363
20.090995879361714
-3.5237812634788384
-65.78492053958335
9.377018438583903
75.84523137230596
65.9840083778395
-70.4104002933866
23.8830168938119
-59.3642939283756
34.37560799245412
36.12492034536939
-1.3360923727670126
-2.944825116699647
-46.23612240247655
10.383181589231597
-11.978273447040891
26.194498011155574
-47.64843359634402
-19.05162580078975
-43.29527480421218
-26.310864074364375
0.046367714750829236
-10.610356292825372
5.886840827124459
-14.403618178853606
16.35560879142986
-32.155846994406005
4.09762494128239
-86.51299558322101
-53.574794940354295
-10.814071004895538
70.36024817938934
-78.80753885889341
52.27753078269615
54.65398699584762
58.22761189895064
6.902764232326021
-74.71042665911781
48.16735915457522
-79.2457934543941
-5.4120303038609165
-18.08142801659251
-14.749208949128004
50.14036621478181
-8.507315116666419
-37.71951156441934
-53.058397800603075
-7.272063322457612
-19.986076484556477
-6.305236024224342
36.63373525046555
-2.401676090341681
53.37706875785426
-10.581703525903052
-72.44674666324188
49.452829396172575
16.993441118616758
-18.044003037017802
0.3707679804094255
48.14392639492161
18.49923892520772
60.865957793955346
0.062362154581805385
16.223803582761548
-30.961162122766098
-24.999128064918253
-18.915958036956383
3.734622329029051
-16.68138758823278
74.42223224458905
-12.348064720080558
31.261984486817312
-12.757508666458648
-66.45224750439621
70.41559457453201
-66.40895796598429
35.27559302109421
-44.54100190209364
3.5883826095884075
-14.001345660960538
-71.95002393777547
13.789448407554744
-8.982682102458625
-49.17399591125622
59.382248507409486
10.32801929721849
59.58430327574254
22.91366027290738
-50.16895327540751
-53.061100153597444
-37.971485114615824
-60.19009732124938
35.76960416868053
22.36448274367443
-17.61564127172295
-24.31370473595686
45.3729913529273
-11.72320993184961
-69.480616128758
6.227333468290098
-72.70850141049911
-18.769452103832833
14.247581832029951
-34.36135617532925
7.66931908897493
19.522255490656477
-45.442249432759105
-54.409835573489815
11.421340483816138
-0.2596808100131085
-11.484276843212854
-2.701614073331484
-2.677125751859819
30.15324351246784
-34.451977152797554
-28.42859019996814
7.703905642701997
25.80501589687384
25.07787625169931
14.054725985217345
-78.99436810148518
0.13620582150512917
42.828554336291035
-40.83035936522409
-14.803643980187317
10.333167146871844
-36.39426588529579
85.4136232264747
-3.372886725635041
-15.456506239981024
-28.263858357393815
3.6306094118259296
-18.690966303416445
-57.241650979034254
74.61169988196849
-23.644037538344477
-28.78308594153293
-11.467907418351388
71.97831107223448
-3.53148426314209
-35.65642176978473
49.948083959498945
-36.53654906600969
-13.774428034333582
-32.605029331001944
39.3915229399596
-0.9853250502562929
32.347863490658284
-0.9188878376368876
6.62635176406593
78.34682692287333
-29.144563243311367
68.08219907740744
57.38030487139463
10.083670846391215
-24.044414789421594
-20.055960721238023
32.928750214034295
-11.848083358811422
-67.51243271501187
-19.699030791179027
90.20654340466243
-17.113421007197047
30.778639708951516
-58.489680552954525
27.063026874529697
34.4099608688054
36.51365347921475
-12.437369288428698
56.54500563299169
-4.004619249674619
-6.234430932049264
-32.014108775586124
-5.426675171150151
-25.68276638065504
-13.926720163059798
-7.938281625485132
0.018047673545396492
45.77337005644702
-65.14603404878622
15.372156701227368
34.105315486466736
76.30784654683131
11.167095967276467
-64.9283483175204
61.39979457505126
29.94782026444028
-10.476942187971446
18.720898614221156
3.131675936701356
2.825034347802756
-56.86524042411011
-90.10996439876877
-80.32856356668668
-22.523319794104268
15.680637938212001
-15.284502520342286
-72.22459236375587
-0.48291805207564664
-47.225708923033764
-89.62774435079903
25.78140672214596
0.612439034294681
-31.19517301112228
33.62976711069754
40.00413232862505
-58.773332333011226
24.969961137245903
-12.707177894583253
-26.539484880537685
-35.200473367536155
-36.89185081610536
-26.961527308083816
43.833020258798456
59.95393315302499
-78.65312943411583
-11.470935948374958
-0.6645346662477181
-2.232057177718076
-12.210333139344854
-41.87875452592073
-58.489018385103186
46.753778459120866
44.90891613821668
-0.5713237078087587
15.221786793309192
20.82784033573128
12.291045795887086
71.07426017397378
19.1640607047664
-12.308460499450803
33.31564510968792
86.90516480990698
-52.8330246182849
18.34046599883962
-76.03746882757036
13.933071306781429
49.56779055811833
-3.7982502280601267
-38.2711153373503
-14.860777271467327
51.96223034991567
-6.413931511368631
-24.34429365489204
35.10406422542067
13.197681171886046
-68.60553562520818
-21.527632835981123
-5.447154326075477
25.427860753758424
26.20359121507093
-3.4929024203244694
50.855669402893426
40.80475801431618
-29.83587930896327
0.1461632869919356
-31.503223203049814
-13.884364490792478
-1.6238317545576848
-25.450321001571183
-13.23245937692775
-4.984746225296107
-77.37022577394315
61.29019832497343
1.4704598732492542
23.1968659740579
16.318936236270048
-18.040874594324336
-0.20642271940067758
16.642194082409034
10.571431335639716
-33.63711004712661
40.79496009745884
18.106501832726778
-71.41175615709159
-42.46408507550359
-12.030671860204151
46.49846898305864
-20.59589387371186
48.703235463786
33.14906712930565
61.566247140005856
48.32570075229367
69.57700265848004
-70.42419877414278
30.130720889765286
12.82843156154398
-13.200660422779023
-43.35088978495139
64.1042011448767
-4.23174547743794
20.63253533485613
-52.921834559274636
-7.456754548256342
4.7553603248864675
79.37613077305156
-59.20184731032743
-10.546709899976051
-18.48937726158006
-15.848349869938602
-62.60862793239007
14.168546438542066
-5.867389947012697
-45.80867058221756
-43.41198758803864
59.420947405934555
67.33963049893458
-18.357836777078077
83.34526724698463
-59.89746278722767
44.014924426964996
83.02321893838536
-58.000496635424426
82.5898204646883
42.9939337650556
9.127560080708548
-17.516953377027903
-22.212448565302893
-62.92708672744416
59.49437239178738
-15.566256262231306
-53.483023557380974
11.210762518426634
4.775796860568676
-2.5405784252492793
-18.144755117211474
-49.455088535814475
-27.522380406216286
78.0341675107303
31.07644100159743
18.213349904703634
