28.074835400144508
-35.19034345461917
-56.473861146702085
-56.07427329485041
-40.699947565270165
-29.939820306469272
-43.66007180520371
17.749853468886997
-47.918109485746555
28.36609182727372
15.810534441791376
-29.23230975686768
-6.052776404903085
-15.029075821532487
43.51780964271535
26.632450567236774
26.847685413341566
-29.693430601822527
48.60665343169197
49.26744380986932
-30.77508645821672
74.60136395626012
51.04865603506633
-32.37391733901286
12.551961594769892
1.0470294626068437
-40.90328602216948
-29.185162337381186
58.369374739804584
-6.019710331437452
87.02625933926353
-8.39333948947069
-13.58247043816641
79.06027279264265
-29.357927754379276
36.41465215212972
3.178752517610107
-69.28446328886336
-26.169298115520846
51.40951191856607
8.814977269920078
14.996278053165
-35.05347217572766
-25.0839814187526
30.168745420390735
-83.53417336584118
76.01868610229306
-59.413994730958926
46.11185460758895
-14.676726054774932
-1.571754813631145
4.38643660911282
64.83007706206078
2.4385445753590034
10.405078726634116
15.58889942443777
-20.452699980293247
-73.0417426431693
-1.2769837050442163
-1.1680886724523987
19.564602505743494
-31.585731118867983
36.7563672739326
-0.7239852810336913
-15.658095839433315
-14.534752667523264
-0.02759069586252849
39.98890668125219
-7.048234446020501
-10.215341460338777
33.427966183758826
44.943021879324135
-50.28514610574725
-44.93184514523677
-20.365650052837964
28.92937446876016
74.61468803810178
-36.365282916713866
-55.6156675786751
-38.96869608087501
-14.809762176196884
3.5544777310329465
31.693776129007375
-14.707098715097302
77.47426089966447
9.23920788573686
37.846151797023055
64.87028099955512
-54.402273625456566
30.481731217815167
-51.732428722687885
-27.016031181879598
82.82066470432412
38.444106898989446
-34.61095389505597
63.073306901593725
-63.33354216003885
-29.65833904156659
24.862576127829797
-16.41316765061518
-1.5288567162341167
87.19343456633712
-9.262029824010725
-64.38177678208464
23.92560336116412
-7.677665756118259
-63.656804583776385
68.08739828498744
-60.70760646567041
43.63539765117804
-1.1665231282540702
-19.38213965767602
8.52131125306822
-9.555293962373284
-71.89630438139042
31.266754287702753
24.42267135852606
-3.4757620081215634
0.27301890343598245
0.6359911690415316
-27.388609880675958
-49.14405613401988
-4.505481926903457
-30.408947648414255
-28.473891813888486
4.050526868310129
-51.941898117793414
-51.78683917725618
62.15770313332237
-54.212466744756604
10.397072338785023
9.969196970001235
-29.093857165086632
24.622312123351207
-17.03236509179213
-0.6739185122897595
-25.738326943293046
-58.18513120216057
57.30519793550914
-48.73552530981373
-48.33740332787286
-19.348484896040077
-36.39276653916566
-46.12551266636588
-8.068978684590334
6.358108360540157
-40.49493847843239
-27.414130765607027
-69.6512587212544
32.59287652239266
-81.72215198549878
-2.546108141558136
-4.820148161399203
69.03419559947685
-3.626069835511572
33.77170039653433
17.814245567715517
-29.88779157746356
-28.373298119442694
-48.140409812189525
-48.96225804634501
21.32203051920891
-34.66705526024342
-59.03222914981381
65.8298697402854
58.46683894487012
6.45136722068591
-62.46583957171895
-39.73484405630329
-27.999648883597004
76.392694903472
-6.327156122586047
-0.38398467292022076
19.562905962778558
46.027149551765774
-10.739760764119524
5.275222839967498
78.71219071602957
-6.234817995508095
-12.825613796124728
-17.242214841026524
-58.69416839791306
27.859265378831523
43.90761542440191
88.72293834258744
1.7138283542713424
25.42483891458255
-28.557617840669437
-34.22291580511115
-41.705785993906
-14.182490784151568
-83.86710818096618
35.74376158209131
44.23740801882374
-44.574147715873906
62.48619030588003
-45.86530517129716
-15.148600806569846
0.5114998085203268
70.53505400132329
60.10038957181979
-49.13431022920444
-54.49065750276408
15.533357913115893
-47.804431354064405
19.65683687440189
30.283618454713604
76.08424303459842
-41.64071741010679
-11.423791629109019
1.7754153459191429
28.05061963247789
25.097874193465458
81.37542544252233
33.45512604500766
18.39515796785173
41.12782658459409
-29.253188077421427
77.33500448003721
4.571650157136759
13.933363187714349
27.14157120722662
64.2009233230059
31.041067748564046
-3.7819806040128583
-38.086347012366375
-73.22288777206822
-36.43640034183333
5.960161564763965
-28.63496419386985
70.85239073839381
39.66137431569601
-20.576051819874507
-74.47783966035615
63.5693022156415
49.0722459713389
2.4784632330127465
35.679938052866476
-76.21655626715754
-30.98119394669017
34.405279536761356
-39.24837550837894
6.959523119444384
52.74822419283947
4.54404492696564
-64.55369943263605
14.71115924035196
72.77726081227439
67.74136840033108
22.36257161685745
61.81533997954841
18.802016466738493
9.905318047681789
-51.384810116998324
-0.6471571650631347
59.18427746209488
74.31729656680795
-12.988036527958982
-76.54074576495584
-48.870763890347966
80.24825610083579
50.64255281062569
-27.880086874904734
-41.098406737113365
-23.197587028553016
0.9026956279421796
57.762577602783296
-23.532374443096458
-58.64804902282937
-2.611154333565011
-5.466861496321613
71.64948248797339
2.0324497368322625
20.528716017235766
-26.34084800959775
64.14161804231003
-9.728277893644318
-33.87351152239831
45.21903200742497
-80.65434222143418
4.183986568672822
-41.24008781443953
-10.6957867804188
61.937866861993285
27.79751994096364
-32.53794564037125
6.205147747904533
-1.037832031404406
-3.008108605357478
-53.58246502415263
23.51906249140616
51.14036157001223
39.84012915857673
-62.98479384332126
-40.510848584993475
70.73917793962804
13.628983842501128
-25.264549246478424
44.08664957476759
5.580469987061235
52.51571965116
75.81930419151865
-4.642675396290741
-67.35491081192697
33.06912853886425
26.521624981113987
-3.5104548946215033
81.29426404706354
-32.033808896170385
0.21920071635364025
-36.474246207090545
61.50556378745679
-34.0408045996311
43.10018634958004
82.09342255611625
-29.778464312656155
74.30901571216302
-35.48521499862815
24.605609031910774
22.273773601157288
-12.09725741433327
-72.11043579270004
-83.03271501568766
34.30837908006336
21.655654884176883
66.0137840996328
-37.617755046095375
-53.93271693576731
-70.29922532881884
76.52624403527372
61.941749440318745
-3.581822653199268
80.99151498488683
80.75297948160863
1.4149000861502259
-8.015383646121663
2.2707596242053825
-28.471378569217293
5.2498716488410935
62.31723671562085
52.18377321028743
-58.027529988967906
-79.19223564849699
-19.889539731687222
0.5578514120957436
-51.75578071991066
-7.48595098788023
36.31226762271476
-52.00227120202763
3.2866732002777184
-57.8052046938596
-4.956099595782064
35.137373133808865
-34.1228250758269
12.154354015183685
1.9890061401195709
42.282509527781684
-12.953359295214895
-19.929041912417034
-11.84236779615162
-0.4740462046690652
-34.023278969201314
-13.558319798926874
-29.332631370906938
3.499935868415406
-52.76146358303652
15.305222844266623
80.70496464943349
0.33908806527647073
0.7090906203402625
-14.715475094385695
36.466634713102934
9.93156882613178
-50.171310380854486
49.62591315732945
-56.52042188919997
10.14643365110335
-35.69739084619228
29.43677647243274
-69.59355133264387
9.809349654262789
-29.462731318808224
40.50749278686237
42.39445608708061
6.343349204734977
-26.3472454838562
81.70403516381725
37.847690154172454
37.6593756476438
-20.088151039334818
-19.37683116219337
64.20837721029375
-21.363414029906608
49.06674619458897
50.14831617588041
74.96614192826638
-17.354666657691467
-67.19163456799123
20.3274452740374
-60.76610691058397
-62.89791834882918
32.8397540210301
-18.512055600021625
-3.4780795446671107
-10.072856674624589
-34.800606312091084
40.33080993249476
-23.751356392613786
58.34207231974068
-43.187885499151946
36.88415703864007
-18.176567674800765
50.09006748461556
-16.448360474945986
13.255543661739992
3.441305329067333
26.827376831855233
-23.109157924219915
80.06988991483169
23.109309106869503
32.57599345898933
59.441083586573114
-0.3659983273226146
7.261552281070578
40.50384453255043
-57.685001923984046
4.137183785449764
68.63130877928228
-79.4435717875034
-9.90268192550218
69.4289429615182
-69.01410856045811
-43.78316124973423
-11.4000361704352
-72.33838124692782
-38.2424800928063
37.20871139257554
-52.36403557414778
-23.26133941535923
-7.540460813485922
14.349596342336142
21.921482259022937
-62.76733708391359
-60.40983617172249
-75.668014999067
20.10157430641125
-31.149108194250815
-61.96082123748272
17.789237085303924
2.8414550639031404
-19.158116726322177
-24.361975456269107
-9.26560431593478
-18.742105278450822
-51.68348698540143
-8.708458377998781
24.01802180014387
7.510304110082814
57.70508189034024
11.793533181143616
-6.7798148598892
-65.73719431327717
-83.37537482692484
-49.99555014795407
-41.29970735712298
-76.6916251383954
-18.070970798263644
49.24990814537563
36.449378394783906
11.200433822653565
-32.81773387238297
3.445147355024943
-46.28183702824793
67.84504737185088
-51.75868329325169
-12.451985057337623
44.98864088698494
-46.58719641041462
-8.792504454627164
78.69600285215495
12.732971384032709
-0.34618710856038604
-4.199327687591989
-13.050256420522189
52.53043981964956
18.424562270740665
72.38407090421671
5.410012090003605
-26.45380266363395
-20.968565560264892
-52.025565127209454
-21.44717226645247
-3.048514796112329
39.16866049573528
1.9785859485919417
-71.67961943799538
-23.417941532608964
-43.847120366101926
44.71796479213447
-11.446774128234736
-40.36515080089036
10.912385639437758
7.2171207987206145
38.37792199243245
-52.33982219123284
-80.59163109404287
-2.976037986307304
-23.519285886089534
-47.1628538569714
-62.331210911311885
46.901029597826806
-61.479041531865754
-4.615266083396648
28.876833724573302
-24.787356020704067
3.027700218546883
4.562046961334445
-5.838604067759022
-5.258630863246054
-46.75478953495652
-45.245077029211366
-25.57939830507972
-1.983518734935501
-46.05379798464284
20.318631004100567
-48.34910784189902
35.84060254758887
84.99307576571525
-5.497890107432099
8.537249460538604
-2.053752647195182
31.814892320383365
-16.339944367701392
-79.7723521657829
59.04616882163239
84.8845685801816
41.92972052803333
26.983037841841295
4.0737398614757865
-15.179758412519448
72.37735613469732
-24.622263168839282
-82.35567048514291
-5.954931483890775
-14.385311582828407
-1.0601540085450978
-19.3632694804525
-13.836385282186953
1.0872153158228315
72.54583818919994
-4.77016960525566
33.3257633814346
54.175671712249795
51.70307505849428
-71.37177535737365
-26.901879518895072
-6.868706076008024
-43.46846486973483
33.348914229694174
1.3114579871526928
-57.42964287189637
14.096704808704189
-15.798175502176449
82.96899898106426
-47.75008031402848
-10.527067025519585
-0.946920364985175
10.577869986881396
-30.296682674136164
-64.2774967771492
-59.81827693844717
16.885883267662834
-22.45790693784275
18.38387279891218
-16.321442892728314
-11.809454540062092
25.64719440154134
37.24043708094342
-7.217325494523749
-9.337733369062974
74.14721942957422
-43.98327717969883
30.43826067954899
-19.33036384020214
-13.386776385933302
17.85823370359256
16.502373803952864
85.40018018837262
-41.740099818986565
-31.054104888037344
-15.988054649672932
7.921032270557006
-12.985713244813368
8.274044041394689
-39.47016664881322
-3.1432587794471374
-57.83769525357753
29.99469967752934
10.728970441463503
-1.9724633189686216
26.118180401156224
49.18491669784268
74.6657083080168
-23.8306769172372
38.16766790026048
42.0102749693113
33.33539022062399
87.67036508288987
-23.05092294168108
28.75341826186873
26.480642471486775
73.66777292585775
45.907308205485634
-1.4032530283508464
32.24763359020025
-12.419790915028955
16.92172968535516
35.524268117510246
-32.72287905564173
-62.87717287171755
9.748571780020484
-45.27932045837049
29.814988752960176
19.011651786815676
20.710892238640895
-5.494039517013221
-38.28091061956136
-1.5704953467704428
15.331511926213949
50.375541610031206
-18.9630505125416
70.53871177275343
-57.33103401692476
-29.52805491739211
-44.49953040488181
-4.649185170064968
75.71396378515479
-47.587155791900074
15.02179169192577
-47.50255128392927
-20.20337743550722
-5.6828213084002215
-66.37351206403197
-58.45972794289472
70.16299451679603
-4.559094041542792
-43.91541980511453
-53.532619232828
-11.404141844215346
-1.9683049676980744
-10.934966299469721
-72.38635898264674
-9.823895896424432
0.3887696161039287
45.11925351160562
-50.65321463451584
-17.251612525374867
-82.81872541807043
-9.237951347253855
-69.83707292822689
57.5206546515428
-44.03135897561455
76.82897666949853
-25.606182567930205
12.260736109231132
-64.40147926230236
-38.88804626978557
56.263583009318666
-30.854241013297994
22.439399301978725
-4.9335389258334885
-55.12798330664889
10.459148308319513
76.39516865081305
68.35023394743178
-69.863776839542
14.858570569507961
-55.704962874863256
38.21868268563324
39.701463715371005
-2.154523759658332
-4.140663563986962
-43.97753302066428
11.366126949219563
-11.223222222587808
29.387019738038447
-35.23237708583631
-17.312797564896613
-43.04386903231338
-27.20470114544348
-0.1685974903624441
-13.81410877266282
6.276418794930038
-18.67639900465663
17.933938335273126
-38.41754078458385
3.9242352814851245
-80.11788877169532
-52.87414369685845
-14.109878551423506
68.99769496315241
-70.13099506959287
54.72361902241204
53.53761973169739
60.5794505760488
7.201468445752525
-70.97777184687213
51.045551491202076
-67.00406300417873
-7.466589198162509
-17.07912055002923
-18.991661605490677
53.481821273302955
-7.159027975680402
-37.223714019015
-53.71494026433054
-7.999919971954924
-24.83767780899501
-8.22331016460339
31.401806195201715
-3.115941269856421
58.12172734378609
-13.798217123222685
-56.94434524124527
53.728103132138955
19.36702083138134
-17.32098761747345
-0.46060187897748506
52.715408579440066
14.396070156143196
60.833276387680456
-0.19804676982161595
18.457253624402355
-24.073420009410725
-27.104536735396664
-24.090309052062196
3.9234815735410393
-21.49771270159701
70.92286349535001
-12.442205347000993
35.23112010095187
-11.699227910892887
-66.56287460745449
60.897473614417294
-56.945664656181755
39.374250922266526
-50.16776489197522
3.478700764515054
-17.640162820112593
-61.742601661992495
15.083539201660301
-11.810458590264176
-47.45871128843422
50.317222534755814
10.310122558587665
57.00748640077242
24.981757395728224
-40.935537564933014
-54.323585023509814
-43.61557703192908
-59.83969555325439
40.07155503725457
25.035339994669542
-22.430481965378362
-28.807055389984527
49.9383945170398
-10.953191131931945
-69.55314873442077
7.060806976596567
-65.29870262983701
-23.6015397651246
15.761536317055999
-39.83311173782482
8.10255814505048
20.35072289393753
-45.965179813634066
-56.562757705325524
10.778986354129984
0.27545711563500674
-14.130670843802037
-2.55469122922014
-3.5945833045861804
28.784425227108628
-29.646685961249972
-21.39899888677384
8.46516690513026
29.163423261594374
26.97481483553335
5.286353251985858
-69.5289862228243
-0.4653071362028811
43.1776013638941
-31.398955790175577
-18.803546941629023
11.259650484710136
-42.075373549937794
84.81703874716771
-5.019502309648672
-19.633766401113135
-34.66374112375837
3.377812936332674
-23.845813386493617
-46.20498491876194
77.60351256772262
-28.73284759800515
-33.335630269164014
-9.569547349814329
71.93894294887869
-4.358049030639961
-38.83139911167157
54.05921218259638
-40.976347027702225
-12.753036306043938
-37.21553214744295
41.64132438614948
-1.5349537491653393
27.64295480244445
-0.7405367343072697
6.911734174711995
65.69870881623623
-32.59127392360928
70.27718212241027
48.123245343516345
10.954387203805652
-29.592177570213366
-16.999188120384247
30.26893811108806
-10.432932132960616
-53.142666317727304
-23.571449966935276
85.15563176187158
-21.903641683864024
33.00926202015435
-56.04331629211852
29.956525317584337
38.63001240184775
39.52379272454357
-14.681488934699402
59.177766117598765
-5.779980765783506
-7.969038002534333
-36.367031383686104
-7.250716124345431
-31.69548160540083
-17.889734740754378
-10.326509431037735
0.6457527516119512
46.42413982072094
-63.85166213669663
16.444844972931122
36.26574245332452
71.75754206125288
12.183921620790642
-60.92277589737165
64.62267691142355
33.76071278299358
-13.48518674554873
20.616881507025553
3.0587968760319058
2.540064971033374
-46.033613596940526
-79.3117832627405
-69.84877121601137
-17.59519275499784
17.816403117665885
-15.484794455771578
-69.48226592723466
-0.9696081685655571
-44.00121112189367
-76.15921626496305
28.928246373224994
0.9007774662368604
-27.78674082521819
36.98842120327859
44.39264575456514
-59.38754909884982
27.711822531976864
-10.842859517246168
-32.438472368556205
-29.387810716029577
-41.54907827060215
-32.68209758120386
29.357954398115012
49.45383819344096
-69.88301444201032
-14.778377936331225
-1.3152150659353907
-2.6883564924041536
-15.875220406717148
-48.09490547629321
-59.93218660799295
51.085658913432866
37.42107213182402
-0.318458680335425
17.210245606884115
23.630802593646322
13.006625211990752
73.54531874719984
21.56523676826916
-15.590540703866026
37.22769757715244
78.66649249656183
-57.12500551717863
9.916418681851056
-60.40282354174527
16.017829828510173
51.586290812228555
-4.886192264875305
-43.74221151269675
-18.49842561957273
52.80582376154496
-5.985767066309265
-21.2588658486672
37.771316927906895
14.459439160097673
-66.918045029844
-27.163476596362955
-6.931376350571568
28.608707107777064
29.55905641873376
-5.097739549826059
45.71455318828586
33.69278534105757
-28.919111308855904
-0.0791286782155538
-27.722106938082234
-14.337233063750602
-2.010728739872519
-30.676057952000036
-15.982738780773204
-6.9456634010296625
-70.19971766835837
56.01489370142792
0.7700789543271185
26.08248238932022
18.03242228656856
-14.977379642303632
-1.117909039516519
17.781120595380116
11.66954840920937
-25.29830811004861
31.366107413140924
15.93863068974359
-68.83796640084262
-48.47773145430759
-11.575206487232933
32.96478745957873
-25.255379097296668
49.69263641243586
36.88713413594451
59.14500322413559
48.60948909188542
69.87133098462891
-70.78901991925856
26.432520632164156
14.725768776793146
-16.562440033136994
-48.73071603821918
67.75792832298023
-6.018971630855006
16.989546049663602
-51.478087094051894
-9.863836592634755
5.376360266943209
75.38369301761475
-61.14824188783802
-13.00913799071644
-21.889591966928876
-19.82012192013171
-58.81159688013504
16.19155925068712
-7.3359708597143936
-51.10465526346532
-48.228805842409415
62.52526711183535
53.51514069151864
-23.095282666653674
74.46401748876607
-61.080667166658245
47.99801154311271
81.5908726526493
-44.76406624065604
74.20488126198225
42.03334485250335
4.186096234033997
-19.449620598630958
-18.326060554234004
-62.566267218450896
56.34794976264797
-13.121309750087462
-42.62974990724541
12.280221947584451
4.709304945582787
-4.022458037143778
-22.568412562061013
-36.8610887267305
-24.962463966198968
76.34778784705699
34.61435367905398
19.957670364205313
