28.110019700424857
-35.19611394358821
-56.4578196293154
-56.058837537541315
-40.690862926373555
-29.953291758586104
-43.659387799660145
17.773885609669733
-47.90422092219174
28.390551538060663
15.821797734570168
-29.268008700739287
-6.060352868638191
-15.055473776946357
43.49675264402427
26.669117548988353
26.87255366206672
-29.68728360298259
48.60879486093458
49.25981713697661
-30.768111545888445
74.6057116358553
51.04245594747363
-32.37400700196369
12.567872320267767
1.043928184932895
-40.89736303829345
-29.209132080931468
58.39357823387837
-6.0219042071445585
87.01634704030724
-8.41794022111334
-13.613112259283554
79.05493700402002
-29.36236280635893
36.42627109166912
3.1860526584998183
-69.29716791437423
-26.179236621384632
51.43421378482631
8.82782165759967
15.016023250109484
-35.04691556358499
-25.114811227068074
30.167353415219694
-83.52321047896379
76.00285740193976
-59.40777956562673
46.110562137325076
-14.679964350476553
-1.5765946937848412
4.378579074208162
64.83959392850767
2.445752156810201
10.387237198071844
15.570978242168096
-20.44661039085095
-73.04387925597902
-1.2712619422726306
-1.1731741936247602
19.587050618573272
-31.583125762860945
36.78520559130155
-0.7312601343401752
-15.66379004492157
-14.541343251263271
-0.02575070436668625
39.97832803138405
-7.0726441927557175
-10.22765681776167
33.44932600017094
44.93469776761407
-50.270428171183745
-44.938170422179724
-20.381479847016536
28.91240459215487
74.60864602657094
-36.37875475136799
-55.59990493281864
-38.986948847893046
-14.806800317401567
3.54870350416752
31.71031100913811
-14.718836927115248
77.47662679334763
9.222870273924144
37.85532648050622
64.85439782449416
-54.38789705630385
30.46018939645657
-51.7176518186344
-27.044319813249942
82.81605465456428
38.463745034399494
-34.61355144051817
63.10198466971937
-63.314215735186
-29.65107846563275
24.863129773037812
-16.40861075974675
-1.522701380103456
87.18315375029712
-9.260302599624453
-64.36727838459791
23.931345774080825
-7.682897330090157
-63.67376880714918
68.08982511252864
-60.71728275101298
43.635512095824225
-1.1702172203475811
-19.384024655734493
8.534472268928809
-9.551693843876748
-71.88920519535317
31.304902772951493
24.429153896014896
-3.4805457577783017
0.26847097491990723
0.6375583782718337
-27.42159828308081
-49.13670784147105
-4.503486758846847
-30.40184069545282
-28.468410028248115
4.050756070538668
-51.96872342318117
-51.781987821071105
62.141517088568406
-54.197989525765
10.41148045086753
9.982046038625924
-29.08769724612354
24.617847183684333
-17.02794814874011
-0.6677917859773004
-25.740753585548617
-58.184866391478494
57.33592826430828
-48.7228007220839
-48.32625933921887
-19.369855892663168
-36.40921326849604
-46.13238738666386
-8.083363985171019
6.369202784921754
-40.51736455558912
-27.41404614244597
-69.64363873554609
32.62782583318568
-81.72066398069515
-2.5607222037368444
-4.8177608128009695
69.05832292534535
-3.626050406986721
33.806706104538875
17.82746678481432
-29.884945636235102
-28.365824555944997
-48.126884730664834
-48.94841892486406
21.307680363608796
-34.700300717196946
-59.014696854699835
65.85245290680496
58.463084353497436
6.454853231557124
-62.44682985656227
-39.75088030241065
-28.02934587163422
76.3822053370846
-6.339423125158916
-0.3766841256840081
19.583175151253755
46.06834008546636
-10.745004097460921
5.274744412026337
78.70943007421653
-6.24352572233947
-12.829638368821094
-17.255345724628924
-58.694206506878665
27.892979729533153
43.89199920251821
88.71936962638418
1.708479382479382
25.44820493362377
-28.56601991562657
-34.22129873101833
-41.69411752432838
-14.190370997562923
-83.86188342726764
35.741044403381096
44.257800726773354
-44.60902663493183
62.48882830874447
-45.85220005450601
-15.155004220066616
0.5189846269408065
70.52261365902646
60.12178197258305
-49.12002209799076
-54.48364507158284
15.532832497203714
-47.799036332973586
19.653667714445987
30.30681300553698
76.074815387435
-41.66810668382704
-11.425501478948945
1.7628148637230652
28.064887425754378
25.089937088697738
81.37347695128597
33.480138469286004
18.410289480382474
41.15033694057857
-29.293210956857294
77.32987851602144
4.5537687658265895
13.920275540648603
27.1757575093916
64.18478586200291
31.02672952623817
-3.775777609115991
-38.10902743133592
-73.21335974050282
-36.43032453336374
5.964396036877446
-28.62936562350569
70.83689974965779
39.6405636843877
-20.59494017615387
-74.47247681973198
63.5690629579521
49.05972213467268
2.4721540765791588
35.665449229649965
-76.19720714380239
-30.99937746323687
34.44712316384158
-39.2412201967738
6.970929386236122
52.74574071233755
4.536815923103433
-64.55312342619743
14.729802239060902
72.79166833818869
67.73836216531632
22.367762999568527
61.80661948671832
18.82781158510727
9.913161532577547
-51.40894754454117
-0.6457012011896381
59.20634517291285
74.30970779258101
-12.987140996165152
-76.54728241477105
-48.899743184464725
80.24720301548828
50.66758787432627
-27.87766893702498
-41.09245699620179
-23.224808557551214
0.8910426833888749
57.747746119552744
-23.56183057201042
-58.63466350159357
-2.6221695252523602
-5.46140769515938
71.67031340980861
2.0157287819679652
20.534890324687737
-26.33402066913186
64.16885840172361
-9.75633241987201
-33.86700228645885
45.21626089051895
-80.64523958500195
4.185149846123863
-41.27176785458027
-10.713665829497003
61.934609836575135
27.827000138498136
-32.53044757559073
6.212557061906665
-1.0412943804433894
-3.019129411296433
-53.600430225468024
23.51312345905596
51.169782336844634
39.8715806617042
-63.00309466295095
-40.538598375537795
70.72288712394999
13.616528382304764
-25.281840433898182
44.08330303852148
5.589378266312849
52.515473929531
75.8031927881508
-4.637335341240728
-67.36612293629517
33.088791652869475
26.521412052247683
-3.507492621829371
81.29770908774708
-32.029183120673125
0.22546913369997412
-36.493756672709026
61.52856252015721
-34.03873054911408
43.11725007702523
82.09235161004244
-29.77037678203078
74.30163851119136
-35.475799259785035
24.63692350278673
22.259554294623186
-12.095647136076522
-72.11142150284957
-83.02720261443082
34.30661198330361
21.685275329481513
66.0260536551277
-37.609008086096445
-53.93613475554269
-70.30934373462759
76.51429178871629
61.92867788250891
-3.589154425938176
80.98966063287074
80.75470127629217
1.401272402624926
-8.026812209152666
2.2573867101437486
-28.465955009450568
5.2324617433324505
62.30385755782953
52.189353891605265
-58.010905354768006
-79.18815472230952
-19.889075286595386
0.549992310102283
-51.74680106624504
-7.498136039589511
36.342298505457194
-51.98723654157151
3.2824289946361063
-57.788309312335976
-4.953888612817508
35.15897515097001
-34.11671703075254
12.171125503696572
1.9808843985823046
42.32726157991459
-12.975648152205281
-19.962931020507696
-11.85188600655826
-0.47832740250474615
-34.02154668608298
-13.588934161903367
-29.34889691086437
3.503427256608518
-52.78203406466345
15.288246955189635
80.70224461837589
0.331704086816373
0.7081063253543647
-14.715381572803508
36.44849396835727
9.913937245804021
-50.15718661736758
49.613280352084416
-56.513765252473966
10.15918465218546
-35.70213085061712
29.473713152878346
-69.59002845959392
9.81698316734456
-29.47106770081811
40.50595750070241
42.414457868692324
6.353766844276876
-26.359726773442006
81.71011633196665
37.82563476917937
37.67657228071201
-20.08502906407088
-19.3721685254434
64.19691344734568
-21.391993049844444
49.087101028146236
50.18219139097684
74.95293906596467
-17.37011091996891
-67.17135382339393
20.353728571632516
-60.78544734349675
-62.898851660003125
32.87460529427176
-18.5062546667359
-3.486858144944293
-10.074384679214972
-34.79124135322504
40.31320689265769
-23.750283467857585
58.32867018335233
-43.18141515653604
36.90348901065701
-18.17236736261485
50.11303155665115
-16.4505767426336
13.25816238850031
3.4496151867288773
26.86143913746669
-23.11175552748476
80.07970977316589
23.123519676601404
32.58791448198298
59.445186399682655
-0.37360161802605774
7.270712889368355
40.50710873601753
-57.678001293563476
4.134706457429388
68.65550108558347
-79.43946232108362
-9.907766205177154
69.41878289874685
-69.02511778584356
-43.8117793747618
-11.429417985364225
-72.31808895811524
-38.26814956741981
37.19691430398683
-52.36065272087334
-23.257614093434626
-7.543816939575265
14.33773392777833
21.93614282710297
-62.74990540077208
-60.39542650683448
-75.65665738288419
20.130395429897774
-31.141973714598052
-61.955299299168765
17.799697415240715
2.8296724701174583
-19.17827150702584
-24.355869956879587
-9.275157415851439
-18.761439551824992
-51.67485080988893
-8.703154094479643
23.99751956834865
7.517966976323507
57.74259433042553
11.777947667294242
-6.781900867285543
-65.72390693228914
-83.36031867262099
-50.00412977559684
-41.289682907679385
-76.67525681968807
-18.065245222725153
49.239457996847364
36.440276556530335
11.207114676914188
-32.82460164858469
3.44307576423202
-46.269278408817236
67.86466453089992
-51.74343293365279
-12.44690196305578
45.019921526851334
-46.610587278907495
-8.793969852212271
78.69951517402035
12.751002274865272
-0.355498278828037
-4.205747250613754
-13.045655548468488
52.528502569594025
18.425558835557098
72.39500403642171
5.412135444095924
-26.488895550853584
-20.995081795190274
-52.03660566294885
-21.459846516298967
-3.0430653837806574
39.15231583519443
1.9677877325377864
-71.68288858230028
-23.455518457883613
-43.83741764879461
44.752259080712435
-11.45665679267944
-40.38454217772135
10.922082521472547
7.202552404484635
38.37085773889811
-52.3692503481721
-80.58859523024336
-2.9721675799448235
-23.521849784169078
-47.16340454737772
-62.34217388812855
46.939421633892465
-61.460351926878566
-4.628972654253047
28.913538049549658
-24.78258519789358
3.0366356763070854
4.571745035699735
-5.835225961730842
-5.252742403436187
-46.74366739644826
-45.23255951780711
-25.59010641786527
-1.9897857456952295
-46.08974192809934
20.314320507103105
-48.33634487191985
35.87911433668572
84.99210498348481
-5.5163893682976095
8.549676800865427
-2.0556455557336193
31.816147862755003
-16.36512333071383
-79.77440684027438
59.02878218818708
84.873821740068
41.90798632860373
27.011723079285346
4.082754323227633
-15.191025995340567
72.36418073630082
-24.650930467079377
-82.3443019644432
-5.95463804378501
-14.407597383980601
-1.0773013211044145
-19.366253750280777
-13.840456044812143
1.092734678314443
72.55469916157136
-4.784696164425213
33.35886984553102
54.19455937819899
51.68817117239192
-71.36585511864911
-26.913725640682458
-6.875540660861617
-43.45661399033021
33.3877359179225
1.318995875702953
-57.43078313180076
14.114569042905657
-15.806484582103167
82.96852151398613
-47.777383266955106
-10.537786068840461
-0.9475848177466446
10.578690986590956
-30.332568290304636
-64.26455696104551
-59.81648354149802
16.891364762587187
-22.494218102793596
18.362978188168128
-16.316202732403326
-11.804391478865938
25.633232906566633
37.25707540718503
-7.236281206137477
-9.351363769145095
74.14675472937219
-43.97412391164481
30.416301670714176
-19.329269355749574
-13.389728685619886
17.855317873645262
16.500347243313357
85.39376409956762
-41.730690706636665
-31.04640304992236
-16.013323128137074
7.928255478001759
-12.980727704794049
8.282069860164341
-39.50039193394973
-3.1515126798961717
-57.84876587307516
29.99552800904854
10.718589307440354
-1.9847529857250805
26.11982776692699
49.17245093913701
74.68238007808563
-23.83595506812992
38.201356701219424
42.03791120008563
33.33608993480186
87.664772563963
-23.053742511166305
28.7503498843939
26.46337207168206
73.6538743792739
45.91526284718566
-1.3997094615198051
32.228195122628534
-12.420236327266622
16.945852682536326
35.556322327045024
-32.714890085351385
-62.87246823830688
9.761371452699038
-45.26648070840921
29.85493464914751
19.027645195980057
20.721791085791807
-5.517415792208965
-38.29997711698692
-1.5791557720375096
15.348281213280444
50.38472324027552
-18.957215860016788
70.53010317665763
-57.319342944656114
-29.52057240109106
-44.50087086021706
-4.6533205872217565
75.72592378391226
-47.61219881577568
15.00696853910405
-47.512125057984754
-20.236438842481505
-5.706190025238314
-66.35447955813366
-58.44600684938363
70.18470757107269
-4.574618812803905
-43.9508879085933
-53.52507806673984
-11.405592246460856
-1.9615617437564055
-10.941765653160246
-72.39560026537387
-9.845861951522693
0.38355795484261535
45.11941126681856
-50.64278695743255
-17.24819902196002
-82.80194829391648
-9.23555918050414
-69.8162895474466
57.55553937501864
-44.041234242800634
76.8408851852688
-25.60277496794461
12.278186698071707
-64.4126524480221
-38.90670999400933
56.27292642322851
-30.851994706522575
22.4597805983028
-4.946598067461622
-55.11181308145519
10.473668944345704
76.39484270338724
68.35754309195707
-69.8696236669179
14.840642077729072
-55.690661833291976
38.24438089205913
39.71902884622648
-2.1638543412725397
-4.1536828314824845
-43.965583604629586
11.372756270587416
-11.220724977256538
29.413784538644705
-35.2292575738336
-17.31017957703267
-43.034275533329
-27.198059543284742
-0.16193390526262874
-13.830896187445475
6.27236771368085
-18.71239393003549
17.94169732122397
-38.451090540145266
3.9319146612865694
-80.11313411848391
-52.864743999377765
-14.13871123756958
68.99068814862488
-70.11250614755178
54.72854446740757
53.52952148197252
60.58485533935013
7.213389968507272
-70.97038894467669
51.053053592844094
-66.98365367012676
-7.477136272513988
-17.075131433746122
-19.020795257529173
53.49355941066648
-7.165701859522898
-37.21424664322018
-53.71018631090681
-7.994420765160356
-24.861643707419546
-8.222271750696876
31.386779579503298
-3.1319621674327607
58.15784861792892
-13.828197342362941
-56.928596858251396
53.75264358532388
19.39503852990785
-17.31644982616413
-0.46038748630027726
52.74740030127643
14.381896014327552
60.82867092767353
-0.20658469002262336
18.48379324983624
-24.07501464750368
-27.100687057370706
-24.125662431203196
3.930928159347829
-21.535068579207078
70.91201936600461
-12.437447754215114
35.27438424951379
-11.709469910463284
-66.56735178302581
60.88051546192358
-56.928574602714185
39.40701859181314
-50.19611938399101
3.4834138776773074
-17.65370807146779
-61.72388978589388
15.089828567342607
-11.833744189059729
-47.4468654307635
50.300041882320215
10.303889143164824
56.99702998043384
24.98881285870064
-40.92660984048346
-54.32175918230764
-43.640556892276464
-59.834773310778886
40.114547825929975
25.057864100299966
-22.461473983096653
-28.820363886443005
49.97191701236676
-10.950834700552676
-69.56227914149295
7.067741112276735
-65.2808821064095
-23.628351641060448
15.779261380973978
-39.85539923532731
8.115305155194562
20.348347478777853
-45.95751679947429
-56.56747144049052
10.77049321633578
0.27640455819205556
-14.132650390312648
-2.550756758799494
-3.60982096530644
28.774559329300473
-29.641409150852837
-21.40385267041043
8.468966407084892
29.19944938745671
26.978562919636005
5.269105470049695
-69.50964891292301
-0.46998657390813037
43.17237262761395
-31.396850115269345
-18.82340484168496
11.271000661931737
-42.10046002146053
84.81317833670653
-5.023850487768669
-19.655891313878655
-34.702610874431684
3.3846373190934713
-23.881707659297945
-46.19375363451
77.61714929090363
-28.755037411916376
-33.34794907072103
-9.574856405982914
71.9359204601489
-4.378946347850018
-38.83305400963397
54.080752436378845
-40.98787936011857
-12.750768593091237
-37.22813628653749
41.64439605538746
-1.5281115607821931
27.628350710610746
-0.7567549656920391
6.923019192152012
65.68023576286333
-32.59408312281329
70.28385496988068
48.1058301126491
10.96987041398927
-29.621695982633042
-17.00005991667463
30.25689827684809
-10.442397852557491
-53.12868700279422
-23.580442230832446
85.14277974136476
-21.93667859356613
33.013658575074714
-56.030866337628055
29.972067757175438
38.6741362066451
39.5335332837675
-14.679734215949253
59.184700370129804
-5.783033088017518
-7.995312148227839
-36.377137529686614
-7.249608954007016
-31.73095520966973
-17.91333411051218
-10.329915598269196
0.6441874934457843
46.420056441616566
-63.84627878272365
16.44560388595778
36.26882629940522
71.74527914613395
12.198384355677277
-60.90862392994324
64.6355987187865
33.800756522636675
-13.495093076023366
20.626999858886762
3.0613444576348314
2.5437011299930816
-46.02238865246939
-79.29409132842444
-69.82869467719837
-17.601790412225284
17.841936860383015
-15.479514767279582
-69.47689663852624
-0.9784951620587066
-43.98882043909076
-76.13743851118572
28.954881809678184
0.8904642429781688
-27.781051459800977
37.00439409703998
44.426554866984446
-59.38646299541583
27.72800479473659
-10.84527144513845
-32.47066830703871
-29.383788639790083
-41.562778779919945
-32.71082390389023
29.336973330854335
49.43574636172909
-69.86437805863753
-14.792889953312752
-1.32319508802739
-2.705964604027642
-15.903138437152592
-48.12899000101836
-59.93603743830858
51.1119051467943
37.40436697202537
-0.33361371537833406
17.23454465641271
23.663284342391535
13.00504560150813
73.55448439655385
21.591846833392722
-15.60100841261908
37.25831856810851
78.65064946377413
-57.146949528920345
9.899045623377532
-60.38528709736251
16.04091925391016
51.58836069918749
-4.8805753057060315
-43.76518179840138
-18.509928744451656
52.80297471067655
-5.983359939960934
-21.256587015153343
37.77815550877344
14.466556621702324
-66.91408279557338
-27.200664284231735
-6.955935631385543
28.638431290659327
29.59316665171778
-5.096957929209779
45.700210191101405
33.676230337905366
-28.911241209465217
-0.0876024363003296
-27.716866023448247
-14.331899495941997
-2.0259638218972924
-30.69848198340948
-15.984446650336565
-6.9493434826079294
-70.1832775659243
56.000995739503765
0.7750771982353655
26.109961538937682
18.044976087403512
-14.980406435090387
-1.1120772595178465
17.78191641596443
11.68623531433235
-25.300422890238337
31.347895568166393
15.92704229246391
-68.83253467700516
-48.50948569353186
-11.571745527935079
32.944343722973315
-25.274641717188388
49.68999079793704
36.91213286705937
59.13497440050779
48.60442702310053
69.86912222018594
-70.80253268453367
26.41900417893504
14.746660302569126
-16.572314309467757
-48.75520788809256
67.77611873132776
-6.020413349484144
16.975923143394922
-51.46679292432709
-9.869304227016599
5.376688987583165
75.37232631873488
-61.15668988095417
-13.00998484627354
-21.894326032698544
-19.835891800984996
-58.797377600355915
16.214909344189948
-7.331661313462121
-51.130104111750704
-48.24709634246775
62.536587248320444
53.49555271263367
-23.121145788986667
74.44775988277891
-61.084273393461146
48.018251426615706
81.58467970257212
-44.75478127813228
74.1889739800261
42.02474128836823
4.171197050191964
-19.445762900982956
-18.32786432291391
-62.56358016395714
56.33659238274464
-13.130208946392486
-42.62066187374224
12.288909517288047
4.719279746522716
-4.0232420452236966
-22.58792440884241
-36.85688524627274
-24.95727952711937
76.34071368343913
34.63790039373555
19.965436092788536
