24.77403663449074
-31.284534694353937
-70.54951938336079
-71.45884127053012
-49.69955476167722
-25.309863795713795
-41.09378671047693
15.771881502720277
-53.55085501405088
25.254195033237252
14.321724899207126
-23.299827820374446
-4.201139740138103
-11.457658243177576
59.71043169070549
23.420521374201513
23.879165492052394
-28.405124452478887
46.46622922273525
50.0361816845591
-29.897063428064286
72.75954643482541
51.26606950189759
-29.34065036397017
11.45750565912779
1.354891438514656
-39.547022698317086
-23.860762915504978
53.92766721148726
-4.191121382971502
89.99186027632771
-6.390077223521018
-10.338310073341091
79.97702899743555
-25.679885393416583
33.29543617298319
3.0505400488906105
-68.38475278419769
-22.01866312120363
46.98412522076953
8.260970283362923
13.49421519073887
-33.848503056247665
-19.822974243656276
28.89459534754613
-93.20556435979232
84.38761476019849
-59.99580683216604
44.685236914968414
-17.768197767507473
-0.6393659914244552
4.6478138030135625
61.8465114386386
2.8828972982656467
19.88569108882301
24.847664541866052
-20.043214769367765
-75.07460057321629
-1.1676321416305484
-1.7967763371361514
17.460853293142904
-40.83901035926547
32.81863070335379
-1.018295300213623
-12.577887983896531
-18.102575401800223
0.787785007134687
42.049955819826806
-5.442773006306396
-7.605586675382014
29.96624483376202
45.91029831993677
-57.199692996243904
-41.23619953650073
-16.269676052748835
36.709472414749
75.70791426381493
-31.579256085487486
-69.10187624679833
-33.719467640919646
-15.932133300687099
3.3331880943482872
28.55930347428601
-11.436433040886868
76.11221129520354
16.231135652761296
34.87715342496526
73.166247215736
-70.15307819971464
46.62253250562523
-56.58248311003794
-21.650484464045988
83.49335520085276
34.72671487376056
-31.160316926241165
58.40399612176438
-76.13447553122099
-32.480391899025136
23.436234743480796
-14.814770269586461
-0.6251012666873663
90.36142343771925
-7.31085440643335
-69.21236577990388
21.993048575695724
-5.551324339638967
-60.841831204471255
66.43065538746129
-58.337438036333
41.87577438826304
-0.28638267961834174
-16.39131919293517
8.007089768796646
-7.855935106540642
-75.7651158237724
27.617382951448846
22.400602155788192
-4.359692717568464
0.7167705530171133
1.302013539711865
-21.772390516328187
-48.74920717367413
-4.983048462700424
-29.639148034319376
-26.917544224682786
3.646731718459236
-46.385860508847344
-50.8952247063526
70.7701058466308
-58.16066628838827
9.338125464930968
9.231247365461982
-32.86191918209056
24.147292975785547
-15.360346214040547
-0.5361187615369118
-35.13952264824604
-57.10916929248689
52.54331446527067
-51.25470871174857
-62.96212600400628
-15.157022638702884
-31.324019882860867
-42.423653516030605
-5.888335712893536
6.184919920765921
-34.87919298188746
-24.451698875047214
-72.99798574486661
28.87442474850839
-87.87816464487128
-1.8636040454742187
-3.3046140835897546
64.68763702183944
-2.1884194340324115
29.948379862201804
16.07554870157435
-27.482350437703417
-28.2058408342549
-51.88874400248148
-57.575124066958224
25.867969960459277
-28.430401204094096
-67.11402497518286
61.558739162268466
58.066162337462316
5.483462840845107
-75.25267302627631
-34.699110932840384
-22.47040794901747
79.788958382016
-4.495410620101296
0.1676483576919594
17.50337544680268
41.28083632942679
-12.959291486435333
4.671675034432084
78.73218192312072
-4.359527524215821
-15.495234748438861
-13.610900137342725
-57.64161263093062
24.609431056814785
50.59843278769628
88.9118489022371
1.6325175821640698
22.6378305030194
-24.448379098806683
-31.543292504617924
-44.66718833673425
-11.127177216689887
-91.95182460763543
34.66544986171303
40.21963389137389
-37.99365959159045
60.580374830933266
-50.085755353713516
-18.9741656880897
1.104276611092999
75.22129090045141
55.84838480095797
-54.683139926332665
-54.55668567019367
14.63119530011383
-46.68080386972267
19.010339112596427
27.024066238551427
78.83963141028366
-35.61883822792513
-13.315872451339331
4.253465618156852
25.30184084546046
25.696156192868585
81.17652232673626
29.87411148938716
16.558975910681568
37.13783885489394
-23.12921318196382
78.14027572361942
14.992998194226246
17.2481265187739
23.950391703887234
72.83994576584232
35.77489430157652
-2.9497638897427265
-32.463540559843025
-78.27270680381882
-45.76652022157206
5.271843705985546
-32.70522651191061
78.77160813037517
54.893622711597914
-16.321927730894203
-78.72084302807053
62.35875729824582
52.86491497685313
2.025654211697784
40.7122734425885
-87.18854963246115
-25.93167997356231
30.431526175424466
-38.30884063780421
6.661764182866918
51.76510034817596
4.655811039788674
-64.80067392447118
13.28342370332608
69.37160883243257
67.48454614231409
20.573916312963732
63.64698083217695
16.642139568282246
9.051508320872244
-46.044675851690556
0.282226877624268
54.87944776473938
76.0800001330951
-10.6970188184212
-78.9497215611675
-42.910664296525475
79.78297534513248
46.214327933579
-34.3352858562589
-39.7578745430786
-18.305645030540106
2.5710419759509193
64.32295394355671
-18.517186679016874
-61.97457781794956
-1.6958351241254377
-4.328957742630777
67.58616181344973
10.513833456100272
18.797755583766886
-27.891358345006225
59.55584093677729
-7.451016049527269
-40.39789644708375
44.16506315861838
-88.39741379519423
3.8223028996850985
-34.891929540481875
-7.996122898139205
61.51649723434264
24.637076577219105
-36.891354537935705
5.765257207633439
-0.1797044250352826
-1.9784841850496235
-49.10445652578886
23.45629406836116
46.51386211654463
35.62742903067564
-59.86633274422519
-34.46356581402621
79.80235804403719
16.45627997721037
-20.638781362946943
43.18128899945103
5.452311209149059
50.9457411766266
84.59237556818894
-4.351083306545206
-66.17866468767662
29.698536296027655
25.147486067459383
-3.819324844500926
79.73253278967613
-30.12367561483839
0.977193050991545
-31.1374414163174
57.15734309717729
-31.46081415492671
39.31922225534885
81.64251858800401
-30.467746093724287
75.9727813564011
-36.36610774727085
21.7283175930651
26.709183857856175
-13.273120209232488
-74.07932663862148
-90.79893293384856
33.02770017607651
19.09406143085755
62.709742101811315
-44.18397197814543
-51.52875598032397
-70.07675584248108
80.93781051542138
66.85602349609547
-2.2531232749907986
80.7625923346497
79.57825728485048
4.921039200908382
-5.812505252796441
5.51481346521912
-32.61746674485377
14.558942388419467
67.54109019572547
49.492339188122
-72.91247472990605
-84.89308252851067
-23.50257036456358
0.6732189247761795
-52.19891681112656
-5.39845730879162
32.37837294858835
-57.349044066944664
2.7244876348231486
-64.80021463717779
-3.4159934419476343
31.542082072639573
-41.3323828711845
10.725845439061445
1.5510099442381744
37.69962762295032
-9.806879066860262
-15.34766652566708
-13.631374273931101
0.19768073963484767
-31.36677423020737
-10.319733686599562
-24.509111971261134
3.5487064563297395
-47.91083576981678
23.041128527337293
80.73733771252373
0.5651990641022451
1.24081346203117
-16.87050855724452
46.361146101774665
19.068488374322143
-59.81727186392384
53.53614815907426
-56.760363696895745
9.379244862432088
-31.935657395965762
25.974842865325442
-71.81598051264393
8.96193323193664
-25.33045305589124
39.11670060130655
38.468262856477764
6.13224399926051
-21.977884301732203
79.61102702629469
55.6341664587857
34.11103911420801
-17.930124925985268
-17.73881725244229
67.88609659996715
-16.67395426931965
44.92119114458754
45.39943816491498
80.40174689373319
-13.620352937918696
-78.94478696371733
18.02518023603676
-57.11580546318706
-62.46682430517023
29.10081991862988
-18.176770972094133
-3.760285579363199
-7.786195419975087
-37.69724034098698
49.60189894616977
-21.04835043276894
63.39358781677532
-42.10814527398672
33.271229294718296
-16.392737876031703
45.77715301856182
-19.86299448129712
12.216919829885938
3.7259011811993332
23.66864277086843
-30.22211616293582
77.3439112488141
20.798707866550572
29.64157313846691
57.153245119543385
0.07280990672721543
6.654052524815043
38.19334831093792
-58.20863306983867
3.608945712149577
64.27647427467565
-85.25568423591965
-7.4692784652018105
72.42559715852099
-68.29774143808343
-37.68058496243051
-8.69177940448688
-83.45351109935353
-32.38325458455489
39.997668868916264
-51.16121774413969
-21.192117240561828
-5.471220296298853
16.788428342032915
19.714380721597237
-69.79994851665657
-64.58781406877134
-82.1997242913546
17.655551059964438
-35.04559564665522
-62.83278387519456
16.111080209386515
4.746684707704958
-15.031287917049184
-23.31549330884546
-10.390527967109506
-14.69685223773638
-51.98648397762061
-7.58273107345795
37.88412684591458
6.632957589924658
52.70504448259058
17.649251553198567
-7.969455130301654
-70.19865686667596
-94.58984156765516
-46.35054422129182
-49.28954431964013
-85.82257656389996
-17.77673418061137
51.542054557856204
37.62057554473802
10.212641191193512
-28.78140756670757
3.0388881651881263
-48.962090825199354
63.836017018332626
-58.80527460619145
-12.135053011848484
40.50243089767093
-41.022971274811255
-6.641369320599182
77.1031855743295
11.474232475858017
-0.03288272468073217
-5.064839412363398
-11.54603256315005
51.38952133139733
17.234340905883016
69.40804672907404
4.69762710665745
-20.860580973508917
-16.396149819558175
-48.238817778361515
-17.41745978499847
-1.9614362282748488
46.53261253083423
3.205143102719589
-73.05875434388331
-18.16735922507442
-55.34981074680274
40.16573465947292
-8.672954687876583
-35.01671461947078
9.977169088872756
11.854877007407012
38.66733592317752
-46.572425469481
-86.62165239638858
-3.134662374255427
-30.929914843308268
-44.59022746616056
-60.07678043667898
42.162387486038284
-72.92135177723037
-3.2597596475738726
25.4705839565799
-23.03591493988104
3.2766727341921182
4.663800027598938
-6.069472922963328
-4.361426160016478
-59.10359718935184
-52.350650605663375
-21.395691569244732
-1.0082694206256377
-39.41726372252263
19.89001807390153
-59.07700050886139
31.791300039236546
84.49112316485753
-4.1001726940762495
8.014715321396508
-0.9125430397979812
30.02874667900845
-12.531740721938874
-84.30977739308088
69.4224239852314
88.4072311780784
59.44580581946752
23.921898330242072
4.257982899122936
-11.867021162446306
77.75224868468212
-19.501383018175275
-91.62014967003141
-6.764430019894164
-10.96165797553455
-1.1133090343935663
-16.248881297491465
-11.028546963749122
0.9507244228800431
69.87172328406652
-3.4064818011743654
29.573540530992503
50.07670298426066
57.99511874706357
-74.74465736416128
-22.55211782398989
-8.15148745798156
-45.826117857724306
29.50495593926412
1.8703731156250711
-55.947406964909995
12.765150895653989
-12.549602647052396
82.35215490080603
-41.88210765494186
-7.879669885442951
-0.007387422605916072
9.768196848363644
-24.25012186077457
-68.2666036324144
-59.357474540950655
15.461745393686414
-17.393803743079403
33.3319901835022
-16.34230531850139
-10.561827871025955
29.90184358678131
33.74599414795051
-5.352073173739697
-6.888723068127945
73.39216393017469
-44.047556908927014
47.4900612467417
-16.769480182167058
-10.697461610660923
17.212660641858477
15.755311696591434
86.7395785669398
-51.30001379199412
-30.69659447760202
-12.24232733720794
6.820694396153684
-12.79459099045016
7.13377267986337
-33.25131269937519
-1.954217604375529
-54.786384380155546
28.334925944227834
12.23034437145786
-1.3286950203478085
24.490253925459484
52.93478234654279
71.03043741705275
-20.23967356190873
34.019231061002785
37.77999313417155
31.59681271784075
88.62291435628742
-19.775586387229055
27.86588605235623
34.63124006452642
79.76054008973782
42.880865551823575
-1.6629817848473891
44.198042805011625
-10.018516503575427
14.928980531470629
31.60788056468101
-36.53501663035728
-63.72256219864999
8.688167294520298
-51.25367463729428
26.260924627314267
17.089979769888274
18.740605016655437
-4.346241654482867
-32.960673795337854
-0.830712942461517
13.854885469223959
47.18183820206076
-18.767253308088144
72.68336205383952
-59.58489910136764
-29.15614705488923
-41.590501105005664
-3.0346035782322502
72.65620118521966
-41.915886808292505
19.97681492929236
-43.51984210887572
-15.589296709000749
-4.470552949268097
-75.51432010162887
-61.97298518499485
66.0110430096864
-3.300359155080244
-37.285328531804865
-53.64948372522158
-13.238979683608406
-1.3158178364952136
-13.22078637382836
-72.9255799395679
-7.370120692193709
0.7539319382741496
43.35439823284227
-51.64254342172258
-15.251633348912222
-94.61506786159163
-9.866351052722266
-81.8926823580378
52.60365103447461
-39.80536386271661
73.78926429160131
-29.941604571822822
11.04544501194097
-62.54334026264262
-33.601565619203015
53.10238230418756
-28.3014694006895
20.042230747200477
-3.4671668567108895
-66.0889531319576
9.394112281687939
75.66525340230166
65.79932875215073
-70.2313052043108
24.166053621476095
-59.463714972177954
34.271945992803296
36.02903955496012
-1.2819159929124595
-2.886577744728342
-46.33873993971036
10.363523603184234
-12.009205936204125
26.12367852715927
-48.01639856683621
-19.113042343740574
-43.34373820938498
-26.339171060489633
0.033568183179752964
-10.550936436611153
5.913689046477074
-14.30276706764002
16.327867856468416
-31.99439189890397
4.109775077534152
-86.38003666812732
-53.59681216712386
-10.731701003761572
70.3017664017562
-78.9351951885865
52.176758814288945
54.6859108792286
58.0968254902148
6.8989799294383545
-74.64554235351467
48.0670912373497
-79.52002138506558
-5.364913460706688
-18.130578041363563
-14.660223251113976
50.01042566876734
-8.516492182425168
-37.78270565540965
-53.028110772711564
-7.283494801519154
-19.89535757065076
-6.289785832256882
36.8535546240943
-2.3334137043119796
53.15899076622989
-10.497508303832987
-72.87411871306392
49.281726588015204
16.987545508932897
-18.08936214193892
0.4004127675694633
47.96381702127934
18.679994321494505
60.81985516204517
0.12138992869952858
16.219367084087196
-31.162336476831754
-24.998829676569372
-18.803375698447553
3.7187091345140573
-16.571916600151766
74.41822434804857
-12.372363580874222
31.17287992469005
-12.832711228172258
-66.29909698355128
70.6610472722297
-66.67240341114058
35.16172998219676
-44.34008934444075
3.6150350861608587
-13.945733452665735
-72.20702437030279
13.768196657923681
-8.91125641873603
-49.2526337261427
59.66618449866232
10.378248321093466
59.645808762771196
22.87995739846332
-50.45477120941886
-53.00399166808843
-37.814448711343466
-60.14244606695149
35.65093297259085
22.308174421804097
-17.515973996559325
-24.24131774090111
45.205748941125506
-11.753565342592594
-69.27961648760089
6.267341018378744
-72.84999121190542
-18.67549397011244
14.217931733904862
-34.22896211262008
7.662822218616185
19.542369139198712
-45.45885728675342
-54.297851261713205
11.496954689828655
-0.26508425345160447
-11.460012826015117
-2.7150500994361835
-2.61214699816567
30.257573864476285
-34.611140558069664
-28.65000779916508
7.693063482824471
25.74402918521963
25.055336527496678
14.26454401618794
-79.15560030090182
0.18236287969610032
42.849936354375075
-41.11190741155067
-14.733116712913457
10.308063582238674
-36.24343307250401
85.21103741923511
-3.338600861554184
-15.380088739372567
-28.10485964249669
3.6451822080416747
-18.578015341083145
-57.573948363430155
74.33996394136628
-23.547692064963172
-28.704022283086786
-11.498300302221793
71.85253974093393
-3.4557964451683745
-35.61208142067279
49.78270928056338
-36.44054684599343
-13.812246237488225
-32.515283670654796
39.34591705557173
-0.9946349042864568
32.554728303068146
-0.841011609296288
6.612715074077116
78.64724409042333
-29.103812075938194
67.8898491392265
57.677017945061806
10.073155447834779
-23.927576383376802
-20.13911950658988
33.073805667741226
-11.891183160774077
-67.92159076434609
-19.64775877058395
90.1353457702968
-17.011046370854558
30.743957888463257
-58.54826721527672
26.99878302590271
34.30032084398064
36.44130849046638
-12.426040112948286
56.41208152877536
-3.9749116156745714
-6.155217519697757
-31.93602399619361
-5.410913210961354
-25.544302281860723
-13.849991288720062
-7.9101563361324025
0.021991364456638962
45.77404214936783
-65.08844516064926
15.372952283912412
34.0716406472489
76.33025158126745
11.143308566774223
-64.99977355305339
61.20818713961921
29.864465276541182
-10.432428305095854
18.684410992274735
3.166295451456506
2.8521267620056108
-57.19228713595245
-90.16551515212376
-80.51864610264674
-22.680935959594677
15.677359817915928
-15.312187630040185
-72.14425311697616
-0.4259409827585898
-47.3544709129855
-89.82878876146096
25.71231944678418
0.6819391386745934
-31.318114031829708
33.545968321361585
39.86526540847112
-58.69330880937408
24.91001644907412
-12.74554027261263
-26.40618549478394
-35.38324447999866
-36.78516366478893
-26.836181471050082
44.26287788130841
60.27874744522296
-78.78708552491025
-11.415656023886143
-0.6114069112079221
-2.1586047436586284
-12.128027099793755
-41.66764575896725
-58.369535063574155
46.592444271643444
45.183474312762684
-0.49424460080818733
15.215363974166394
20.797361542956438
12.305966090403501
70.84810893772868
19.12833950835973
-12.261549203126265
33.21242329698279
86.98181192332353
-52.62323091309263
18.58634312368065
-76.45330229569169
13.948462725368557
49.498262442219044
-3.800806140236915
-38.120781671875626
-14.808973993575705
51.930120919058226
-6.431047675934636
-24.442722936146353
35.04808822592349
13.174679602553638
-68.52182976848938
-21.401773905062797
-5.369667535946505
25.361749161474947
26.13739358899217
-3.4742211072200178
51.045511718656144
41.073490268939736
-29.905982935499537
0.20550562324628174
-31.634357606597135
-13.906568558968374
-1.5537316646552455
-25.34796208493934
-13.208589532368165
-4.954383564470959
-77.44536279277358
61.440742723434596
1.4840079441318892
23.13989415461714
16.282373371486557
-18.116446867446655
-0.20269001751809412
16.64233318231264
10.572879340340307
-33.88616860035795
41.12183386194724
18.236188850507972
-71.33476140257686
-42.25925326003516
-12.059561671376102
46.91576546044482
-20.51512496702763
48.679600071561225
33.05119649243551
61.61037536567892
48.33142521941454
69.45560195889715
-70.18760920961672
30.309174662179487
12.846826897359051
-13.154441382443636
-43.17235628235753
63.873428892455394
-4.206969423384095
20.805236232554236
-52.975630798327266
-7.423151576563157
4.756780026125995
79.35174685958066
-59.0463170252053
-10.52607865680885
-18.452635754158948
-15.785172262876571
-62.690858503981154
14.17792406543711
-5.864659607778222
-45.614574490576665
-43.26135357727674
59.24821696738897
67.7332466193451
-18.26703742826821
83.47569880916532
-59.774967583240006
43.88118079532637
82.86879936116802
-58.39108217670514
82.70793696387017
43.06368609244427
9.285254730490891
-17.5172044300664
-22.318183549792877
-62.8488653727579
59.577639810178624
-15.655939487525828
-53.811448746338556
11.186442530326971
4.770412525678111
-2.5154092255030918
-18.06878465517771
-49.82807811874259
-27.620370424269495
77.92848515506208
30.988165597499545
18.183470306941913
