24.842394297314883
-31.367673030701965
-69.88931680892674
-70.73823569622141
-49.21651605696892
-25.423485697486484
-41.14681073464106
15.779615819924018
-53.22379436348516
25.349203521428606
14.367583549834166
-23.51142923114017
-4.268949580858774
-11.583318226676681
58.902045596996686
23.462422015290443
23.964618945264107
-28.35220296072255
46.55949596219861
49.96415830990102
-29.827084411138856
73.12731248696798
51.23815993938982
-29.369181417114717
11.481255377759538
1.2686065372089246
-39.5188238131142
-24.022461043675904
54.255911081166346
-4.233159731756814
90.27294351075744
-6.51527435484752
-10.476371888544747
80.25373868671397
-25.73721389437098
33.40168590145515
3.0782594911709538
-68.79540660926183
-22.101752705476784
47.24497916621661
8.278581794502202
13.507866533776436
-33.79548940756412
-19.992936513225473
28.87632342876111
-93.38014883498985
84.23157405927364
-60.05502570071138
44.71991218114624
-17.630813810674667
-0.7151869254269769
4.557723377278435
62.152760041945186
2.866387637980438
19.423764749600295
24.34538390898642
-19.972339156229864
-75.38927215267383
-1.1389972192342839
-1.8166346587669864
17.503477381938993
-40.36489017234198
32.968901079692074
-1.0665487243452816
-12.626063912930334
-17.9396172662087
0.7426239184828205
41.85727454736252
-5.571769283698359
-7.683534369260997
30.088063869332203
45.80030603662783
-56.825175246889884
-41.36772059502961
-16.366291553432887
36.21924896131932
75.9100502548877
-31.720774360623295
-68.46204827307952
-33.90597416498017
-15.84065833342062
3.279269285908512
28.66316888432536
-11.51016688580728
76.49181839116449
15.848266207915486
34.97619240967893
72.85810531279549
-69.40676984179663
45.82428232453992
-56.31340263932128
-21.819823821724555
83.83532563056431
34.87342029101882
-31.216169985171078
58.80289756244346
-75.60095286312202
-32.27042634825075
23.433310769384534
-14.791661304659442
-0.6240015523927838
90.63465727066875
-7.323703115223367
-69.11037396211059
22.03077191719126
-5.604079064599389
-61.23551574573988
66.69784725600024
-58.62437285698841
41.91784331276446
-0.35857599622210046
-16.42039538953739
8.003699475115681
-7.854315599438266
-75.91311777943288
27.710463903619853
22.44355239459462
-4.360429453917249
0.6287251658605015
1.2500553203930735
-21.96236139218192
-48.7264421986346
-4.948672784222396
-29.564857996624156
-26.875962573044674
3.5499313220085185
-46.73907948407885
-50.92916121567829
70.4147759323397
-57.957496255168586
9.29195529315831
9.258289514172134
-32.61868596696128
24.07874120934234
-15.338526631439251
-0.5084201744564325
-34.66161458808749
-57.252798534462634
52.8839413978084
-51.07797055596797
-62.242595622381565
-15.272588331719476
-31.484226276045874
-42.56719637972816
-5.978268834100746
6.179163845381225
-35.1019313822942
-24.471720575428435
-73.11485845483813
28.988164663784133
-88.22264719786774
-1.9797737760028156
-3.3231967980323844
65.13704800484808
-2.226240747225461
30.072575176797898
16.127683394714353
-27.477700086660178
-28.109782703802964
-51.649574676900095
-57.11870912685335
25.52656809854507
-28.668535338947123
-66.75568581611682
61.962797846966566
58.14162501459475
5.3776429880276595
-74.70869312158436
-34.87605885926591
-22.650522100363105
79.89335649150073
-4.582271133813023
0.1833367773996173
17.554405205459503
41.520873752187356
-12.880583163290154
4.667139889196889
79.0525504993598
-4.431735992873712
-15.38546123892506
-13.69189475104838
-57.793368936033204
24.681258435030827
50.18981910777845
89.348117182474
1.5259333967866269
22.716592068922395
-24.529070297423985
-31.55814699797972
-44.44134870339466
-11.184990442098567
-92.24960309736302
34.640211297514014
40.406691502362435
-38.325708581458045
60.79064166349667
-49.81482635174665
-18.79629099183012
1.1111651923706631
75.1708975889621
56.18226848712544
-54.365402950578385
-54.56879419229594
14.61428383557515
-46.686237255919366
18.960803382955774
27.130230417775962
78.97346694680942
-35.880348440095624
-13.232677827697557
4.074150078088806
25.385630075862494
25.56005983031052
81.54510877504961
29.9998438210486
16.613122768746322
37.309270577911775
-23.358039607489857
78.39806166167924
14.606321626806832
16.9779837813376
24.01243559126715
72.50706758522006
35.42332707868189
-2.9328607604178956
-32.67091413643875
-78.38262159613876
-45.27622032852715
5.180945782350264
-32.45249491803885
78.56139400272986
54.11440764168967
-16.431029744625704
-78.92665436240196
62.54056801441621
52.62956765439151
1.9046214352839002
40.35420002252968
-87.02154070164933
-26.07432719122839
30.549248380869273
-38.25367180715181
6.6783503343599335
51.820083381512916
4.575590655120905
-64.99289672380618
13.305251702833957
69.80824319937261
67.66496938053731
20.605977563015884
63.634612781305435
16.648099705510234
9.08435489124993
-46.37230460640974
0.23846495117479094
55.20681223557176
76.24106553097059
-10.71068200111236
-79.3629080857004
-43.24799746075298
80.15077595659804
46.46924322830424
-33.993566134655644
-39.72978423318254
-18.454167897745705
2.425987257616228
64.02102861043025
-18.67526054924997
-61.85905106741161
-1.7955372654528503
-4.3182225535413465
68.04964163828365
10.205932885040752
18.833265160552244
-27.737835475172602
59.961466893634
-7.584118014481177
-40.03073168897765
44.172577294055486
-88.58742675148397
3.7309274589759838
-35.1748073818371
-8.093941903802246
61.632249233477125
24.72107158039384
-36.61439232444074
5.702689181997599
-0.25145886503855763
-2.0757174557613354
-49.40382177194296
23.36174569199379
46.78651408767354
35.80322522896239
-60.26575128691492
-34.718028094025094
79.53433894156768
16.20972034036683
-20.754640408647532
43.17415393847466
5.418342092785068
51.03359113015887
84.4133201101395
-4.3196341075292395
-66.55109469743951
29.815660788728067
25.138204598746512
-3.786958623898343
80.1724988111331
-30.098461408558094
0.9683175647240176
-31.316260121901976
57.51424676553185
-31.470323000285603
39.48611772415023
82.03378754128207
-30.337134785791264
76.13912352990997
-36.22344494117874
21.77512136956642
26.37176348065867
-13.195395818393138
-74.36744405159288
-91.08373406388249
33.01271099726654
19.11142330809372
63.05161857126194
-43.806465654323176
-51.68761440401564
-70.4682995441448
80.99086302328541
66.68182310419175
-2.3299959607653165
81.1276710057848
79.99080473876828
4.714751893884554
-5.891027695506054
5.3071957660459645
-32.36256619779061
14.17468052008023
67.35540205481476
49.64605901348676
-72.22788952589028
-85.16819942102806
-23.311476339232343
0.5640228572247707
-52.15604569678838
-5.481364923163923
32.52580290420599
-57.058099506951535
2.606324548003485
-64.4816954828493
-3.435352816822359
31.67387707847331
-40.93656390708343
10.672117444296092
1.4251541410791617
37.89970378437707
-9.918279735192769
-15.507670001255732
-13.519328213943098
0.11720188469054449
-31.38001311536084
-10.457703873906496
-24.63495823835595
3.484633689920841
-48.22402504904097
22.5906508760673
81.08460343063277
0.46064708733258897
1.1709024574357016
-16.756563704034036
45.78616288698532
18.620502614064108
-59.31962519850352
53.298605886999496
-56.79170596476554
9.407840065789841
-32.01246026147372
26.051699752494272
-72.00768615155067
8.9942956784069
-25.413237902966145
39.12354222372514
38.641158228798986
6.109426199279071
-22.074514714707504
80.08392342475588
54.766304462769995
34.24596279054907
-17.920943245853607
-17.71124377345255
67.80359439454176
-16.820792542271533
45.14537795599131
45.672541073012326
80.3779023936965
-13.710477235361097
-78.52230771332704
18.051615262071152
-57.50068447192448
-62.66607393474329
29.216943061141507
-18.108953756486898
-3.8030480270151514
-7.816839642559245
-37.47292049396321
49.06215225949046
-21.05763595915934
63.17306161832474
-42.07756472521711
33.40807994148136
-16.37266729958951
46.0199790655341
-19.701956210175695
12.227117201656014
3.7134514236733622
23.727614635735335
-29.86774003744661
77.8315732017617
20.866520667354095
29.733532397011075
57.351690685036004
-0.026718395790837235
6.594372045495263
38.257240165104605
-58.2413403955884
3.5900866450894995
64.72141282944568
-85.53271634823635
-7.517492676372953
72.44888880364695
-68.68583830456683
-37.96776025641584
-8.826599489714454
-83.17316549372607
-32.60866857142186
39.75685407563151
-51.22106467559401
-21.17509583043713
-5.515350427607984
16.559345154954073
19.779252087050907
-69.54683359283626
-64.45193332039776
-82.29063531088542
17.64866786310529
-34.79044316562256
-62.92357773432852
16.15910902369488
4.58059561552102
-15.142002985413285
-23.25810845654601
-10.348172116303317
-14.803722727794337
-51.95062669363919
-7.56217794711867
37.18615967530232
6.550339687599077
53.06886311945948
17.284679142144043
-7.930563759046876
-70.14682133285135
-94.65621240038591
-46.5356664262707
-48.84882456820263
-85.78103213062786
-17.70898745016227
51.3867006980073
37.46507987494388
10.243178303483802
-28.864711795541226
2.9332655798764904
-48.76379491187334
64.24769403206591
-58.432894619439516
-12.084697206295019
40.72182166182043
-41.300683485835876
-6.673544841785173
77.51189818384168
11.459627594811195
-0.11595034724953734
-5.073108873339123
-11.527203343170711
51.45198160298912
17.23170024710909
69.81324116245156
4.596694330380984
-21.05348719620602
-16.53444063531626
-48.46272762645073
-17.50303776956183
-1.9608842124758183
46.07434879443525
3.071190754065512
-73.37573589259381
-18.35362413234745
-54.75923603834748
40.386797141796734
-8.74004995572868
-35.21955773317312
10.013396175622276
11.562147296884532
38.567470353936784
-46.94872757791633
-86.92881135197922
-3.1029288061743188
-30.55964251070729
-44.67378281715443
-60.39382540098974
42.40925045981828
-72.42908157271384
-3.3597360480893883
25.54188528576161
-23.004684608764705
3.2872086529234394
4.661556284458385
-6.030464281738361
-4.342499239170692
-58.479228454160335
-51.950491830341505
-21.481302004350866
-1.088956999244573
-39.77044199082388
19.823630866734007
-58.525969800778824
31.930091572135126
84.92045242501285
-4.214766458906041
8.034664365923192
-0.9690329061351974
30.04444771669688
-12.654946050294427
-84.69190626460303
68.95142920953731
88.63127450003248
58.587416627399705
24.001326913059657
4.248825237383286
-11.939058987355637
77.6928489872127
-19.661112476951516
-91.77436440493778
-6.726005813015732
-11.073348240610585
-1.2524414115357416
-16.284421799953662
-11.069081532654195
0.9786677385744156
70.26077974782004
-3.5090529568480804
29.696220078241836
50.33899391004337
57.653538233649186
-74.91035742041021
-22.647134324929354
-8.133136579176764
-45.63162488927731
29.61831484981407
1.8696680705559174
-56.10416684442153
12.787244458858723
-12.609596041231413
82.76312727973124
-42.1971879208695
-7.950993001458997
-0.06310746932311417
9.766489756034886
-24.469340356077794
-68.21202108408013
-59.49180550139669
15.490130397808244
-17.57141477064974
32.64953300073063
-16.271301743422583
-10.537603288461256
29.570940740404495
33.87682236944602
-5.461449228562287
-6.973057399468374
73.69106303987954
-43.96360054299496
46.66412437403147
-16.778384241398896
-10.73262179215429
17.167097325687763
15.721513462859775
87.08103990148967
-50.79257658379652
-30.605400129355488
-12.365356937682193
6.725180885440395
-12.739727312233114
7.04018494968517
-33.511280835028685
-2.037820342638284
-55.06099108944487
28.34236043231229
12.056913897914484
-1.4386480963711819
24.499602545682706
52.70241639670138
71.5048929416869
-20.292543829143455
34.18198345897426
37.96853702275544
31.610106388810806
89.01107216213694
-19.812699425525565
27.822392715518674
34.12767962608049
79.68340681791028
43.01317901548012
-1.6345244685873013
43.53995139484658
-10.040818331780997
14.910148859468393
31.749135210907866
-36.2786500327599
-63.834874072066526
8.627848526837056
-50.90299514915891
26.329791241046507
17.14586975163283
18.795279395729935
-4.478570470296319
-33.14789476068135
-0.9262910778977158
13.893328495113778
47.353303848287425
-18.693970541105017
72.76848068144744
-59.51036572756125
-29.066606882297478
-41.67002450979681
-3.0910970763422085
73.10958775848854
-42.21398567869451
19.632191042443637
-43.69679146826661
-15.747489721420095
-4.601914495591288
-75.21210183810851
-61.844365864524406
66.46163582742116
-3.408036170349945
-37.61435872741822
-53.64597021890961
-13.156658190709337
-1.2981568362153268
-13.138636047577322
-73.32915493666559
-7.483294459285304
0.6610577981847712
43.404101209284846
-51.55893218693935
-15.241436910690979
-94.62263374741482
-9.81111251094076
-81.50561876285701
52.958707493537815
-39.96270085259697
74.25554994125193
-29.692733992636605
11.024265923403377
-62.88395483894567
-33.790133250478675
53.32254317338672
-28.30444693484243
20.108635080244042
-3.562934841643809
-65.55915235461501
9.348580078503787
75.99451923147137
66.12435322394066
-70.56455221231215
23.667535742206027
-59.28631502392905
34.429571188121315
36.17676847040829
-1.3767148635422046
-2.9861157984285853
-46.14578682485505
10.393961750346875
-11.942351965631232
26.223403717752902
-47.37672949051205
-18.991495062088205
-43.24374382071028
-26.27112522043329
0.05970697634354849
-10.643388940957308
5.8715644088189265
-14.465625464951373
16.367697641726934
-32.263399265476
4.082626777692511
-86.6517755313839
-53.55083099370128
-10.864406700509221
70.41134489384342
-78.73053701148767
52.34346252129592
54.62633206318617
58.320129139171456
6.897266916461348
-74.77934856403849
48.22989427719534
-79.05599824484122
-5.441249220612718
-18.02975908703698
-14.801853177908697
50.22478162485521
-8.493331598918488
-37.6549352315622
-53.07465777679488
-7.253453725312568
-20.037695164680713
-6.308791771969467
36.468207589483995
-2.4516458904340652
53.52420165240582
-10.633620735834455
-72.13540889960223
49.56403284823668
16.97190196759557
-17.994882122230663
0.34711145571692725
48.258969718665355
18.365596265981395
60.89922379172873
0.015512586982794119
16.20232527216696
-30.808108480270562
-24.98054604943387
-18.98511645079165
3.7469266277355047
-16.74897016196722
74.43612967592159
-12.316521788497738
31.296638112217153
-12.71638280960579
-66.5807385601373
70.23736709435153
-66.2138042548053
35.33442016559408
-44.6861507870552
3.561941987054581
-14.028823485302226
-71.7651512562138
13.799286400252385
-9.026394199617428
-49.10328828511225
59.170661343888526
10.29377414965795
59.537597763567334
22.927150673430987
-49.94954193671002
-53.09843100694726
-38.07743777223072
-60.2273679578539
35.828147783139826
22.385717920305424
-17.67515583466951
-24.350005007840238
45.476035091170985
-11.687841762261712
-69.65109427329077
6.184910961565464
-72.61300567767069
-18.82403700604101
14.254896456838168
-34.44611073571216
7.66504990837781
19.5033494469524
-45.41610075107887
-54.491959008130166
11.368362260885647
-0.2488260782008922
-11.489781856202598
-2.684081244075017
-2.724086633209481
30.07222776763622
-34.320459346129105
-28.271704568212584
7.711849430405067
25.821236997267334
25.084153841032503
13.885228377103473
-78.89147382615242
0.09956630500415997
42.80452857907241
-40.617879471575286
-14.842029745023538
10.344556993023659
-36.49455241250115
85.59300946411909
-3.3947793304867275
-15.499038568441478
-28.368881441142364
3.614298005845029
-18.760493070836986
-56.991003589247356
74.82836898680495
-23.69919213535023
-28.82445122193603
-11.437024052633063
72.08184925209002
-3.5854030724670736
-35.67221108369064
50.0561455240549
-36.59310913475304
-13.732871878545623
-32.655382372542235
39.41281778987528
-0.9743377528972843
32.19253712804772
-0.9790027431227628
6.630721759102087
78.13134246371152
-29.156270111698205
68.23082677053156
57.15870051570036
10.079033341175375
-24.11573726904051
-19.9826047458115
32.81807495931312
-11.820412699931936
-67.21128078032824
-19.720215527193844
90.28986830399876
-17.17526807873162
30.791775893111122
-58.4421912399154
27.092934669703325
34.460740805706564
36.55150662684625
-12.432355692493559
56.637416492513694
-4.0220713537378145
-6.287158262126269
-32.0551617697014
-5.431435131124246
-25.771230604600206
-13.970431056032382
-7.949961000752069
0.022373405205513563
45.764559304511664
-65.19694861254693
15.368041418516285
34.117867168413596
76.30344485119906
11.174148532893454
-64.87787470261094
61.53955791911366
29.979370245080617
-10.498724504969957
18.736637728131768
3.09937105389011
2.7995108895316747
-56.61817264760278
-90.10471096818708
-80.20498630684244
-22.412971567392887
15.65908532689312
-15.248990079704939
-72.3024872101307
-0.5271855922214428
-47.11664278674462
-89.50776823243314
25.809134611177882
0.5561792344323209
-31.08870478812503
33.67319569338102
40.0828729337436
-58.834632530559986
24.99688300951898
-12.667682529775789
-26.6237796951104
-35.05340609917746
-36.957027974212956
-27.039453689990935
43.50783002207413
59.71191108656234
-78.57101581779352
-11.500069241624786
-0.705426732868915
-2.2863672974188347
-12.259519448448046
-42.03049314196856
-58.581373014175625
46.85536139264573
44.702491789295834
-0.6314476388409105
15.203998911827611
20.822642566257983
12.279736133655646
71.25193126287476
19.167502832288235
-12.330536763662522
33.36701553488507
86.86942612804992
-52.992054224233044
18.150428943417694
-75.73742041870254
13.897745511714376
49.60992896664851
-3.7900552661747327
-38.371809776838305
-14.884784421321058
51.97928904799829
-6.3909145149538915
-24.25738378189027
35.13114967240375
13.208677817767864
-68.68144119040791
-21.60657703568441
-5.4996184112657005
25.451637022609916
26.224900938009853
-3.502274109250493
50.71184993003095
40.60277980344375
-29.76584389006834
0.09891424539563332
-31.391244539456977
-13.853508136848006
-1.676548167925631
-25.510018524064023
-13.236353488592187
-5.001479280008738
-77.33237463279175
61.178528228628096
1.4583969877647718
23.215338816148446
16.334452880680757
-17.975235904749127
-0.2078332412863233
16.637770594683033
10.554825156705363
-33.453759715768925
40.54943431450084
18.01150367363742
-71.48593939168066
-42.61107736206258
-11.996060607159947
46.18411835834888
-20.63954824521133
48.71264397605631
33.19888186418467
61.533547922295526
48.31416917576155
69.67452480807793
-70.62431366224138
29.996627124418183
12.792474660898236
-13.221537109273058
-43.477156323384754
64.27570389927496
-4.2450245429931925
20.504885151450665
-52.87285237598221
-7.473157983681389
4.758061779582576
79.41068475786994
-59.32377270441684
-10.550220184190934
-18.499992892592388
-15.880470146694648
-62.54720616309878
14.138203077613085
-5.861360995685857
-45.94919476312803
-43.515824429848834
59.544817511772266
67.04786941055886
-18.41011504200803
83.26440660293565
-59.993774738657706
44.09623318047886
83.1622436719251
-57.709675797690224
82.51779049650324
42.93583626941705
9.005802020584724
-17.500333752156394
-22.12428075579696
-62.991686018191636
59.43158723524354
-15.508109140470907
-53.23456552885459
11.223030273894494
4.775199919571307
-2.5563721374329305
-18.185590561917337
-49.178731532547324
-27.433847664603476
78.12954055165099
31.11969197663788
18.225938459631905
