24.840727671399335
-31.359869811349583
-69.99761987530839
-70.85622438025915
-49.29939418307031
-25.410513264077736
-41.14300412516568
15.785546608974784
-53.28131722401352
25.340956514391834
14.363209861971697
-23.48122981770119
-4.259228476055085
-11.56635108566995
59.03718968639791
23.465629984509775
23.957961219960865
-28.367409122250677
46.54764389879173
49.978046514026715
-29.845101022899968
73.0621643458739
51.24478357138673
-29.370788862083458
11.481461718389298
1.2843638170577805
-39.529165374348885
-24.00106688643288
54.20544419514417
-4.227901693644938
90.21504396731387
-6.4966960673399115
-10.456996899205194
80.20088097772467
-25.73391773725554
33.389711784500264
3.0732797212684346
-68.71994033697013
-22.09385704621036
47.20763686176309
8.278416700460497
13.511318427558109
-33.8105899002675
-19.969801764457003
28.882286120172964
-93.33554049845188
84.25137312733446
-60.04480008579501
44.71746691979328
-17.656746441097056
-0.7023631093919818
4.570825086062612
62.10244167430881
2.8702720624559532
19.503410856008315
24.43044176268687
-19.9898202751326
-75.32798051379183
-1.145611973838811
-1.8160118759899717
17.502961133439385
-40.44521928529962
32.95226494046614
-1.0608569632218803
-12.622539731921577
-17.96701165558339
0.7507160163063702
41.890987730669934
-5.55213895726186
-7.673444370006024
30.075015321144846
45.82066306773336
-56.8897184476052
-41.35024317447545
-16.355338028610745
36.30135381955955
75.87163830560206
-31.70281762928606
-68.56735950664086
-33.87994188565715
-15.860643112811715
3.286160738225874
28.65222688332942
-11.502013162390014
76.42316324218606
15.913435889038212
34.9650376215873
72.90695981756798
-69.52921445394115
45.95899118591515
-56.36059298655063
-21.796959732232963
83.76976151641563
34.85596313795568
-31.213059660852792
58.73934439268382
-75.68640295689448
-32.310782664991606
23.43642630921852
-14.80056977669551
-0.6249653101551047
90.57796114442763
-7.324651395345342
-69.12461918518736
22.02799995905137
-5.597516694792446
-61.16595908236737
66.65213333380552
-58.57466077242759
41.914549798629054
-0.3462101382232987
-16.420905554681823
8.007650992804628
-7.857928194566995
-75.88087544781563
27.70510475906991
22.440129622659825
-4.363223504176844
0.6444402313899502
1.2596316996051655
-21.93588656250097
-48.733985699677724
-4.957581830015343
-29.583578220067523
-26.889268005892617
3.5689105294228938
-46.68119361509749
-50.92633199951852
70.47211385548738
-57.99312573146551
9.304861815021184
9.256560896033179
-32.66413747165423
24.09176234895932
-15.347323835973882
-0.5146199541836864
-34.739131824229375
-57.228815942166555
52.83230282845966
-51.111038403945194
-62.36174352354317
-15.25818513623004
-31.463014105638706
-42.54737667771756
-5.96547035952014
6.182642001848535
-35.06937127602716
-24.474682147484614
-73.08928726145243
28.978723101785533
-88.15054663640238
-1.9605404551411425
-3.321691068980357
65.06225267444353
-2.2208631030352137
30.061355150741505
16.12306384221992
-27.484895574424414
-28.13200036717116
-51.692929382247776
-57.196563104273665
25.583399002876263
-28.633686152449627
-66.814671985963
61.896839959356186
58.130136320518574
5.399383997029489
-74.79621702837763
-34.851608272873655
-22.625825187076003
79.87003967744943
-4.569399160817582
0.179918250382741
17.551902087628648
41.489826156639936
-12.896323027560584
4.6665031883130155
78.99278080977376
-4.4213251081128675
-15.406686220155848
-13.683059236757131
-57.76777131290922
24.678703528553143
50.25846368143888
89.26387591719987
1.545476152560468
22.710656987281396
-24.52173899413222
-31.561992869132
-44.48379487115765
-11.179450110751674
-92.18394448555986
34.647519794824774
40.38226053201413
-38.27325594448136
60.75642386430155
-49.86379963151692
-18.826057220835153
1.1098302981353498
75.175526574494
56.13005627953649
-54.421150196558315
-54.56863895441262
14.617868841807578
-46.68944738666264
18.970108075439413
27.1199886463412
78.94547615370607
-35.840812823672636
-13.250351379175314
4.103889583521479
25.377340844163044
25.583741125700783
81.4760284952913
29.98674098320535
16.60870149102125
37.28798610070774
-23.324784415343032
78.34920421984864
14.677048514186524
17.022387839167422
24.011643873067868
72.5601792040325
35.48247512293088
-2.937632576149227
-32.64130858149315
-78.35596310332143
-45.359967156138865
5.199821174308539
-32.499347369291996
78.59217313416548
54.24493727307808
-16.417948395615184
-78.88294878215534
62.51041509675443
52.66966435454361
1.9269860936312284
40.41461575278325
-87.03931976037256
-26.05632341977092
30.540200226052463
-38.268725429062734
6.67760207847391
51.8133146862277
4.587025606770311
-64.95748226608669
13.306876064980713
69.73320101917241
67.63328885942033
20.603792529583444
63.63616131502192
16.65487839695156
9.080145589535022
-46.31906855075662
0.24605550305474821
55.15604543632895
76.2094840591117
-10.712498749209189
-79.2825782138178
-43.193730676345595
80.08246015521465
46.433086644706634
-34.05353282655603
-39.74007630056732
-18.434590289357132
2.4494802827572784
64.07060541329463
-18.654050929223786
-61.878418961952626
-1.7790794048428893
-4.322322732060314
67.97108322595534
10.263291078955348
18.83039131932236
-27.76912094867056
59.89626751807961
-7.5646287082905275
-40.09555698784196
44.17444266486925
-88.54221261585802
3.7490262715579235
-35.131545920040544
-8.080616299933851
61.61321844392995
24.715611099871552
-36.66530191167178
5.716636219887107
-0.2391153090921989
-2.0598373477115643
-49.35482800116414
23.378654920985497
46.74775204263179
35.78252845586752
-60.195527295673934
-34.67987835167095
79.57470345299001
16.25009120264575
-20.740986259202373
43.178403280149865
5.426799287408812
51.02174073685413
84.4370165865468
-4.3276044710695345
-66.48327916727715
29.80310345101215
25.14246280101851
-3.7952307131600094
80.09193645162634
-30.10908236151957
0.9698908496035159
-31.291788875949067
57.457846696291284
-31.4750762822801
39.46469584769858
81.96062163701635
-30.364961740441487
76.10668643527424
-36.25313098141295
21.776290292170216
26.427986939925717
-13.212705263938147
-74.3112633998581
-91.02084579086767
33.01841345987398
19.11725517105512
62.99515151251367
-43.87305977902648
-51.66277258005378
-70.39552895570061
80.97591530595872
66.70956670702418
-2.3178001511069226
81.05937670492006
79.91496989303047
4.750121035498097
-5.880147744342892
5.342217554868043
-32.40972837657617
14.243488666341534
67.38491450196315
49.62414077799292
-72.33960311526036
-85.10958534122562
-23.34729380272026
0.5834674455525999
-52.166101886205006
-5.469562788700728
32.50983494624606
-57.108741226869114
2.628604150777562
-64.53472647725476
-3.433754246196287
31.659232948204448
-41.00576292463923
10.687257720159266
1.4480893018248793
37.87638202782773
-9.903257968150015
-15.48566102207623
-13.534914531078556
0.13129063179486877
-31.384140551123835
-10.438339086008128
-24.61984092243415
3.4976091229811033
-48.17289200349292
22.66646406987408
81.01936153997158
0.4792058871121725
1.1836694604569402
-16.779786862179563
45.8824737666543
18.697745573589344
-59.40375006796891
53.338997687598805
-56.78748338269549
9.405828637681651
-32.00570817577888
26.048915024841435
-71.96946526905946
8.990095598294644
-25.40558052641458
39.12587284904464
38.61919561398048
6.116143764122626
-22.064293633603228
79.99784206774373
54.91210774405127
34.23011061942253
-17.92808624874786
-17.721388381438473
67.81574074622227
-16.801273513086997
45.11410937086845
45.63437367333427
80.376315801278
-13.700091604002779
-78.58779780137938
18.054953596480175
-57.43400342174849
-62.63033290257026
29.207078625737353
-18.125684970069557
-3.7976775940055347
-7.814888644827207
-37.51564833347332
49.15252072296795
-21.062119635044056
63.20924228039553
-42.08789479617846
33.392241040057684
-16.381359164853123
45.98571975724832
-19.732053005956757
12.226308022194587
3.716985234697418
23.72732190991674
-29.92704578072211
77.74411717253079
20.860300428079285
29.723828486440127
57.320511686154106
-0.009327801435375704
6.6082901110989525
38.25094035348994
-58.23638015821575
3.5913822124189494
64.64754779182556
-85.47360649084179
-7.512426479279782
72.44192527227193
-68.61440149570142
-37.92337432837876
-8.80726295796093
-83.21227975533535
-32.57587355037339
39.798265985325685
-51.21365681915087
-21.183957628126308
-5.510243765545113
16.596807885865132
19.77345128534634
-69.58691258644399
-64.47384749570156
-82.26556252485292
17.658598014923854
-34.83790112010079
-62.90676073112915
16.154552847678175
4.607397234070689
-15.128405639520125
-23.273776856826757
-10.354379951764344
-14.790715556277021
-51.959538123585205
-7.568994354367703
37.30435419098677
6.56850308862505
53.01376959143701
17.34573867315258
-7.940546488451957
-70.15194645216064
-94.62995162102338
-46.50763571022704
-48.92514505505995
-85.77752645175204
-17.725646852239976
51.413895524784834
37.49280457409324
10.239369707943212
-28.85697953653859
2.9534761676090113
-48.80097872054414
64.17940435568465
-58.49670336410274
-12.097579359543062
40.693266317962554
-41.2574255090828
-6.670935830204044
77.43786690012371
11.467641672544772
-0.10387586661322246
-5.074346855617449
-11.534714644202808
51.444089944412354
17.233762114012947
69.74337919242257
4.617059166102507
-21.026427347163974
-16.516352932371007
-48.42735515448394
-17.494162763494217
-1.9622807266671458
46.15126177799368
3.0922257634762076
-73.31489752982814
-18.327459323195214
-54.85864944204753
40.35835749224145
-8.732179453226024
-35.19050350905087
10.00929986542809
11.611216738177674
38.586432204542064
-46.88667207321901
-86.86381094655384
-3.110850900889673
-30.621326633863617
-44.66396658130263
-60.33815097493165
42.376596370577005
-72.50869026488097
-3.3440280700552307
25.54001177004477
-23.016061021022296
3.2861085574603806
4.663600432178839
-6.040296959475498
-4.348098802403811
-58.583719362532825
-52.020100223232674
-21.47292047522903
-1.0754673096438978
-39.713984632673174
19.835645990413994
-58.61882667288998
31.91687772244765
84.83945832837253
-4.196957785422981
8.033877160282728
-0.9597606638594272
30.045433610401247
-12.638667593576074
-84.61473362116301
69.02850858958405
88.5839290754273
58.7311749569823
23.996449711956856
4.251996111183914
-11.931309755054443
77.69821117286781
-19.639729142068006
-91.73401307162489
-6.735916358108568
-11.058618136300439
-1.228780527092269
-16.28382020868041
-11.06644072041749
0.9726741363096636
70.19338112951613
-3.492969859350609
29.684954071642167
50.300172712299485
57.710586828805475
-74.87544958037557
-22.637234647793903
-8.138525063414079
-45.66875705940347
29.60956477975604
1.870112369392814
-56.078275349570845
12.788525144628679
-12.604065298916566
82.68626910957465
-42.147102429971945
-7.942129363583618
-0.05352349029453762
9.766745099019928
-24.43783093367142
-68.21841820900413
-59.46865523771235
15.487621055367427
-17.546662036913958
32.76672971878932
-16.288246897317123
-10.545795453514373
29.626322280362245
33.86156780481991
-5.445108586042792
-6.961611902945407
73.6372223354997
-43.98260950041501
46.803679411425435
-16.78233523454091
-10.730798540347095
17.17546471674531
15.727827384181708
87.01411910709407
-50.8792063639593
-30.626879199084243
-12.349037659987033
6.745844126715113
-12.753467430044594
7.060682387467921
-33.47226921001865
-2.0243026472991374
-55.01467574868675
28.34446186911778
12.084690974541601
-1.4202047433700926
24.501070327446953
52.74201937557979
71.42279001672227
-20.28961527130491
34.16389715992952
37.9450202729777
31.61151073480454
88.93525302089643
-19.812374578147015
27.832061971011328
34.21201626123403
79.69115118440368
42.9959824202995
-1.6415885936693684
43.650382042012666
-10.040981861316553
14.920920122686823
31.734533917859608
-36.32637738526568
-63.813938175429726
8.643057342286738
-50.96478017131745
26.328943296162592
17.141448218692304
18.79021021922155
-4.457856487649934
-33.12180675548683
-0.9100928498138785
13.891554061639383
47.32921300514127
-18.711658135310444
72.75099141138867
-59.52351431073653
-29.087800500025097
-41.661538652361465
-3.0828216776523902
73.030172182359
-42.166923265348515
19.68942055706721
-43.670867888443276
-15.725833795750006
-4.581426106937101
-75.2583433357243
-61.86598744676652
66.38597250495758
-3.391021555161146
-37.5625474671339
-53.648805698107005
-13.174242192217108
-1.3025103975957109
-13.15389340298347
-73.2530767217054
-7.4671365789399005
0.6776516636175955
43.399470504806885
-51.57612432505194
-15.248289420942783
-94.6066487042097
-9.824339092392606
-81.56382622055344
52.90493144397627
-39.940962664823466
74.17342948435908
-29.738515817020627
11.033327625999718
-62.823185205477955
-33.763748959265286
53.28918595887748
-28.31037188041293
20.103869686023785
-3.5480532425243894
-65.64711505574672
9.36139718073926
75.93457654039818
66.06933653681611
-70.50202757285193
23.75210903331724
-59.31714989069057
34.411192169090015
36.1587965439262
-1.360894385804059
-2.970298544253339
-46.182578490622475
10.390194675746613
-11.957807630822316
26.214842002366396
-47.48239588103086
-19.01655763990081
-43.26557537189706
-26.28873204452833
0.05406567001377027
-10.631805829032345
5.876998650150995
-14.44294070195933
16.363957280079006
-32.22287790179594
4.0891071851769425
-86.59310234732828
-53.56100976442207
-10.846048145409853
70.3905468943262
-78.75849059556433
52.318812224782164
54.637541542800705
58.28463366055274
6.900319272653462
-74.75008928196084
48.20691438834953
-79.12836568431072
-5.430558980133952
-18.051602219947227
-14.782882550716735
50.19330266632909
-8.499565483381133
-37.682092208694364
-53.06900147154226
-7.261859766271215
-20.019379620985873
-6.308331797081891
36.53293681301335
-2.432309199276503
53.46862770250749
-10.614620245306753
-72.2560346640858
49.5225624400357
16.9832001393532
-18.01576452200908
0.3564690163189397
48.21633246048134
18.417608679732425
60.886370795297864
0.03405196439740621
16.213468583565557
-30.868127684481735
-24.989923795404465
-18.959814848688552
3.7420694304979207
-16.724201806988233
74.42943106353502
-12.330341037453493
31.286737146918256
-12.73065587126149
-66.52894249505161
70.30625341507002
-66.28978136969805
35.31445817324129
-44.63001888730056
3.5729485724134804
-14.019708051295666
-71.83649571566964
13.79613050913214
-9.010452221017133
-49.13222249126111
59.25310759300433
10.306780207121761
59.555883467404584
22.92321392754583
-50.03583684624111
-53.08443061781953
-38.03734224961126
-60.21259380848775
35.80873661349207
22.37978357650222
-17.65362258577335
-24.33784802110982
45.43834800563866
-11.70306748409321
-69.58220033960487
6.202821978551242
-72.64910324234599
-18.804502919544717
14.253700226455436
-34.41461164880425
7.667714488098312
19.51117229403539
-45.42784261313922
-54.46003882596814
11.388654454723124
-0.2538243409676397
-11.48907952860192
-2.691768331664065
-2.705985721180866
30.104189214296127
-34.37320034454156
-28.331920849728405
7.708768971552743
25.818220143490677
25.082905686534886
13.952881849737423
-78.92962896248193
0.1140575548282925
42.814814914779504
-40.70103233188955
-14.828680857359657
10.340933088404185
-36.45678769749613
85.5198040639186
-3.386694803549588
-15.48409797304636
-28.329429740960236
3.62123392871365
-18.735037269859006
-57.089101003149935
74.74228813538696
-23.679566278122763
-28.81030179802366
-11.449973553310329
72.04035236267481
-3.5647017764831475
-35.66799647600857
50.015770002749264
-36.57272980145455
-13.750580422787081
-32.63760485115674
39.405966549984754
-0.9790949569125047
32.25323357865898
-0.9553787473373774
6.62965086669918
78.21430609749589
-29.153815441305895
68.17228579707191
57.245112365923234
10.082222796509654
-24.089699960591417
-20.012480970365402
32.861519481309756
-11.830648589821706
-67.32831542786734
-19.71389158969636
90.25387303602042
-17.15278920410904
30.78810486190801
-58.461123522921035
27.0833186703598
34.444469625732324
36.53858538720692
-12.435849807931973
56.602158388322806
-4.015832022570848
-6.2673433631655655
-32.04108257154735
-5.430397127749728
-25.73838554574668
-13.95492605575265
-7.9464846361921815
0.019876110883600973
45.76893934054809
-65.17614131815927
15.3700509666606
34.11440604786418
76.3037147555714
11.172588477115
-64.8972222171802
61.485431682287896
29.970542023820514
-10.491545160260742
18.731799267981486
3.1126530015718004
2.8100198954219735
-56.71491141831933
-90.10263456520399
-80.25111910104707
-22.45514960724175
15.670167460539119
-15.26452144114134
-72.2700152355576
-0.5097703627706238
-47.16065547279656
-89.55116462046044
25.80101826540904
0.5785660463016598
-31.131896714773646
33.65843639515623
40.05501162313331
-58.810494234664716
24.988403166496255
-12.68429912658884
-26.592597321916003
-35.11197871384656
-36.933211954345154
-27.010806124270147
43.63517235536622
59.80621646691381
-78.60101118997487
-11.490097473252533
-0.689383760125196
-2.2652854878703863
-12.24173124186484
-41.97190765193518
-58.54493161198703
46.81790695121603
44.78316362392425
-0.6077530902043975
15.213453924171304
20.827808592089553
12.284175668277669
71.18162777749154
19.168767231368463
-12.32340841692212
33.34990254096621
86.88084598414085
-52.92967555079249
18.225350759607466
-75.85333813027874
13.914171808693936
49.59460913399781
-3.7939809178312487
-38.3337953285551
-14.877092704565769
51.97341997764278
-6.401045119703014
-24.29279695677836
35.12226148703408
13.205085243520486
-68.65025551987729
-21.577465414356652
-5.479793430057924
25.445254861217222
26.219766634636898
-3.4991667134394646
50.768164753796384
40.68171464274377
-29.795165147350474
0.11762777231605526
-31.43651751528469
-13.867161138214115
-1.6559874101552623
-25.48861062502756
-13.236425795584992
-4.9956552233641816
-77.3450507101259
61.22196970110386
1.4632857325094477
23.210848289239735
16.32972726898052
-18.00186482229803
-0.20746675312989282
16.639990731330627
10.563017877127479
-33.52497882320212
40.6453770205552
18.048374123937123
-71.45505374135841
-42.554350680668065
-12.011031887921703
46.30705294919264
-20.624401921825765
48.70991048487437
33.182098878428974
61.546252352580126
48.31948889489996
69.63569165880511
-70.54350575253474
30.049040209785034
12.808963280976002
-13.214952342969141
-43.42864240003888
64.20891599808073
-4.240466590207944
20.554556310421987
-52.89294422462538
-7.467769048005977
4.756589914905234
79.39530224970736
-59.27548672422863
-10.550215519252419
-18.497763036796613
-15.869653202203935
-62.57115468904364
14.152633074479084
-5.864644186225192
-45.894814151310015
-43.476247171259274
59.49709457166185
67.16136947681153
-18.39147642382588
83.29399197304278
-59.955594283319726
44.06664413821997
83.10528126937629
-57.82307146229504
82.54397630345343
42.95917712564483
9.053810160757465
-17.508682884760063
-22.159703150200784
-62.965731923811695
59.45612343786482
-15.529742660318774
-53.3318848825925
11.218905384174533
4.775926171172998
-2.5505855314064405
-18.171462162055207
-49.286319565114155
-27.4701189670874
78.09043565698897
31.105397514913932
18.22212870122432
