28.082087668169436
-35.19134261817846
-56.470505366773374
-56.07108914100222
-40.69807410667178
-29.942552897144722
-43.659631995996506
17.75468209917011
-47.9150119504998
28.37103478324633
15.812690288714833
-29.23995743502323
-6.054571680000635
-15.034874435323871
43.51358676944312
26.640017102312115
26.852709947130947
-29.69190785122474
48.60705492466997
49.2658628428554
-30.77338552124388
74.6026791221235
51.047379634614714
-32.37370364380149
12.55509033491991
1.0460900408931622
-40.9017400536713
-29.1902173243367
58.37465151035221
-6.0203121372025095
87.0247683442218
-8.398854885323317
-13.589231804889621
79.05960708422808
-29.35868496651014
36.41691437363488
3.1801731478949335
-69.28702454872882
-26.171296272318273
51.41476399101913
8.817481594175817
15.000201735277685
-35.051824908333124
-25.090605452299258
30.16828474582711
-83.5318130850732
76.01583920818729
-59.41239015053317
46.111519531160184
-14.677558943863744
-1.5730292606301788
4.384657973070972
64.83230432763713
2.439877143468067
10.401043509488048
15.584952811457669
-20.451284531912705
-73.04204968394635
-1.2758424399487893
-1.169264907002244
19.569098851040252
-31.585399944578825
36.76231100548182
-0.7256528212587057
-15.659305097264522
-14.536462215618897
-0.027412317953647403
39.98666515468409
-7.0537309057199025
-10.218109053773006
33.43227438162927
44.94126090802354
-50.28189697110444
-44.932917552173045
-20.369025688436878
28.92580083070149
74.61379453362
-36.367957831640666
-55.61236158023813
-38.972402480122064
-14.809112597140299
3.553152140232143
31.697046784038093
-14.709660054559492
77.47520877630492
9.235524284642409
37.847911321631386
64.86728948871405
-54.39934376085546
30.47720942186632
-51.72909175633413
-27.022067303832102
82.820222950908
38.44808902691631
-34.61126697620666
63.079664128433734
-63.32939865235957
-29.65670919488771
24.8625042894013
-16.412108949410893
-1.5276719900749924
87.19186880401728
-9.2616994807711
-64.37846865127082
23.926596813732772
-7.678910828108144
-63.660243187458235
68.08817228720585
-60.7094340774017
43.635326186110035
-1.1675516056471764
-19.38245426926953
8.5238642231172
-9.554540375203786
-71.89460973605017
31.2746702629523
24.423817692115065
-3.4768750747253137
0.2717741258775135
0.6360953146998725
-27.39568081639817
-49.142191784719735
-4.505096972293259
-30.40722343250117
-28.472517521252215
4.050267897713439
-51.94744952713616
-51.78550246926325
62.15462361246645
-54.20915694535563
10.399847041341417
9.971702870688503
-29.092511345820967
24.62122309370973
-17.031329581795617
-0.6727007062377481
-25.739270437886915
-58.184793043008796
57.31187865458125
-48.732574255798575
-48.33520097773365
-19.353101117549357
-36.3960942351721
-46.12670188400073
-8.07224319412309
6.360239181378901
-40.499553080960474
-27.413922476264958
-69.6494296617853
32.60010711263621
-81.72180285411888
-2.5495232665812324
-4.819751151587468
69.03969263849379
-3.6262252802156496
33.778952896981735
17.816802738251027
-29.88696532375282
-28.371525689404407
-48.13732691899264
-48.95926544123596
21.31893578447057
-34.67410119640485
-59.02836086883498
65.83495429705141
58.46615621104044
6.451784493554982
-62.461768302657816
-39.73805914729693
-28.00598393496132
76.39091116052893
-6.329984227339665
-0.382547686484628
19.566941161713544
46.035908556826314
-10.741036673193463
5.275015270695675
78.71206496810555
-6.236860357115518
-12.82661654712851
-17.245042509152967
-58.69389776462981
27.86619821864474
43.90444194086675
88.72283336748188
1.712380114358865
25.429538148519356
-28.559251610432497
-34.22232083551852
-41.703116736055435
-14.18420747714147
-83.8659874730599
35.74305485394652
44.24161864095595
-44.58148651263878
62.48690612054196
-45.8623419761786
-15.150277775294015
0.5129490253929703
70.53279252839059
60.105089968211274
-49.131115836632254
-54.488867636081764
15.533085739261352
-47.802979296278615
19.656013673090158
30.288299793176208
76.08267202883374
-41.646418399279185
-11.424225052041976
1.7725152209390842
28.053396457095957
25.096088842860013
81.37552501112052
33.46021703462128
18.398113307252146
41.132453462854954
-29.26179277664643
77.334351647716
4.5674221650814815
13.930487921019477
27.148602715720656
64.19787695102633
31.038036926409944
-3.7807298129980467
-38.09103324388157
-73.22069075501054
-36.435243940465845
5.960753539860505
-28.63375811009547
70.84954461853806
39.65714650261049
-20.580100217965608
-74.47654727822054
63.56943089427679
49.06970773046197
2.4767896421304556
35.67691007559236
-76.21234772042342
-30.98495271907717
34.414027891323855
-39.24657988362631
6.961740509800492
52.74772321139187
4.542403957938646
-64.55333357391504
14.714853749916571
72.78071765563277
67.740989542145
22.36345262069368
61.813696297131855
18.807220954527892
9.906798280281237
-51.389770469119945
-0.647051856037578
59.18910590439978
74.31607615014124
-12.987830405141281
-76.54205717791969
-48.87679037817397
80.24852538589897
50.647863803920075
-27.87970235719395
-41.09685436525559
-23.203439366602495
0.9000146489666747
57.75969751181265
-23.538716344760843
-58.6449481770987
-2.6137743408838077
-5.4657568478367295
71.65431808663504
2.0284493963848576
20.529802909193535
-26.339288029346648
64.14768427361258
-9.734532830856097
-33.87216658821833
45.21838630017507
-80.65233458266017
4.183931726161418
-41.246737280063336
-10.6997764757988
61.937339560819396
27.803538425002344
-32.53630406457535
6.206440729848907
-1.0388116460473924
-3.0107225783967095
-53.58607399531039
23.51767645706093
51.146635196494884
39.84667262270125
-62.9885197983896
-40.51663557289899
70.7361810873843
13.626243232038632
-25.268178683487434
44.08587638452951
5.58211376788249
52.51567661394222
75.81640135389551
-4.641577450924842
-67.3571260666157
33.073072188649206
26.52139760074502
-3.509870140816517
81.29552495199854
-32.032586881001095
0.2203708810003917
-36.47824681899017
61.51064372241265
-34.04011274167736
43.10366931010057
82.09372479983509
-29.776574820517936
74.30783901170375
-35.48300370941522
24.612010353780377
22.270712088391605
-12.096922640590265
-72.1104821623167
-83.03151773863819
34.30785748001924
21.661683276297723
66.01662905359012
-37.61588821226078
-53.93315847392351
-70.30123390484088
76.52416548126797
61.93925234001031
-3.5836104522408334
80.99162717655383
80.75385625602163
1.4117305521843235
-8.017995128210515
2.267675052211146
-28.47021553926085
5.245799729897399
62.31468534679314
52.184942128176885
-58.024059305951155
-79.19128498480134
-19.88951842612593
0.5558702822571888
-51.7535755168387
-7.488739588348892
36.31846488774892
-51.99889278152719
3.285440511553972
-57.801447516394326
-4.955739486785461
35.141745911386494
-34.12159533590946
12.15762183943798
1.9869417879398412
42.291991454248375
-12.958284514037643
-19.936418854982065
-11.844835808712716
-0.4752178942485159
-34.0226605998777
-13.565075499767744
-29.335985470552203
3.500410645843459
-52.76564215359901
15.30149310085001
80.70488597395538
0.3372157042736177
0.7086264546398695
-14.715499013229916
36.46290192165995
9.927575397805839
-50.1682814422263
49.62335964967937
-56.51871246029112
10.148919262090189
-35.698162008229644
29.44441670588577
-69.59259775826946
9.810787321462072
-29.46434125478997
40.50705694054176
42.39855940346922
6.345318845013509
-26.34980100071897
81.70587749132338
37.8431772823956
37.66282947710147
-20.08736135810348
-19.37571671837148
64.20622156906876
-21.369593789140325
49.0710189031964
50.155544427987365
74.9637912617878
-17.358003978158123
-67.18724348022839
20.33275747984524
-60.770045438364356
-62.89786538477887
32.84696527834157
-18.51072087831706
-3.4801238862586956
-10.073236350654454
-34.79848259012995
40.327223065584604
-23.75097104062904
58.339468400953166
-43.18621644466255
36.888059266142534
-18.17556599376161
50.09492035087294
-16.4489631066603
13.255927248515988
3.442866417918353
26.834380064766364
-23.11002459923604
80.07251107694759
23.11206667163181
32.57829481797472
59.44205611424539
-0.36790623090514885
7.2632147732245755
40.50439412182777
-57.683223738719725
4.136561805973386
68.63681058153222
-79.44261883210439
-9.903853632010325
69.42712006700225
-69.01629687897154
-43.78912255457069
-11.406555851717314
-72.33396594380443
-38.247823682237716
37.20621453878641
-52.36301219006293
-23.260385471374377
-7.541292254676364
14.34698628376917
21.92433452000934
-62.76344992847675
-60.406532843747605
-75.66545869798657
20.107426206952752
-31.147538249834327
-61.95937772167867
17.791219280926413
2.838771379488435
-19.16246696329401
-24.360509718170903
-9.2679747776169
-18.746280617277165
-51.681353221277924
-8.707332367980115
24.013622721515276
7.5116274381402235
57.71326080202246
11.790075091978167
-6.780322964401321
-65.73414184417777
-83.37214161145872
-49.997106626434665
-41.29758473422642
-76.68802979526538
-18.0696570517176
49.2477716551133
36.44740275949536
11.201666050469214
-32.8189910789706
3.4443911389552824
-46.27893877910016
67.84952929528495
-51.75531410907412
-12.450860185091742
44.99521715930976
-46.59199781706754
-8.792892931442111
78.69722343423211
12.73652591404472
-0.34832259076817707
-4.200819527473115
-13.049229056605313
52.53004815208348
18.424591089466617
72.3867629383034
5.410146970266965
-26.461351628361967
-20.974294897271122
-52.02765877958015
-21.449835204170995
-3.047460149143248
39.16530399167448
1.9761252454660934
-71.68015510404749
-23.426082675245027
-43.84517340945041
44.72519356870788
-11.448981208849531
-40.36909890062518
10.914241091655995
7.213833150838994
38.37635994795343
-52.34594653646072
-80.59092814037453
-2.975265244593686
-23.520159100388582
-47.162672836997785
-62.333329315205226
46.90918956661375
-61.47500750398146
-4.6184437346973795
28.884420159930272
-24.786164143121525
3.0294308871778526
4.563903637948485
-5.837910181719252
-5.257425058846408
-46.75253307237667
-45.2423469354015
-25.581572899479127
-1.9851011807950414
-46.06136643906955
20.317575287825605
-48.34642506777627
35.84863757558182
84.99345786875304
-5.502109756449528
8.539671039245462
-2.054364421021077
31.81497610792414
-16.34545148509129
-79.77273929019024
59.04283365030332
84.88286717430057
41.92533752696906
26.988881790322623
4.075447985295341
-15.182207750095344
72.37497534257437
-24.62841515129999
-82.35320478607684
-5.954909771693295
-14.390211548761954
-1.0641528108526046
-19.363826098763965
-13.83726488080029
1.0882915415119925
72.54808450451765
-4.773525497060021
33.33260006013836
54.17971433659048
51.700113964669725
-71.37032688717464
-26.90428859164429
-6.870321760376129
-43.465724901504814
33.356993373481856
1.3128963202413928
-57.42960399131609
14.100237206245495
-15.799960501790054
82.96944663428494
-47.755739606540445
-10.529475687307269
-0.9472810247829813
10.577899034829102
-30.30435896260647
-64.27450755276601
-59.81761837492657
16.88683844780077
-22.465781817715225
18.379266505783093
-16.320255883727242
-11.808340541527599
25.644205630039053
37.243768416573545
-7.221615299648818
-9.340807819484766
74.14749464279717
-43.981050414951525
30.43364571373968
-19.330025398185995
-13.387415813291895
17.85746593396688
16.50179126281793
85.39940145919161
-41.738166694708205
-31.05225791553346
-15.993587404110912
7.922250171253623
-12.984606081017503
8.275433436192358
-39.476506337323194
-3.145258829548524
-57.83981149597718
29.994690470268964
10.726662443551575
-1.9753761290800185
26.11833232518927
49.1823906854475
74.66970341314797
-23.83167944197075
38.174677821771695
42.01601860158448
33.335366408801264
87.66980448204731
-23.051395706372418
28.752615263389202
26.476982771516674
73.6652679851386
45.90889266159121
-1.4025640100135917
32.2435884231231
-12.419890879781804
16.92657187742978
35.53089599031131
-32.721106667471005
-62.87590944973474
9.75099721158756
-45.27647989017216
29.82328608434932
19.014786819122634
20.71295885014088
-5.499334722370875
-38.28480039134151
-1.572614521407516
15.334815950516656
50.377444750819535
-18.961707736151652
70.53722033406589
-57.32827549937165
-29.526266213403602
-44.499524286580225
-4.650244367407936
75.71695343731906
-47.59231822411818
15.018545593971979
-47.50432570994031
-20.210566929620214
-5.688111623112704
-66.36932654745699
-58.45655937567483
70.16798853993166
-4.562674089636744
-43.922891501938544
-53.53071633831929
-11.404514337448973
-1.966961850329696
-10.93663852007927
-72.38820186880703
-9.828804436201082
0.3873759853464662
45.11920566686888
-50.650711380313105
-17.25079282278996
-82.81512199378155
-9.237449428073305
-69.83257502856087
57.52825148379017
-44.03320684254138
76.83198036412614
-25.60549585644098
12.26416557728308
-64.40365921819208
-38.89184348377854
56.265613761771334
-30.853535634576218
22.44345879676483
-4.936567763844735
-55.124517022332526
10.461947121192466
76.39551733531903
68.35205755390118
-69.86485085167715
14.854609003408356
-55.70168114315937
38.22396354555127
39.70501569984734
-2.1567801667366524
-4.143698102043743
-43.974768926671125
11.36734749786477
-11.222687750437558
29.39246178625845
-35.232044211891555
-17.312231875495996
-43.041557559625694
-27.203099870614693
-0.1672763945414033
-13.817802305683273
6.2754559334249365
-18.684261613065388
17.93535990735259
-38.424622004922036
3.9256396515899468
-80.11680717337119
-52.87185178408335
-14.116231065740493
68.99650722046772
-70.12691692518374
54.72468820653455
53.535992950733174
60.580718741026146
7.203771286932081
-70.97600676775578
51.04710903036286
-66.99966389428164
-7.46901574704367
-17.078228762017417
-18.998000780176525
53.484316272917596
-7.160608179268706
-37.2214700637338
-53.71362711452299
-7.998753612520829
-24.84278718508861
-8.223151565651023
31.398642157257427
-3.119656468146914
58.12960921006788
-13.804828602927586
-56.94110155351638
53.73336220086995
19.37269818715572
-17.319965441731995
-0.46077680790759246
52.722272929161846
14.392961365672804
60.832454050632606
-0.20016399748955394
18.462613190926632
-24.07403149587121
-27.10351958248056
-24.097948235042082
3.9249257884017084
-21.505833180363865
70.92092516133792
-12.441153983827505
35.240187348895205
-11.701924288967689
-66.56361778117316
60.89423817606962
-56.94195076317966
39.3810746290126
-50.17365264523565
3.47944820262137
-17.643075735267203
-61.73853451515263
15.084668845990535
-11.815624006564192
-47.45593447012413
50.31382361415979
10.308691408073756
57.005435713148614
24.9830224282572
-40.93371597668646
-54.322898366507076
-43.62073784710844
-59.83836798459695
40.08061969818942
25.039858772086532
-22.437179781281415
-28.809764395260984
49.94554184131974
-10.952689488196867
-69.55493352574626
7.061977020925795
-65.29474072013238
-23.607295696743606
15.765039360726021
-39.837699827942444
8.105032079959457
20.350059635671812
-45.96325419472251
-56.56348757853991
10.777080339213754
0.27558339299234547
-14.131083089933227
-2.5539090041376227
-3.598117292305588
28.78226504931375
-29.645581531698696
-21.400490530680486
8.465824460837524
29.170864147331827
26.975398448202796
5.282327036700153
-69.52474347020184
-0.4665670981740675
43.17644079232588
-31.39876221026725
-18.80783710480506
11.261844560699927
-42.08056502291982
84.81679538927125
-5.020601615051021
-19.63854490938415
-34.67203099392118
3.379036298850039
-23.8535758076831
-46.20267653258734
77.60691167750147
-28.737514941821686
-33.33807678637169
-9.5708245389592
71.93863515660931
-4.362817365476033
-38.83148226145634
54.063826432323566
-40.978569000540254
-12.752549824008469
-37.218010791220856
41.64184411595525
-1.5335905176052336
27.639849052372995
-0.7443364969351052
6.913928393885158
65.69525789192929
-32.591648243385166
70.27890831986875
48.1197782786775
10.957422624791704
-29.598453757827258
-16.999463903210497
30.266355059666353
-10.435320308560009
-53.13980546717832
-23.573272289138643
85.15349875642244
-21.910799928506634
33.00999656335674
-56.04040125801005
29.95957774333715
38.639306504565724
39.525685280138134
-14.681067654021916
59.17933452289827
-5.7807778820371425
-7.974929989371233
-36.368969026941286
-7.250559755567139
-31.70305082222687
-17.894867071164825
-10.327301454272401
0.6453410032076334
46.42324005179876
-63.85026058089719
16.44483208173837
36.26622358833043
71.75533269598458
12.186753203429816
-60.91952542146604
64.62563399782275
33.769062058139895
-13.487363532671964
20.618785754116786
3.059070592681749
2.540591447739402
-46.0313009490053
-79.30794398117297
-69.84439305739396
-17.597034821647952
17.821546904122144
-15.483601976360788
-69.48091550329343
-0.9717883955958939
-43.99838448336324
-76.15453705981031
28.933658360126387
0.8982494031488102
-27.78549829325992
36.99160896559013
44.39978559035475
-59.387040156402485
27.71500225483409
-10.843454986438843
-32.44530865193663
-29.38703244712164
-41.55177188095216
-32.68816456528195
29.353537649108446
49.45026038529838
-69.8789065504595
-14.781551651614308
-1.3171886783713944
-2.692428928038069
-15.881341144547577
-48.102058320709496
-59.932745258574776
51.091240634330035
37.417629807405405
-0.3220316396541705
17.215127149350806
23.637452064001067
13.006147617642554
73.54765268664457
21.570621038371172
-15.592806359353304
37.234031745996134
78.66367515468005
-57.129496502436965
9.912490561496924
-60.39917031995733
16.022442145705654
51.58671598491887
-4.885060719278982
-43.746929732362595
-18.50087382008266
52.80524860738453
-5.985282232642831
-21.25840875876807
37.77258725347511
14.460742724415752
-66.91697163557485
-27.17147995751091
-6.9369077992633805
28.614781990078782
29.56608421938806
-5.097696323127664
45.71163710923608
33.689338312040576
-28.917285356377207
-0.0812339023075026
-27.720979808744403
-14.336035106598715
-2.014290159563302
-30.680754875980938
-15.983062581869362
-6.946577880093841
-70.19604891967015
56.01216888067111
0.7709481729599048
26.088063888432274
18.034839635129586
-14.978164002012534
-1.1168085479914822
17.781110422216656
11.672819758647236
-25.299124818430798
31.36230487694604
15.936084962726028
-68.83659627509539
-48.48436982065291
-11.574452912357799
32.960541169159
-25.25944380440737
49.69206447204158
36.89225113313259
59.14306348249815
48.60841452601184
69.87115704248413
-70.79177517818977
26.42962569789094
14.729910799152165
-16.56455872924306
-48.735755470815306
67.76209689295595
-6.019406187103343
16.986576103637702
-51.47540689979555
-9.86509398508656
5.3763207151614125
75.38171566474259
-61.14980501541915
-13.009317404636747
-21.890499533096417
-19.82349256623459
-58.808329277637746
16.196230677846017
-7.335094659226641
-51.10990373195506
-48.23248466635868
62.52783654261344
53.511335407322235
-23.100836010681206
74.46107102002387
-61.08117960534254
48.00224289509424
81.59007176044656
-44.762275606211006
74.20199751608223
42.03150464193021
4.182664028344391
-19.44867869426629
-18.326588169113336
-62.56543338104497
56.34571535876134
-13.123648414397948
-42.62793829263637
12.28186137013779
4.711227813311822
-4.0227846708910135
-22.572569385824053
-36.86049589923537
-24.96131659013041
76.34670888604145
34.61913893959414
19.959087607733565
