28.00032944627985
-35.186345012474824
-56.50954474826943
-56.10664731825704
-40.718565062385984
-29.913026875812122
-43.67460033288643
17.704765375214564
-47.95726103161436
28.3190634256934
15.79481874472755
-29.143792966735404
-6.025881286223111
-14.956956374664998
43.55684165452624
26.55427595867495
26.79992233368101
-29.71711565918686
48.60334103514697
49.28314531053556
-30.800842001407545
74.5715391787426
51.06082826154369
-32.3836123074157
12.525630227505388
1.067157854535509
-40.92982912431788
-29.129186338558284
58.30447297221727
-6.007817300037672
87.01973330991194
-8.321247102390089
-13.49750425755316
79.04986328597573
-29.355118250856194
36.39610773927808
3.167933811996008
-69.26070097737949
-26.150129016913795
51.34959499330145
8.79487680500175
14.96142299299727
-35.079897076465514
-25.006535668277436
30.179520044463885
-83.56195343133162
76.03140996688222
-59.441504290739736
46.11712324055719
-14.661821774042423
-1.5488545726423837
4.410602044585104
64.79680102258996
2.430722171952155
10.45984284153488
15.6387873701768
-20.471862638163486
-73.04354392949159
-1.2864964071972906
-1.1510594422761642
19.523348418445053
-31.58144240194538
36.695420397527585
-0.7005675241860985
-15.643878889627715
-14.50435222929896
-0.022058732860699592
40.01347622981538
-6.975690973110872
-10.17861301085982
33.387227298747604
44.961978729541556
-50.3252177799999
-44.9287520423074
-20.32672296990428
28.968597528990372
74.60969207385622
-36.341219000369776
-55.65108032277865
-38.93260195714413
-14.816948926537677
3.573227561504453
31.66524087965948
-14.675445026484681
77.44658976826767
9.288705337367048
37.83264376158064
64.88965322864112
-54.43082226644462
30.53139895612901
-51.77603698244882
-26.946845411180448
82.80518234412668
38.40556063574999
-34.61501396673377
62.991608096800036
-63.381089751744334
-29.678819838883086
24.87000006505768
-16.427305145820455
-1.5373562412015787
87.18762210199952
-9.263797722063742
-64.42642293678935
23.922396843657964
-7.658618835188435
-63.624078429337175
68.0684788102792
-60.694974700420104
43.63900901852401
-1.1464719960438003
-19.38081963083218
8.501122817943426
-9.562619448349892
-71.9217675038191
31.183539623473308
24.417884238186204
-3.4593876995458146
0.2965388620449829
0.6428455226063079
-27.306572016172083
-49.17484877315846
-4.507728064591305
-30.434793692471345
-28.495669928644375
4.063713264424791
-51.88464735818455
-51.81192851012451
62.17899601149733
-54.25707214923365
10.375419265813846
9.949102846778942
-29.1094896081475
24.639426046619718
-17.04646841119316
-0.683977841357688
-25.712642729068918
-58.198439001326136
57.223906456123956
-48.7764747245874
-48.35633891433914
-19.293488431596913
-36.36068709357773
-46.12114043224289
-8.02481905266977
6.342171305722161
-40.447969476710206
-27.422256083249636
-69.67898315676953
32.51771492012287
-81.72748443420299
-2.497123992460672
-4.820265034677462
68.95830618173528
-3.618426629010145
33.69594927117038
17.79444385039082
-29.903898602995156
-28.39864033455197
-48.18151064253946
-48.997128826229016
21.35858125882669
-34.588148277812216
-59.080110097343024
65.76164569428374
58.46954660243742
6.45729238167938
-62.512400412106366
-39.70496451000524
-27.927130538921702
76.39576582177892
-6.2874848950735895
-0.3955566788502125
19.526895463094505
45.92755773019417
-10.719309146065498
5.281745040182386
78.69597971294718
-6.204928563842259
-12.80870879039513
-17.20856605460004
-58.70662786303274
27.78867184970936
43.9379220694222
88.69944355542617
1.7405906246125227
25.381007681544787
-28.543848168083812
-34.237524643875716
-41.741500091628
-14.161146345477988
-83.88032616491203
35.75589945325902
44.193775781288934
-44.49405290713956
62.47167902221187
-45.903994599572854
-15.11832369240851
0.5006250993953927
70.54592908621191
60.04120277210302
-49.17496817616024
-54.520646552938445
15.542271588859734
-47.83070332832241
19.671434571594233
30.239287877737496
76.0853708946232
-41.580508625393755
-11.41587326958225
1.816296558211448
28.02817781251045
25.121343768567982
81.35475885001307
33.40528364645604
18.371087895024488
41.0807399329791
-29.152613091347717
77.32561175248193
4.635351018225293
13.969258151784473
27.06987684579498
64.22098136142904
31.074518982719212
-3.7929935041828884
-38.03791798566951
-73.25350852577543
-36.444356340484944
5.963713976195734
-28.648350758299543
70.86774258548897
39.70251681197627
-20.528799956644264
-74.49772701194405
63.56050434561007
49.095889556052725
2.5083590277932473
35.71203276137277
-76.26709713654796
-30.942064566518567
34.31096230970692
-39.27724456148088
6.942086751207029
52.75213035978709
4.566523390632582
-64.56615127636374
14.678814156428217
72.72331480272854
67.73534424909408
22.360513037399244
61.82548718722998
18.752557103312
9.89561706515525
-51.334851124578314
-0.6410626576151799
59.12421084335239
74.31592784214178
-12.990161563232348
-76.52897579669262
-48.8075135683381
80.2264385170337
50.58240188536337
-27.879438676752244
-41.125049422747836
-23.128963333516225
0.940450031205458
57.78474723750904
-23.45775233168051
-58.69123416568629
-2.572061623090022
-5.47668276404832
71.57959722848446
2.0941555063378985
20.524500174823416
-26.361253974312277
64.06266699300983
-9.647648602990287
-33.886712170618146
45.22768998742916
-80.67959930636134
4.1947115414508005
-41.16797119171851
-10.644004483574648
61.936996352119394
27.73791736272061
-32.557306148197725
6.200092155240355
-1.0183205000223978
-2.969299819632596
-53.54905838611978
23.53896896583261
51.06827102028305
39.77079593073904
-62.94872333403049
-40.449325910399125
70.75561472328025
13.663335511721428
-25.224738106324594
44.09695308547788
5.570599855919312
52.51510153350719
75.8325395589406
-4.652950552700247
-67.33597859062392
33.03266310586508
26.530489101027783
-3.5147372784570763
81.26003841178766
-32.0549490346733
0.21206659787029025
-36.43387956791607
61.44074034464512
-34.056482897199174
43.0654915542884
82.06989255146527
-29.804667499494343
74.30719820396948
-35.516425683040424
24.54177909271695
22.309731756392438
-12.100004846677692
-72.11568651989548
-83.04731254799849
34.319064363651336
21.596419652765164
65.97239767686011
-37.63838401994171
-53.93732474821455
-70.28177067343188
76.5320916740159
61.95909654283915
-3.5536233667675248
80.97097678043366
80.72370690712498
1.4606979297902996
-7.979371087490435
2.31447589017786
-28.484087435735347
5.309715613569395
62.334807522929765
52.17046751808431
-58.06424514936307
-79.20600524629049
-19.88648314021347
0.5906354223140085
-51.79022585063585
-7.447421660721972
36.24844454908637
-52.045898078157
3.311510338994907
-57.85263009674522
-4.955822013209314
35.095411836734854
-34.13375255798284
12.127295311197685
2.0234859321611793
42.17589471703195
-12.891085637789402
-19.839613901336577
-11.79853998688759
-0.4518307791099403
-34.038108566969974
-13.473412058155617
-29.29791529933388
3.5037218707613675
-52.72111214609632
15.351992597601466
80.68681956495911
0.37042018854167225
0.723118447602701
-14.713014141175194
36.50444452034125
9.98594556223587
-50.205820098000665
49.64944191928143
-56.549402249545466
10.126558471724465
-35.69625721729454
29.35731091918008
-69.61134957770675
9.80006049752491
-29.449576900728346
40.51576625535273
42.35292109747664
6.32968496119247
-26.32125356718734
81.66253205677532
37.89301658759811
37.6271427210435
-20.10052581821455
-19.392726963067233
64.22177841052053
-21.289777447538484
49.01985861078535
50.06517940156664
74.9753561412648
-17.31468814477718
-67.24350034869552
20.276724649275465
-60.727897239436764
-62.907110940583436
32.764762434930816
-18.529650524033457
-3.4484173928941573
-10.06607714007481
-34.828232631595284
40.365717160614025
-23.76030245905787
58.36201242559238
-43.21607513740784
36.84706610957738
-18.1907123510576
50.035722624501545
-16.436482915031647
13.257608112353978
3.431097729011938
26.7560636697999
-23.088163676158416
80.02024581212271
23.08745616818163
32.55798710218417
59.42567891993136
-0.3345802748915645
7.252393101627845
40.50225455942527
-57.71462802988561
4.147980614354253
68.55569195966382
-79.4572408810587
-9.885826912955352
69.43647861892563
-68.99495056213509
-43.720114468097925
-11.316960833142446
-72.3913551110202
-38.185923169475345
37.23612308507575
-52.38560842614206
-23.276787660994785
-7.526547787098636
14.382289255826137
21.898616274570657
-62.81687480835466
-60.4548014481941
-75.70168392890426
20.0444474976796
-31.167836504716092
-61.98613128893171
17.77554315605832
2.878346663689072
-19.106362594637886
-24.383326782804687
-9.226581516787078
-18.692333068030592
-51.71718955649906
-8.720260281614202
24.069766664719452
7.505499880551156
57.60489116550988
11.838026969867641
-6.771247041502733
-65.7790912283841
-83.41302093553344
-49.98699720611125
-41.32274693740306
-76.73602321653992
-18.088161559176854
49.27033712691292
36.472704823143886
11.193530327036285
-32.8099619439802
3.4641890598890654
-46.32154584822836
67.78258239219471
-51.800356785539186
-12.46528607275377
44.91645981152001
-46.53890725212259
-8.784900483932546
78.66421865093312
12.702318298800236
-0.3162872452546992
-4.177644031616879
-13.062667254454013
52.53335970272107
18.430811439592446
72.33964777876415
5.418961457530955
-26.365330012400022
-20.900398757908775
-52.01057149977834
-21.41767586891862
-3.0561986685301576
39.202184514652885
2.0124656449277865
-71.67925634407213
-23.32059434208854
-43.864736340175256
44.63798034328855
-11.417773367236137
-40.32638871979208
10.899059304901286
7.261321551170155
38.397212341184655
-52.275478037323246
-80.60176765674413
-2.9822509130171397
-23.49775685012527
-47.174698121553455
-62.314768888737326
46.80837130612454
-61.52617191866826
-4.570300054127799
28.798122127803623
-24.80600060559958
3.0145254449577266
4.548527338193111
-5.844791590817749
-5.269854521062271
-46.77619482614185
-45.2775428513479
-25.55780731759191
-1.957000933531262
-45.97105006303308
20.335465669280254
-48.37784510248698
35.7546343184259
84.96650940561952
-5.440427670215868
8.517915677812468
-2.0394259501961756
31.82014319041494
-16.2721834113013
-79.7699937107658
59.07055638701837
84.88164561913743
41.9712741908794
26.925622458199598
4.061969599148597
-15.149763243503173
72.38824906103463
-24.550542945565553
-82.38527043119423
-5.953078239590127
-14.324130555567749
-1.0032610837219949
-19.358958360677008
-13.82534716335475
1.079152967030467
72.50660089818581
-4.723067771429683
33.25517757616515
54.12840644302278
51.7286154998624
-71.39463168023843
-26.877925850363695
-6.8443919179112385
-43.50608474603449
33.26317231827608
1.30138373259922
-57.439571894760256
14.066110987907706
-15.776830181779331
82.94313511279663
-47.691294461007026
-10.495018759866085
-0.9351175203747601
10.583012517241144
-30.208239790199883
-64.31901443670745
-59.835043906745575
16.882712745094224
-22.363455374232373
18.442569442800917
-16.336414461083407
-11.822434820144466
25.6816136747009
37.20973112315545
-7.159894057497823
-9.296663496084435
74.12968257351162
-44.017256306882125
30.489211759921062
-19.33701261515577
-13.37851165759831
17.872200931983784
16.51443352675102
85.38676423472018
-41.75910168179355
-31.08119783198879
-15.919784891956269
7.917711163956454
-12.998918219738272
8.26875338317403
-39.40150464039918
-3.112167054149822
-57.82203426280748
30.001124274260164
10.758752815375246
-1.9294109457230633
26.123360103308485
49.20842189567682
74.60366890257143
-23.822813555793687
38.093369454452414
41.949588443565716
33.34143789005179
87.6529151484742
-23.04922737177
28.767587344208366
26.521703375828295
73.67901509973962
45.89260845354565
-1.4080621832833344
32.29051205890411
-12.417788670826184
16.876498498831424
35.45553663417712
-32.74458408677411
-62.90028055174509
9.731035801682708
-45.31441313252849
29.727364145359203
18.98564534528056
20.696472082415283
-5.423223145596381
-38.24238903279781
-1.53707791551831
15.303454114384621
50.355117669963676
-18.980766536328957
70.54240793028009
-57.370987327121554
-29.554082603614233
-44.509122847277666
-4.630728165892251
75.66332991312586
-47.53450531290285
15.062003216654475
-47.49127410493688
-20.116448364655596
-5.612158128345328
-66.42505493081646
-58.50353796492376
70.09238212103739
-4.509093200391234
-43.8335521889089
-53.563863972421444
-11.39709849529649
-1.9796148658370214
-10.90780099127852
-72.37007767852252
-9.760135933634984
0.4141972237207199
45.12205483625007
-50.69061327107703
-17.263228736555718
-82.86065441709347
-9.242587669231924
-69.8901881923599
57.427863451074444
-44.01885899170871
76.77727948396856
-25.611944703051307
12.231522852298752
-64.38381306338307
-38.85081356837893
56.23831545593316
-30.86923681588219
22.40308369152288
-4.890597354100834
-55.167570638844076
10.437218373185289
76.37520313361117
68.31910537241964
-69.85768870453299
14.909122312578418
-55.74961382460298
38.16507286533286
39.667381666933295
-2.1197082802990366
-4.097225505415366
-44.01554023166266
11.359375983637534
-11.228566562650926
29.33397618815897
-35.224607695672496
-17.31870086757789
-43.07846654569542
-27.22832247069178
-0.1794656304110731
-13.76776101600528
6.291203412614706
-18.580221690831436
17.926101301498193
-38.33932891819811
3.916440779922297
-80.1327147997587
-52.909492921091896
-14.030318046609565
68.99929294715528
-70.18170913043276
54.70998552361149
53.5518254383575
60.56003381927829
7.183718779414136
-71.00434751004164
51.02859839095072
-67.05537791835536
-7.432583804537487
-17.089818209493174
-18.914821294179404
53.45296804754716
-7.135157283397206
-37.25605732796132
-53.73971686929962
-8.0121193666983
-24.779153840225035
-8.222324050719692
31.43632804143016
-3.0635259705889837
58.02493218745229
-13.715243668020022
-56.97718585082485
53.66661797034166
19.311968901407724
-17.333602028067745
-0.45085853297223366
52.63507387190731
14.43472994318195
60.83605009394813
-0.16395247842778815
18.405965913719584
-24.05674019479605
-27.121974935089526
-23.999611105631047
3.912642414669776
-21.399695484281338
70.93061783136042
-12.454538454546778
35.13258041840737
-11.650125341718322
-66.56178525379185
60.920340429028414
-56.98976963611642
39.30172469105355
-50.10630795319382
3.4790469871351206
-17.60565234437975
-61.791042574029454
15.078360150424658
-11.744554659315568
-47.49812128123601
50.34629353328637
10.330222922485348
57.023698963049014
24.975724726578335
-40.95297216564646
-54.34125551164546
-43.562439617209954
-59.86405519751614
39.971188326887074
24.99362427977009
-22.35084872194605
-28.78013355235626
49.856383790658015
-10.958072102088494
-69.53866075458055
7.057700736389236
-65.34887179554605
-23.534320426750924
15.731328279553665
-39.78632400150573
8.083022564614708
20.36381642709034
-45.99638819695734
-56.563768474294086
10.804213183134976
0.2772749043402172
-14.12563425028354
-2.560873609005867
-3.54465552854154
28.810804259455054
-29.657844946846225
-21.3659022313917
8.463482290620533
29.08644369636619
26.975636954349895
5.345253721488888
-69.58099066039074
-0.44198772455762025
43.19184539479804
-31.392072701852584
-18.752365029387263
11.242904909565638
-42.02158016689001
84.7978970644939
-5.0007548934410835
-19.576877148603188
-34.56919344285366
3.372028659655527
-23.753445976068022
-46.22789275804265
77.54636947725533
-28.681536869958293
-33.31349996472812
-9.549516713011315
71.9293964275299
-4.293206225452991
-38.839112049993666
54.0052372106957
-40.95884319495723
-12.757876810721868
-37.19408868441399
41.639651696083604
-1.5464506662910082
27.6779898965909
-0.6859486539402724
6.894485468625604
65.72031385829771
-32.59406331349747
70.24577214862865
48.15380090536763
10.92910210612007
-29.521058540688614
-16.992354909241755
30.29870773057101
-10.392434350687111
-53.17090511379361
-23.553367391320677
85.15703382721236
-21.817951539477477
33.0077533206929
-56.08481215604334
29.930755165864113
38.52739961240215
39.50829536698072
-14.687109988233402
59.15588156562717
-5.765481861411885
-7.892037891437369
-36.35197362676366
-7.249155106318796
-31.60893398940503
-17.82749987733176
-10.314672334503996
0.6536898896330285
46.434754501144
-63.87612326020003
16.451308579999477
36.26609438072734
71.76728496204385
12.160676956613614
-60.96723276397303
64.58099260827171
33.671525319502024
-13.457693901532693
20.60417618317321
3.064864801506502
2.5426735250757986
-46.05674789221862
-79.3576896860648
-69.90156534726898
-17.558757710888628
17.767652580078817
-15.49972610013657
-69.50464020757397
-0.9351228107768179
-44.0388557605449
-76.21348852902562
28.875637826010646
0.9404663810287701
-27.801094518492718
36.95941709812894
44.31391935698562
-59.40266152297211
27.684969240958353
-10.832698947480267
-32.36141698790003
-29.393345511053113
-41.525937068156004
-32.61477947463068
29.40686914112625
49.48452551001557
-69.93399997548863
-14.739079842581702
-1.2834718141598813
-2.631313381634584
-15.799502921887466
-48.017577656485656
-59.93477270898705
51.021980060798285
37.45595696574108
-0.26647033879639537
17.164551209742285
23.564028646237688
13.017249458141166
73.5042700973421
21.51365193324105
-15.563066588455882
37.16191016256957
78.67764859950907
-57.080555791740224
9.969654706928523
-60.44127593438853
15.975331046214833
51.58127313729261
-4.8960592386932404
-43.694571394479425
-18.470169676516804
52.81043931075229
-5.9895351778419865
-21.262364724516118
37.76306085631202
14.452390657617713
-66.93802642949834
-27.06959065450856
-6.858339154212274
28.548305412306775
29.487032022186682
-5.093491199599967
45.74230269379592
33.72908271120096
-28.94400822550969
-0.04512379005561229
-27.73450259756345
-14.352023479445748
-1.9596725416518552
-30.62513486712045
-15.979725133346378
-6.930359838466131
-70.24675659237494
56.036821902484064
0.7672596490938162
26.028280202313965
18.01413267140579
-14.96314125786867
-1.1249838450611378
17.78769632139526
11.642034380754467
-25.276117818163485
31.40675026895198
15.970347699351748
-68.86076633589417
-48.40684715048113
-11.583470944645782
33.00962404191915
-25.21012720725689
49.69869813565387
36.83593326619072
59.15920076980615
48.62085183225392
69.8617056455561
-70.76234252401036
26.46587202856091
14.688738055474346
-16.53731603208439
-48.67967457890767
67.69934237617318
-6.009193861881144
17.025796598851585
-51.51722542523058
-9.845881343718375
5.381129572120571
75.38923962806368
-61.1386944833127
-13.00644272543451
-21.882075438041156
-19.78098640903825
-58.85628365280826
16.1483463791987
-7.3437339774805395
-51.05113694673735
-48.19445955205361
62.48964335554243
53.54532433329433
-23.030368553095727
74.47824213862327
-61.08359830983553
47.952204834970274
81.58026177440564
-44.777754887984955
74.21879368823812
42.053965704810565
4.234648421470325
-19.463547433554766
-18.31460527767662
-62.58455288559113
56.36599483747841
-13.078896119592628
-42.645668859875464
12.26936426771023
4.694839294950739
-4.012878179022124
-22.520771346857984
-36.8572662068676
-24.976128826872355
76.34364291474594
34.56775841385266
19.950025304002295
