28.25691056327922
-35.23838526176059
-56.38949538062295
-55.98845391537657
-40.64995660219826
-30.01507845963765
-43.68334375403764
17.884462731488497
-47.864909153972185
28.50072361153606
15.881378642510697
-29.39232002292792
-6.072980121139139
-15.135254144182156
43.394252515218454
26.821661413222742
26.98455890695928
-29.685951584759493
48.622876446433
49.22980667274621
-30.763791099501887
74.59304492957128
51.01788688886842
-32.39660693940202
12.645719159329374
1.0568879409314036
-40.90201404367778
-29.30042152314593
58.47279839389799
-6.020022066452825
86.93345598066045
-8.481785752646559
-13.702400439818092
79.00068286140834
-29.39667575566456
36.48654424305633
3.221194240620875
-69.3513063291136
-26.227181084385037
51.52558110979018
8.891886560920454
15.110032739291597
-35.04691579634653
-25.22091036585745
30.176068305438932
-83.47981057191714
75.90343986952678
-59.40835485840598
46.11233854454247
-14.679115704340816
-1.5734295286799949
4.35799861468773
64.86043268868744
2.48726636458062
10.33973119181502
15.514179405973564
-20.437451602145998
-73.06007534989817
-1.2468053548148958
-1.1847034734359454
19.691071421720935
-31.551390145969222
36.90598640755272
-0.7483540824622992
-15.686869082446776
-14.538007363452436
-0.002002740205369946
39.939039296139526
-7.133635167528439
-10.260556134009207
33.54663118144876
44.904318457433675
-50.22531421197935
-44.985195081793336
-20.43954916061155
28.845134110337213
74.55779967084547
-36.44507287338278
-55.53367924656832
-39.06874192949496
-14.799419616989368
3.53474724747862
31.790989435728534
-14.757385819253102
77.45248605230762
9.178771012580228
37.905465309777895
64.76444039088722
-54.318706223178935
30.372021140451665
-51.67961842452988
-27.14553448259599
82.759030579209
38.5519344666823
-34.64551479581445
63.18678448136512
-63.2421155318501
-29.632647644651172
24.880578590312297
-16.40285386906764
-1.4922703822605996
87.09858947961061
-9.253583337314964
-64.33168642435939
23.97072611791883
-7.692074976001194
-63.74665529564537
68.08069063773522
-60.77002596424561
43.64520776215733
-1.1631894823812559
-19.400987294294396
8.601736854162056
-9.540564653615519
-71.8757074360127
31.459799839538135
24.471639310586355
-3.4907530124894635
0.27600565346422457
0.6619670382462886
-27.53637773700264
-49.13644224581501
-4.495068828302678
-30.39662019780438
-28.46901600672703
4.078662624381948
-52.077395856709664
-51.79068424131561
62.05197236013424
-54.16432720066303
10.488218259659277
10.04600255427691
-29.068375964487288
24.61275212622256
-17.023256968545397
-0.6410577549219454
-25.709743870685855
-58.20699130944132
57.437079572353895
-48.69760477455618
-48.26587037268731
-19.442073727901203
-36.48436661414149
-46.18121463974685
-8.118258533662498
6.427328309703185
-40.6120395239748
-27.432694722221342
-69.63076278281304
32.771528766401104
-81.71214975704827
-2.5862597571999686
-4.80193088117467
69.11832103538097
-3.6139893132373118
33.94982748504151
17.895601515756297
-29.896149751993264
-28.35661395532169
-48.09508051457717
-48.89972733509639
21.257240712358197
-34.82259673590665
-58.96031031842815
65.91372132089342
58.44219714044746
6.496344165250349
-62.3754822149367
-39.82643612140944
-28.135578186914927
76.31010107459787
-6.365377733761974
-0.34304012625167957
19.67895407393756
46.21837390739557
-10.750305300303083
5.280203281234137
78.66528858051356
-6.259561384486474
-12.831588964434417
-17.301530391257955
-58.717057669473746
28.035052172187505
43.821407524652244
88.65704986838202
1.716648391622826
25.555144919984016
-28.611658485265906
-34.23918655669113
-41.66809491971811
-14.217399522731498
-83.8374821595852
35.7423779681763
44.3435370322062
-44.7408839641463
62.48856839668716
-45.819223424825594
-15.150261078490416
0.5558276229113233
70.44748111755752
60.18928148255932
-49.08027587560431
-54.48353072485156
15.543208638011706
-47.80632930677298
19.653796003720473
30.411916800013273
76.00782746309977
-41.7776128951603
-11.426456918032315
1.7345620669037487
28.13800326924199
25.068513279160186
81.32816131989011
33.590134503585716
18.48610770106113
41.24626937776199
-29.429575428746276
77.27888357584908
4.521708329081989
13.878812117659606
27.31972291720632
64.0937509386595
30.971442108506807
-3.7503428185826664
-38.20333185376836
-73.18958660490335
-36.39349769778331
6.006802820830785
-28.61013417299995
70.74411830449202
39.54387681561161
-20.661888225273856
-74.46184904031844
63.55630684234279
49.00377055985851
2.479175513988551
35.60684786294999
-76.13003287535834
-31.0757512232571
34.61156963709618
-39.240450251120144
7.027989515019101
52.736430532413465
4.518144521404352
-64.56961143792465
14.81916609669183
72.81491435795837
67.70904941193004
22.40460501631435
61.75943417564997
18.94486036705908
9.955498048208739
-51.50983209207221
-0.62417476613345
59.277491288384226
74.25286505765851
-12.988077063676215
-76.57257563067584
-49.015062739062444
80.20679282179157
50.761084999379676
-27.856008010273897
-41.09705026393917
-23.318507150947312
0.8649240047366646
57.67081823177756
-23.662189381756065
-58.60665690042011
-2.6378426889186954
-5.439826491991752
71.71541328703952
1.990076107690129
20.57537919884355
-26.319884464508135
64.24737565511202
-9.832094156095906
-33.83835378253216
45.21217666380386
-80.61289947752107
4.215808983611581
-41.39343717167626
-10.762750710243452
61.911755459360734
27.954751668406388
-32.50689377769156
6.2634565513971125
-1.0333960591687088
-3.035559256065099
-53.68235701639835
23.50115298474354
51.27653069870291
39.99831478274061
-63.08060143047333
-40.64869968393874
70.62511379348211
13.577446849533771
-25.350026136143896
44.077412964584084
5.6421300796540095
52.51589396283137
75.70221297973444
-4.617583399242207
-67.41779077751677
33.18024955304668
26.53558482345798
-3.4952641357354537
81.2708146927578
-32.035252964463695
0.25998977452458405
-36.57794133663446
61.59875553414693
-34.05496173677189
43.19254930183803
82.04896527536602
-29.7573341580633
74.24569743689935
-35.46097572416079
24.77203203356757
22.209183046394784
-12.090718306554805
-72.12506234358814
-83.00326993638926
34.31273257181127
21.815438964046123
66.05421492408394
-37.576208090901055
-53.97248929858491
-70.35428122479102
76.43519166016199
61.8585516905448
-3.5965556851726603
80.94527359594596
80.72299047910852
1.3734216048035677
-8.053471287150188
2.227861268805384
-28.446806159131754
5.19762967976402
62.231607788223755
52.213292840318246
-57.93931794021846
-79.17517847769744
-19.880524980887927
0.5490307252020443
-51.73967296099292
-7.525938044951602
36.4673557484829
-51.94690755491854
3.2967056888386423
-57.738808243090794
-4.938740183130065
35.25620928424718
-34.08657495694114
12.257579306542837
1.981948107195052
42.492783571804154
-13.040705902319559
-20.07079364863138
-11.848126461037154
-0.4715296100053621
-34.03894196724285
-13.67810744445201
-29.41827008149349
3.5386940433953384
-52.87202159602516
15.233923999155323
80.65522439202033
0.3316291592352343
0.726037141833757
-14.712010063701413
36.36907061296702
9.867533577779028
-50.10487144530045
49.55628205653329
-56.51419350393434
10.222724415898156
-35.74144200442574
29.62571531838435
-69.59156318466559
9.85837816118719
-29.517276649513718
40.51043478249929
42.50064477203392
6.411346923261391
-26.415253244675938
81.69103861936088
37.72537029450035
37.75664720342266
-20.087505166373802
-19.36881714389287
64.13341637536828
-21.48708031263301
49.16726017734277
50.304202765798834
74.86923958545921
-17.422928688913544
-67.09991642262213
20.47202096909244
-60.86780585655663
-62.92176829907579
33.01783419193143
-18.49650425572179
-3.504195516266833
-10.077602085919878
-34.7690472722871
40.23349440595956
-23.762709654816177
58.25991368121586
-43.18438278214064
36.9916705315396
-18.169495435563732
50.20053412815548
-16.447031158852425
13.280770985145338
3.495614656989204
27.005119847452605
-23.09195015140918
80.07532989106898
23.196557087237338
32.65100670922229
59.45456472415552
-0.37563316439762673
7.32820829753372
40.53210810970015
-57.67660473170832
4.1321916627723
68.71645880125243
-79.42600410438345
-9.920335454751026
69.35627593580006
-69.07433092887464
-43.925488157292726
-11.51166174243977
-72.24836967128712
-38.371176098964305
37.15241597984402
-52.37446990370201
-23.260891059645033
-7.547713075815679
14.300507201592794
22.010788912335897
-62.69946434989185
-60.36199904333368
-75.62316781751966
20.258480428888788
-31.120499146598448
-61.956733673037384
17.856787617307887
2.800818736572822
-19.246824930446223
-24.350773432603546
-9.280804873921255
-18.82711432964871
-51.669130161062135
-8.686811772645285
23.921970429731317
7.572454266854166
57.86332557467816
11.731229759435237
-6.785156888534445
-65.69272557931836
-83.30225983690683
-50.05807132309457
-41.250130958559616
-76.62092871044696
-18.055334296579204
49.194896866766584
36.41040132184415
11.245433656893368
-32.868850095492164
3.4635813248622185
-46.24330293859828
67.91312310417965
-51.696868723305926
-12.434977402403717
45.14063402597867
-46.70953457113113
-8.794941616816317
78.67722092435767
12.839543647781781
-0.37694804824093353
-4.218966397823564
-13.036272423627793
52.52176395983122
18.44354201970168
72.40790416403365
5.447863184795466
-26.60848410255467
-21.083889064125103
-52.09781014009439
-21.510376966866616
-3.0170036258648167
39.08086080991751
1.94148757667881
-71.70447539693285
-23.578300022393762
-43.78806939051763
44.88279598934736
-11.484912159019458
-40.47027429989391
10.97280834488916
7.163827273658896
38.35046747981818
-52.4854339400854
-80.57688333973698
-2.956364164748493
-23.50061992401325
-47.19164701882877
-62.39771876822082
47.07980222580812
-61.39340282950598
-4.655790441254894
29.065070760948473
-24.783318126071137
3.081182891438587
4.622593616001453
-5.823319660138068
-5.230388881335799
-46.68943223011918
-45.19104561309851
-25.63969630713946
-1.9912699435560484
-46.22491933478677
20.309473049353016
-48.283574465506334
36.03191624572702
84.94443322507186
-5.558123623552632
8.61163967803995
-2.045554762900508
31.836239626812528
-16.443540150673897
-79.7804919832322
58.933862692754474
84.79028201338627
41.80392881598104
27.13700620954691
4.131522905639429
-15.228980524460923
72.28326832928164
-24.75043429423812
-82.30133584138413
-5.951863635879988
-14.474942974927927
-1.1072072890553528
-19.386407339609846
-13.856383846450868
1.1184754188515456
72.56057060042448
-4.814068037151756
33.496089879738975
54.263040080250704
51.61591987472528
-71.35710860336934
-26.96796307604835
-6.886853634589286
-43.43283885507881
33.543420360631245
1.3581655625921059
-57.45803935709348
14.200728817566869
-15.837091737786722
82.9257697193056
-47.88783104044362
-10.566817566393041
-0.9321101275151307
10.592342734393071
-30.458470729410337
-64.23583685657218
-59.83242208025212
16.927706554345605
-22.612243377720446
18.296263419434396
-16.30589780912115
-11.792319180392141
25.582433217267493
37.335412061413166
-7.282340206079894
-9.386385997357422
74.11790690105215
-43.966003720555165
30.326763132698176
-19.33730318765174
-13.40189464787386
17.856124709531272
16.50461965156788
85.32637400458725
-41.68752552362275
-31.038531992203815
-16.091451106284097
7.982557361822273
-12.969333986587102
8.339175945255661
-39.617114603417555
-3.16060238954735
-57.90768913877759
30.014075669501295
10.68801225759995
-2.0027605204362686
26.142102722058397
49.11674777966175
74.70914047504405
-23.867810625208094
38.33681741082364
42.15012213087002
33.353403995498525
87.59704373565111
-23.07747253621075
28.751612256378834
26.396705647656475
73.56775712790824
45.954696395881484
-1.3837981681310794
32.14635305770341
-12.42407364185135
17.057696107437565
35.688604622663064
-32.69214708104984
-62.87613339037505
9.833202223002502
-45.22796745914581
30.016524894367365
19.106956627534302
20.781485565899843
-5.572796576827216
-38.38383814233938
-1.5863863843314903
15.429912017747668
50.42419002714277
-18.947334906206777
70.47352247991816
-57.29938850019046
-29.512585909021183
-44.53171170340274
-4.654097064100199
75.73615209290327
-47.716043927984465
14.958965854727538
-47.56941965316009
-20.342390146095568
-5.7618806945123
-66.29366956318484
-58.41645449391506
70.23529061692057
-4.606377571740637
-44.084258467988896
-53.52324525036695
-11.40616921389875
-1.932161417141387
-10.946847557832626
-72.43518333737752
-9.904810943502412
0.38951761712685595
45.128198876513494
-50.62961831085024
-17.246930630036744
-82.73805352516685
-9.228358330942655
-69.74278362626798
57.66882072938253
-44.099272193540465
76.84892360386493
-25.58666192551246
12.364867122735788
-64.4670943158691
-38.98967631496507
56.305724845693504
-30.865868378005956
22.556072680671235
-4.972207134036637
-55.051588366970975
10.55078869161045
76.36303334381225
68.36520585090875
-69.90164960202493
14.784951169259443
-55.6583671382541
38.35354781031512
39.79896665006777
-2.1740305466623653
-4.177729003555697
-43.94169135467494
11.410964359228103
-11.213886566087695
29.531645788956666
-35.18491811861529
-17.302600341066594
-43.02382798566123
-27.19267382909503
-0.13233270009509113
-13.882072321638631
6.264800519295434
-18.824305440660197
17.98786501842649
-38.57671869130109
3.9780023921457968
-80.09647216740542
-52.85568599346471
-14.223808187794035
68.94308700417628
-70.05413689580416
54.74702543153745
53.49355558459695
60.597503075010025
7.274831857357071
-70.9569280025727
51.085532162435186
-66.90980990450268
-7.500407185773142
-17.066136026958844
-19.114124036694164
53.53851996266525
-7.1765224844753135
-37.20112410264562
-53.71868269607024
-7.977206694377614
-24.948225732139917
-8.215700462671762
31.32767690029806
-3.1624711985887046
58.27374246515504
-13.915989239516009
-56.85624117669779
53.84016721450624
19.52061393585967
-17.306850386647383
-0.4416651174763331
52.8597946649289
14.336474283293072
60.801388398457476
-0.2108645628441792
18.604233442785542
-24.055194971818253
-27.106485868048267
-24.243130196979664
3.9672886698971865
-21.65470525649684
70.84453016801712
-12.426186142906559
35.442583344695294
-11.702216672731623
-66.59856264622171
60.78687690612364
-56.87000058429302
39.53842962882263
-50.30953516551928
3.5216822449771854
-17.701620887023736
-61.6596934352031
15.128699779508679
-11.899696257586697
-47.42627502971647
50.214371269583296
10.288873322226365
56.9458608199883
25.03368917614894
-40.88441993602201
-54.34037630225922
-43.743677287872295
-59.83976196320318
40.277261487152884
25.1618315336532
-22.56469394973469
-28.88067089657251
50.093145123636646
-10.944243046621551
-69.60502027819635
7.119410179107888
-65.22797223110886
-23.721413077115145
15.864806159633844
-39.949395960556885
8.180120558182296
20.352152335543394
-45.956033583991015
-56.60690827280751
10.746802237666316
0.28420571604871725
-14.143175001596376
-2.5343711700505622
-3.6390216995968956
28.743142989721918
-29.619943197331025
-21.37979364618178
8.493534783882069
29.348599728628912
27.009806603671194
5.23399006955357
-69.44668143323695
-0.4642463847523288
43.15832490693083
-31.36402579847517
-18.890629514108127
11.328874620584628
-42.203450662867894
84.75583825968624
-5.025880107913807
-19.730612714157814
-34.84069611367824
3.4276100845107322
-24.00036890649251
-46.14205118031889
77.62911455629362
-28.84082444938096
-33.40896271293366
-9.581662019324071
71.90072721097326
-4.4253557477466074
-38.86376993431707
54.15811486345157
-41.05031894764388
-12.74460193483111
-37.292303479254144
41.667873928136146
-1.4982740533460515
27.573441438376534
-0.7834592960125235
6.979380255567776
65.57153179547319
-32.625571438458266
70.28621337340309
48.020572704230545
11.046576875141866
-29.729061403750748
-16.995443983419293
30.213963585600737
-10.444468257992824
-53.06269654029555
-23.62289975924213
85.04984091519705
-22.044885015465425
33.04673873973928
-56.00786363432637
30.04959563688375
38.841811300847326
39.58482107945417
-14.680463450341406
59.204862061049425
-5.782995047686768
-8.063111617217857
-36.43333602275376
-7.241248357167137
-31.857030162160072
-17.989673602304833
-10.33861950281377
0.6435324508688467
46.40912346301212
-63.84677628789125
16.461837443355364
36.29528466306667
71.66979004627686
12.269865637415691
-60.87625709180826
64.66821216674035
33.960027088863455
-13.526673198216145
20.683556167613034
3.0932757247011153
2.5772888913733425
-45.97129184923237
-79.23109662735814
-69.76083484916401
-17.586626572171113
17.958844976764084
-15.468946642548147
-69.47217275834343
-0.9852069120311171
-43.9602246824881
-76.05682788095821
29.072459433359157
0.8833600243249009
-27.763299453945166
37.08047853353139
44.55627454707371
-59.40508845820455
27.80837109086127
-10.847594296749776
-32.588204308396456
-29.36114176387011
-41.631961109515984
-32.81877118438803
29.252343583378817
49.34491962675378
-69.80533586419284
-14.839258807728214
-1.3280743049471369
-2.7401361822925026
-15.988453262779643
-48.2590369775134
-59.970719246784945
51.20868027593684
37.33213263056709
-0.3565497589557509
17.346740005753446
23.802853742991033
13.009900425871507
73.55962704000206
21.711042397833012
-15.63734470326635
37.38461242908505
78.5488409293097
-57.23933441480353
9.852819428895785
-60.30889754521932
16.15047418640063
51.599208153757445
-4.857710218084591
-43.8624631421891
-18.553297947311776
52.79201790262945
-5.9745395783668584
-21.24613460277341
37.81918509403022
14.508542433123424
-66.91685632689564
-27.3268867724955
-7.017143050595834
28.766722479844688
29.735784723554715
-5.0856661859282895
45.63600748367887
33.60754575862586
-28.89738059880773
-0.09147826946436055
-27.6987715225915
-14.32078928020465
-2.052248784481719
-30.78676869061448
-15.996713002994369
-6.953063880207679
-70.1349273799647
55.931320331556066
0.8081272418005199
26.231309049623505
18.110526279046297
-14.979087872562658
-1.0813255767474743
17.798814096558758
11.769647183000586
-25.27374087894573
31.2726471330015
15.890333935273588
-68.82827138202269
-48.63283848492964
-11.562893949013855
32.85724737230271
-25.348422731078642
49.68284583592248
37.019934924026046
59.083992960935575
48.587257777681
69.84000689889675
-70.85734202138872
26.370026005988066
14.848458520724819
-16.60840275249342
-48.857430968073665
67.82029110345366
-6.016546717797141
16.930781171136204
-51.44965950607756
-9.882851839469936
5.385310664540398
75.29731087551633
-61.205250138045336
-13.0157746359709
-21.92249679845399
-19.89306481539586
-58.76530260226536
16.324868982280478
-7.3154842455729465
-51.23489698516554
-48.33095292831521
62.56718588671393
53.39087414339119
-23.210917480380544
74.3470156030487
-61.11736453835075
48.099318353537086
81.52356062859414
-44.70018391503976
74.09065175934614
41.99471880781732
4.137577864489799
-19.445230808956623
-18.321421274451623
-62.57451814761716
56.28119650639252
-13.123737408459931
-42.57329626519751
12.336208807017442
4.770348040669958
-4.014004014179875
-22.659205312172034
-36.81102894455764
-24.942960650714724
76.28334347876068
34.74219781442784
20.012302289329483
