27.941742074205138
-35.19141670705721
-56.53566148567987
-56.12832600485192
-40.729979016684446
-29.89450038539769
-43.69826877468535
17.674587468784395
-47.99427448020374
28.287262530604636
15.790804244078146
-29.06386769459465
-5.994819844084901
-14.885828265261438
43.57913697465756
26.49189055703556
26.767596716794472
-29.744611879786376
48.60151109122688
49.29332305069778
-30.830096356029117
74.52860874333825
51.06798312396464
-32.400347005456624
12.512304201813706
1.0950756910659152
-40.962940897030634
-29.08167822822699
58.24198509086628
-5.991649235287241
86.98654034568054
-8.246577118909698
-13.412722581311456
79.01990681082395
-29.359311341122293
36.38771911968084
3.1645753844701545
-69.24663827185012
-26.137373738639027
51.29658934083221
8.786264933214184
14.940690301548571
-35.111309394889226
-24.935607277627682
30.19468867927418
-83.58655620141728
76.01867374789563
-59.47603114828251
46.122847762640816
-14.642011320455936
-1.5194064676993264
4.435844193880058
64.7587491397428
2.431768941438037
10.517829045352457
15.68756598235484
-20.49151685768264
-73.05140205133799
-1.290703247882476
-1.1320632246842877
19.497176903706148
-31.567122946883515
36.64851647331537
-0.6751594200721627
-15.630751572938692
-14.464639278463679
-0.008966860417203293
40.03264538214515
-6.899922584893034
-10.140099547270864
33.36025034798212
44.97628539862913
-50.361983180353036
-44.93682483878067
-20.291698651640488
28.99984293979078
74.58760127121957
-36.327665763299564
-55.67731946874433
-38.90824532873869
-14.822361809870074
3.593552251034268
31.649621906962807
-14.644531803386826
77.40317829923788
9.3403899230142
37.82791086445789
64.88826583844721
-54.448140809588566
30.571916004995842
-51.81910535362046
-26.885160748542816
82.7679591521487
38.378972905189556
-34.62734350617651
62.9092768904506
-63.420925893931624
-29.697727370887037
24.88360018363413
-16.441778101872202
-1.53924853990641
87.1548645379765
-9.263020442205061
-64.47253885304278
23.92852081304501
-7.636264745118311
-63.60349370014811
68.04036453373897
-60.693904754280446
43.64486149158307
-1.119630380375483
-19.3821360612245
8.492661962784112
-9.567509016578867
-71.95090873011517
31.115939790526852
24.422803403832177
-3.440789742064325
0.32743954515133566
0.6575745744683701
-27.23222623033476
-49.212383890284976
-4.506984062744152
-30.463901144405156
-28.521317109191628
4.086011926300316
-51.8419471984906
-51.845079855645864
62.18027157001487
-54.30275992854512
10.366147262346402
9.940620761413228
-29.12225965893805
24.659103025231744
-17.06117784067291
-0.6883236661611107
-25.671981351622847
-58.22116953777915
57.14632172740187
-48.819581336643466
-48.363912312061714
-19.24191397359141
-36.33942744557756
-46.12818980929606
-7.97771471697753
6.336984545358732
-40.41348638778708
-27.435840502418827
-69.71092571020125
32.45800360392559
-81.73342782073615
-2.4425222711961823
-4.81542158940664
68.87678406625193
-3.6051595001977006
33.63541974066379
17.787283696211233
-29.925443133187088
-28.425972441911384
-48.22294073231484
-49.02660191308173
21.39089460598298
-34.520239659635635
-59.12458387693344
65.69019937330091
58.46562204347532
6.47328475738621
-62.551176657228886
-39.68680430468932
-27.862605250749453
76.3780105212536
-6.2438975651303394
-0.40028831390456787
19.505617897314252
45.83879396776521
-10.69428209950668
5.292126307037947
78.66149784601646
-6.170994605170549
-12.787169711860514
-17.177082783212555
-58.72854377475372
27.734030117572985
43.9561323108982
88.65043733609366
1.7752132524655337
25.35248241444542
-28.53732168532916
-34.25915891609642
-41.77749596013671
-14.14017267416132
-83.891906100379
35.77052601156859
44.160014273794815
-44.42806341866868
62.4516090017751
-45.94200181615022
-15.078403153185263
0.49732983253753105
70.53739723092141
59.98287447551334
-49.21378330804768
-54.55764287345898
15.556389367448531
-47.86463916427819
19.689646292724916
30.20970332791495
76.06656013035916
-41.533394680991094
-11.405080597685554
1.8608883855611538
28.018500502790033
25.144547330366237
81.31426577867742
33.36986541019505
18.36035930198652
41.04524241075845
-29.06059961976328
77.29787551635945
4.709788587949191
14.003400511139944
27.01413618488978
64.22022692403905
31.101147243833765
-3.7988947482312767
-38.00130997303978
-73.2863290942377
-36.44376534861297
5.977328269065282
-28.658409689891272
70.860275405511
39.72908901126709
-20.485617345345986
-74.52090775497618
63.54421943278541
49.10918668930563
2.546264000412151
35.73588034674842
-76.31289406339923
-30.91194153943532
34.231623314286736
-39.31164931146191
6.935259497959763
52.75296990286586
4.5901708405772865
-64.58678283888827
14.660388662661049
72.65970112790345
67.7179747225855
22.367507593386478
61.8237420385492
18.718219220467617
9.89516906687517
-51.299192967491685
-0.6277324899455863
59.06573075694595
74.29677720602754
-12.9916660902487
-76.52247018635595
-48.758761970066956
80.18587463571038
50.52964960922631
-27.871893513014086
-41.15827909869268
-23.06586709666003
0.9815669870681205
57.790475408012526
-23.388831842325317
-58.737129100803585
-2.527189521785573
-5.482084630388812
71.50168964617731
2.1675121075572434
20.529848874962425
-26.381125415342098
63.98217550465111
-9.565169983394952
-33.894340640088835
45.236123461548914
-80.70391396391074
4.214683130874491
-41.10903661641332
-10.59076319543857
61.92797121896126
27.694147742447683
-32.57361657384216
6.205536293213427
-0.9919474036550326
-2.924891222589281
-53.52928902295721
23.560338835737028
51.00376636181028
39.714709666246534
-62.925140619295235
-40.400616773996525
70.74827487130156
13.696129978117469
-25.191351458846256
44.107004886276144
5.571145766757084
52.51288480266092
75.82006750586044
-4.659177571455714
-67.32719331678953
33.00965977549507
26.544922917512338
-3.515525499861866
81.20750665274889
-32.081389828360244
0.21258861651207894
-36.404610308391106
61.375977345442294
-34.07898833574547
43.04037777784916
82.02629872736134
-29.832032558242418
74.2877280865404
-35.549654346992355
24.493869894993722
22.341249668128242
-12.1006608604892
-72.12710186795647
-83.06071767394023
34.333220968261514
21.552770937013108
65.9260646811583
-37.65408210379959
-53.952778868349164
-70.27318251244304
76.51595370250138
61.96032926728131
-3.5199544235986764
80.93091195476896
80.67611792206952
1.5118851649560838
-7.940335365904872
2.3624422252550232
-28.493342365611653
5.378075563899955
62.335757299274405
52.15861414298891
-58.09091539935905
-79.22119083594285
-19.879173349190452
0.6306767724268951
-51.83056786227348
-7.4055930469207
36.19891384526406
-52.08838803758373
3.344786132797296
-57.897752086971614
-4.95065793985647
35.06683545075367
-34.13828050534553
12.113163095896965
2.0656613949807934
42.08171991768097
-12.828638515573871
-19.75386886586844
-11.741443408458537
-0.4225376414414086
-34.05987573959126
-13.388675737703522
-29.271411657146672
3.5167324056268683
-52.69472361080061
15.397153798395792
80.64905554710242
0.4089649962076436
0.7449282764642078
-14.707731369035088
36.530586298678315
10.043690770292628
-50.234026450862096
49.66230241041805
-56.58546701935353
10.118277572704713
-35.70413597298194
29.293654097149286
-69.63491804679303
9.799898061956256
-29.444003880939505
40.526188717232145
42.3219606060573
6.326817597434683
-26.30194324848881
81.60294256750146
37.9246099898331
37.60650480808431
-20.114998344840274
-19.409980173069215
64.21970916469138
-21.22066946247662
48.98047734535851
49.990503012726776
74.96230398624647
-17.276975995577217
-67.28901175272497
20.241445079371758
-60.70277996964937
-62.92531633604103
32.70517444017864
-18.54721473559188
-3.4151825952497603
-10.057259631515365
-34.855035069286295
40.38780724222727
-23.7731909693655
58.36699489771652
-43.25088935234649
36.822355363246686
-18.205948936722933
49.988786932748866
-16.419686884489593
13.266582556461842
3.4302523537936054
26.700704169656404
-23.056098519660225
79.95442926773316
23.07870769309926
32.551163915163755
59.407136530104225
-0.29623763032756756
7.254225178474016
40.50577761609699
-57.751084582487756
4.161545293514095
68.47477348125855
-79.47218174968147
-9.86691004528393
69.42713805791621
-68.98531488612048
-43.670730805848926
-11.232904590843887
-72.4391067173915
-38.14140593109005
37.2576097464694
-52.41585598722626
-23.29527584300895
-7.509223946402599
14.413416285869744
21.889027704898524
-62.8647597132333
-60.501541920727995
-75.73580441734865
20.002532311212263
-31.183868713273867
-62.01838474873979
17.773368560829738
2.9175619513246716
-19.057918512731135
-24.406823390929603
-9.178220274444968
-18.64563543550618
-51.75699954869913
-8.729244672215572
24.116280606456883
7.511534459080252
57.508315788930304
11.88220300906464
-6.760314823781201
-65.8231668252331
-83.44590907269506
-49.99050301512693
-41.33983609091106
-76.77779044617938
-18.105185028968606
49.28257507001277
36.49295391742703
11.195505949621662
-32.810736572073395
3.4919349697679394
-46.362738937553075
67.71501098646652
-51.838789715833634
-12.477052753535006
44.85532179606881
-46.50441440939599
-8.774555523665924
78.61609635254825
12.685079414172023
-0.2839272405990414
-4.153273367218858
-13.074118362085613
52.53365907466096
18.443466985921546
72.2852812086769
5.437588848883166
-26.28405901800504
-20.83655177363258
-52.0081525933588
-21.392545148988447
-3.05807768569764
39.22451559471446
2.048518697063429
-71.68579872661782
-23.228802920834326
-43.873074690294544
44.569356448124154
-11.387653446203117
-40.29983374032386
10.896082211553548
7.307354580082688
38.4148566928167
-52.22588766100244
-80.61281798389541
-2.984506448933331
-23.464678301237498
-47.19643410587489
-62.30981322909739
46.726098325749376
-61.56666628802435
-4.520598062640502
28.73525231531984
-24.827759559099846
3.0101508241815935
4.544846176972513
-5.847937720734535
-5.276711755089181
-46.78805714177525
-45.30571106240096
-25.542432906923935
-1.924193051018122
-45.902733840984645
20.355089381088504
-48.398908164206674
35.68342823839686
84.91781253827904
-5.37882138020386
8.509845152686651
-2.018677320164443
31.831344995654405
-16.20615631243777
-79.77019444596132
59.074617125417404
84.8529157926462
41.99672584496267
26.88403947624691
4.059859140465647
-15.120762988030847
72.37814970529462
-24.485103098069445
-82.41219490984209
-5.948769573643602
-14.263581877852758
-0.9403749150830265
-19.357386988432424
-13.814372584731245
1.0769885718175232
72.45687563370379
-4.671334102358529
33.199843808334464
54.08545749915615
51.74003132160021
-71.42179991280659
-26.86085184710872
-6.816197928629734
-43.545136582633646
33.19272572491488
1.2994525626251061
-57.45944432669256
14.04920058087734
-15.756744713999055
82.89674585127878
-47.64676528931904
-10.461342367159716
-0.9162947532335437
10.593599372278618
-30.128897572131308
-64.36317011495481
-59.86050906560256
16.88851732347824
-22.274054230918168
18.501068853956596
-16.35059869749493
-11.833886499101766
25.710878187133503
37.19059372148578
-7.099167062062293
-9.25333346214505
74.0978258122253
-44.056198083011964
30.531210757417654
-19.345877245504184
-13.370028449914443
17.889908912929414
16.5307744999278
85.3492034065516
-41.77047766787625
-31.11112581699433
-15.853049947183294
7.925227416162116
-13.010689460818583
8.27447084130064
-39.34545980995323
-3.0754224770520864
-57.81862873687058
30.01348106664743
10.788113628152743
-1.8803732756032758
26.13536324748388
49.221605331484454
74.53073039349675
-23.81991444187861
38.03304675724618
41.900917727963304
33.35282208716231
87.61008437533772
-23.051871051124408
28.785077668030624
26.555645675827506
73.66794178549748
45.88328049241946
-1.4086142299940292
32.323062816049884
-12.414954772703751
16.84583910331945
35.40147529478119
-32.76395429354062
-62.9304941965432
9.72549750658483
-45.3465372680156
29.655350374953528
18.97328245182682
20.69388812426908
-5.348453196529206
-38.21548217287008
-1.4973018096298887
15.288973804383005
50.338473128576766
-18.99843702249781
70.52980101120437
-57.41502259613076
-29.58262553179958
-44.52858448130878
-4.607273507545415
75.60033278936874
-47.49592180230549
15.100025178356006
-47.49208918465555
-20.033365096017704
-5.537621989528262
-66.4729122224564
-58.549755768076196
70.01503438123675
-4.454399110560473
-43.76566388709924
-53.60186038765179
-11.387273971039974
-1.9849604171981667
-10.874360275557422
-72.36161451922982
-9.694486556084442
0.4470087476722284
45.126595588990455
-50.73283549347893
-17.27578913184378
-82.89723589561687
-9.244986862757074
-69.93689488612789
57.338789820582406
-44.01808687493431
76.71232132374874
-25.613493369790447
12.215535271488719
-64.37717292911555
-38.825332823222354
56.21368225536918
-30.890151619104955
22.38160509018816
-4.843051973267464
-55.20023042208237
10.427698315299082
76.33942828410281
68.28015914314784
-69.85980518049261
14.95911335427077
-55.79586246060049
38.1246413519643
39.644314897424096
-2.078826295944438
-4.04879932276215
-44.05506708173271
11.361505084139026
-11.231898645241486
29.29634612155948
-35.20317299021295
-17.32250018500183
-43.11746651247125
-27.254572568175504
-0.18414445925490952
-13.721703525585397
6.308242842113884
-18.48700237613687
17.928522601442637
-38.273496879358376
3.9182809329425936
-80.14826043946007
-52.95050368889801
-13.95123170385601
68.98651450039003
-70.22955825576194
54.6962049928444
53.55840458899186
60.53730257658276
7.1770806879182345
-71.03480922807113
51.01445547061914
-67.0995878024004
-7.395239205271892
-17.099090569545808
-18.84118713004692
53.42709129995458
-7.107380959916284
-37.29122721192936
-53.77257616696769
-8.021314299414655
-24.72699673508177
-8.218249299644611
31.46335026300457
-3.005804760936101
57.93144421101297
-13.63257219121067
-56.99901485894593
53.61062693260985
19.271945308169975
-17.345061151194187
-0.4338236121519117
52.561551070396916
14.471411762626019
60.83042854173189
-0.1229302998705748
18.369558462972392
-24.030021256414813
-27.143646921184256
-23.91486431485174
3.909532766823034
-21.306183871669646
70.92017430575757
-12.46527420531288
35.04877045712087
-11.58514011330594
-66.56971009467296
60.92267711193992
-57.02841156307054
39.24270712910456
-50.05942336944421
3.4886964352636767
-17.57353263082051
-61.83384441925491
15.082411876674868
-11.677847459688593
-47.540519973324315
50.35897083726644
10.351665037412118
57.02864584713106
24.9796679675853
-40.962665946597134
-54.368133536665475
-43.52270308907679
-59.895932364645624
39.884185525641016
24.967092486143727
-22.276312219841117
-28.761006184068563
49.782938517918495
-10.960905938379497
-69.53315405704001
7.065245171148007
-65.39709045927592
-23.472843087028835
15.714984379561926
-39.75183580023874
8.074971675931891
20.38110348291164
-46.03387816592495
-56.57578950244326
10.829687659451054
0.2826916641821242
-14.1207188013924
-2.5629557477647467
-3.4895866531962554
28.834811252452965
-29.664669957672047
-21.317509882677157
8.468582162430124
29.025318468715653
26.98450368173593
5.412235194808019
-69.62911790013793
-0.411608718525045
43.20468015831156
-31.374332444404047
-18.70429545356299
11.237319168621994
-41.980851396353394
84.755905822729
-4.977214866767923
-19.523570437850495
-34.485677825045585
3.37560238179735
-23.66689087678934
-46.24212102407065
77.47557097693542
-28.6384384704685
-33.30078579330626
-9.525414908730653
71.90591062216535
-4.22382053689833
-38.85586042507581
53.956118357126115
-40.9527762632652
-12.760755918037574
-37.18330042481745
41.642621989892206
-1.551895712595737
27.70690499056832
-0.6251927423143258
6.887764332548315
65.71721909528173
-32.60459830918417
70.20500529700058
48.16858633708512
10.916503761502597
-29.4586913621352
-16.981438921759093
30.323878216129117
-10.341215291486023
-53.18851862532325
-23.540469277967205
85.13120967059791
-21.73704964393309
33.01385548594422
-56.12978879948302
29.91790412196538
38.43858044321817
39.501291560973584
-14.69284010337637
59.1320841107904
-5.74658633120319
-7.812296445307979
-36.347005961225086
-7.243974553700127
-31.532134044253127
-17.76787678161709
-10.300977591372273
0.6643624369747272
46.44376202606111
-63.90722438181099
16.463884656454297
36.272624842905714
71.75718924980796
12.149939457062274
-61.01368893331422
64.53549282112769
33.59751955144924
-13.430228492631713
20.602966295117938
3.0799167184000282
2.554124548360633
-46.071382457512016
-79.39917185566303
-69.94937341962807
-17.508316185918105
17.733658445987658
-15.513806963398366
-69.53217029568727
-0.8940382145033539
-44.07665239448702
-76.2602635305196
28.838485900355238
0.9873276535730611
-27.812682356655046
36.94186462809725
44.24668806792192
-59.42677319616356
27.671540063440048
-10.8195308022664
-32.294420501889604
-29.39307193020268
-41.514655111166164
-32.55756949731705
29.447177077048963
49.49811161867305
-69.98197575205525
-14.700598946299962
-1.2452220634868638
-2.5688835641491323
-15.725246616077982
-47.95493054598068
-59.947729092566554
50.965596161832536
37.47993698391235
-0.20809611746075518
17.1335514715865
23.513008958963013
13.03215576832217
73.45204344364544
21.477677572580546
-15.53679724175089
37.11019177267207
78.66217341894452
-57.050020194136295
10.025877183065546
-60.4690319335263
15.94686406427681
51.57635314823605
-4.901218799641427
-43.66020644481608
-18.44471361252961
52.81172445630165
-5.990513269734407
-21.26253825939301
37.76255502010466
14.454934656402529
-66.96444289237218
-26.98324978694633
-6.782028080938545
28.503683369984742
29.430855518910846
-5.0844301039650475
45.75879021603291
33.75592878060837
-28.96952056654601
-0.004141273450500194
-27.74362775196822
-14.365816358380997
-1.9028240463051844
-30.583289288964735
-15.977738895221549
-6.911317375411301
-70.29284018697146
56.04415985605368
0.7724593498666366
25.989859714899723
18.00824462405764
-14.944026054353714
-1.1251540423466935
17.80050908118659
11.627547503416935
-25.2408933297218
31.437862853760464
16.00029408105479
-68.88890142530985
-48.35058016363362
-11.589844018430924
33.043621496170886
-25.17135900944851
49.70291018743751
36.798230970026026
59.16160317962019
48.629052231575
69.83981906443043
-70.7448767473216
26.49419955746542
14.66538563151731
-16.513909924073246
-48.64278223476245
67.63553798445835
-5.995131948664266
17.05929536695642
-51.56055312833428
-9.825848906827602
5.390185359396909
75.37385582077363
-61.14037832449397
-13.003237067910689
-21.87861693912808
-19.745462481835347
-58.902911459001025
16.119334123386253
-7.34795059403281
-51.012023354170594
-48.173583374597584
62.451277350793816
53.55491310515865
-22.970925901441234
74.46715777296444
-61.09664116729835
47.914438391720125
81.54809286034009
-44.78021718696179
74.2079362300941
42.070560448597945
4.287928061953295
-19.479133939672636
-18.29759296430322
-62.61075556077823
56.37214799750217
-13.02294123958876
-42.652386652995425
12.268587415505749
4.69017749405387
-3.997901184116273
-22.478262703394535
-36.840338670947
-24.98770395001553
76.3207990490055
34.53505933332042
19.95274864090051
