24.841661113531615
-31.362424798942897
-69.96593524426372
-70.82169594086055
-49.275315995202455
-25.414573759115356
-41.1443441473383
15.784143294357705
-53.264667854759715
25.343713538674308
14.364636095504636
-23.490275455278336
-4.262144317605944
-11.571489082800156
58.99775652880572
23.465160817580383
23.96025363970155
-28.363264841865714
46.55127533579005
49.97407872452371
-29.84013483970257
73.08100137212253
51.24294057602884
-29.370612278559037
11.48158958532865
1.2798201162862028
-39.52640535227371
-24.007566071825153
54.22037577724305
-4.2295220193971375
90.23142433801718
-6.502228654710294
-10.462821976291735
80.21599304747642
-25.735168065350095
33.393473250468276
3.0747151885829425
-68.74163178397016
-22.09643631699889
47.21882461419747
8.278588620172386
13.510570150297895
-33.806470431290194
-19.976792787289796
28.880681228247056
-93.34784017013497
84.24529522398603
-60.047762774391394
44.71833540960273
-17.649313781403663
-0.706104507919548
4.566916563959026
62.11716463134562
2.8691849573474713
19.480296398779075
24.4056841496774
-19.984978934544202
-75.34545216275625
-1.1437669406185762
-1.8163140766609729
17.5034124736121
-40.42183415310326
32.95751099945767
-1.0626223865080107
-12.623778787543827
-17.959021372799768
0.7483736887636354
41.881220396971514
-5.557959756642774
-7.676527606921866
30.07916009696389
45.81481382604889
-56.87097968108364
-41.35554501646811
-16.35877403634609
36.27740848865915
75.88262782739977
-31.70831574882719
-68.53656641155865
-33.88776925308935
-15.855026832770477
3.284055864991899
28.655715624138693
-11.504586832367721
76.44295179233552
15.894485279104742
34.96854234041348
72.89257479976914
-69.4933935439012
45.91975073773054
-56.34692771233754
-21.80387914303637
83.7884971723791
34.861383810084135
-31.214251948304664
58.758035548981525
-75.66130661468999
-32.29925024765474
23.4356390605556
-14.798203668439527
-0.624723817372967
90.59398517670346
-7.3245203038433715
-69.12033128914257
22.028971743346887
-5.59953978718012
-61.18606819870011
66.66542212410755
-58.58907413533821
41.91568387097334
-0.3498111365102119
-16.42100524423411
8.006648282422603
-7.857030402752571
-75.88992941825823
27.70713709375417
22.4413015195409
-4.362538896340041
0.6398935482613126
1.2568719585989925
-21.94385137771286
-48.73195392492144
-4.955126771200781
-29.578405994499008
-26.88567813989802
3.563493202299142
-46.69812574197535
-50.927284039327446
70.45528162218494
-57.98280712581464
9.301327155323762
9.257190310021514
-32.65109716220209
24.088036426951447
-15.344994976140313
-0.5128843771244362
-34.71640527346838
-57.235807093946256
52.84761835707232
-51.101552453767404
-62.326937537906126
-15.26261457700582
-31.469455658122286
-42.55334615640249
-5.969312050023603
6.181737518248497
-35.07908054199854
-24.47410823550844
-73.09646289249736
28.981918470813795
-88.17090543425793
-1.9661672378678077
-3.3222083011444
65.08409340393803
-2.222480841414452
30.06506847266651
16.12459865621844
-27.483091084148228
-28.12580128448441
-51.68043634592606
-57.17392470759309
25.566810717097653
-28.64407710753717
-66.79742294880799
61.91616054796063
58.13353943455414
5.39321790184151
-74.77053080924293
-34.85897343634008
-22.633277441882072
79.87656511985944
-4.573235885374174
0.1808761910555745
17.552907010838467
41.4993071933813
-12.891845580911976
4.666626323849798
79.00992829583177
-4.424444286007088
-15.400622428395195
-13.685855570915365
-57.775221642895524
24.67988207269748
50.238449115155106
89.28792522647396
1.539845531205927
22.712720063769495
-24.524160617325094
-31.56116080083251
-44.471627512142035
-11.181259209714298
-92.20236268293058
34.64553048319743
40.38970644082815
-38.28869174610558
60.76645073984599
-49.84968211122128
-18.817369466552478
1.1102076027017347
75.17399403380904
56.14545969708291
-54.40500874275742
-54.56876602391449
14.616858860964726
-46.68869712045427
18.9674418402402
27.123322359498474
78.9533773346869
-35.85253356701737
-13.245365430366647
4.095209715361392
25.380022677340918
25.57687625710618
81.49583428319053
29.990929117498368
16.610202737117532
37.29453815721226
-23.33471299313483
78.36318829403632
14.656709976478737
17.00940278533585
24.012313394386254
72.54455767117474
35.465236698377254
-2.9363321530398423
-32.65017436020398
-78.36335281244995
-45.335619023697156
5.194474530722019
-32.48588971632272
78.58298202397404
54.20686471606231
-16.422003107503443
-78.8952636059555
62.51922322745094
52.65799797439752
1.9205504602977896
40.39701458967707
-87.03366541220214
-26.06184290481943
30.54332991272264
-38.26460050231874
6.677909609999659
51.81540128215485
4.583602323427641
-64.96765497408109
13.306640322807354
69.755001701488
67.64246004708244
20.604576478344654
63.635682524588304
16.653253019997535
9.081431599383265
-46.33466168629327
0.24384737337018692
55.171043650816756
76.21847850969723
-10.712159796300156
-79.3054851178747
-43.20965206236454
80.10207266777132
46.44393729054528
-34.03616831882459
-39.73732925010735
-18.44054318185667
2.4425982658278116
64.05609378387894
-18.660478019338626
-61.87276867672671
-1.7838974614439849
-4.3212350741094525
67.99395580233946
10.246843147889678
18.831370824256382
-27.76025133834952
59.91541463278682
-7.570445192457129
-40.07680411320504
44.17404266960736
-88.55477841891225
3.743867120823296
-35.14434629810481
-8.0846472216558
61.61878457100599
24.71759785425361
-36.65066153069244
5.712719454408557
-0.2427074769951787
-2.0644942829588757
-49.36916129394718
23.37377377448425
46.75937986583432
35.7889696497557
-60.2158444812383
-34.691204655632944
79.56271118810395
16.238278417279687
-20.745232500509417
43.177304691892175
5.42445283361792
51.02532950507555
84.42980357067685
-4.325404413865641
-66.50279706795779
29.807091355283347
25.141345904143094
-3.792948111184657
80.11511437989088
-30.10627770263936
0.9694312187711489
-31.299174142680116
57.474456429589054
-31.473980175403042
39.471246781845764
81.98160593332852
-30.35711846461733
76.11593184078819
-36.24473825419723
21.77635989627109
26.411578251171804
-13.207851842752007
-74.32727517722304
-91.03848321542038
33.01689773545681
19.115950876688984
63.01165983584184
-43.8537932880312
-51.67009234999025
-70.4164112886434
80.97998813294191
66.70140319739971
-2.321394723003465
81.07896251612308
79.9367749325977
4.739851702591338
-5.883430229700608
5.332022646934874
-32.39617791514054
14.22363811107141
67.37622762203398
49.63071152919525
-72.30689334211772
-85.12609668228924
-23.3370202761878
0.5778412069236225
-52.16329801086924
-5.473105806343995
32.51489481355546
-57.09406001119913
2.622211271042417
-64.51924640625836
-3.434300273420746
31.663846966497943
-40.98571516180528
10.683115638697387
1.441476503411721
37.8836560743506
-9.907809204159406
-15.492299940816821
-13.530213909949055
0.12720215596402795
-31.3832269074519
-10.4441609617339
-24.624522485483894
3.493919926577206
-48.18785725732158
22.644375814007105
81.0380600504013
0.47383316441698753
1.1799870047698988
-16.773201163378232
45.85438277505247
18.675328841006475
-59.37925425121933
53.32724174445639
-56.788757305869844
9.40653964283608
-32.00795609730524
26.050189095322352
-71.98032360344392
8.99137568205576
-25.40809816551483
39.12535363661988
38.62592567341238
6.11431103316211
-22.067548334333722
80.02262998830068
54.86960104756409
34.23504602785215
-17.926261057447988
-17.718683838452648
67.81211609908758
-16.807199450733734
45.12352181822857
45.64585907935657
80.37651314838877
-13.7033389829907
-78.56845845971682
18.054332214322756
-57.4533385684419
-62.64063989120598
29.210396355513154
-18.12105140618283
-3.7993207174721135
-7.8156073222249205
-37.50342322112466
49.12615962216782
-21.06108967798845
63.19864970407258
-42.08511901680369
33.397187915665626
-16.37906958989045
45.996010903713824
-19.72341553877189
12.22658580359554
3.7160155888915085
23.727845018774843
-29.909744427490807
77.76935778993439
20.862350031776074
29.726921614410003
57.32970157672372
-0.014374518103721812
6.604402654832157
38.25298138571529
-58.23784569585388
3.5909210207799873
64.66912560807697
-85.49025443951837
-7.514046278816252
72.44381013422313
-68.63492956268641
-37.93648355080394
-8.813054449149533
-83.2005126100807
-32.5856615096624
39.786236761982934
-51.215932776711384
-21.181649287792084
-5.511842641267805
16.585843743421776
19.775374893106346
-69.57511701386804
-64.46741521946004
-82.27241711652809
17.656098929935396
-34.82427638393723
-62.91158522157248
16.156041093188122
4.599540005809573
-15.132599880291139
-23.269484918789118
-10.352521345112436
-14.794735367997376
-51.9570693977674
-7.567162670251818
37.269946475957255
6.563395121898438
53.03011321987108
17.32793682449511
-7.937791260167131
-70.15028446511135
-94.63691212820238
-46.51594135817618
-48.903003378055196
-85.77806516393086
-17.721031452311735
51.40601579725947
37.48479557527065
10.240539952069312
-28.85951885043076
2.947688347265185
-48.79031594197507
64.19935575275863
-58.478161510210754
-12.094026100550664
40.70197532592752
-41.270184386638874
-6.671828339310991
77.45920035681047
11.465553459351952
-0.10747656916473147
-5.0741018690157205
-11.532725209943635
51.446510170907004
17.23323590363259
69.76366453524912
4.611269159614423
-21.03455854866087
-16.52186170391178
-48.43776228552083
-17.497002940120325
-1.9619368743473018
46.12883466792326
3.0860322605934982
-73.33227538576224
-18.335320076064107
-54.82968255336204
40.3670510271686
-8.73463339289161
-35.19919858282845
10.0105835690714
11.596914625329106
38.58100456973537
-46.90480599145447
-86.88213804293575
-3.108659631690145
-30.60331863136976
-44.667017174296426
-60.354260463194436
42.386524766007625
-72.48534586635157
-3.3486632127966516
25.54101890411836
-23.013025170581372
3.286456105546719
4.663075825330949
-6.0375798059834835
-4.346579063631154
-58.553245660061776
-51.99991972449547
-21.47563864744788
-1.0794097344039812
-39.73056648056048
19.832184185978463
-58.59177513864515
31.92119397827682
84.86265818181397
-4.202221120176304
8.034220191620847
-0.9624800274782217
30.04531309061386
-12.643617195701523
-84.63662711563077
69.00593506516475
88.59727721290224
58.68924108495463
23.998257769352747
4.251141076227171
-11.93377084981553
77.6964281054432
-19.64621141805719
-91.74510981722982
-6.733183312204233
-11.063099492109217
-1.2356724493507443
-16.284242889875927
-11.067404280296032
0.9743613963163114
70.21293654061617
-3.4977170751702005
29.68866695889291
50.31173444308553
57.6939356461819
-74.88529432392019
-22.64039784352046
-8.13705499920502
-45.65813625510695
29.61258735185001
1.8699933568489797
-56.08583645046668
12.788375970238391
-12.605888390461246
82.70831218817014
-42.16182569801988
-7.944860169877359
-0.05631379240035983
9.766670169317834
-24.447256745153368
-68.21642260455047
-59.47537031598183
15.48845606733299
-17.5541096418317
32.732690711779156
-16.283535983978794
-10.543597046134309
29.61016968109456
33.8663247620305
-5.449970411212163
-6.9650776389383395
73.65274977206622
-43.97729103059538
46.763035373078225
-16.781433960986405
-10.731519870132999
17.173059428426896
15.72601713406958
87.03318278874912
-50.85401902756768
-30.620898985965198
-12.353996037799732
6.740022213446423
-12.74966849319378
7.054916046709522
-33.48384974946303
-2.0282740491145432
-55.0281601391802
28.344003578294334
12.076535142273826
-1.4255898278132833
24.500782359838965
52.73049725907529
71.4466165430031
-20.29074216058045
34.169596028515315
37.95225294789981
31.611268891606983
88.95686223351063
-19.812740579506027
27.829352254449233
34.1874209001258
79.68864532076188
43.00122839506611
-1.639633280728134
43.61818398936012
-10.041115979906635
14.918121687827409
31.73921014550632
-36.312677283752215
-63.81993987339684
8.63884754945974
-50.94690203954727
26.32967972869959
17.142962884789597
18.79187597525481
-4.463969840228714
-33.12965344003922
-0.9148157238464734
13.89228263183503
47.336454735134
-18.706747417845975
72.75593908090843
-59.51970698429451
-29.081903194462782
-41.66423184156972
-3.085295411520349
73.0531751309041
-42.18077332912162
19.67271160490209
-43.678593472303525
-15.732372046924638
-4.587476517730707
-75.24465668684084
-61.85968290190044
66.40803502484684
-3.396037011110934
-37.57780260188886
-53.64807806666969
-13.16928504065119
-1.3013070829120892
-13.149507260911363
-73.27486438576544
-7.471981648064769
0.6728517669174465
43.40099191080935
-51.57125430983998
-15.246528130799703
-94.6106326325914
-9.82066239559802
-81.54654830601335
52.92088366044749
-39.947509881922485
74.19719598373351
-29.725350450582994
11.030931088830712
-62.840727542039005
-33.77167866480046
53.29907943168763
-28.308938128535942
20.105549786407465
-3.552452827456719
-65.62142959322972
9.357889426288025
75.95183645129356
66.08535736836964
-70.51994454880862
23.72749982685258
-59.308207170058
34.41692347756134
36.16435173887291
-1.3655182300948212
-2.97495734815989
-46.172053172131555
10.39135398053179
-11.953493726813207
26.21771276951408
-47.4515129062634
-19.009462108055843
-43.25944020823326
-26.283881594157037
0.05565159227634808
-10.635366358435462
5.875341753517134
-14.449767745361854
16.365182505183
-32.23489897899431
4.08729952866706
-86.60960257898574
-53.558151772127204
-10.85158229112568
70.39649696152918
-78.7500465087928
52.32615405478944
54.63432707809008
58.29507568377994
6.899550675947751
-74.75830121155761
48.21381622825214
-79.1070175858806
-5.433778194298668
-18.04545766007554
-14.788634291340387
50.202690349801856
-8.497850738358792
-37.674435370172404
-53.07074474690391
-7.259563798502043
-20.024974620621208
-6.3085945884246115
36.514066987923826
-2.4379769924201184
53.485099970618165
-10.620338310629151
-72.22071929159267
49.53492981525744
16.980297059187023
-18.009905003465008
0.3537529183251138
48.22908607242633
18.402414040369038
60.89013860769904
0.028673991666735787
16.210592665770264
-30.850652731860066
-24.987478517434468
-18.967428746326163
3.743478608886633
-16.731649105697187
74.43120859558556
-12.32651500363255
31.290123152650068
-12.726242849304185
-66.54382693508842
70.28605704272908
-66.26758768515822
35.32069479358924
-44.6464653701713
3.5698280455256395
-14.022589170000288
-71.81556884468772
13.797144947609809
-9.015258611256257
-49.123962691198955
59.22902995361241
10.302937086345239
59.550554413188934
22.924544768462226
-50.01074864331849
-53.088591801879545
-38.04921155899748
-60.21687142416639
35.814872981788
22.38183709643728
-17.66013788579677
-24.341670488495808
45.449693651420205
-11.69881874390245
-69.60197595454696
6.197777540700642
-72.63840976945218
-18.810445194010825
14.254275117924394
-34.4240174136138
7.667071647261665
19.50895096198549
-45.424626069170095
-54.469368139504255
11.382682127035366
-0.252469600031489
-11.489483654814777
-2.6896407474210804
-2.711301275772499
30.09491041616765
-34.35800410499787
-28.31420929390744
7.709670651146638
25.819553937838037
25.083434822530393
13.933352636828062
-78.91822174479718
0.10985229452329293
42.811938079459225
-40.6768001792544
-14.832800302256416
10.342102162222432
-36.4679934366397
85.5407248261917
-3.3891190996953213
-15.48868536641811
-28.341150266799758
3.619285502484246
-18.742694736744568
-57.06051641863886
74.76719805294195
-23.685552774276616
-28.814703052108044
-11.44631587203203
72.05231088647224
-3.570791675668403
-35.66949218382744
50.027799755948365
-36.57890706505202
-13.745616427996254
-32.6430478552047
39.40816626203235
-0.977771945657679
32.23553384197126
-0.9622529945173284
6.630048750322857
78.1899370619154
-29.15482091245495
68.1892948211819
57.21988554189713
10.08147900014373
-24.097543040578145
-20.003932847294237
32.84887727220922
-11.82758124464847
-67.29410018754768
-19.716003514800278
90.26389578594384
-17.15957557655777
30.789375903965748
-58.455652995025105
27.086406537402567
34.44970458792611
36.54261024869237
-12.435041622205645
56.61255816021111
-4.017733086367883
-6.273231679419226
-32.04545600965861
-5.430813895547871
-25.748198501079543
-13.95966399576595
-7.94764878382189
0.020494967714924428
45.76779032455792
-65.18208213123964
15.369520202424795
34.11561339701379
76.30343468479805
11.173205674534742
-64.89152791200809
61.501284306490675
29.973595802196115
-10.49382251671453
18.733389605503916
3.108866540648364
2.8070255026881483
-56.68672848274158
-90.10267489735726
-80.23737150227703
-22.442717918502268
15.667296995460603
-15.260218159118978
-72.27920400419495
-0.5148361448918308
-47.1480111023835
-89.53803363241109
25.803757054545628
0.5720891498268088
-31.119517772009885
33.66304388351662
40.06353636169888
-58.817505816075304
24.991155316216663
-12.679613754977666
-26.60193000604474
-35.09504843041124
-36.940381787681986
-27.019406021575037
43.59807481981974
59.77867570809482
-78.59197780589976
-11.493199986739768
-0.694056565990607
-2.2714555272816597
-12.247115470037485
-41.989086325573616
-58.55550759451155
46.829138253160295
44.759638579614546
-0.6146388209297555
15.211036724876436
20.826729365930717
12.282884331499076
71.20201039152624
19.16875410124605
-12.325693361199455
33.355299164199835
86.87716235392566
-52.94783066245316
18.20359684758965
-75.81935517893668
13.909737079955306
49.599234230356444
-3.7929361071272325
-38.345061414561044
-14.879567780497126
51.975240667680254
-6.398245654561393
-24.282667425944624
35.12508616179011
13.206229138379783
-68.6591387361061
-21.58619188903677
-5.485669431334827
25.447513748775947
26.22170045631826
-3.5001507206540197
50.75175665056136
40.65869671009759
-29.78688135240347
0.11220146418875743
-31.423521811408904
-13.863397696262439
-1.6619917146339844
-25.49511564389543
-13.2366236916383
-4.997453432740443
-77.34106410979584
61.2092723884185
1.4618816401067676
23.21253048364892
16.33128791148833
-17.994231706198363
-0.20760065303149133
16.639410877330704
10.560859096441263
-33.50415027559603
40.617398458244935
18.03758892027335
-71.46379852963244
-42.57098787563014
-12.006863182656332
46.271216312972825
-20.629080586112337
48.71083684305637
33.187361169726046
61.54253608857002
48.31804879871987
69.64691648545883
-70.56670992447737
30.033757989141407
12.804485067377172
-13.217088893237857
-43.44290037734452
64.2284258280601
-4.241884120229344
20.54004405334868
-52.88721445055275
-7.469481984869134
4.756962779155785
79.39952791035
-59.28947683622637
-10.550405040006112
-18.49867624681434
-15.87304566520605
-62.56416295996312
14.148773942965477
-5.8638146896975485
-45.91074227105995
-43.48792285074577
59.511106180323424
67.12819685270702
-18.397156841941523
83.28508398282099
-59.966650978227946
44.07557345515343
83.12152964667871
-57.789971173493555
82.53606692087865
42.95245752368055
9.039872739290374
-17.506502091213974
-22.149504516416798
-62.97320090339822
59.44896694273211
-15.523281312742128
-53.30353753349044
11.220199397519238
4.775779976246795
-2.552327943873834
-18.17583282970908
-49.25489062828398
-27.459770111110345
78.1015862130462
31.10992339415381
18.22339145716758
