-0.16951687633907292
-0.3478005163166184
-0.45187284843251246
-0.8068138966322437
-0.8315779275710664
-0.8660749328979976
-0.9977673805836212
-1.0114757156258871
-1.015169027170067
-1.0127418659025074
-1.005443687317549
-0.9690518674161523
-0.9400226296018567
-0.7343490101581134
-0.6929508759364186
-0.5969243231646835
-0.4664797660677341
-0.24230184432192553
-0.24046908664388977
-0.15852880425102123
0.049552164248588736
0.0900894325198398
0.11618743198489903
0.538425864790989
0.7933703242076799
0.8360389290940771
0.9232295147433462
0.9642478726558984
0.9707609725148749
0.9630935890938117
0.9191586049213861
0.8910053766339291
0.8578691525285734
0.8358604561534717
0.8222033453877788
0.7240588630309882
0.7194731168870827
0.6011933832202121
0.5577043094798715
0.5050305835459128
0.40086624835166645
0.37684387835680344
0.23284946710596988
0.2029649998839261
-0.15394295284676274
-0.1894506484789656
-0.286056114991489
-0.3295816431092816
-0.3742672524139019
-0.6335881408946806
-0.6395971804277532
-0.6524975069109138
-0.7441698657316986
-0.7747787835904576
-0.9385627782603524
-0.9533353029822402
-0.9559994107474942
-1.0083603573235238
-1.025226464611779
-1.0107332654076746
-0.926294112288057
-0.3589790094181344
-0.2741367831459509
-0.1855438265300223
-0.0913192321598085
-0.07690027336126382
-0.01728080377214157
0.10032887915159751
0.20511600001668848
0.553113137822424
0.5944612545292314
0.6204516486951932
0.6798750893898248
0.7240036665798766
0.8976695157995094
0.9252470615376304
0.9313216262979435
0.946809000272056
0.9408515587630647
0.9334958644380539
0.918233479016131
0.9103297505970259
0.8383044679408203
0.8292793865464371
0.7395195038388473
0.5887436811004273
0.5415046244444566
0.4261714912826236
0.4104854760510127
0.28640197887257196
-0.1961716529522698
-0.2535773120890137
-0.28475488429764506
-0.2963064561785903
-0.6270999638620708
-0.810901828440853
-0.8603287009529033
-0.895932360326976
-0.9421485604260279
-0.9484475196943104
-0.9560294298017556
-0.9776587135303786
-0.9979353202935385
-1.0050361751041137
-1.0121274996036673
-1.0188082982682864
-1.0366835609974923
-1.0367253399260379
-1.0294373685820424
-1.024583174589632
-1.0160407579090998
-0.7419484104016421
-0.6851115550178313
-0.5612642239042059
-0.4995551698540538
-0.42454232244543416
-0.39950566439856205
-0.3860042308899915
-0.3288963334884628
-0.29082959620925153
-0.2652273276683969
-0.17946251993238818
-0.15829380380722796
-0.156423183252003
-0.10264483294503311
-0.09512212168585887
-0.049931811521831806
0.07357211650505817
0.18130573608448275
0.2245878276113465
0.3012427709328063
0.34980900024538997
0.4676913561681692
0.5192952606372454
0.5481577388237399
0.6564655980964836
0.8451384368636465
0.8498113873772953
0.8608249979515121
0.9586913357750557
0.9617296807038612
0.8327540545566529
0.7653580412958958
0.7474197115788337
0.7186169261078547
0.6640761878487735
0.2868586257863542
0.24133445812176293
0.03325231221941874
-0.24670703542031558
-0.2913444957006381
-0.6057499777608325
-0.6969876095471155
-0.7371361756883126
-0.8563517747112886
-0.8835752602572265
-0.9669979870280788
-0.9951636908449144
-1.0386063210613803
-0.9930655955380207
-0.9896271600192711
-0.8901376766761867
-0.8343489088986715
-0.7410638073631437
-0.6748489269695479
-0.6655933894900589
-0.6468156891153993
-0.6266754974879298
-0.5349155544642692
-0.255884228954068
-0.20780999636831438
-0.09614290668329636
0.38896679238436566
0.4260587415875509
0.4432085156101101
0.5234912769260683
0.5415307493458621
0.6798543771256623
0.6876667360280434
0.7150969312996261
0.7529123973828751
0.8632066208939613
0.8924052091748927
0.9539291191225252
0.9602632639590435
0.9294342260318514
0.9055403273304296
0.8922923703566721
0.8816410710486589
0.8302202851260835
0.7157041853365379
0.6219216875972716
0.5519353089167113
0.4777164012060033
0.35020462019699655
0.34846769528841703
0.2497844505183595
0.20558282136164296
0.1262717744036475
0.11262275431393039
0.040236311787230944
0.03710392626423494
0.006371360108721795
-0.18351455128766792
-0.5168895900368771
-0.5218516338817799
-0.5339158236738806
-0.5604432043690399
-0.6971057081837322
-0.7913587404292568
-0.943104040536812
-0.9499870265898208
-0.9551164030299
-0.9675401230989318
-0.9694028069328146
-0.9983366379681622
-1.0128851251532007
-1.039524444044609
-1.0149161136265386
-0.9989309731186762
-0.9899757709958211
-0.9559592859270916
-0.9234813657523707
-0.8799880268010657
-0.7985084801607812
-0.7747024824090701
-0.7270373030061419
-0.7224603563898137
-0.6157931622689569
-0.3583485628432553
-0.3030583006839896
-0.2787337680303967
-0.1407924600052827
-0.1063610965584699
-0.0322750700520205
0.02485203921469542
0.05178404870350781
0.1881098339688634
0.5028449849499501
0.5951310048905439
0.7114749224637412
0.7294269590808166
0.8776010343852398
0.8783489640595381
0.9210789726286759
0.9451891119292367
0.9544428715825124
0.9589612223118209
0.9533852111055705
0.9475489033625819
0.7864043064150797
0.7645907278610933
0.5993730096984111
0.4733674261203532
0.35541595324627445
0.34152003497603883
0.1529205163922101
0.138102038183661
0.10896832934937911
0.046581393785369817
-0.11284631972606748
-0.35562050916574217
-0.5848639363429554
-0.8765633465238001
-0.9493959529771396
-1.0367058192813698
-0.9991555201344122
-0.9293928275035818
-0.8371455063410115
-0.7746479087168119
-0.7094010072790813
-0.638525794330036
-0.48794346944194905
-0.20586535925321892
-0.13236249563910324
0.19819200423022304
0.33731201336140965
0.44050906219415653
0.49515201596115077
0.49568261749812614
0.5772195500796858
0.5933966814156835
0.6192777304323364
0.679724882195974
0.7659020315720213
0.8793390397692027
0.9379045337615718
0.9444080439311714
0.949599638989036
0.9598367995439466
0.9542746806492624
0.9097235876343107
0.9024101659624681
0.8952824715605849
0.7610276119033106
0.746512804547431
0.7315495628208227
0.4850092298416701
0.4132648869433415
0.34889373723436873
0.3115449381173248
0.036413330356796586
-0.30464545776428037
-0.3203640159451827
-0.3461939943242219
-0.6833806981110744
-0.7387801747117034
-0.7525830675447842
-0.9701704442440673
-1.0327411867653622
-1.0388974298586642
-1.0397776982540434
-1.0163482223336109
-1.0156619124015476
-1.0082704443241097
-0.8017816942546748
-0.7342574556466741
-0.6891210840165288
-0.5241028514702081
-0.48684529509314695
-0.4812149561706943
-0.38950337641186866
-0.15299900626773924
0.22313047791398719
0.3050976899566523
0.3673680203488243
0.3896214222722669
0.4542346546837043
0.4651189225796382
0.776940675770693
0.7974050373922069
0.8465672210932234
0.8488802261080262
0.8689416666234122
0.906980456623079
0.9567054041457562
0.9586564441582784
0.9364913808068408
0.9349817262124712
0.9276920895117399
0.9273750193623699
0.9210609941063108
0.9164249518769203
0.9022585215112953
0.6263896089755128
0.4808042633646531
0.30868716252438494
0.21651441750090622
0.1964209426158561
0.058411830379910434
-0.013057899918303122
-0.023108247089735745
-0.38116333555169063
-0.5641607402964558
-0.7581748467011635
-0.804518008332923
-0.8065393892229399
-0.9273083425891145
-0.9488379345234137
-1.0024033530658603
-1.0387601016866956
-1.0382792136026628
-1.0325243741832533
-1.030132229085149
-0.978095862099041
-0.9778779994046161
-0.9681608029710977
-0.9629267742205581
-0.9607346962667598
-0.9004293547469742
-0.821610279259185
-0.8129130343369054
-0.6399117715037828
-0.6160260285473075
-0.6124250888526127
-0.5953012460175519
-0.3745801655047673
-0.3044602052250415
-0.2587358960664584
-0.11467464514427972
0.017176124176842472
0.03598428135624361
0.38012953590884146
0.4522272462550966
0.5813643570321603
0.6390866569899076
0.6622591926922433
0.7920568619913239
0.8586487194872326
0.9132440954920195
0.9140012848353279
0.9160524722512489
0.9584137409362294
0.9581934112758381
0.936556488368657
0.9305262630249154
0.8536636897327337
0.644665030303593
0.6363774310586906
0.5970601637223172
0.594149517526376
0.5760030002557537
0.521167773948514
0.49329712024762573
0.2397310323063569
0.14628725071134835
-0.07377332681240771
-0.5049834358858779
-0.521585261335488
-0.7361844772776243
-0.8257151532035338
-0.8944139750586061
-0.9344916824205296
-0.9491285312056335
-1.0295376638273974
-1.0182300023540158
-0.9769813610724774
-0.9341720374812472
-0.6891989572762149
-0.20979995527634157
-0.02589756215754105
0.1359285035964579
0.1772053655032373
0.20958851835911496
0.31611966813796544
0.3231561734001528
0.4530287845732146
0.49453785385703225
0.5485998080488467
0.6064068644575944
0.6097577654376821
0.6616202682353323
0.6700807551653868
0.8473049286928338
0.8863591394681536
0.8898757780555547
0.9197472278911252
0.933868212490519
0.9430941826788357
0.958816558416274
0.9603470073462101
0.9593260388653622
0.9486249117426144
0.8750994280276867
0.8143216612527849
0.2795593067668055
0.04262891931516348
0.001871023249964486
-0.11052155777847766
-0.14056672381686947
-0.1755014162477711
-0.23497414429468505
-0.35991851997696367
-0.5561536871053673
-0.6202033499313805
-0.705564322919927
-0.7502019054486759
-0.7532891759727566
-0.8080529234240426
-0.8308533252641507
-0.8544277616770061
-0.890864096339226
-0.9973308558814409
-1.0302410499077037
-1.0173043810841498
-0.9674134241628153
-0.8481358509064022
-0.7833289846815258
-0.7143488796302886
-0.505731628114443
-0.3681308459762235
-0.23978183185297808
-0.23793464913027068
-0.0727436752977848
-0.06332237606885363
0.0139364883660857
0.327524573958172
0.3478921539654252
0.41456331596754226
0.4505657257295952
0.6363805286505332
0.6618934808177813
0.6899862950027618
0.738658636743805
0.8082739593972632
0.8109300948041027
0.880342000474476
0.9355582295501762
0.9536463623287114
0.9224876840931562
0.9203981175618942
0.9052856805783837
0.8536344090207519
0.7795175193086666
0.5054767309683859
0.3041345489091854
0.2505076172528256
-0.022350684016676763
-0.0336591610219552
