-0.1688144089292594
-0.34714249294769955
-0.45124207173646375
-0.8062945617095703
-0.8310686420604517
-0.8655807217430109
-0.9973605675591889
-1.0110912808559576
-1.0147958563331865
-1.0124040012604458
-1.0051205799112608
-0.9687673862060413
-0.9397585141467171
-0.7341757884026587
-0.6927915875985688
-0.5967948401231562
-0.466386983158805
-0.24226643174792847
-0.24043412486511315
-0.15851381154561917
0.04951730941339978
0.09004487490449915
0.11613660992640246
0.538267017255674
0.7931273791646442
0.8357777065482003
0.9229195553535581
0.963896316622456
0.9703952038783088
0.9626792644292693
0.9187026564506507
0.8905322335534547
0.8573791661029246
0.8353605643365603
0.8216976875372788
0.7235174410129335
0.7189302011511481
0.6006153492157026
0.5571146059394949
0.5044273847744424
0.40023794866848483
0.3762100279927671
0.23218369986120452
0.20229283798926556
-0.15468858708562458
-0.19020350969261443
-0.2868287795453979
-0.33036333884686964
-0.3750583216047924
-0.634437273268362
-0.6404477738840991
-0.6533512629157329
-0.745047324203804
-0.7756647677022496
-0.9395048497337787
-0.9542841377576656
-0.9569495257550931
-1.0093425659977957
-1.0262271429583019
-1.0117911877709507
-0.9273966351178053
-0.3602089377542886
-0.27538066462227906
-0.18680182613489832
-0.0925918935428601
-0.07817515521413215
-0.018564821414937448
0.09902695129152517
0.203798069251526
0.5517388255639156
0.5930795126314719
0.6190650957774558
0.6784770276004953
0.7225964718998985
0.8962158653663889
0.9237819240467646
0.929853488698177
0.9453317428854426
0.9393213729746982
0.9319617455958329
0.9166924723283385
0.9087856274997487
0.8367387044808621
0.827711414742651
0.7379326119598003
0.58713185325897
0.5398859709302366
0.42453740231265236
0.40884939483804505
0.28475080670093117
-0.19787570969519844
-0.25528748729413714
-0.28646839670898266
-0.2980212085996488
-0.6288521651396605
-0.812678855182066
-0.862113615439954
-0.8977235405316932
-0.9439490163483891
-0.9502493837984791
-0.9578330505094045
-0.9794678122737949
-0.9997504917663692
-1.0068538194618606
-1.0139478947947747
-1.0206316621409264
-1.0385230984658431
-1.0385658242804545
-1.0312883519990406
-1.0264372232945382
-1.0178989455573861
-0.7438553254967104
-0.6870246556715727
-0.5631894212964252
-0.5014858919949754
-0.42647943690503043
-0.40144484702012273
-0.38794451688955733
-0.3308412035384146
-0.29277745589820553
-0.2671771722804573
-0.18141888735293163
-0.16025175595496025
-0.15838127502601432
-0.10460691340969222
-0.0970847565768968
-0.05189776203437364
0.0715971892817381
0.17932299495628118
0.22260192865440806
0.29925122340954036
0.34781382031789476
0.4656870913530035
0.5172868500745218
0.5461469492749269
0.6544453556902481
0.8430977422565235
0.847770052926414
0.8587821072899298
0.9566254451506955
0.9596604572894598
0.8306533990025669
0.7632505032044445
0.7453105475665356
0.7165052832652374
0.6619602076429896
0.2847191388918962
0.23919254151275804
0.031099801400679937
-0.24887318525698332
-0.29351282085858216
-0.6079343638559027
-0.6991771790673126
-0.7393281687037699
-0.858551802128727
-0.8857773937538752
-0.9692078843985291
-0.9973771141990548
-1.0408322872803266
-0.995302828915588
-0.991864824489331
-0.8923842437355383
-0.8365990903345772
-0.7433190849771972
-0.6771073707441244
-0.6678522539924474
-0.6490753930203169
-0.6289360820239409
-0.5371799347435952
-0.2581587484557516
-0.21008613098215098
-0.09842270670167791
0.3866713872906303
0.4237620892446068
0.4409112799380313
0.5211912411338134
0.5392300655164822
0.6775483824569241
0.6853604173387624
0.7127894468478124
0.7506032212206063
0.8608915753125905
0.8900881609208564
0.9516052829153631
0.9579371929304993
0.9271010386098955
0.9032050981472739
0.8899562059665438
0.8793042201093618
0.8278806414511505
0.7133598806089804
0.6195743317721492
0.5495859289323135
0.47536503791818646
0.34785012743247234
0.3461131617942357
0.2474276679062598
0.20322506674825497
0.12391231857680442
0.11026301044141562
0.037875059105894227
0.034742608923835336
0.004009410746436959
-0.18588034344317952
-0.5192622179639604
-0.5242243682577409
-0.536288817862972
-0.5628167752205024
-0.6994824071464413
-0.7937378376496459
-0.9454879669984929
-0.9523712311483253
-0.9575008210132351
-0.9699250833686892
-0.9717878520138087
-1.0007231666264387
-1.0152725897351766
-1.0419159260069726
-1.017310801276596
-1.0013266260910798
-0.9923718791787275
-0.9583568206012907
-0.9258800014189308
-0.8823879129808152
-0.8009103102313389
-0.7771048156686757
-0.7294405812898467
-0.7248637216227316
-0.6181984083754545
-0.36075762489411234
-0.3054681014341094
-0.28114388761805137
-0.14320433138482982
-0.10877339333835187
-0.034688270707050474
0.022438149651759644
0.049369836066299765
0.1856939928223961
0.5004252684471381
0.5927100526495055
0.7090522633074317
0.7270040140106611
0.8751752381428037
0.875923149410341
0.9186519340242785
0.9427610607593861
0.9520142034578425
0.9565320138765001
0.9509545466439063
0.9451178644957092
0.783969598982522
0.7621557214067821
0.5969361455821983
0.4709294220553195
0.3529770019608322
0.3390809777150673
0.15048010538690035
0.135661526189716
0.1065276205974311
0.04414027083592956
-0.11528846786836533
-0.35806417641052946
-0.5873090720780746
-0.8790106756400171
-0.9518440221016347
-1.0391561791983999
-1.0016067058558762
-0.9318447262150769
-0.8395980263321975
-0.7771007623840503
-0.7118541653755147
-0.6409792473880409
-0.49039746580894605
-0.2083201922270547
-0.13481752228105073
0.1957361774471705
0.33485587009154505
0.4380526863308355
0.49269551647927123
0.4932261168116328
0.5747628626483426
0.5909399564125996
0.6168209448223894
0.6772679519146112
0.7634448830895759
0.8768815552740437
0.9354468013499685
0.9419502715676553
0.9471418290913897
0.9573788326639734
0.95181661470542
0.9072653439375118
0.8999519055016232
0.8928241960953659
0.758569167208075
0.7440543482821502
0.7290910954264839
0.4825506533536528
0.4108062957590268
0.34643513735256953
0.3090863349306719
0.03395473646722221
-0.3071039656322791
-0.32282251775097853
-0.34865248571702073
-0.6858389879791665
-0.7412384147479716
-0.755041294030122
-0.9726283401307064
-1.0351988240120533
-1.0413549876580726
-1.042235166384005
-1.0188054565110631
-1.0181191425655673
-1.0107276340622604
-0.8042382453661032
-0.7367138534398189
-0.6915773846711453
-0.5265588188204147
-0.4893011901974195
-0.4836708404198003
-0.3919590855624445
-0.15545426870746218
0.2206759638230924
0.3026433542718698
0.36491382617341295
0.3871672801442007
0.45178066883251605
0.46266496389381145
0.7744876769506992
0.7949521238699989
0.8441145380037296
0.8464275550091628
0.8664891053770508
0.9045281450251403
0.9542537065542468
0.95620482305454
0.9340404490807234
0.932530812694373
0.9252412572975166
0.9249241904734383
0.9186102284984513
0.9139742296764496
0.8998079199794448
0.6239403855591736
0.47835555952124786
0.30623901760872957
0.21406655882346826
0.193973145620601
0.05596445335640991
-0.015505060155621139
-0.025555376789066997
-0.3836093381544714
-0.5666060994919606
-0.7606194036840118
-0.8069623404257671
-0.8089837110670697
-0.9297519476527241
-0.9512813769925521
-1.0048462771744677
-1.04120192208886
-1.040721003871996
-1.0349659466050767
-1.0325737388080343
-0.9805366340652211
-0.98031876918156
-0.9706014785398683
-0.9653674015362672
-0.9631753038321675
-0.9028694931413561
-0.8240499273811284
-0.8153526334631289
-0.6423505145341245
-0.6184646655604734
-0.6148637100633637
-0.5977397926872885
-0.3770178167064505
-0.3068975886070818
-0.26117310732176535
-0.11711132178230974
0.014739934225139605
0.03354816114112424
0.37769474794090185
0.44979276277086605
0.5789304613386657
0.6366530492125869
0.6598257064857151
0.7896241534593897
0.8562165233248201
0.9108124645775306
0.9115696636042039
0.9136208776529716
0.9559830744255078
0.9557632086253185
0.9341268933234417
0.9280967711147883
0.85123506723274
0.6422377935106336
0.6339502390580314
0.594633178397168
0.5917225471500551
0.5735761220887887
0.5187411651760645
0.49087064380870754
0.23730566772105674
0.14386227055191053
-0.07619742019627707
-0.5074057162589705
-0.5240074654964062
-0.738605597271227
-0.8281357298213835
-0.8968340611887184
-0.936911430982811
-0.9515481415910988
-1.0319549368012892
-1.0206470103897152
-0.9793977616316121
-0.9365879975259508
-0.6916132741264343
-0.21221206772984627
-0.028308914164761813
0.13351782166101098
0.1747948569220733
0.20717814691192513
0.31370975726579
0.3207462935783045
0.45061949728930895
0.4921287658039074
0.5461909890766745
0.603998348183367
0.6073492672728664
0.6592120598082429
0.6676725958876369
0.844898010751254
0.8839526041103355
0.8874692814680176
0.9173411086147587
0.9314623205855388
0.940688474192532
0.9564113871106559
0.9579420658147371
0.9569212806015512
0.9462205973142856
0.8726961913344153
0.8119189629041161
0.2771594656670002
0.040230066813903856
-0.0005276629601408331
-0.11291978633186535
-0.1429648297186954
-0.17789937909527168
-0.23737186200548913
-0.36231571209740737
-0.5585500003578964
-0.6225993528206422
-0.7079598835563666
-0.7525972172092457
-0.7556844699623179
-0.8104478875236045
-0.833248142270346
-0.8568224189718059
-0.8932584875942574
-0.9997241974747619
-1.0326337681913753
-1.0196957079053983
-0.969804068704675
-0.850525512233093
-0.7857182366336779
-0.7167377426927231
-0.5081194789865529
-0.3705181041266436
-0.24216856529238878
-0.24032137515169005
-0.07512974686107143
-0.06570841063482537
0.011550756984443036
0.32514010330174703
0.34550776909830544
0.41217921767027305
0.44818178649647583
0.6339974831664332
0.6595105717942241
0.6876035418396952
0.7362761706833674
0.8058919573203048
0.8085481121411128
0.8779605994811599
0.9331775173890846
0.9512660576475529
0.9201088894542329
0.9180193516297648
0.902907103536683
0.8512563356636814
0.777139993622687
0.5031006507918325
0.3017593146221356
0.24813259445947128
-0.024724673812831322
-0.036033108772837504
