-0.1691676067929858
-0.34747667046183073
-0.451564588470928
-0.8065693812224564
-0.8313391600558583
-0.8658447872267143
-0.9975872190920481
-1.011308351473412
-1.0150081042830263
-1.0126011319912518
-1.005311391584464
-0.968941657007339
-0.9399240630686078
-0.7343024051696501
-0.6929122354533875
-0.596902718954502
-0.46647913763994375
-0.24233400235127955
-0.2405015022814786
-0.15857263102684682
0.049479854660264416
0.09001157912193673
0.11610599937522675
0.5382827186247706
0.7931791432845402
0.8358373094411569
0.9230000619669511
0.9639946663311908
0.9704996505412562
0.9628045421971642
0.9188457930250673
0.8906827479653999
0.8575369078775528
0.8355225565575741
0.8218621540259838
0.7236972549025826
0.7191106560591995
0.6008108753839894
0.5573151403847135
0.5046337111682068
0.4004550483521183
0.37642951008593856
0.23241688143525335
0.20252876438431489
-0.15442112166299657
-0.1899329418008712
-0.2865497101074389
-0.33008039225419467
-0.37477135086613644
-0.6341253740933783
-0.6401352473932879
-0.6530373785806782
-0.7447232630079896
-0.775337045873889
-0.9391530448617709
-0.953929428719897
-0.9565942669823275
-1.008973525859066
-1.0258501715191097
-1.0113896334420118
-0.9269759265535078
-0.35973350889411476
-0.2748992425622624
-0.18631433993947735
-0.09209810962670395
-0.07768041752607664
-0.018066159558079407
0.09953330634741703
0.20431129832340597
0.5522762738367186
0.5936201524480964
0.6196078022685977
0.6790246779964263
0.7231480455699587
0.8967873956977583
0.9243583891297247
0.9304312426107056
0.9459134146208801
0.9399257829630099
0.932567845268295
0.9173015311059577
0.9093960251299662
0.8373583991755335
0.8283320581854124
0.7385613838878544
0.5877713383591785
0.5405283885512095
0.4251864515229754
0.4094992999866374
0.28540719548918225
-0.19719659933297595
-0.2546057481295281
-0.2857852237077161
-0.29733750282539595
-0.628152369234161
-0.8119683927122092
-0.8613997638788888
-0.8970069968003923
-0.9432284871366183
-0.9495282495344335
-0.957111161486527
-0.9787435695027049
-0.99902363971854
-1.006125904884749
-1.013218798260422
-1.0199012900444373
-1.0377857769849224
-1.037828095945121
-1.0305461124556408
-1.0256936666630598
-1.0171536105086125
-0.7430890530612818
-0.6862557253738066
-0.5624152931528095
-0.5007093899147337
-0.42570018809452864
-0.40066470953485017
-0.387163905290162
-0.33005862220117943
-0.29199358992987917
-0.26639245340100326
-0.1806313656520481
-0.15946355330288284
-0.15759301237704063
-0.10381693683372895
-0.09629454176557166
-0.05110612250932085
0.07239268608454918
0.18012184939182954
0.22340214001091532
0.3000538619625583
0.3486180197226302
0.4664951945624885
0.5180967347292407
0.5469578561912887
0.655260324553616
0.8439214995983284
0.8485940852154502
0.8596068082984785
0.957460029523964
0.9604964738107565
0.8315029224640808
0.7641029842363637
0.7461637272919653
0.7173595281988583
0.6628163164402388
0.285585349111534
0.24005979584888862
0.0319716083803333
-0.24799551715430135
-0.2926342179467661
-0.6070488589813616
-0.6982894466748212
-0.7384393948393937
-0.8576595755524615
-0.884884262106119
-0.9683114162742962
-0.9964791307994412
-1.0399289136107193
-0.9943946131636796
-0.9909564234737369
-0.8914720167818716
-0.8356853100734059
-0.7424031145832817
-0.6761900396560204
-0.6669347420913615
-0.6481575203753775
-0.6280178309163155
-0.536260052361824
-0.25723450856691477
-0.2091611969660507
-0.09749619739840423
0.38760460329936935
0.4246958412990722
0.44184528269742845
0.5221264473403696
0.540165550239859
0.6784861497120905
0.6862983238545347
0.713727854396653
0.7515423558514973
0.861833232584864
0.8910306789363864
0.9525507184008396
0.9588835889540568
0.9280504933303322
0.9041554304469331
0.8909069402335696
0.8802552494671647
0.8288328711809597
0.7143141137707991
0.6205298763838711
0.5505423435931568
0.47632230507259804
0.34880873975783283
0.34707179162688684
0.2483872645068277
0.20418508115941833
0.12487306425104565
0.11122387993197339
0.03883657715964864
0.035704154771450274
0.0049712282706343355
-0.18491687406669055
-0.5182958101104166
-0.5232579146444893
-0.5353222525624547
-0.5618499620264965
-0.6985142492382345
-0.7927686487611858
-0.9445167020357551
-0.9513998466307623
-0.9565293447434188
-0.9689533739670132
-0.9708161061512468
-0.9997507829611932
-1.0142998037048263
-1.040941412823624
-1.0163349098636447
-1.0003503196471744
-0.9913953770202507
-0.9573797051275623
-0.9249024125714974
-0.8814097864667266
-0.7999313479145271
-0.7761256369959701
-0.7284609962824654
-0.7238840992293369
-0.6172179772437436
-0.35977555292483004
-0.3044857118182188
-0.2801613608984567
-0.14222105136394628
-0.10778993038490677
-0.033704419061192634
0.02342229755162057
0.05035412290029964
0.18667897998826924
0.5014119222722706
0.5936972379505209
0.7100401827552953
0.7279920564332991
0.8761645069341681
0.8769124261192606
0.9196417372190662
0.943751299524487
0.9530047076219079
0.9575227504732987
0.9519459096198511
0.946109388544988
0.7849627014129367
0.7631489525005016
0.5979301760333924
0.47192394306802654
0.3539719306213133
0.34007595198485385
0.15147566230298598
0.1366571265730508
0.107523305669693
0.04513613419174007
-0.11429216321340394
-0.3570672177813258
-0.5863114811730361
-0.8780121401482979
-0.9508451678579294
-1.038156337948789
-1.0006065086791593
-0.9308442216687484
-0.8385972538940665
-0.7760998460413446
-0.7108531177241694
-0.6399780724944992
-0.4893960564901374
-0.20731842178090745
-0.13381566820527815
0.19673837720064133
0.33585820666271393
0.4390551234933965
0.4936980071202906
0.49422860797383855
0.5757654346224134
0.591942544649287
0.6178235592951754
0.678270629029783
0.7644476547324829
0.8778844726230675
0.9364498263547277
0.9429533139372135
0.9481448877797011
0.9583819596627067
0.9528197848722834
0.9082685917353868
0.900955160636644
0.8938274578003389
0.7595725032945773
0.7450576894826029
0.7300944415514843
0.48355404832491317
0.4118096975409685
0.3474385433002017
0.3100897425413518
0.03495814179780391
-0.3061005951617305
-0.3218191497851603
-0.3476491220598768
-0.6848357085278108
-0.7402351562463171
-0.7540380412305664
-0.9716252268905026
-1.0341958203159276
-1.0403520176506011
-1.0412322344175593
-1.0178026238701445
-1.0171163116293882
-1.0097248202986977
-0.8032357031568339
-0.7357113764835098
-0.6905749490668712
-0.5255565251533878
-0.4882989273052545
-0.48266858215190567
-0.39095690189484045
-0.15445227542736847
0.2216776379818963
0.30364495232544997
0.36591536385493795
0.3881687956194369
0.4527821176271248
0.4636664010968021
0.7754887044668347
0.7959531149705972
0.8451154307209237
0.8474284426066964
0.8674899460695398
0.9055288791149031
0.9552541784161859
0.9572052622466294
0.9350405937888312
0.9335309496237212
0.9262413594920778
0.9259242912473467
0.919610302236769
0.9149742848695592
0.9008079236174693
0.6249398003012911
0.47935475219606116
0.30723797137263426
0.21506539022757515
0.19497195065635564
0.05696307885286922
-0.01450652734037777
-0.0245568570297688
-0.3826113003022881
-0.5656083367690184
-0.759621984025707
-0.8059650169464778
-0.8079863919709148
-0.9287549351177654
-0.9502844340008498
-1.003849555897539
-1.0402056729254787
-1.0397247675986108
-1.033969803521759
-1.0315776225461444
-0.9795408334111925
-0.9793229694640985
-0.9696057191253146
-0.9643716627648102
-0.9621795735100885
-0.9018739635387578
-0.823054607532309
-0.8143573345765686
-0.6413555819287843
-0.6174697783159837
-0.6138688295801706
-0.5967449440976541
-0.37602335126772857
-0.3059032377661439
-0.2601788301332849
-0.11611727335901308
0.015733774387729667
0.03454197146192741
0.378687988145578
0.45078587267126435
0.5799233196882783
0.6376457843434035
0.6608183895877348
0.7906165037331224
0.8572086543097628
0.9118043536374411
0.9125615485196095
0.9146127511694433
0.956974550711217
0.9567544863695048
0.9351179109957375
0.9290877446419092
0.8522256686184089
0.6432278017397968
0.634940228113312
0.5956230789822056
0.5927124413360254
0.5745659768031214
0.5197309045713538
0.49186032655600453
0.23829487450963308
0.14485131277357755
-0.07520875759571588
-0.5064178298171444
-0.5230196116820618
-0.7376182076094937
-0.8271485727929901
-0.8958471141530672
-0.9359246284713869
-0.9505613982381196
-1.030969194200509
-1.0196613812236044
-0.9784123925616521
-0.9356028170675285
-0.6906287972329616
-0.2112285347175874
-0.027325706767995242
0.1345007421370383
0.17577770316842578
0.20816093443789138
0.3146923475740728
0.32172887059083255
0.45160182057602594
0.4931110037792342
0.5471731118301731
0.6049803413196295
0.608331252654546
0.6601939211218775
0.668654436155084
0.8458793194635086
0.8849337489940974
0.8884504097496861
0.9183220753250049
0.9324431899309555
0.9416692649943486
0.9573919478799272
0.95892252818929
0.9579016644963941
0.9472007911472777
0.8736759236498406
0.8128984646828812
0.2781377438598008
0.041207921642947905
0.0004501206549748088
-0.11194219870802709
-0.14198729462045503
-0.17692190526018908
-0.23639449315060435
-0.361338568328153
-0.5575732329684797
-0.6216227183465382
-0.7069834384807614
-0.7516208787171009
-0.754708139080784
-0.8094716979209192
-0.8322720156620446
-0.8558463607617758
-0.8922825433190393
-0.9987487027321882
-1.0316585403916056
-1.0187210760267051
-0.9688297290274585
-0.8495515936420387
-0.7847444933681138
-0.7157641659798774
-0.5071463357738255
-0.3695452147654822
-0.24119590065579624
-0.2393487136920984
-0.07415736569539216
-0.0647360453145317
0.012522992455395544
0.32611179882061586
0.346479427874612
0.413150753711928
0.44915325441266374
0.6349685682985154
0.6604815984814214
0.6885745017731284
0.7372470076529791
0.8068625955690484
0.8095187420749803
0.8789309802893545
0.9341476031736585
0.9522359689099446
0.9210781539682681
0.9189886038486914
0.9038762748538757
0.8522252912525314
0.7781087146432639
0.5040687526962687
0.30272705422786794
0.24910024348121396
-0.023757467230870712
-0.035065920199190796
