-0.1694881860976551
-0.3477743256146765
-0.45184819003672916
-0.8067955048284143
-0.8315601007920145
-0.8660579536418257
-0.9977553143609258
-1.0114649071583686
-1.0151588517467593
-1.0127336745517965
-1.0054363251877634
-0.9690466754939302
-0.9400185817894533
-0.7343500673773699
-0.6929527155455808
-0.5969278362400028
-0.4664853394254347
-0.24231063767424196
-0.24047790529448457
-0.15853874349958827
0.04953942815436618
0.0900761520933265
0.11617380013128685
0.5384061743327915
0.7933459190162827
0.8360134994235673
0.9232013536535524
0.9642173807020921
0.9707296842386854
0.9630595805526734
0.9191222648333066
0.8909680734858839
0.8578309060453823
0.8358216549280459
0.8221642212487833
0.7240177361269841
0.7194319063407011
0.6011502062921549
0.5576604791815986
0.5049859976843829
0.40082025722897646
0.37679757649503964
0.23280137855658914
0.20291655338368547
-0.1539955116723508
-0.18950361176682448
-0.2861101865513574
-0.32963622007274324
-0.37432235392423274
-0.6336464914341873
-0.6396556127195917
-0.6525561161567893
-0.7442298011649993
-0.7748391960301582
-0.9386263285697711
-0.9533992316495803
-0.9560634110340503
-1.0084261529512863
-1.0252932933988916
-1.0108032961126767
-0.9263666374932737
-0.3590586594923547
-0.27421721344237354
-0.18562504625998905
-0.09140127170715481
-0.07698243706547359
-0.0173634782975225
0.100245203205899
0.20503142931328622
0.5530254148389873
0.5943731161709264
0.6203632413651109
0.6797860386340244
0.7239141052378814
0.8975773573641801
0.9251542609413471
0.9312286579878042
0.946715522145298
0.9407551219087918
0.9333992077297834
0.9181364372857241
0.9102325346639464
0.8382060423571615
0.8291808375223477
0.739419897243771
0.5886426806923719
0.5414032425158503
0.42606924659825196
0.41038312001219246
0.28629877934549086
-0.19627780830881794
-0.2536838094113659
-0.2848615681384819
-0.2964132093242041
-0.6272088100131561
-0.8110120620481714
-0.860439375388831
-0.8960433849382167
-0.9422601034311552
-0.9485591413984844
-0.956141149677109
-0.9777707395555821
-0.9980476857027699
-1.0051486787140027
-1.0122401569474815
-1.0189211215204346
-1.0367972881246479
-1.0368391199704154
-1.0295517353697854
-1.024697712681173
-1.016155527305192
-0.7420659028810923
-0.6852293931648475
-0.5613827380493757
-0.49967399273528923
-0.42466150254328555
-0.3996249600694825
-0.38612358821984377
-0.3290159469836129
-0.29094937677062405
-0.2653472191505523
-0.1795827759189083
-0.15841414835047096
-0.1565435355977493
-0.10276540818386959
-0.09524272790670128
-0.05005260302333117
0.07345082337674949
0.1811840063102543
0.22446592137625082
0.3011205490541698
0.3496865753875138
0.46756842364750417
0.5191720964534744
0.5480344417032177
0.6563417727561341
0.8450134686774263
0.8496863834375613
0.860699907053107
0.9585649596837931
0.9616031183843659
0.8326257359051152
0.7652293380740676
0.7472909175069304
0.718487993528839
0.6639470129158455
0.2867281374099701
0.24120383398563072
0.03312109613719378
-0.24683901356837634
-0.29147659539169923
-0.6058829748269106
-0.6971208962246473
-0.7372695977723448
-0.8564856456943603
-0.8837092489108022
-0.9671324094612797
-0.9952983102790801
-1.0387416412741655
-0.993201545245748
-0.9897631338119081
-0.8902741478486127
-0.8344855820013293
-0.7412007651803952
-0.6749860616735418
-0.6657305476991656
-0.6469528942199823
-0.6268127517912648
-0.5350530208258829
-0.25602226176074855
-0.20794811940504004
-0.09628123449090074
0.38882759280371365
0.42591947233100147
0.44306921376673586
0.5233518186587448
0.5413912548772027
0.6797145859795587
0.687526926781436
0.7149570569310795
0.7527724285122092
0.8630663241501021
0.8922648005605214
0.9537883313343188
0.9601223513360233
0.9292929159012443
0.9053989031531234
0.892150893941807
0.881499556285564
0.8300786143717199
0.715562254238351
0.6217795860826455
0.5517930943458293
0.47757407586195405
0.3500621200651351
0.3483251928817392
0.24964182249568115
0.20544013905201042
0.1261289970808169
0.1124799609037753
0.04009343411071728
0.03696104497655702
0.006228443523135098
-0.18365768248693964
-0.5170331029881239
-0.5219951527776343
-0.5340593570789046
-0.560586769977454
-0.6972494484770606
-0.7915026146466111
-0.9432481844204323
-0.9501311860020503
-0.9552605743594975
-0.9676843247089844
-0.9695470132785826
-0.9984809271536625
-1.0130294665979456
-1.0396690098016301
-1.0150608583664746
-0.9990757717538611
-0.990120595045768
-0.9561041896180889
-0.9236263309106463
-0.8801330617729461
-0.7986536236533328
-0.7748476539923432
-0.7271825273450863
-0.7226055855826263
-0.6159384964581149
-0.3584941100388425
-0.30320388911190227
-0.2788793742548083
-0.14093816400686277
-0.10650682430338594
-0.0324208482451003
0.024706222572221936
0.05163821402981433
0.1879639084081591
0.5026988431227463
0.5949847941077481
0.7113286164379549
0.7292806371020933
0.8774545533313319
0.8782024819787237
0.9209324222657074
0.9450425050800219
0.9542962303176411
0.9588145509076095
0.9532384584862492
0.9474021298605051
0.7862573283209616
0.7644437330930546
0.5992259113527123
0.4732202642223434
0.35526873854557806
0.34137281436804745
0.15277322032934582
0.13795473649233936
0.10882101669221397
0.04643405804469044
-0.11299371259651482
-0.3557679866752805
-0.5850114956531592
-0.8767110279727769
-0.9495436756202542
-1.0368536693914707
-0.999303416169703
-0.929540763176558
-0.837293476541167
-0.7747958974555228
-0.7095490129278711
-0.6386738163594781
-0.4880915216338163
-0.20601345785932565
-0.13251060498330952
0.19804385055459758
0.3371638421692093
0.44036087813701774
0.4950038250698986
0.49553442654029056
0.577071348802884
0.5932484780635673
0.619129523733136
0.6795766675103275
0.7657538048504764
0.8791907945421974
0.9377562749118947
0.944259782889475
0.9494513758889657
0.9596885278470767
0.9541264035398445
0.9095753008485784
0.9022618782673748
0.895134183052192
0.7608793142796066
0.7463645063063904
0.7314012639871066
0.48486092531578506
0.4131165816979552
0.3487454315908866
0.31139663233903175
0.03626502545001814
-0.30479375743234605
-0.3205123152539203
-0.3463422930170415
-0.6835289850520612
-0.7389284587729984
-0.752731350824058
-0.9703187085362414
-1.0328894362774002
-1.039045674838775
-1.0399259381227732
-1.0164964488817376
-1.0158101387213287
-1.0084186683441339
-0.8019298819998145
-0.7344056346953496
-0.6892692575572841
-0.5242510061220913
-0.48699344565259467
-0.4813631061152939
-0.3896515164405103
-0.15314712101266503
0.222982405489263
0.3049496276155474
0.3672199660046
0.389473370869027
0.45408661211016893
0.464970881540827
0.7767926889382466
0.7972570553749212
0.8464192520827998
0.8487322577743666
0.8687937044897122
0.9068325085777679
0.9565574907423975
0.958508535069563
0.9363435105987614
0.9348338570311586
0.9275442249151324
0.9272271549532716
0.9209131332655061
0.9162770934837191
0.9021106699219885
0.626241835070111
0.4806565187384657
0.30853944939038946
0.21636672049291825
0.19627324908275043
0.058264160504654064
-0.013205557582465898
-0.02325590303380827
-0.38131092801845
-0.5643082965332648
-0.7583223577715468
-0.8046655067425574
-0.8066868870556081
-0.9274558000718327
-0.9489853828537502
-1.0025507722192866
-1.03890745872263
-1.0384265689428183
-1.032671717263837
-1.0302795686373507
-0.9782431601359223
-0.978025297318309
-0.9683080955837234
-0.9630740641180189
-0.9608819850528896
-0.9005766171339826
-0.8217575140611305
-0.8130602663821939
-0.6400589553844854
-0.6161732064636779
-0.6125722658799732
-0.5954484188514124
-0.3747272879639136
-0.30460731261870516
-0.25888299377776786
-0.11482171278353405
0.017029083912435974
0.035837245014255614
0.3799825744968435
0.45208030196728
0.5812174458007396
0.6389397619499619
0.6621123044889566
0.7919100175201486
0.8585019038277608
0.9130973116167317
0.913854501504532
0.9159056904180058
0.9582670112875643
0.9580467077081737
0.9364098189632689
0.9303795994181384
0.8535170750060487
0.644518493480247
0.636230896753452
0.5969136410357792
0.594002995680214
0.5758564835932991
0.5210212724304194
0.4931506261687687
0.2395846007296752
0.14614084074429307
-0.07391968693259174
-0.5051296940991936
-0.5217315152651604
-0.7363306702708631
-0.8258613156567242
-0.89456010994472
-0.9346377983344217
-0.949274639353671
-1.0296836406121552
-1.0183759642496906
-0.9771272888293729
-0.9343179404825802
-0.689344767937407
-0.20994564206584987
-0.026043206216655214
0.13578289718893083
0.1770597688364704
0.20944292939786888
0.31597410505615225
0.3230106120630305
0.4528832565300834
0.4943923370083536
0.5484543063193213
0.6062613797360079
0.6096122817336209
0.6614748008109095
0.6699352905025339
0.8471595337765384
0.8862137660476648
0.8897304068134005
0.9196018778483815
0.9337228752226818
0.942948855716378
0.9586712616351382
0.9602017234747796
0.9591807652906673
0.9484796631043101
0.8749542399399822
0.8141765034106307
0.2794143094481523
0.042483977535651356
0.001726090812564758
-0.11066646450516812
-0.14071162365313972
-0.1756463080474312
-0.23511902232291051
-0.3600633684784022
-0.5562984862338954
-0.62034813162449
-0.7057090797685068
-0.7503466483161592
-0.7534339178419197
-0.808197646761044
-0.8309980403379408
-0.8545724677787618
-0.891008787495822
-0.9974754880722311
-1.0303856470837578
-1.017448900094907
-0.9675579048469765
-0.8482802763595424
-0.7834733871386569
-0.7144932602421957
-0.5058759518686274
-0.3682751364357156
-0.2399260928382545
-0.23807890969886253
-0.0728878991041555
-0.06346659779701722
0.013792283668318285
0.3273804400771022
0.34774802490323453
0.41441920300227014
0.4504216216991018
0.6362364748225354
0.6617494346548357
0.6898422575945629
0.7385146154622502
0.8081299641777322
0.8107861006750554
0.880198039017775
0.9354143067849591
0.9535024624514225
0.9223438690335698
0.9202543041147341
0.9051418777409654
0.8534906344746126
0.7793737755243618
0.5053330683755932
0.30399093382806475
0.2503640140507833
-0.022494229198027595
-0.03380270384174273
