-0.15782962216648622
-0.3348617202890851
-0.4381707879644232
-0.7900453999510836
-0.8145387238058308
-0.8486318486312395
-0.9780410369987053
-0.9911826121394137
-0.9945936575746636
-0.9912953498650187
-0.98363936523657
-0.9463293750583868
-0.9168270498093912
-0.7091392331132614
-0.6674468020955682
-0.5708039355338513
-0.4396254893097629
-0.21435615467249003
-0.2125150918486762
-0.1302111555048215
0.07874138412295931
0.11944230350075888
0.1456449254995382
0.5695605594113856
0.8256473554630434
0.8685457218672452
0.9563172317961449
0.9977953883740094
1.0044580876597122
0.9972733432076023
0.9537174976673163
0.9257116876594039
0.892714698742395
0.8707855065991722
0.8571738677414262
0.7592982106402295
0.7547231990690104
0.636684526319728
0.5932707701567393
0.540681183473124
0.4366649281890936
0.412673829961268
0.26884891426089835
0.238996296829645
-0.11759600321308758
-0.15307763689037734
-0.24961625913592436
-0.29311352693185344
-0.33777127830063614
-0.596953094464613
-0.6029593798619882
-0.6158538706000752
-0.7074879718061607
-0.7380854979884545
-0.9018259985382107
-0.9165969898057031
-0.9192608977650638
-0.9716262869136763
-0.9885032430179893
-0.9740827236137983
-0.889741926479562
-0.3229185388022903
-0.23814998406081972
-0.1496357202137444
-0.05549732326227504
-0.041091819938417956
0.018471169856296186
0.13596485330177135
0.24064233715289218
0.5882067648721128
0.6294923145318445
0.6554414874810324
0.714764046448925
0.7588102653842449
0.932024794531009
0.9594821651863378
0.9655247691054651
0.9809135125602573
0.9743385439410209
0.9669337981614983
0.9515844247826241
0.9436408815434887
0.8713311508615659
0.8622762481666222
0.7722547152237746
0.6211168142858672
0.5737751409741133
0.45820425738019915
0.44248697296713024
0.3181622115151828
-0.1653207741037094
-0.22283833116205964
-0.2540775425176113
-0.2656521275059834
-0.5971693952368592
-0.7814829813460032
-0.8310780156432408
-0.8668172215154202
-0.9132373291245869
-0.9195675870050148
-0.9271886675263393
-0.9489410214513198
-0.9693556947050057
-0.9765132694394542
-0.9836680301949685
-0.9904176942478056
-1.0086756492105629
-1.0087402318127954
-1.0017081244078738
-0.9969296871409308
-0.9884903286465802
-0.7156804447317087
-0.659015942844711
-0.535512240975821
-0.47396307676803456
-0.3991375830186974
-0.37416208880922164
-0.36069339706082326
-0.30372235578532003
-0.26574559880483356
-0.24020339013754521
-0.15463776053620093
-0.1335178581333248
-0.13165154641810156
-0.0779968354514849
-0.07049139436695631
-0.02540479742238818
0.09781457063135084
0.20529592688210285
0.24847484313168272
0.324943439843534
0.3733886067409236
0.49096388812909736
0.5424255930176723
0.5712058764137214
0.6791827759241832
0.8671148836837321
0.8717640983018723
0.8827198331615591
0.9797059909810822
0.9826128147082632
0.8523437124798887
0.7846509842479472
0.766641814574444
0.7377304730981256
0.6829981552022021
0.3047046257847891
0.2590654569946684
0.050473134868124894
-0.23016482049682332
-0.27491287811019294
-0.5901561250803192
-0.681672421508543
-0.7219527212991147
-0.8416118154930328
-0.8689533158091375
-0.9528176207415835
-0.9811873458477093
-1.0253741734810198
-0.9805278915545628
-0.9771165387011203
-0.8781951748599376
-0.8226420065370057
-0.7296941467339442
-0.66369184951903
-0.6544647409107865
-0.6357438872404144
-0.615663518234779
-0.5241636089836331
-0.24584492171879443
-0.19788672862793852
-0.08648565933880792
0.3974474481125475
0.43444209535232015
0.4515461876891562
0.5316080978324124
0.5495960838310675
0.6874923179272179
0.695278280431698
0.7226131950172074
0.7602895170856325
0.8700926987369458
0.8991207046863123
0.9600543462837836
0.9661899068420888
0.9347136349233585
0.9106296727968061
0.897293983279862
0.8865780038910888
0.8348916758448216
0.7199233744742433
0.6258384855906927
0.5556485876981779
0.48122794765797994
0.35339302310953274
0.3516518526327804
0.2527325318057141
0.20842786913237263
0.1289349906480591
0.11525499140673745
0.04270535361909891
0.03956593947373254
0.00876451761495805
-0.1815461706438587
-0.5157044480386195
-0.5206789853772054
-0.5327737082107565
-0.5593690605696201
-0.6964052636320185
-0.7909507188172676
-0.9433014702434275
-0.9502200312161233
-0.9553767638016443
-0.9678702058919325
-0.9697438217983197
-0.9988701204029885
-1.0135412508225043
-1.0407182616777164
-1.0165528871195195
-1.0007037034206212
-0.9918130414025498
-0.9580006223708786
-0.9256821339671351
-0.8823719823559664
-0.8011818030310579
-0.7774516531232504
-0.7299300013102913
-0.7253663320846034
-0.6189893935234883
-0.3621525339109978
-0.3069830263459904
-0.28271094060798574
-0.1450614116451246
-0.11070185181952118
-0.03676966310353245
0.02023900769682909
0.04711511212878055
0.18315547825198594
0.49718538008148
0.5892381425410693
0.7052525942523273
0.7231485829426764
0.8707492574918612
0.8714933958084218
0.9139685565812934
0.9378636314832549
0.946984386230527
0.9513849876132104
0.9454855041441027
0.9395645039319811
0.7775537417614407
0.7556664010192928
0.5899783994882885
0.4636731704912152
0.3454656975201407
0.3315407199506185
0.14256212171685098
0.12771475426921783
0.09852450561607579
0.03601742643318997
-0.12371451147836579
-0.36695912907843475
-0.5966826977871009
-0.8891553336337793
-0.9622668802018748
-1.050513996682623
-1.0133352545512502
-0.943911442944969
-0.851975324487649
-0.7896518204326922
-0.724568460177945
-0.6538563587195301
-0.5035878711163927
-0.2220336847525883
-0.14866055220210117
0.18131466843072352
0.32018177210242166
0.42318201649222986
0.4777160354990682
0.47824555947511316
0.5596114092367364
0.5757530948678562
0.6015761877772102
0.6618808388252311
0.7478304915399117
0.8608797085412723
0.9191189234933058
0.9255656030312526
0.9307025253329065
0.9406953477481165
0.934962915637227
0.8900602745958794
0.8827095381335371
0.8755476601410852
0.7408328283611295
0.7262790043530757
0.7112767731892713
0.46420257844294543
0.3923253166695695
0.3278397686992055
0.2904262830375143
0.01484199251149211
-0.3267630218304669
-0.34250735908808233
-0.36837994499864646
-0.7061743129903546
-0.7616901958374044
-0.7755233710616638
-0.9937311133193188
-1.0566912742818286
-1.0629566073629255
-1.0639552746220322
-1.0408149224461813
-1.0401333542845144
-1.032789279837046
-0.8269772323756283
-0.7595995660669086
-0.7145535396203724
-0.5498322076531017
-0.5126365929313055
-0.5070154924583257
-0.41545057497388116
-0.17930229458946678
0.19627791848421555
0.2781213945318374
0.34029530193270646
0.3625136063855242
0.4270225956172713
0.4378889131119077
0.7491051667260067
0.7695181577895474
0.8185433277129914
0.8208492716828636
0.8408463283105633
0.878740791050283
0.9281216537018261
0.9300308388259255
0.9074976626483988
0.9059784962219462
0.8986465120705089
0.8983277142665826
0.8919808756796243
0.8873223954707286
0.8730938852846741
0.596544109876761
0.45071402784309655
0.27834005045350657
0.18603815101483348
0.1659170478010243
0.027721674372880867
-0.04384297971098347
-0.05390663358734091
-0.41244227735982975
-0.5957054461588518
-0.7900430449104715
-0.8364754224404071
-0.8385008543163113
-0.9595500392247137
-0.9811423772573403
-1.0349059000866412
-1.071675201693595
-1.0712054093789563
-1.0655305336679468
-1.0631613210968427
-1.0113921252371303
-1.0111750482052648
-1.0014916216471001
-0.9962748602215399
-0.994089844167619
-0.9339512948794403
-0.8553045897167736
-0.8466244656890711
-0.6739193873300772
-0.650069943089308
-0.6464744069164426
-0.6293760285092014
-0.4089577936660799
-0.3389273454225921
-0.2932603151808959
-0.14937575090397065
-0.01768426912044134
0.0011011825197558
0.3448181344513724
0.4168193594945686
0.5457716154451786
0.6034040269865714
0.6265387351676347
0.7560961705117586
0.8225313518215007
0.876955303386202
0.8777095687370922
0.8797527162708474
0.9218357772080299
0.921477789761339
0.8996619006876474
0.8936014463004467
0.8164857140302197
0.6070894617647811
0.5987891267361025
0.5594131870012881
0.5564983028463785
0.5383256616740433
0.4834142819002371
0.4555063110529621
0.2016290066764434
0.10807855964444878
-0.11222630031931155
-0.5439285331370578
-0.5605508397586461
-0.7754396953577489
-0.8651143590156021
-0.9339424999094441
-0.9741088550591783
-0.9887819081662468
-1.0697965491143773
-1.0585567261540243
-1.01746304839561
-0.9747655982577632
-0.7302062564221323
-0.25135394583068876
-0.06763805422130865
0.0940245221552517
0.13525921438362254
0.16760904484177377
0.27402851203922657
0.28105750089201864
0.4107869817476236
0.45224805538234125
0.50624528875934
0.5639796774737567
0.5673262356144446
0.6191193265736133
0.6275680520114731
0.8044964089375926
0.8434599179574527
0.8469673771141909
0.8767496082306651
0.8908169288785991
0.8999996631331495
0.9155956892539994
0.9170722175217644
0.9160082947250466
0.9052033333484435
0.8314268245871916
0.770524240952597
0.23510549595007463
-0.0020497405259725238
-0.042845349343106395
-0.15534156232671187
-0.18541446237685708
-0.22038148151295892
-0.27990955260191014
-0.4049723697892591
-0.601404938049722
-0.6655241201852147
-0.7509839859662268
-0.7956771337178081
-0.7987683695255678
-0.8536056693944378
-0.87643883277704
-0.9000488172102319
-0.9365443112517629
-1.0432438271556677
-1.0762917512213224
-1.0636612892933792
-1.0139198602770672
-0.8948570809781539
-0.8301394137525984
-0.7612439198895034
-0.5528463359019142
-0.41537382335754625
-0.2871381421404478
-0.2852925601859143
-0.12024265835624581
-0.11082932490474437
-0.03363570153232721
0.27968177978104086
0.3000309852114184
0.3666408045830991
0.4026091888788582
0.5882331166315451
0.6137169705252046
0.6417765640927173
0.6903877517857555
0.75990435223578
0.7625563597988934
0.8318446954780181
0.8869148497736628
0.9049167019689391
0.8734390994831964
0.8713434821206598
0.8561912417243904
0.8044339250328775
0.7302018792400978
0.45585787471205197
0.254338722537276
0.20066759582029264
-0.0724062779353892
-0.08372351925263481
