-0.16940277339378296
-0.34769581778565195
-0.4517739151694395
-0.8067385416845113
-0.8315046985949439
-0.8660048928413749
-0.9977158269021231
-1.011428894655361
-1.015124588254951
-1.0127048928684155
-1.005409834610159
-0.9690261812485435
-0.9400012488239332
-0.7343468407716308
-0.6929516509629113
-0.5969313961357776
-0.466494592907963
-0.2423287899950337
-0.24049612753195476
-0.15856006275524076
0.049510378954209414
0.09004559842228062
0.1161422751497428
0.5383579031019917
0.7932846149799816
0.8359493633292094
0.9231296666557706
0.9641392498972171
0.9706493519092235
0.9629717275683799
0.9190279656710669
0.890871111636933
0.8577313360160849
0.8357205511062887
0.8220622246071637
0.723910201991974
0.719324140938187
0.6010370038704018
0.5575454701747498
0.5048688995108194
0.400699273401673
0.3766757334432188
0.23267459508456995
0.20278878012143028
-0.15413465639404145
-0.18964387493585091
-0.2862535144115662
-0.3297809455289777
-0.374468529919781
-0.6338016521690012
-0.6398109995321138
-0.652711992318082
-0.7443893447866277
-0.7750000587820253
-0.9387958690108373
-0.9535698184417044
-0.9562341958898458
-1.0086019028729394
-1.0254719005782496
-1.0109907584876394
-0.9265609987553732
-0.3592727260975807
-0.2744334379624473
-0.18584345417970058
-0.09162194707024833
-0.07720345582124703
-0.01758590988305688
0.10002000188124241
0.2048037532474282
0.5527890200476911
0.5941355725073949
0.6201249537599738
0.6795459713921287
0.7236726257737581
0.8973286945965359
0.9249038220088005
0.9309777551716775
0.9464632092139621
0.9404946253030654
0.9331381030167698
0.9178742676158916
0.9099698831555727
0.8379400449893554
0.8289144987210135
0.7391506332184641
0.5883695613877236
0.5411290679243483
0.42579268561731104
0.41010625102347253
0.2860195772543738
-0.19656518631985276
-0.25397213331547097
-0.2851504079616471
-0.2967022408477715
-0.6275036309098888
-0.8113107207468553
-0.8607392534535899
-0.8963442316160302
-0.9425623840297561
-0.9488616396853923
-0.956443919513973
-0.978074356229805
-0.9983522411437893
-1.0054536164307266
-1.0125455199065134
-1.0192269433975076
-1.0371056102083207
-1.037147588428472
-1.0298618268205895
-1.0250082779764225
-1.016466732413644
-0.7423846403573626
-0.6855490868016506
-0.5617043015854613
-0.49999641027668795
-0.42498490819446144
-0.39994868541167294
-0.3864474841191606
-0.32934055147180513
-0.29127444338747205
-0.2656725925899765
-0.17990915762952156
-0.1587407750217693
-0.15687018385190116
-0.10309267299273192
-0.09557007841632384
-0.05038046604647981
0.07312157277903328
0.18085354788350433
0.22413497483155778
0.30078872939032575
0.349354194251175
0.4672346382349229
0.5188376702232521
0.5476996477482753
0.656005517657954
0.8446740522728488
0.8493468681325383
0.8603601512052224
0.9582216487624617
0.9612592923215224
0.8322770514937127
0.7648795898652624
0.7469409179887173
0.7181376108722445
0.6635959598595168
0.2863734510970032
0.24084877213233769
0.03276439683346088
-0.24719782091462716
-0.291835738953205
-0.6062446007334621
-0.6974833232644739
-0.737632399378619
-0.8568496890629963
-0.8840736177846027
-0.9674979782760397
-0.9956644240475607
-1.0391096935744217
-0.9935713388941688
-0.9901329940856108
-0.890645384009232
-0.8348573767565578
-0.7415733475356168
-0.6753591333474792
-0.6661036843949252
-0.647326160641984
-0.6271861543110646
-0.5354270099599032
-0.2563978178487025
-0.20832392509643027
-0.09665760664070543
0.38844880905509405
0.42554049583615633
0.4426901471260792
0.5229723192979341
0.5410116553714881
0.6793341657643192
0.6871464564940428
0.7145764064941631
0.7523915166499472
0.8626845052758623
0.8918826722125508
0.9534051540532689
0.9597388287152815
0.9289082936222852
0.9050139653761717
0.8917658116550568
0.881114367912333
0.8296929944638421
0.7151759141122038
0.6213927745126658
0.5514059700136972
0.47718664508302044
0.3496742057456574
0.3479372722690999
0.2492535543724208
0.20505172074621233
0.125740315924633
0.1120912352425663
0.03970447532927999
0.036572076204937236
0.00583937710081632
-0.18404734263396139
-0.5174238192530806
-0.5223858854884557
-0.5344501299296187
-0.5609776319195193
-0.6976407936901375
-0.7918943303663408
-0.9436406461889083
-0.9505236907316309
-0.9556531120594212
-0.9680769461822551
-0.9699396478536056
-0.9988737909121165
-1.0134224749366119
-1.0400626387254206
-1.01545498247124
-0.9994700449681473
-0.9905149385740587
-0.9564987534867039
-0.9240210648394551
-0.8805279888542729
-0.7990488509791742
-0.7752429590372083
-0.7275779783502405
-0.7230010500171108
-0.6163342513899328
-0.35889045431022604
-0.3036003474647113
-0.2792758818470136
-0.14133494213048073
-0.10690366812078417
-0.03281783164446719
0.02430913278912316
0.05124107435688964
0.18756651726244836
0.5023008535855241
0.5945866137729763
0.7109301725666377
0.7288821490888084
0.8770556251495712
0.8778035509554306
0.920533302299156
0.9446432288089803
0.9538968588134197
0.9584150960029097
0.9528387788436589
0.9470023924307027
0.785857024725263
0.7640433833544903
0.5988252749718614
0.47281945196145925
0.3548677801512299
0.3409718396248631
0.15237203675650673
0.13755353734187575
0.1084197871919815
0.0460327646565885
-0.11339516410457808
-0.35616967244990555
-0.5854134078486436
-0.877113278266872
-0.949946039953592
-1.0372563866277509
-0.9997062605681205
-0.9299437173354497
-0.8376965263159407
-0.7751989985720057
-0.7099521608781143
-0.6390770096792201
-0.488494798500276
-0.2064168633060799
-0.13291404018127556
0.1976402925119993
0.33676023557680046
0.4399572358826683
0.4946001638692899
0.49513076515508514
0.5766676588074462
0.5928447823136848
0.6187258187020915
0.6791729403317414
0.7653500442890542
0.8787869826372259
0.9373524251927599
0.9438559270837705
0.949047514367209
0.9592846424451766
0.9537225030957354
0.9091713734919148
0.901857948379635
0.8947302509003915
0.7604753567187135
0.7459605470211873
0.7309973030457995
0.48445694839852366
0.4127126027323895
0.3483414514739531
0.310992651820734
0.035861047141586055
-0.3051977214961379
-0.32091627833549613
-0.34674625441432055
-0.6839329142219805
-0.7393323800315186
-0.7531352699335391
-0.9707225754174234
-1.0332932624612898
-1.0394494885394066
-1.0403297377419904
-1.0169002117952999
-1.0162139010055786
-1.0088224242901682
-0.8023335379398328
-0.7348092666532728
-0.6896728743250189
-0.5246545707909103
-0.487396999032696
-0.48176665779934713
-0.39005504077054354
-0.153550575587605
0.22257906769163488
0.30454631764550943
0.3668166781041565
0.38907009108519747
0.4536833566953037
0.464567630361696
0.7763895873773312
0.796853967105661
0.8460161997181287
0.8483292072778869
0.8683906711082128
0.9064295140880978
0.9561545918885257
0.9581056481275266
0.935940731001981
0.9344310802692606
0.9271414608115661
0.9268243913674181
0.9205103795317428
0.9158743465078404
0.9017079417319313
0.6258393213802939
0.48025408589925694
0.30813710351532203
0.215964419150036
0.1958709573358875
0.05786193409061587
-0.013607750274192785
-0.023658090975284866
-0.38171294065475214
-0.564710209109812
-0.7587241456043424
-0.8050672596074135
-0.8070886383269248
-0.9278574398982242
-0.9493869974012955
-1.0029523061795098
-1.0393088211090515
-1.0388279266452862
-1.0330730411037228
-1.0306808827313387
-0.978644359557538
-0.9784264963996546
-0.9687092800224787
-0.9634752410569428
-0.9612831589220914
-0.9009777180830532
-0.8221585388134572
-0.8134612835199113
-0.6404598394777935
-0.6165740740816344
-0.6129731310422034
-0.5958492724298605
-0.37512800239012545
-0.3050079854284578
-0.2592836398411612
-0.11522227577593737
0.016628596540888205
0.03543676847812683
0.3795823049519911
0.4516800797278941
0.580817314880044
0.6385396757586721
0.6617122371841807
0.7915100710275779
0.858102036929635
0.9126975325253087
0.9134547239173221
0.9155059169679368
0.9578673820034261
0.9576471504763625
0.9360103561099421
0.9299801525844148
0.8531177632121548
0.6441193969102953
0.6358318071403333
0.596514583521946
0.5936039404881116
0.5754574427223803
0.5206222733993427
0.49275164769036384
0.23918579492936404
0.1457420946464113
-0.07431829531434862
-0.5055280209315108
-0.5221298302625005
-0.7367288169105674
-0.8262593779187032
-0.8949580960426166
-0.9350357320145164
-0.9496725515776798
-1.0300811898932267
-1.0187734723934918
-0.977524702650411
-0.9347152859057585
-0.6897418582300052
-0.21034239010489433
-0.02643983619219461
0.135386371244534
0.17666326980579086
0.20904645165755428
0.31557769882083364
0.32261421064830564
0.45248694710701703
0.49399605851572864
0.5480580696011829
0.6058651900111539
0.6092160948202123
0.6610786588785295
0.6695391562004422
0.8467635921864222
0.8858178838513234
0.8893345306358895
0.9192060602457763
0.9333270929177429
0.9425531018857064
0.958275591197035
0.9598060887069113
0.9587851589732732
0.9480841256876689
0.8745588698287096
0.8137812168700509
0.27901946644808445
0.04208928799592104
0.001331427086087654
-0.111061057190155
-0.14110619729913074
-0.17604085948736906
-0.23551353571081424
-0.3604578002803698
-0.5566927816125506
-0.6207423788269094
-0.7061032583223316
-0.7507407882384051
-0.7538280550056767
-0.8085917327180038
-0.8313921034625501
-0.8549665061124394
-0.8914027845340033
-0.9978693221796824
-1.0307793844404427
-1.0178424214691457
-0.9679513203188548
-0.8486735392192478
-0.783866586456614
-0.7148863991981677
-0.5062689337170565
-0.36866802628512263
-0.24031890124520006
-0.23847171695443456
-0.07328060477911508
-0.06385929772951442
0.013399630793902391
0.3269879828823524
0.34735558102395603
0.4140268036018245
0.4500292469871497
0.6358442388297447
0.6613572198420772
0.6894500669728799
0.7381224694016499
0.8077378901316605
0.810394029642207
0.879806058265157
0.935022432944751
0.9531106518552473
0.9219522928063897
0.9198627323430286
0.9047503352862234
0.8530991701947016
0.7789823962460114
0.5049419134471268
0.3035999101849124
0.24997302323218648
-0.022885059692333915
-0.03419352781051155
