-0.15916470205377667
-0.33714518468254556
-0.4410330768825031
-0.7952392263225031
-0.8199390224382034
-0.8543404362232724
-0.9854988975372072
-0.999076660304092
-1.0027052783908883
-1.0000799708333747
-0.9927011125325419
-0.9561043050679654
-0.9269706777030567
-0.7208632990055226
-0.6794033987277744
-0.5832489833284724
-0.45265497362775564
-0.22826101690008196
-0.22642664610881857
-0.14441621725986534
0.06382877088817977
0.1043961466188797
0.1305132729564548
0.5530439675809586
0.8081688005793535
0.8508714020771575
0.9381438681959936
0.9792222645047456
0.9857538466359514
0.978141964357141
0.9342453250024935
0.9061054929047314
0.8729810207933825
0.8509786057204943
0.8373249373342541
0.7391983062770381
0.7346131750410234
0.6163448941489498
0.5728583532110718
0.5201867660273258
0.41602415506528473
0.392001770392477
0.24800448627984972
0.2181188709468605
-0.1388161164206674
-0.17432786144936457
-0.27094571938648887
-0.3144775327919754
-0.3591700888916105
-0.6185437803108754
-0.6245543692347467
-0.6374580871223035
-0.7291575190316703
-0.7597768966387903
-0.9236394892257915
-0.9384226674072615
-0.9410888209036256
-0.9935041263304051
-1.0104042517920875
-0.9960297450772309
-0.9116977014859456
-0.34476717583000915
-0.25997482187758636
-0.1714340135200333
-0.07726541209200655
-0.0628550990939284
-0.00327166693306399
0.11426515796384118
0.21898464633186687
0.5667234693511781
0.6080351134355867
0.6340015758135427
0.6933667514663836
0.7374480578498126
0.9108587222463753
0.9383692188688447
0.9444260049060436
0.9598586453876446
0.9535622417966421
0.9461798495559636
0.9308701857296436
0.9229448454656903
0.8507656222166958
0.8417244449156718
0.7518236453214011
0.6008536076706585
0.5535596503677868
0.4380995253535711
0.4223968278065666
0.2981847530244316
-0.1848717783125633
-0.24233671686328007
-0.27354693292309895
-0.28511069066309147
-0.6162870302614897
-0.8003592171623924
-0.8498748809095519
-0.8855500988423166
-0.9318739311763533
-0.9381894099164976
-0.9457919937700753
-0.9674862295427876
-0.9878356979939868
-0.9949664843194562
-1.0020912838780847
-1.0088084217962763
-1.0268856171532792
-1.0269394285452191
-1.019786465954608
-1.0149722464012088
-1.0064842112051142
-0.7330687738608943
-0.6763229272965369
-0.5526570780647627
-0.4910324831056944
-0.41611861565996183
-0.39111427405210647
-0.37763014060098316
-0.3205945601911882
-0.2825753744897293
-0.25700484760795755
-0.17134531732654534
-0.15020240493392678
-0.14833406215515216
-0.09462107483972995
-0.08710749417540042
-0.04197201926724259
0.08138142993082284
0.18898161695451798
0.2322091258807579
0.3087654734615182
0.35726763968866143
0.47498746741055836
0.5265160928491648
0.5553350533961605
0.6634676539722115
0.8517480470690367
0.8564084177109869
0.8673913533973013
0.9647909891183739
0.9677595660182683
0.8380973806999403
0.7705437745586818
0.7525678146056346
0.7237073601695645
0.6690648362143105
0.2912753532532795
0.24569003243583426
0.037336538565036055
-0.24298387670712002
-0.28768019672663936
-0.6025316574155453
-0.6939176800513973
-0.7341364028511933
-0.8535882263390384
-0.880874580385589
-0.9645325750890572
-0.9928069955891896
-1.0366462693988996
-0.9914757812150226
-0.9880517866844665
-0.8888652695985216
-0.8332021606961815
-0.7400969480120568
-0.6739954728230294
-0.6647551017046762
-0.6460077285962116
-0.6258994524832471
-0.534278245406435
-0.255627192941313
-0.20761488842312245
-0.09608977681189919
0.38839183330858673
0.4254318316827916
0.4425572151775636
0.5227220547361023
0.5407340354102969
0.6788294375894929
0.6866277001662566
0.7140070124311978
0.751748168877433
0.8617801318748598
0.8908876064996538
0.9520962058459602
0.9583242606359645
0.9271494153150536
0.9031539586327467
0.8898591213665822
0.8791732593416982
0.8276105717542546
0.7128528020413969
0.6189086831896972
0.548813521667083
0.4744867810243621
0.34680225772067363
0.3450630631763999
0.2462536109721244
0.20199689730857684
0.12258863489491034
0.10892305149813224
0.03644935292305848
0.03331320930802234
0.0025438267593082334
-0.18756922232910905
-0.5213631417003394
-0.5263318678437058
-0.5384123887026924
-0.5649761255723895
-0.7018385229239956
-0.7962479881311626
-0.948317218979103
-0.9552192402527281
-0.9603632543979236
-0.9728242818178554
-0.9746928153335092
-1.0037296377191394
-1.0183437557225197
-1.045270842902402
-1.020899616607113
-1.0049872577460721
-0.9960666070115689
-0.9621593732909265
-0.929766813958172
-0.8863715607462253
-0.8050469661425049
-0.781281586570029
-0.7336932725055877
-0.7291234367275177
-0.6226117009257919
-0.3654926594401046
-0.31026709350070064
-0.2859706611462228
-0.14818569555621697
-0.11379280927547733
-0.03978922337938144
0.017274411709533893
0.04417645909377352
0.18034926321317823
0.4947063216384875
0.586867260893024
0.7030344823981883
0.7209564569263267
0.868822929357248
0.8695688248267367
0.912162088244173
0.9361568139501355
0.9453391898498238
0.9497943398867863
0.9440446858142107
0.9381629088164594
0.7765531519700926
0.7546999487059087
0.5892295506358701
0.4630629273839333
0.34497384447008533
0.33106230410362475
0.14225896446093772
0.12742495094564285
0.09826083662491117
0.03580928700857498
-0.12378206677835785
-0.3668093725129797
-0.5963112408639291
-0.8884270666207338
-0.9614099633227392
-1.0492250921206732
-1.0118752204105832
-0.9422953931180682
-0.8502160568836037
-0.7878124571947187
-0.7226538717615706
-0.6518667579935218
-0.5014539851328146
-0.21965905727790735
-0.14622633935322424
0.18401481602399544
0.3229979563690241
0.4260884687528263
0.48067244176340196
0.48120245983531557
0.5626467467056656
0.5788046808441984
0.6046543393368929
0.6650242993978991
0.7510781866793862
0.8643049996327458
0.9226935578660568
0.9291662419298232
0.9343281791581461
0.9444327692896154
0.9387782177364876
0.8940362637205241
0.8867025777961678
0.8795563186508217
0.7450515659196101
0.7305155541081129
0.715531121526856
0.4687005123692128
0.3968838620811923
0.332450468623238
0.2950664690140477
0.01968842786194345
-0.3216679473776146
-0.3374005564786172
-0.36325375941472815
-0.700771863062696
-0.7562348612942916
-0.7700542809049771
-0.9879804099323326
-1.0507639783933616
-1.0569798673938633
-1.057924884302346
-1.0346535777123913
-1.0339698625119034
-1.0266043297846743
-0.8204861359832952
-0.7530422195801167
-0.7079553683648628
-0.5430999333312607
-0.5058763524974359
-0.5002510812877086
-0.4086199644314001
-0.17231104891777912
0.20351667930979872
0.28541586865855645
0.34763317976588193
0.36986728039918565
0.4344231779138481
0.4452975716752436
0.7567860408279776
0.7772221075443316
0.8263088092699259
0.8286179237148737
0.8486438866592122
0.886603130338665
0.936138336755797
0.938066286955754
0.9156980596711287
0.9141831532891479
0.9068701338839397
0.9065521097415251
0.9002199646205032
0.8955715311575532
0.8813708144364347
0.6051255566483541
0.45940479362005393
0.28714547707302046
0.19490119613450077
0.17479241573980256
0.036680093248334204
-0.03484225296455712
-0.04489997692407834
-0.40322162335922507
-0.5863665743631298
-0.780560403476405
-0.8269531555512565
-0.8289767884273993
-0.949901579586634
-0.9714660795373717
-1.0251417464482975
-1.0617282622992843
-1.0612535571751183
-1.055543281514011
-1.0531639183693917
-1.001276519957284
-1.001059095479943
-0.9913607356185742
-0.9861363390750261
-0.9839482005732272
-0.9237359241558298
-0.8450130681701582
-0.836325382708812
-0.6634895619916445
-0.639624103494759
-0.6360261835627576
-0.6189165721203261
-0.3983648171514449
-0.32829493035796486
-0.2826026695665127
-0.13864030818558448
-0.006878730455401175
0.011916709853692892
0.3558219350043575
0.42786553437120495
0.5568989346264653
0.6145707846878241
0.6377220859323238
0.7673848479311176
0.8338886726004123
0.8883876846729872
0.8891432299295333
0.8911898966536693
0.9333946703072371
0.9330968607340919
0.9113591620375712
0.905311909610309
0.8283066813232101
0.6190837662438633
0.6107889792719541
0.5714385953619294
0.5685255569050005
0.5503642924436201
0.49548607028875036
0.46759434398775124
0.21385242440517335
0.12034834118747491
-0.09985041039359978
-0.5313391914023345
-0.5479526236819868
-0.7627160589253518
-0.8523284274850782
-0.9211006507630021
-0.9612286916874745
-0.9758861010372036
-1.0566394520766396
-1.0453703965709726
-1.004209974357454
-0.9614643664134791
-0.7167271242480853
-0.23764023507239118
-0.0538444469475252
0.10788811313772945
0.14914084833864916
0.1815049339063657
0.2879721626409929
0.2950043650564069
0.4247950189808144
0.4662765968064514
0.5203014724474251
0.5780668878377666
0.581415299900225
0.6332380172023434
0.6416917617459105
0.8187462664976604
0.8577484198292054
0.8612597890606887
0.891080015137889
0.9051701816822323
0.9143713182410769
0.9300211006151147
0.931520560073987
0.9304749005766895
0.919714072130466
0.8460441675044772
0.7851945430489504
0.2500537769166562
0.012993558362763433
-0.02778612392667565
-0.14023858728928534
-0.1702997828768416
-0.20525316135688482
-0.2647578848653823
-0.3897707568173766
-0.586120149604057
-0.6502100593234547
-0.7356283021993729
-0.7802980723290507
-0.7833876400997278
-0.8381940055088813
-0.8610133938786365
-0.8846084343000513
-0.9210790643980276
-1.0276808291495907
-1.0606709658423856
-1.047912177318878
-0.9981081584065586
-0.8789555565917782
-0.8142006183093098
-0.745269786797558
-0.5367805342007067
-0.3992545442551858
-0.2709716439536224
-0.26912539526298346
-0.10401675842587763
-0.09460010979428882
-0.017379339993142236
0.29605063400359
0.31640747180433615
0.3830427658255782
0.41902527662148925
0.6047284010617742
0.6302243207800114
0.6582976871204155
0.706934221633436
0.776491721501409
0.7791454386829673
0.8484849344968608
0.9036155199137161
0.9216530426786116
0.8903071378797593
0.8882140168206067
0.873078195351396
0.8213646037619429
0.7471800090834465
0.4729607940107291
0.27151437087613745
0.2178613949413107
-0.05512401271679729
-0.06643765978330339
