-0.1684186796758403
-0.3467639304947551
-0.4508740340656931
-0.8059695794932996
-0.8307475432643109
-0.8652654484830417
-0.9970790779756661
-1.0108184441256423
-1.0145273753836508
-1.0121491752111849
-1.0048714622174941
-0.968533212404221
-0.9395322211089278
-0.7339846814317387
-0.6926058764532813
-0.596620673156877
-0.4662270343482931
-0.24212871672250708
-0.24029658458181868
-0.15838401246976327
0.0496277796864053
0.0901515820332413
0.11624088730276728
0.538329378574772
0.7931570876959386
0.8358003160688016
0.9229232314605099
0.9638838287526766
0.9703771922524211
0.9626423780499844
0.9186495860184659
0.890472476520328
0.8573128584929081
0.8352904041405741
0.8216252846217746
0.7234311260709213
0.7188433051101025
0.6005147899787843
0.5570095060316891
0.5043170335087167
0.40011782912045235
0.37608774819386825
0.23204899744056912
0.20215564645525536
-0.15485438229785248
-0.19037211889763286
-0.28700510003854274
-0.3305431762101775
-0.37524180924535994
-0.6346433749864534
-0.6406544447136238
-0.6535591656101627
-0.745264459812517
-0.7758852245116094
-0.9397471578514163
-0.9545290810722038
-0.9571949678946721
-1.0096005136112127
-1.0264922879049259
-1.0120786421141381
-0.9277014736789666
-0.3605634462190479
-0.2757406136666698
-0.18716728025172466
-0.09296306488543887
-0.078547192423298
-0.018940421142735864
0.09864436725374992
0.20340924447801745
0.5513280119154986
0.5926658012436335
0.618649507954898
0.6780569509263278
0.7221728330238275
0.8957741059911426
0.9233356838242166
0.9294060781858576
0.9448807748702187
0.9388497573275764
0.9314885955789807
0.916216635191901
0.9083085745656733
0.8362532088906971
0.8272250575862368
0.7374388731896909
0.5866283854983964
0.5393798400144774
0.424025248895412
0.4083364640919873
0.28423198773347397
-0.19841516416542937
-0.2558293292688074
-0.2870115409128561
-0.2985648366757234
-0.6294104067107861
-0.8132467846289433
-0.8626846230534359
-0.8982969933399517
-0.9445260890342597
-0.9508270060348984
-0.9584113582709969
-0.9800482578805425
-1.0003333073168625
-1.0074376000850285
-1.0145327489663158
-1.021217674882473
-1.0391154232466047
-1.0391585186040397
-1.031885143834165
-1.0270352114404435
-1.0184985490429626
-0.7444739467616469
-0.6876456911581007
-0.5638151781791206
-0.5021138052237963
-0.4271098451129766
-0.40207606245353633
-0.38857616298373676
-0.33147463884368655
-0.29341205810058757
-0.2678125492274433
-0.18205681025835235
-0.1608902974076774
-0.1590198709774054
-0.1052470662226611
-0.09772512579347231
-0.0525394254061958
0.07095202209411908
0.1786747777976776
0.22195247890625341
0.298599568857296
0.34716074792340984
0.4650304728175546
0.5166286133021905
0.5454877838943593
0.6537825004805334
0.842426903615188
0.8470989645221078
0.8581104114182063
0.9559447711237463
0.9589784822730631
0.8299591538969449
0.7625535713233655
0.744612980962421
0.7158067489791139
0.6612599801370631
0.28400973469499646
0.2384821887734644
0.030385312726885966
-0.2495929986305956
-0.2942334834911795
-0.6086612968611861
-0.6999061357732038
-0.740058071590638
-0.8592848418333665
-0.8865112557278831
-0.9699447776214416
-0.9981153840855251
-1.0415754544008544
-0.9960503952898112
-0.9926125591854223
-0.8931354545219522
-0.8373517124054481
-0.7440736969445777
-0.6778632190103635
-0.6686082665421439
-0.649831733335805
-0.6296927662047523
-0.5379381010807365
-0.25892087402190456
-0.21084888723908599
-0.09918689428744719
0.38590110576732617
0.4229913206425509
0.4401402835320409
0.5204191512065214
0.5384577225116551
0.6767739653864996
0.6845858737255736
0.7120144479569549
0.7498275616436451
0.8601136234317602
0.8893094268799441
0.9508238977214414
0.957154934865931
0.9263160009634488
0.9024192629885531
0.8891700055121059
0.8785177514844614
0.8270930819524666
0.7125705004004954
0.6187837597015433
0.5487945661397953
0.47457290035032873
0.3470567673096965
0.34531978575986116
0.24663341321347926
0.20243043231967325
0.1231170195190793
0.10946759884901228
0.03707905804127294
0.03394658259753741
0.0032131374943122903
-0.18667811808082838
-0.5200626635196876
-0.5250248554077436
-0.5370894065336858
-0.5636175892205062
-0.7002844434794153
-0.7945408111578671
-0.9462928277539588
-0.9531762005875346
-0.9583058738619175
-0.9707303481520704
-0.9725931499430396
-1.0015290443742229
-1.0160788332731865
-1.0427237397472846
-1.0181198680620966
-1.0021360702213056
-0.9931815012538115
-0.959167000314105
-0.926690611540354
-0.883199011977496
-0.8017221692046932
-0.7779168713737419
-0.7302530064784877
-0.7256761808071102
-0.6190116029728548
-0.3615723116449811
-0.3062830770621576
-0.281958987933732
-0.14402011679957985
-0.10958934512770399
-0.03550457601255891
0.02162157489744654
0.048553134947000795
0.1848766547123433
0.49960641429604785
0.59189071501318
0.7082322577808412
0.7261838966036196
0.874354004935669
0.8751019089990594
0.91783021455262
0.9419389449326512
0.9511918461168943
0.9557094450145273
0.9501314077270349
0.944294578981791
0.7831448767617873
0.7613308820556207
0.5961105784640633
0.4701034082542991
0.35215061693861605
0.33825455115696373
0.14965314817890066
0.13483452939042606
0.10570054665958444
0.04331303450347361
-0.11611610620604762
-0.35889241059353183
-0.5881378824691207
-0.8798403471500338
-0.9526739842928189
-1.039987041867476
-1.0024378934290805
-0.9326761944643785
-0.8404297392939424
-0.7779326068365435
-0.7126861298348435
-0.6418113281629606
-0.49122976095101994
-0.20915281781819606
-0.13565022444331165
0.19490315854708817
0.3340227256982502
0.4372194496123899
0.4918622306533242
0.4923928305070098
0.5739295021011941
0.5901065809192438
0.6159875452124073
0.6764344947000365
0.762611338880521
0.8760478767655425
0.9346130233936472
0.9411164775471996
0.9463080199674835
0.9565449602311473
0.9509827021769418
0.9064313590522972
0.8991179137550614
0.891990198200623
0.757735099301765
0.7432202755212839
0.7282570179829809
0.4817165286459121
0.40997216413618265
0.34560100131619714
0.3082521970266137
0.03312059811461153
-0.30793807540908513
-0.3236566253997379
-0.3494865896954257
-0.6866730189766214
-0.7420724273952541
-0.7558753016750692
-0.9734622246728318
-1.0360326113865828
-1.0421887450910503
-1.0430688899806755
-1.0196390916500193
-1.0189527761850903
-1.0115612523737845
-0.8050716212071123
-0.7375471709280523
-0.692410665166121
-0.527391972266567
-0.4901343160834352
-0.4845039621642148
-0.39279214048009164
-0.15628715297639084
0.21984336585096795
0.3018108246165873
0.36408135072136366
0.386334824631417
0.4509482731992478
0.4618325786708042
0.7736556598191108
0.7941201394700229
0.8432826420439815
0.8455956636520277
0.8656572561895721
0.903696391688962
0.9534221890581875
0.9553733349462837
0.9332092259218129
0.9316995965352117
0.9244100723952784
0.9240930068496319
0.9177790692040586
0.9131430870713283
0.8989768237715656
0.62310981948291
0.477525193417244
0.30540886667904776
0.21323651810958172
0.19314312865914157
0.05513459813258283
-0.01633483188121922
-0.02638513675197514
-0.3844386638892137
-0.5674351772726987
-0.761448172243832
-0.8077910222869668
-0.8098123889771038
-0.9305803491976574
-0.9521097158398721
-1.0056744161218294
-1.0420296353260217
-1.0415487054852237
-1.035793564180086
-1.0334013321952205
-0.9813639428202701
-0.9811460770919251
-0.9714287501010987
-0.9661946544793646
-0.9640025491546904
-0.9036965574280541
-0.8248768024736679
-0.8161794896475407
-0.6431770403145456
-0.6192911504211714
-0.6156901888247048
-0.5985662426773656
-0.3778439210392868
-0.3077235895507526
-0.26199904181551725
-0.1179370498757677
0.013914394040077702
0.0327226478821628
0.37686974912288673
0.4489678815393041
0.5781058071134327
0.6358285061867192
0.6590012104141185
0.7887999577631649
0.8553925255434045
0.9099886851479924
0.9107458879153945
0.9127971122525721
0.9551596675661279
0.9549399809767689
0.9333039004320447
0.9272738180723309
0.8504124501230264
0.641415711873754
0.6331281747309776
0.5938111939398641
0.5909005684697722
0.5727541790432344
0.5179193262406032
0.4900488560155363
0.23648430963893705
0.143041061050794
-0.07701828694368999
-0.508225882189436
-0.5248276019655345
-0.7394253146203538
-0.8289552371017832
-0.8976533788417507
-0.9377306181260515
-0.9523672753120591
-1.0327731667721973
-1.0214651379172566
-0.9802156542623269
-0.9374057198162907
-0.6924303609903909
-0.2130283020852624
-0.029124854416020925
0.13270214056785776
0.17397924287668587
0.20636258590575082
0.3128943743976762
0.31993092271972207
0.44980435561270743
0.49131370118682505
0.545376028536901
0.6031835047246104
0.6065344308187132
0.6583973354233016
0.6668578905135323
0.8440837855321368
0.8831385268800779
0.8866552192347498
0.9165271923326024
0.930648492255702
0.9398747168135382
0.9555978375284161
0.9571286051166055
0.9561078907977075
0.9454073792028509
0.8718833901401757
0.8111063699705141
0.2763479781166643
0.0394189617395075
-0.0013387036978289024
-0.11373065000465868
-0.14377564593797093
-0.17871013996710536
-0.23818252803401926
-0.36312617477356623
-0.5593601229927082
-0.6234093553718709
-0.708769714992955
-0.7534069523511567
-0.7564941982282793
-0.811257488148266
-0.8340576859812654
-0.8576319008866027
-0.8940678665715512
-1.000533170306472
-1.0334424998422256
-1.0205039011399943
-0.9706119979315578
-0.8513330610000676
-0.7865256269893981
-0.7175449825630298
-0.5089263271737499
-0.37132472294798397
-0.2429749810643232
-0.2411277880530451
-0.07593590650208631
-0.0665145559586539
0.010744728986886207
0.3243345631849591
0.34470226218093164
0.41137382165221215
0.4473764520346377
0.6331924945788621
0.6587056360162296
0.6867986663790776
0.7354714063306161
0.8050873725286396
0.8077435348626543
0.8771562473097374
0.9323734317988419
0.9504621297549246
0.9193055459651887
0.9172160192506758
0.9021038442610816
0.8504532713224977
0.7763371412406508
0.5022983578554825
0.3009573490685647
0.24733071076028626
-0.025526157708728858
-0.03683457639577057
