-0.16829332629347976
-0.3462742428803796
-0.45016101755345406
-0.8043435153125836
-0.8290391847699939
-0.8634336619687557
-0.994532090419494
-1.008088454953961
-1.0117052947170837
-1.0090385336997347
-1.0016402524754726
-0.9649865502051719
-0.9358193123523383
-0.7295304749540044
-0.6880381332689612
-0.591810151355012
-0.46111774231853914
-0.2365527589715022
-0.23471696176259993
-0.15264206491451315
0.05577468717676126
0.09637727489111911
0.12251743983272315
0.5454821393562815
0.8009909296229204
0.843782066623364
0.9312991853108552
0.9725960162832635
0.9792042185806057
0.9718615750011843
0.9282047672291632
0.9001664000275906
0.8671426615966281
0.8452001036650936
0.831581488345379
0.7336757044973449
0.7290999251294245
0.6110544570831846
0.5676432031218583
0.515059456677353
0.4110624393814295
0.38707706182376894
0.24329530973644362
0.21345343929221702
-0.14296532472986778
-0.1784249246785065
-0.2748986193679048
-0.3183640633394354
-0.3629873176127355
-0.6219220895151298
-0.6279214159061434
-0.6408007185473021
-0.7323155301894823
-0.7628677881725366
-0.9262791500963448
-0.94100675383606
-0.9436623587707117
-0.9958101824599558
-1.012553665931997
-0.9976805319224977
-0.912945480269013
-0.3447856438142034
-0.25985094872290887
-0.1711644382892922
-0.0768426964020891
-0.06240902575879552
-0.002729028608660415
0.11499930551633003
0.21989243128484928
0.5682629675582364
0.6096602797947692
0.6356825291712055
0.6951821701817655
0.7393712129362526
0.9133445839011347
0.940998158854574
0.9470925796678403
0.962640310619625
0.9570331093481816
0.9497034374927673
0.9344866233390003
0.9266035131888269
0.8547213958033189
0.8457109232722546
0.7560761967082175
0.6054653093243472
0.558271397022396
0.4430403477036507
0.4273675078781911
0.3033838090073857
-0.17884013882800817
-0.23620534608733548
-0.26736085494086825
-0.2789042287862853
-0.609450170134988
-0.7930879377525015
-0.8424626751255977
-0.8780249214180865
-0.9241798156028341
-0.9304694679620813
-0.9380397684473721
-0.9596328475758158
-0.9798693201811817
-0.9869538321435853
-0.9940269770467762
-1.0006881566005479
-1.0184565364383087
-1.0184920580692505
-1.0111347072018948
-1.0062602577419462
-0.9976904911882349
-0.7232761834642616
-0.666398461392836
-0.5424712119555111
-0.48072565909651704
-0.4056705821264458
-0.3806202613638293
-0.36711153874216584
-0.3099733585458776
-0.27188687157698327
-0.24627149064468376
-0.1604635938305604
-0.13928440927146227
-0.1374128663715887
-0.08360816769807607
-0.07608179405194168
-0.03086958194002906
0.09269364229777613
0.2004788757941999
0.2437818256779726
0.3204740788924836
0.3690643006159484
0.4870066620298959
0.5386379485310381
0.5675161394052286
0.6758864316466289
0.8646943443164207
0.8693715204609964
0.8803954084665536
0.9784136355836731
0.9814739890174393
0.8527059177939084
0.7853553490257649
0.7674277549026932
0.738641336487451
0.6841292363596164
0.30706687366061913
0.2615587470978141
0.05354654307824672
-0.22632276522682737
-0.2709458653443401
-0.5852453266559831
-0.6764487433674077
-0.716581312615659
-0.8357438797820524
-0.8629534642699781
-0.9463249472307771
-0.9744673791802408
-1.0178272285906829
-0.9722121465900804
-0.9687708662173746
-0.8692226348439727
-0.8134100168171131
-0.7200912880312519
-0.6538555162575044
-0.6445972027117552
-0.6258139637768224
-0.6056679615907025
-0.5138829740229183
-0.23478475296228168
-0.18669986486754908
-0.0750085936708662
0.410204046318094
0.44730422245937007
0.46445784412111457
0.5447590746846953
0.5628028213945271
0.7011614769174354
0.7089759728313365
0.736413856581672
0.7742404796947447
0.8845734108133514
0.913785205601561
0.9753538754505848
0.9817027557278264
0.9509206365736933
0.9270401982354503
0.9137984064682789
0.9031516330598685
0.8517492569148257
0.7372638805853107
0.6435014925867351
0.5735284543478811
0.4993226171988058
0.37183145908393567
0.3700948025683965
0.27142637819192933
0.22723115368985594
0.147931315857498
0.13428419361912103
0.061907691950753324
0.05877573242734582
0.02804733024043459
-0.16181326528149997
-0.49514327862123914
-0.5001046214013355
-0.5121671000940674
-0.5386906830164195
-0.6753325872354218
-0.7695698279520599
-0.9212833345080844
-0.9281644899121827
-0.93329246144115
-0.9457126118680572
-0.9475747374339896
-0.9764988032374897
-0.9910411303449274
-1.0176540110860457
-0.9930245886057012
-0.9770330975074065
-0.9680749008171963
-0.934049032271061
-0.9015638703801271
-0.8580623069329567
-0.7765699770341483
-0.7527606705618837
-0.7050892775088565
-0.7005117592145479
-0.5938321996468108
-0.33636251936091077
-0.28106740304563144
-0.2567407753518619
-0.11878795777113078
-0.08435379970223705
-0.010261835724652073
0.04686979850136325
0.07380392991570486
0.21014040983245144
0.524901001651156
0.6171951309527194
0.7335502473075836
0.7515041594457897
0.8996969324358323
0.900444982786979
0.9431830147392611
0.9672997901402465
0.9765575924322918
0.9810794831130063
0.9755130090500254
0.9696791531380022
0.8085585664563056
0.7867469437575861
0.6215413716613154
0.49554323722243715
0.377597951361688
0.3637027251354226
0.17511204373486278
0.16029422453713993
0.13116179956599325
0.06877756623695516
-0.09064346158553943
-0.3334077521133676
-0.5626416202716427
-0.8543267752750632
-0.927154579565345
-1.0144496101111031
-0.9768939766099629
-0.9071266857888243
-0.8148753644492042
-0.752375621288269
-0.6871267643194775
-0.6162496585856977
-0.46566385281417705
-0.1835803995637471
-0.11007630259580577
0.2204832747698987
0.3596052822800039
0.46280379517343795
0.5174475252346462
0.5179781343295559
0.5995162368796674
0.6156936031735449
0.6415750308720997
0.7020230848159521
0.7882015896091658
0.9016406692333718
0.9602076745951931
0.9667114265255902
0.9719032481714259
0.9821413497710736
0.9765798178968182
0.9320297587194332
0.9247164327864791
0.9175888237409634
0.7833348952271866
0.7688201483212439
0.7538569641210346
0.5073171306735775
0.4355728291700529
0.3712016887856552
0.33385288420213627
0.058721022314739454
-0.28233857050877975
-0.298057180001527
-0.3238872458084258
-0.66107554955258
-0.7164754074211944
-0.7302784033518804
-0.9478682451131835
-1.0104408755332934
-1.0165976940854187
-1.0174786099835047
-0.994050815075233
-0.9933645338886751
-0.9859733551988857
-0.779489146365884
-0.7119659913042181
-0.666830305121723
-0.5018144190001352
-0.46455737021274024
-0.45892710752841454
-0.36721675653447444
-0.13071551363681733
0.24540875142010665
0.3273747222347526
0.3896440688191962
0.41189710904965177
0.4765092559197079
0.4873933351884631
0.7992084353429146
0.8196722067579439
0.8688327967414184
0.8711457188550359
0.8912063999954358
0.9292434650786281
0.9789641746897135
0.9809146871944229
0.958744873213705
0.9572350932311421
0.9499448966887366
0.9496278036438758
0.9433133427077065
0.9386770016541472
0.9245097407056012
0.6486313538742026
0.5030424411732598
0.33092150565599243
0.23874679778939636
0.21865290000886212
0.08064090917876707
0.00916969346684465
-0.000880862923920249
-0.35894366899601265
-0.5419454759242937
-0.7359650679050533
-0.7823097667596796
-0.7843312176983082
-0.9051050689340929
-0.9266357715740077
-0.9802047303418079
-1.0165690132338343
-1.0160883307804185
-1.0103349778824473
-1.00794326058946
-0.955911926387712
-0.9556940786248764
-0.9459775247187051
-0.9407438250566097
-0.9385518817986663
-0.8782497396185076
-0.7994340066100905
-0.7907370956797322
-0.6177416674859495
-0.5938566469311413
-0.5902558149114738
-0.5731324799770158
-0.3524174997310783
-0.2822993635270971
-0.23657622659863356
-0.09251861609486797
0.039328839790159525
0.05813652223777318
0.4022727096188253
0.4743683482106057
0.603501460105596
0.6612218015516724
0.6843935103333174
0.8141858905784485
0.880774263999086
0.9353657968980003
0.9361229204091742
0.9381739267631202
0.9805288866356991
0.9803054043413089
0.9586643523415869
0.952633426180382
0.8757649457479069
0.6667568734433352
0.6584689699751108
0.6191502989602958
0.616239551238529
0.5980924077291675
0.5432553518949526
0.5153837995171342
0.2618101618366201
0.16836377024897276
-0.05170282723247797
-0.4829252414153469
-0.4995275840503734
-0.7141341566627954
-0.8036685192635952
-0.8723706687239107
-0.9124506661120372
-0.9270884522451452
-1.0075134386348938
-0.9962075738506834
-0.9549630519874999
-0.9121567154331306
-0.6671947761168905
-0.187810717004462
-0.003913477965565583
0.15790804653841817
0.1991837336228071
0.23156595713419986
0.33809398571983384
0.3451302805667893
0.47499887646245503
0.5165065957230188
0.570566726610063
0.6283717319722937
0.6317225102467018
0.6835830498652509
0.6920432037781582
0.8692589669169095
0.9083105857471724
0.9118269616762007
0.9416958553686651
0.9558152996460879
0.9650400272878648
0.9807587640586589
0.9822876564968139
0.981265446577718
0.9705613130207887
0.8970285293725558
0.8362471163711409
0.3014654117316348
0.06452832996845237
0.02376930789729302
-0.08862637200392226
-0.11867236852378618
-0.15360802957743377
-0.21308241743045672
-0.33803035177937585
-0.5342714693225402
-0.5983232334116287
-0.6836872005417803
-0.7283264679812703
-0.7314138588157777
-0.7861798396159445
-0.8089812372634843
-0.8325567548983893
-0.868994890590916
-0.9754687558852801
-1.0083831692798932
-0.9954559192478146
-0.9455695804559099
-0.8262986620303708
-0.7614945665514459
-0.6925170935571267
-0.4839066924873484
-0.34630992172986974
-0.21796445863378372
-0.21611732611247186
-0.05093078128324916
-0.04150973242807416
0.03574708026529908
0.3493266343810426
0.36969363385567733
0.43636285666413366
0.47236419006092106
0.6581729452125346
0.6836849740023146
0.7117767335427087
0.7604471325910342
0.8300593157178
0.8327153197617752
0.9021232896543286
0.9573348579459973
0.9754202336758067
0.9442513386402985
0.9421615778860024
0.9270478629207751
0.8753931836022533
0.8012725885862544
0.5272220208248779
0.32587411617465023
0.2722457537457396
-0.0006195357271074897
-0.011928297163944368
