-0.1673048682096272
-0.3456865844508937
-0.449819045819248
-0.8050060710538219
-0.8297922877080292
-0.8643225737868477
-0.9962080207625245
-1.0099657866563672
-1.0136839811248786
-1.0113348242592721
-1.0040692545811138
-0.9677628003031726
-0.9387785799387256
-0.7333059484600596
-0.6919386350773042
-0.5959780215813532
-0.4656146757144297
-0.2415637454087982
-0.2397319857787743
-0.1578359174032366
0.05013465656135053
0.09065043237097437
0.11673455484338732
0.5387336009272629
0.7934915866104799
0.8361196514818775
0.9232021166785949
0.9641281711708681
0.9706097283593539
0.9628345647033985
0.9188071667792095
0.8906157573124435
0.8574421290008623
0.8354114342367334
0.8217415175111613
0.723517597938756
0.7189285337624444
0.6005707848022083
0.5570557845744709
0.5043520743846036
0.40013196454176564
0.37609726007757865
0.2320319193558492
0.20213324013066503
-0.1549380278721596
-0.19046179004245023
-0.2871112840981139
-0.3306568916723853
-0.3753633420594744
-0.634813343257187
-0.6408256320450686
-0.6537329916682316
-0.745458064173569
-0.776085943754352
-0.939994692974962
-0.9547822625690845
-0.9574492182245263
-1.0098815607119707
-1.0267887585655946
-1.0124229256400818
-0.9280830193851918
-0.361051477927521
-0.27624031104645613
-0.18767878191805998
-0.09348682609449224
-0.07907281035479924
-0.01947367844978152
0.09809613258570969
0.20284762657132788
0.5507192358907698
0.5920508102826973
0.6180304924631366
0.6774283077262615
0.7215365494683661
0.8950989551290847
0.9226509214005373
0.9287188054254647
0.944185870998774
0.9381105607304343
0.930746107361777
0.915468382364838
0.9075577135006789
0.8354842355799293
0.8264542359058143
0.7366522150708976
0.5858208543108171
0.5385665950438585
0.4231990825060438
0.4075086299074302
0.28339151996435546
-0.1992999086078987
-0.25671919664630544
-0.2879042025347942
-0.29945853656393917
-0.6303354640982117
-0.8141926308644906
-0.8636370747242197
-0.8992546921906639
-0.9454915558962899
-0.9517936522014858
-0.9593794755384027
-0.9810209628675788
-1.001311098126334
-1.008417461918064
-1.015514914615275
-1.0222023268093898
-1.0401136208660582
-1.0401575092723938
-1.0328929279224464
-1.028045562875404
-1.01951236709505
-0.7455285791575289
-0.6887055048859871
-0.5648851249164196
-0.503188379925838
-0.4281897745858685
-0.4031577244156237
-0.3896587492430017
-0.33256106517210715
-0.29450098887431597
-0.2689031427955533
-0.1831528681072511
-0.16198768282294435
-0.16011737336135792
-0.10634791005306568
-0.09882643408558264
-0.05364351131666215
0.06984041597423782
0.1775566255006109
0.2208316810788722
0.2974740387977274
0.3460321746965468
0.46389428833182605
0.5154889554925524
0.5443461329481649
0.6526329297527155
0.8412601971517489
0.8459317219589105
0.8569418649648352
0.954756953397978
0.9577878719855853
0.8287422055006832
0.7613308555651646
0.7433889027178652
0.7145805935189519
0.6600301900156648
0.28276024558795626
0.23723066346175242
0.029124908866192907
-0.250864833131839
-0.29550714113412163
-0.6099484155725138
-0.7011975989828088
-0.7413515660825151
-0.8605850705745683
-0.8878132497662998
-0.9712532793849242
-0.9994268414104105
-1.0428974257731247
-0.9973818118162141
-0.9939443371019959
-0.8944746957524742
-0.8386939837710788
-0.745420240818335
-0.6792124173721379
-0.6699578176427877
-0.6511819881953277
-0.6310437593929128
-0.5392922766948299
-0.26028355091336947
-0.21221291837883097
-0.1005539988700209
0.3845209154191179
0.4216100843347693
0.438758558033067
0.5190350774385482
0.5370731052712777
0.6753848941246268
0.6831965307116155
0.7106241272252922
0.7484358220657116
0.8587169609572207
0.8879110846221401
0.949419861650276
0.9557490241023344
0.9249041202220664
0.9010056692990919
0.8877556272086549
0.8771027971776915
0.8256757845274371
0.7111492921080363
0.6173599912187893
0.5473690991019742
0.47314576898206273
0.3456270096515236
0.34388999391989644
0.24520173379036703
0.20099793711335578
0.12168309647537953
0.10803343404199736
0.03564362683200869
0.03251109711646192
0.0017771215193639958
-0.18811735970693666
-0.5215076438633889
-0.5264699251248264
-0.5385346943883054
-0.5650633612430273
-0.7017328420156984
-0.7959912235546189
-0.9477472958279578
-0.9546309022323856
-0.9597607547618131
-0.9721856845233571
-0.9740485575488825
-1.0029856981007566
-1.0175362731584205
-1.0441845544913948
-1.019583376206838
-1.0036003895021492
-0.9946462030496168
-0.9606329008509729
-0.9281574373469128
-0.8846668887752939
-0.8031916798842988
-0.7793868050238775
-0.731723734530538
-0.7271469819522677
-0.6204839853538643
-0.3630479026590724
-0.3077592893101609
-0.2834354683293675
-0.1454980705980523
-0.11106765675402916
-0.03698364797987952
0.020141923381109303
0.047073211630149256
0.18339536122122313
0.49812185934558295
0.5904051197987559
0.7067452254132863
0.724696623479111
0.8728643304564188
0.873612219013943
0.9163394934126596
0.9404473705830443
0.9496997518396807
0.9542168953561964
0.948637630695347
0.9428004862882083
0.7816476898132145
0.7598334427849014
0.5946115712214348
0.4686034384338876
0.3506498470283527
0.33675369171711567
0.14815114479178662
0.13333244064326566
0.10419829159462402
0.04181042928018081
-0.11761957836723594
-0.3603971680794976
-0.5896438833925286
-0.8813482073907385
-0.9541824725092645
-1.0414974768387995
-1.0039490314567174
-0.9341879401896395
-0.8419420151561513
-0.779445167689445
-0.7141989508788739
-0.6433244014845662
-0.4927432994727008
-0.21066707423476322
-0.137164647372389
0.19338804599897444
0.3325073394594667
0.4357038618082578
0.4903465355532459
0.4908771343607531
0.5724136436149074
0.5885906897315004
0.6144716012437992
0.6749184245795569
0.7610950780025432
0.8745313206782362
0.9330962479312417
0.9395996665666596
0.9447911755683052
0.955027975450779
0.9494656281796967
0.9049141231766678
0.8976006624500438
0.8904729330551
0.7562176751445119
0.7417028401967153
0.7267395718596527
0.480198970735294
0.40845458878028007
0.3440834142379473
0.30673460466405295
0.031602995787694724
-0.3094556274386148
-0.3251741733873157
-0.3510041306747506
-0.6881904158424135
-0.743589787302347
-0.7573926514782471
-0.9749793233485792
-1.037549509852788
-1.0437055816477576
-1.04458565647805
-1.0211556745882513
-1.0204693559658924
-1.013077800336588
-0.8065876637265746
-0.7390630914861952
-0.6939265083549799
-0.5289075494762386
-0.4916498355468695
-0.4860194729484543
-0.3943075111739115
-0.1578021655729741
0.2183289549786755
0.3002965574730135
0.3625671976478043
0.38482071352708624
0.4494342881551689
0.46031861554611336
0.7721424723019863
0.7926070209700983
0.8417697100621292
0.8440827413783151
0.86414442286896
0.9021837605972904
0.9519100557609113
0.9538612636984932
0.9316977142677279
0.9301880996692751
0.9228986415673089
0.92258157872275
0.9162676924819432
0.9116317456127633
0.8974655803537078
0.6215996968202414
0.4760154937501631
0.30389962228808776
0.21172750696486714
0.1916341677848794
0.05362597960112532
-0.017843273652124823
-0.02789355362074751
-0.3859461612744592
-0.5689421494478925
-0.7629544892843935
-0.8092971556143681
-0.8113185139317596
-0.9320858884600357
-0.9536151222134504
-1.007179398766876
-1.0435337154165445
-1.0430527609285036
-1.0372974414249967
-1.0349051581496518
-0.9828671651596204
-0.9826492976398324
-0.972931893557419
-0.9676977584485948
-0.9655056369613806
-0.9051992612562418
-0.8263791049833642
-0.8176817520473635
-0.6446786017717836
-0.6207926250612866
-0.6171916505240196
-0.6000676433332044
-0.3793445882632843
-0.309224037378934
-0.2634993486297466
-0.11943691866350695
0.012414924063872575
0.031223235055356464
0.37537142827406816
0.44746981031121935
0.5766082178160828
0.6343311529759068
0.6575039568939025
0.7873033420145554
0.8538963300464532
0.908492953324657
0.9092501640357866
0.9113014102212404
0.953664726961571
0.9534454209841511
0.9318098390463753
0.9257798413255773
0.8489191869256114
0.6399235861721354
0.6316360858024188
0.5923192746885527
0.5894086614914097
0.571262347769114
0.5164277161463281
0.48855735457369115
0.234993721165118
0.14155078827032536
-0.07850783143619101
-0.5097139374458838
-0.5263155946129826
-0.7409124165553216
-0.8304418925785431
-0.8991396312926929
-0.9392165931908875
-0.9538531368314939
-1.034257107310923
-1.022948860691878
-0.981698877706004
-0.938888581150903
-0.6939118714751885
-0.21450800008099263
-0.03060392709075873
0.13122361892688633
0.17250086379791937
0.20488431960373868
0.3114164868728939
0.31845306073118135
0.44832698094626255
0.4898364903784581
0.5438990390385522
0.6017067641897643
0.6050577051786806
0.6569208480920591
0.6653814436079764
0.8426083596758109
0.8816634157300481
0.8851801399768365
0.9150524234516152
0.9291739104142087
0.9384002858571164
0.9541238484802742
0.9556548050948397
0.9546342415449736
0.9439340950871828
0.8704109926984928
0.8096344154546742
0.27487837461895814
0.03795017176125198
-0.002807356831190558
-0.11519892651628896
-0.14524382151403412
-0.1801781978165456
-0.23965038414638326
-0.3645935983401743
-0.5608268232546355
-0.6248758001997547
-0.7102357958339135
-0.7548728283571688
-0.7579600596079514
-0.8127230780117287
-0.835523154778275
-0.8590972382309863
-0.8955329849464733
-1.0019974247139611
-1.0349062411927468
-1.0219664971115567
-0.9720740322658296
-0.8527942859502634
-0.787986514934045
-0.7190055503614521
-0.5103860616864927
-0.37278396949023773
-0.24443379561985115
-0.2425865965014022
-0.07739417613511324
-0.06797279513147965
0.009286739429529116
0.32287761162211376
0.34324538125246357
0.4099171766714382
0.44591993802037244
0.6317367164493649
0.657249970245615
0.6853431289413783
0.7340161052898062
0.8036324535300998
0.8062886318496051
0.8757018232481009
0.9309195749363285
0.9490086084246896
0.9178532680821916
0.9157637650067805
0.9006517455626479
0.8490015873962307
0.7748859083138122
0.50084831531197
0.29950800313618026
0.24588153900020016
-0.026974478749235874
-0.03828286280972549
