-0.16975747331687782
-0.34801413427065475
-0.45206992761814124
-0.8069433426219137
-0.8317012759158472
-0.8661891351081921
-0.9978285680210466
-1.0115233325344277
-1.0152098141026928
-1.012761247584292
-1.005454123425523
-0.969038892969033
-0.9399973142527801
-0.7342686373524434
-0.6928620662577014
-0.5968174687741319
-0.4663506979655372
-0.24213806301736784
-0.24030503263200137
-0.15835267088210414
0.0497584430931306
0.0903015779250938
0.11640336482894643
0.5387070834813217
0.7937023354240669
0.8363819758346628
0.9236019816373578
0.9646454427979945
0.9711671184792277
0.9635290284436022
0.9196191494258772
0.8914762903826273
0.8583502228152906
0.8363474989930816
0.8226938647795243
0.7245709437745084
0.7199860980768856
0.6017275326777551
0.5582454922403416
0.505579899509207
0.40143069065758885
0.3774116653992147
0.2334364851413017
0.2035558706038023
-0.15330782314372624
-0.18881116599827552
-0.2854047056372816
-0.3289247948694405
-0.37360475934932885
-0.632890685495793
-0.6388988453375071
-0.6517972677222563
-0.7434553564575278
-0.7740591417176709
-0.9378093741363881
-0.9525778280222638
-0.9552411652241124
-1.0075827957730124
-1.024437787632287
-1.00991014137797
-0.925444153141958
-0.3580524089551245
-0.2732017904315148
-0.18460034257945157
-0.09036693026026013
-0.0759466360402163
-0.016321672122429534
0.10129878184298144
0.20609552639039555
0.5541265680704038
0.5954791521798167
0.6214724391549338
0.680902799897465
0.72503686840766
0.8987306486862918
0.9263151005704693
0.932391469008159
0.9478843257807598
0.9419587031733628
0.9346053731743181
0.9193471282957913
0.9114452732538412
0.8394329991006496
0.8304092451677539
0.7406607353679218
0.5898999012396504
0.5426649472968007
0.42734109179752783
0.41165627401298777
0.2875818472234743
-0.19495999984251505
-0.2523619817895
-0.2835375483521772
-0.29508837499494234
-0.6258593766739391
-0.8096463222013098
-0.8590684546018891
-0.8946683486466037
-0.9408789746314971
-0.9471770876774828
-0.9547579421865714
-0.976383934004237
-0.9966568915111197
-1.0037562603097867
-1.0108459317767389
-1.0175249465048863
-1.0353904903180897
-1.035431700256224
-1.0281374199913595
-1.0232813840708124
-1.0147364803132648
-0.7406148534574029
-0.6837742814000105
-0.5599196818705318
-0.4982073082631948
-0.42319062003900965
-0.398152719345217
-0.3846506228773923
-0.32753997117950384
-0.2894714376022295
-0.2638679764408851
-0.178099249559474
-0.1569295812752266
-0.15505887682775943
-0.10127812998396155
-0.09375508560788903
-0.048562783317429324
0.07494653815819427
0.18268485250262514
0.22596884131186487
0.3026271783826225
0.35119559009202955
0.4690834043022494
0.5206897995599656
0.5495537070502153
0.6578672456021015
0.8465523718755444
0.8512257067977983
0.8622402523192157
0.960120407992731
0.9631607551586437
0.8342040121271322
0.7668121335228189
0.7488747805665731
0.7200734842325635
0.6655353515989362
0.2883319107085649
0.24280920262396744
0.034733420832502825
-0.24521773375787936
-0.2898538873218073
-0.6042497216926026
-0.6954842398805164
-0.7356313502762535
-0.8548421232327972
-0.8820643437193018
-0.9654824069990916
-0.9936459928995786
-1.037081089231428
-0.9915335962327751
-0.9880949017869133
-0.8886000713350853
-0.8328091327068209
-0.7395209703590137
-0.6733041883590536
-0.6640483981902068
-0.6452701936707328
-0.6251294731377603
-0.5333672504112235
-0.2543298354556702
-0.2062546328774126
-0.09458534186771833
0.3905337288105864
0.42762642702536835
0.44477655135383
0.5250609942113253
0.543100855790814
0.6814276728005058
0.6892402262792373
0.7166711215962093
0.7544876035524479
0.8647853515918565
0.8939851424354338
0.9555131283142957
0.9618486150513182
0.9310238500529703
0.9071311772611236
0.8938837817967845
0.8832328946988752
0.8318137855394262
0.7173004841800844
0.623519818223958
0.5535346547607166
0.4793169377196457
0.3518070354404667
0.35007013498292405
0.25138824040077357
0.20718719474601321
0.1278771690301248
0.11422832185316417
0.04184278505071274
0.03871043834165672
0.007978251578772577
-0.18190535310484482
-0.5152762887965534
-0.52023826875002
-0.5323023026006474
-0.5588293371813084
-0.6954899635406633
-0.7897415564359337
-0.9414839583604558
-0.9483667775254493
-0.9534960258881935
-0.9659194205304364
-0.9677820534692565
-0.9967149942247419
-1.0112629197833272
-1.0378998280476222
-1.0132895741971295
-0.9973038545158653
-0.9883483792804931
-0.9543310383787332
-0.9218524576760346
-0.8783583685150942
-0.7968776557408617
-0.7730713561374611
-0.7254056098473329
-0.7208286110739389
-0.6141602887305518
-0.35671340055057776
-0.30142269536231525
-0.27709797149197807
-0.13915561290223094
-0.10472399434950294
-0.030637425817182026
0.026490096553215138
0.05342229976957153
0.18974906151071988
0.5044865359175246
0.5967732966369076
0.7131182373595288
0.7310704453476492
0.8792462294217683
0.8799941701266086
0.9227249121384699
0.9468356581594438
0.9560897874637478
0.9606084619075854
0.9550333229732161
0.9491972395099331
0.7880548397096138
0.7662414402054935
0.6010248342386396
0.47501993302247
0.3570690270596052
0.3431731722105994
0.15457446368084443
0.13975604589442372
0.1106224547785476
0.04823576701107201
-0.11119133325622951
-0.35396461425119563
-0.5832071635671403
-0.8749052632527818
-0.9477374277965035
-1.0350459270512589
-0.9974951355302057
-0.927732018022109
-0.8354843268388139
-0.7729865305744055
-0.7077394479684166
-0.636864059545841
-0.4862814116157859
-0.2042028045256127
-0.1306998259929796
0.19985514809572108
0.3389753444869155
0.4421725307975122
0.4968155575740166
0.4973461598222294
0.5788832026099955
0.5950603561051913
0.620941440856513
0.6813886778656504
0.7675659556475831
0.8810031610849123
0.9395688000735793
0.9460723335531711
0.9512639504934006
0.9615012023612087
0.9559391408759425
0.911388150262876
0.9040747381934605
0.8969470523756409
0.7626922885475731
0.7481774876429136
0.7332142521022507
0.4866739777466284
0.4149296419350895
0.3505584959453027
0.31320969795949716
0.038078078582024374
-0.30298076862136114
-0.31869933079703305
-0.3445293160156321
-0.6817161492888146
-0.7371156574586104
-0.7509185588581865
-0.9685061429813759
-1.0310770465070676
-1.037233338917221
-1.0381136629123064
-1.0146843317929202
-1.0139980243420217
-1.0066065812515999
-0.8001182249635402
-0.732594080683105
-0.6874577687833099
-0.5224397410131337
-0.4851822289909224
-0.47955189673201826
-0.387840424428138
-0.15133632818553025
0.22479269776402455
0.30675980065856073
0.36903004449836835
0.391283414592519
0.45589655144848723
0.4667808027363823
0.7786019694703759
0.7990662790084769
0.8482283220285871
0.8505413197239085
0.8706026931856213
0.9086413308263414
0.9583659037653859
0.9603168971284491
0.9381514134471322
0.936641747753618
0.9293520614937306
0.9290349893174694
0.9227209254900274
0.9180848568036597
0.9039183528938295
0.6280486007954792
0.48246293880832636
0.31034549770956116
0.2181725784633278
0.19807906603717096
0.060069698220851446
-0.011400163990468618
-0.021450529743262413
-0.3795063038727162
-0.5625040999252705
-0.7565186941211715
-0.8028619924804635
-0.804883379601259
-0.9256527687005802
-0.9471824594663041
-1.0007481930648963
-1.0371056123961124
-1.0366247426213921
-1.0308700355673526
-1.02847792856446
-0.9764420097985161
-0.9762241484340617
-0.9665070092319341
-0.9612730097947274
-0.959080943839002
-0.8987758873231366
-0.8199571096339001
-0.8112598944710357
-0.6382591515839053
-0.6143734730118251
-0.6107725429138758
-0.5936487453469868
-0.3729282086074878
-0.3028084109483452
-0.2570842063023853
-0.11302327997650818
0.01882719386882893
0.037635308711368234
0.3817797545269989
0.4538772800542019
0.5830140340641521
0.64073615927541
0.6639086211936688
0.7937058185252818
0.8602973650854343
0.9148923980817342
0.9156495815490535
0.9177007528038499
0.9600614583377381
0.9598408472297193
0.9382035556734334
0.9321732677568533
0.8553101670066485
0.6463106669594777
0.6380230405433748
0.5987056478378284
0.5957949925740101
0.5776484193699001
0.5228130296519922
0.49494229568064046
0.24137553334173473
0.1479315185831837
-0.07212959677074579
-0.5033408053521506
-0.5199426770185734
-0.7345425504048818
-0.8240735558228809
-0.8927726750923184
-0.9328505871393553
-0.9474875197073861
-1.027898069529753
-1.0165905686825383
-0.9753422956939927
-0.9325332391664736
-0.6875611551146474
-0.2081634893914564
-0.024261557221913664
0.13756410237336753
0.17884085920422943
0.21122392893895475
0.3177547995516117
0.3247912859935515
0.45466353802047943
0.49617248654897267
0.5502342776498648
0.6080411505938541
0.6113920405979064
0.6632543677875707
0.6717148249287036
0.8489382461084564
0.8879922250130217
0.8915088401032334
0.9213800612661605
0.9355009080662983
0.9447267670936588
0.9604488172755925
0.961979126953498
0.9609580474059305
0.9502566513052163
0.8767305144618716
0.8159524214459788
0.2811883355117896
0.04425734900965211
0.0034993521799728117
-0.1088935061647946
-0.13893874652326574
-0.17387352563696795
-0.23334640222223796
-0.35829109637883744
-0.5545267960381495
-0.6185766469199465
-0.7039378878771461
-0.7485756212031544
-0.7516629024949039
-0.8064268498299065
-0.8292273407950087
-0.8528018739779563
-0.8892383698346655
-0.9957057653636207
-1.0286163370459203
-1.0156805112793656
-0.9657899677295902
-0.8465129901646591
-0.7817063719611724
-0.7127265025191295
-0.5041098642335676
-0.36650944118868334
-0.23816074495288445
-0.23631356672422768
-0.07112298938114775
-0.06170171256614263
0.015556968192332578
0.3291442900140145
0.3495118180489796
0.4161828064437182
0.4521851198431079
0.6379993813253636
0.663512250824483
0.691604970588963
0.7402771384032916
0.809892179976884
0.8125483036228299
0.8819598569215759
0.93717566871028
0.9552635546434473
0.9241039616559051
0.9220143777348092
0.906901826326488
0.8552502496511557
0.7811330281774028
0.5070913642022646
0.3057486697408671
0.2521216099716752
-0.02073731703490112
-0.03204581950894026
