-0.1689742858582847
-0.34729431988757925
-0.45138896343225454
-0.8064212656287155
-0.8311935252988975
-0.8657028738344636
-0.9974668827920062
-1.011193540393013
-1.014896074351681
-1.0124978197367507
-1.005211723278389
-0.9688515269442636
-0.9398389623200412
-0.7342397528012586
-0.6928530246055128
-0.5968508702415769
-0.46643635470137923
-0.24230539244844496
-0.24047300375122013
-0.15854906611019956
0.04949110331145766
0.09002043029160442
0.11611330262715527
0.5382633265001043
0.7931389654423531
0.8357926137116
0.9229433186795319
0.9639276398007995
0.9704291103201652
0.9627219972358704
0.918752956560782
0.8905856599579606
0.8574356550873674
0.835418854460673
0.8217570261472646
0.7235832832956042
0.7189963150785887
0.600687849999278
0.5571892291577407
0.5045044625610192
0.4003195921348999
0.37629268112753433
0.2322721589375603
0.2023824603578902
-0.15458559766548813
-0.1900992053292328
-0.2867208718739327
-0.33025378786068516
-0.3749470649920806
-0.6343154505609008
-0.6403256852795077
-0.6532285987678956
-0.7449203464020935
-0.7755362382579711
-0.9393661119564631
-0.9541441689398757
-0.9568093239108373
-1.009196522336748
-1.0260777372352885
-1.0116313612173746
-0.9272286887781926
-0.360017793755431
-0.2751869798458193
-0.18660557049474857
-0.09239296799749068
-0.07797582531797564
-0.018363827867371743
0.0992312063864925
0.20400523861673525
0.5519562628936759
0.5932983030611277
0.6192847624045372
0.6786987902749579
0.7228198979143948
0.8964477524241428
0.9240159033133091
0.9300880143967168
0.9455679296472683
0.9395672002952673
0.9322082893137673
0.9169402706583615
0.9090339934820748
0.8369910122839481
0.8279641248024241
0.7381887683993935
0.5873925519791371
0.5401479130154211
0.42480215614539546
0.40911451158338247
0.28501867247533447
-0.19759821001865713
-0.25500887300334524
-0.28618917446971504
-0.29774176046387985
-0.6285658947374723
-0.8123880620937691
-0.8618213853522774
-0.8974301689426002
-0.943653954881543
-0.9499540657840324
-0.9575374124703326
-0.97917117622332
-0.9994527493567484
-1.0065556265289424
-1.0136492006996292
-1.020332427193802
-1.0382209169000638
-1.0382634702034603
-1.0309840851129537
-1.0261323979457924
-1.0175933661358232
-0.7435408682989747
-0.6867090714934554
-0.5628716331366539
-0.5011670972411089
-0.42615947748428173
-0.40112451078376143
-0.38762397961941036
-0.33051983105996335
-0.29245553871007435
-0.26685489344052343
-0.18109542005836957
-0.15992799992271298
-0.15805749355381232
-0.10428240519588383
-0.09676014734617272
-0.051572548694192484
0.07192403819292831
0.17965126758003225
0.22293077664402247
0.29958110058738985
0.3481443593340074
0.4660192856770427
0.5176197997754334
0.5464803324403249
0.6547804612244843
0.843436574338958
0.848109001593993
0.8591213395129236
0.9569688682006886
0.9600044876123004
0.8310031566836811
0.7636015149910643
0.7456618556220524
0.7168570430040482
0.6623127577218038
0.28507597232135545
0.2395498176847775
0.03145900805846012
-0.24851149326365563
-0.2931507324704249
-0.60756934876467
-0.6988112194183497
-0.738961767428121
-0.8581839367597671
-0.8854091445964163
-0.9688382204321124
-0.9970068076898083
-1.0404596950553922
-0.9949281834222586
-0.9914901004353944
-0.8920078972989562
-0.8362220852188034
-0.7429411511350402
-0.676728859898129
-0.6674736664724468
-0.6486966525263198
-0.6285571810421817
-0.5368003420163929
-0.25777730791128844
-0.2097043960894674
-0.09804030379938705
0.3870566342270774
0.42414756349698357
0.44129686050458866
0.521577332035992
0.5396162745270763
0.6779355594048676
0.6857476533421125
0.7131768953213677
0.75099097802402
0.8612804018827337
0.890477352504336
0.9519957117085653
0.9583280290603617
0.9274931718520262
0.9035976035494591
0.890348881833644
0.8796970211176526
0.8282739515106381
0.7137540402838302
0.6199690476096271
0.5499810137435686
0.475760484259309
0.34824614424296996
0.34650918602936537
0.24782410213687664
0.20362167816818202
0.124309240118862
0.1106599844929613
0.038272308208254974
0.03513986981338264
0.004406786852245867
-0.18548226679451488
-0.5188628951066663
-0.523825025993592
-0.5358894282318357
-0.5624172804567029
-0.6990823420810947
-0.7933373353360854
-0.9450865841937262
-0.9519697976383508
-0.9570993485895601
-0.9695235120696863
-0.9713862652510866
-1.0003213093594112
-1.01487056181674
-1.0415131655607206
-1.0169074562815947
-1.0009231050674592
-0.9919682751457125
-0.957952956438777
-0.9254759364801411
-0.8819836199953702
-0.8005056627447016
-0.7767000764153027
-0.7290356696901388
-0.724458794165751
-0.6177931378904111
-0.36035165843300776
-0.3050620002384453
-0.28073772826760124
-0.14279785250705734
-0.10836683686560919
-0.03428154936087227
0.022844996662086503
0.04977674200952404
0.18610119583371446
0.5008331784414798
0.593118188096814
0.7094607101857238
0.7274125130563925
0.8755842574388782
0.8763321720652603
0.9190611800307802
0.9431704915510541
0.9524237468429398
0.9569416558701981
0.9513644543803792
0.9455278405689157
0.784380244721679
0.762566421736553
0.5973471850798965
0.4713406697061444
0.353388422587961
0.3394924176957819
0.15089179260976568
0.1360732318580462
0.10693936220395196
0.044552088098787065
-0.11487646333121151
-0.35765189433236555
-0.5868965216497078
-0.878597724271015
-0.9514309354218629
-1.0387426734801348
-1.0011930490026768
-0.9314309388325188
-0.8391841251736271
-0.776686800102889
-0.7114401473183863
-0.6405651752788589
-0.4899832941069423
-0.2079058670746316
-0.13440316158650148
0.19615068508457364
0.3352704359057398
0.4384672949259338
0.493110147821621
0.49364074837568284
0.5751775285908036
0.5913546292741421
0.6172356288468974
0.6776826625953345
0.7638596340039456
0.8772963682326171
0.9358616601798282
0.9423651377996539
0.9475567022805699
0.9577937349875079
0.9522315354520013
0.9076802978487979
0.9003668625504608
0.8932391559542588
0.758984158935444
0.7444693422060958
0.7295060914667124
0.48296567049515626
0.4112213158864365
0.3468501593310377
0.309501357662352
0.03436975857116591
-0.30668895789392314
-0.32240751105487697
-0.3482374808151201
-0.6854240183101198
-0.7408234538705534
-0.7546263355466598
-0.9722134403297081
-1.034783970345339
-1.0409401481872245
-1.041820342946608
-1.018390674952082
-1.017704361725516
-1.0103128604645935
-0.8038235863478956
-0.7362992219663126
-0.691162770655121
-0.5261442647354532
-0.48888664910852386
-0.4832563012837613
-0.39154457793230535
-0.15503984149703398
0.22109025620152464
0.30305761448972557
0.36532806087794645
0.38758150546405146
0.4521948659713748
0.46307915613362105
0.7749016960203827
0.7953661275454412
0.8445285000874453
0.8468415149284843
0.8669030454665111
0.904942040045125
0.9546674907016368
0.956618593388047
0.9344540948900912
0.9329444552142966
0.9256548851288701
0.925337817704026
0.919023844296181
0.914387837631698
0.9002215061326309
0.6243537226545037
0.47876880269045385
0.3066521597229809
0.21447964918003035
0.19438622482331253
0.05637745661241346
-0.015092096105469032
-0.02514241826186535
-0.3831965834920942
-0.5661934612257139
-0.7602069105602359
-0.8065498879940854
-0.8085712604898458
-0.929339626780489
-0.9508690855444114
-1.0044340795363065
-1.0407899242137013
-1.0403090114510336
-1.0345539936161836
-1.0321617971683095
-0.9801248259730806
-0.9799069614857273
-0.9701896878982134
-0.9649556196297604
-0.9627635255010281
-0.9024577997456459
-0.8236383227450972
-0.8149410376975875
-0.641939073767959
-0.618053243989942
-0.6144522913540572
-0.597328387474618
-0.37660657363674055
-0.30648639403394445
-0.2607619439177434
-0.11670025519067635
0.015150912680712753
0.03395912696755311
0.37810547248852433
0.45020343217146347
0.5793410242776581
0.6370635600023334
0.6602361952554996
0.7900345013662596
0.8566267784210089
0.911222617281626
0.9119798145541749
0.9140310237784448
0.9563930524252547
0.9561731025925245
0.9345366772145193
0.9285065363212017
0.8516446749273215
0.6426471501430534
0.6343595875747476
0.595042489467142
0.5921318555114962
0.57398541374306
0.5191504080191036
0.4912798626742211
0.23771468512489266
0.14427121829797973
-0.07578863313713362
-0.5069972577389608
-0.5235990207873722
-0.7381973490357441
-0.8277275800592356
-0.896426000316602
-0.9365034312881014
-0.9511401669383357
-1.0315473857744182
-1.0202395073811021
-0.9789903687252007
-0.9361806844616638
-0.6912062588941569
-0.21180545206523665
-0.02790243634237309
0.13392417802121903
0.17520118185854627
0.20758444699020512
0.3141159738554512
0.3211525045394349
0.45102560083975385
0.492534833239084
0.5465970077343928
0.6044043119694559
0.6077552277761591
0.6596179677889864
0.6680784949587498
0.8453036847945861
0.8843582087984612
0.8878748791278
0.9177466378746966
0.9318678086268668
0.9410939289830303
0.9568167445184698
0.9583473815677501
0.9573265631306269
0.9466257993816407
0.8731011980199507
0.8123238719924156
0.2775638567488028
0.04063427866276357
-0.00012348126008508709
-0.11251568760588274
-0.14256075322976175
-0.17749532854250208
-0.23696785589681485
-0.36191180128043365
-0.558146248884577
-0.6221956576182881
-0.7075562685377795
-0.7521936473138969
-0.7552809032890035
-0.8100443806622524
-0.8328446620783843
-0.8564189677370468
-0.8928550845951593
-0.9993209847910813
-1.0322306685216645
-1.0192928605280052
-0.9694013450356427
-0.8501229668383351
-0.7853157654662153
-0.7163353420385195
-0.5077172618632183
-0.37011599447663457
-0.24176655078432713
-0.23991936198868052
-0.07472785236666124
-0.06530652284891397
0.011952589795704738
0.32554170751166206
0.34590935775237164
0.4125807543616447
0.44858329434526173
0.6343988289539884
0.6599118928376451
0.6880048346211962
0.7366774114049515
0.8062931139081939
0.808949265208679
0.8783616470747071
0.9335784400763157
0.9516669064459599
0.9205094644331722
0.918419921403209
0.9033076390579965
0.851656779849987
0.7775403384974375
0.5035007335445878
0.3021592439841863
0.24853248546986598
-0.02432497012380602
-0.03563341270822872
