-0.15742326018971278
-0.334266408496519
-0.43745989917351585
-0.7888654111722653
-0.813316816101672
-0.8473472066654983
-0.976396583178593
-0.9894472386981366
-0.9928127264974566
-0.98937255972734
-0.9816577200327165
-0.9441949709547796
-0.9146128851767872
-0.7065761396334204
-0.6648312888211052
-0.5680772880276788
-0.43676391208106075
-0.21128802075375458
-0.20944535644666953
-0.1270708214245212
0.0820549828300359
0.12278912844231138
0.14901311497971664
0.5732861695159418
0.8296364513582773
0.8725903312211674
0.9605067622845922
1.0021049984285137
1.0088079566149377
1.0017577678559506
0.9583135563505769
0.9303528520109081
0.8973994708312153
0.8754956564140577
0.8618986986841959
0.7641125904419068
0.7595412620675083
0.6415878600781577
0.5982018739294227
0.5456440483571009
0.4416858543301325
0.417707416543183
0.2739540330720566
0.24411548660725174
-0.11232147304164797
-0.1477884630644531
-0.24428755047082776
-0.28776707794654127
-0.33240660934581445
-0.5914799865307518
-0.5974836424971673
-0.6103724586294635
-0.7019647678345026
-0.7325475818794953
-0.8961955852829118
-0.910955932474038
-0.9136178381033457
-0.965934341865956
-0.9827843192995206
-0.9682856660868077
-0.8838898984055422
-0.3169396915410456
-0.23216011263207592
-0.1436352976159783
-0.049486594629818276
-0.03507958896724568
0.024489418723430776
0.14199412999540711
0.24668059158822456
0.5942698440008514
0.6355578501674015
0.6615085098797124
0.7208342908050028
0.7648827271371348
0.9381037536576647
0.96556146240778
0.9716040695497445
0.9869926041166911
0.9804097247649125
0.9730039204269034
0.9576525314001191
0.9497080080133027
0.8773902807986252
0.8683344434242222
0.7783039816023773
0.627151730085487
0.5798056022876362
0.4642237889030118
0.4485050060428897
0.3241682301858381
-0.1593665130764614
-0.21689107272645783
-0.2481341957247162
-0.25971025086603267
-0.591276300692248
-0.7756271072896509
-0.8252348227844202
-0.8609844042823829
-0.9074203715309023
-0.9137530899204048
-0.9213772594355221
-0.9431393877770594
-0.9635651490979638
-0.9707273159115805
-0.9778872376234087
-0.9846425340501151
-1.002932337434056
-1.0029988464548103
-0.9959885677025918
-0.9912166674939462
-0.9827862550434716
-0.7100924920747965
-0.6534442282582134
-0.5299733158420882
-0.4684395919638333
-0.3936323351070821
-0.36866282778322057
-0.35519734754218385
-0.2982397797398208
-0.2602719247035
-0.23473567685071695
-0.1491899225793399
-0.1280749160296967
-0.12620903694331753
-0.07256677203019743
-0.06506307434006244
-0.01998697215532538
0.10320338326914166
0.21065875814829182
0.2538269786719742
0.3302761573035641
0.3787086406579968
0.49625151332183215
0.5476980972414431
0.5764696081845914
0.6844109504716118
0.8722621573858322
0.8769087503670697
0.8878580853860171
0.9847456430585831
0.9876375340791773
0.8572189594912176
0.789491300072884
0.7714737564562865
0.7425495573203162
0.6877944740259918
0.3093713763517479
0.2637181919594261
0.055063316285916826
-0.22565877374407275
-0.27042064155207857
-0.5857693678916766
-0.6773210826896479
-0.7176181825060339
-0.837334099238035
-0.8646907877901121
-0.9486121711115829
-0.9770083987452552
-1.0212925835654068
-0.9765380961839889
-0.9731303413367904
-0.8742847610851449
-0.8187631903065127
-0.7258607305175598
-0.6598871536945735
-0.6506638918177985
-0.631950734299605
-0.6118784703487768
-0.5204138629618937
-0.24219250792750072
-0.19425024352215284
-0.08288577402278959
0.40088409241683465
0.4378651424491877
0.45496284607112475
0.5349938242700502
0.5529745884505998
0.6908107182017724
0.6985929595503155
0.7259144335362901
0.7635711031633782
0.8733047022131356
0.9023084533793246
0.9631578424130197
0.9692649463971801
0.9376955452221403
0.9135841255078474
0.9002357450651486
0.8895104027085793
0.8377855760894615
0.7227514971176191
0.6286224715951875
0.5584028011537812
0.48395259713048444
0.3560702071000076
0.35432841212158767
0.2553743298585415
0.2110544738567771
0.1315347501177202
0.11785017307105694
0.04527640020473735
0.04213594585145131
0.01132433040583395
-0.17904937134979115
-0.5133244082426894
-0.5183008139175352
-0.5304001035780184
-0.5570056263833872
-0.6940978413962559
-0.7886872388737144
-0.9411292800294989
-0.9480532177742438
-0.9532140859091027
-0.9657180719449873
-0.9675933415796453
-0.9967487769848797
-1.0114384950841968
-1.0386971912502714
-1.014599342934014
-0.9987709267400571
-0.9898901300563308
-0.9561089323041354
-0.9238148663700833
-0.8805328085238636
-0.799387076618655
-0.7756685911340258
-0.7281690278654429
-0.7236074030421576
-0.6172752008687494
-0.3605322795236885
-0.3053814797079783
-0.28111752360520925
-0.14351327036692504
-0.10916486479077898
-0.03525659018300178
0.0217336542171526
0.04860105651185014
0.18459694933645854
0.498516641782036
0.5905328547876945
0.7064956003096343
0.7243827834336053
0.8718932168623156
0.8726367575662994
0.9150717202085467
0.9389328299131301
0.948032559968722
0.9524145360306808
0.9464638282775124
0.9405294023932098
0.7783810070363575
0.7564819184920335
0.5907189193609766
0.46436581825342443
0.34611739351590703
0.3321877643651307
0.14314843012845785
0.1282964298272187
0.0990971123859934
0.0365707550580793
-0.12321004386778561
-0.36653034241187077
-0.5963313092547111
-0.8889289058892125
-0.9620856254216864
-1.0504848743693596
-1.0133665869966628
-0.9439979826478496
-0.8521126191773877
-0.7898175318756706
-0.7247608809590229
-0.6540754329931788
-0.5038582681572862
-0.22238987439507257
-0.1490380068090493
0.18084215980149151
0.31966771361038193
0.42263560425704505
0.477151707204202
0.47768105393101096
0.5590187553875664
0.5751546074716979
0.6009681609247088
0.6612493502739459
0.7471615287632504
0.860146815576612
0.918332192017412
0.924769489586749
0.9298973849160321
0.9398498501633744
0.9340892735134083
0.8891285029935806
0.8817715936561346
0.8746040603137104
0.7398130884525063
0.7252528023997882
0.7102441131549844
0.463081437739185
0.39118213122477163
0.32667760546742247
0.28925338690081887
0.013593948761231489
-0.3281018263053957
-0.34385044919725594
-0.3697301188060552
-0.7076255695736982
-0.7631608277122994
-0.7769990438911787
-0.9953101068584205
-1.0583351726504178
-1.064618694163065
-1.0656371049221036
-1.0425449781477476
-1.0418642010544956
-1.0345280335330374
-0.8288289330138279
-0.7614757422555408
-0.7164448041327847
-0.5517730667792958
-0.5145878007362834
-0.5089682437979839
-0.4174278320923365
-0.18133906465457666
0.19414931348809145
0.2759720961003596
0.33812987654684784
0.36034231059399663
0.424833863249491
0.43569717808460084
0.7468121262706846
0.7672165209037144
0.8162187615549841
0.8185235238131714
0.8385098051816738
0.8763801121160724
0.9257033793841306
0.9276055579630836
0.9050107546520474
0.9034899957106944
0.896150921495072
0.8958318344348626
0.8894795019761397
0.8848172649887147
0.870578360682595
0.5939145770262458
0.44804351133094045
0.27562651624784357
0.18330298780992935
0.16317725777553688
0.024950691821979495
-0.04662985878273815
-0.056695741077102124
-0.4153118598758162
-0.5986195320538212
-0.7930112978230264
-0.8394586133017016
-0.8414847234495537
-0.9625808265810766
-0.9841836693969633
-1.0379803567522314
-1.074818715049001
-1.0743507798638747
-1.0686892876052418
-1.0663239131333297
-1.0145994289916496
-1.0143824834328479
-1.0047047078839497
-0.9994908359100609
-0.9973070015608235
-0.9371963610943645
-0.8585784951903914
-0.8499012354885418
-0.6772457037079076
-0.6534023309337864
-0.649807698562112
-0.6327135793269478
-0.4123459922939895
-0.34233051179087925
-0.29667305888033935
-0.15281803472790728
-0.021153180384897108
-0.00237152403901382
0.34127385045930037
0.4132589549602136
0.5421803300757512
0.5997977274361974
0.6229261176528942
0.7524434349439282
0.8188524576354476
0.8732477934988274
0.8740015707995628
0.8760433763870242
0.9180800091755352
0.917699054752177
0.8958533126669417
0.8897878165003708
0.8126298686692885
0.6031673448626689
0.5948648876163601
0.555479171549105
0.5525635812729034
0.5343865874768841
0.4794625203606222
0.4515483329041149
0.19761919683530912
0.10405099077753882
-0.11629452931972493
-0.5480786259987973
-0.5647043381674045
-0.7796413412930107
-0.8693399312833534
-0.9381895557555305
-0.9783706349098996
-0.9930497007048882
-1.0741648415016152
-1.0629362707676595
-1.0218682907631247
-0.979189387718569
-0.7346986008626751
-0.2559367820917515
-0.07225173628164615
0.08938381110971348
0.13061153326525854
0.16295585646921568
0.26935686881188314
0.276384615798614
0.4060904527903599
0.4475435997738189
0.501530145726081
0.5592525367287301
0.5625983779171254
0.6143800108179295
0.6228267949369479
0.7997063437373781
0.8386548946822465
0.8421608402045777
0.8719283615136221
0.8859868360064984
0.8951624439821477
0.9107376493258981
0.9122052942463484
0.9111342956861666
0.9003122332325633
0.8264944011366088
0.7655712807333328
0.2300446528861317
-0.007147493087858572
-0.047949290182043566
-0.1604625045875034
-0.19053995368300997
-0.2255122747060525
-0.2850494214005176
-0.4101316565680482
-0.6065965725371444
-0.6707271420407256
-0.7562032024329955
-0.8009054473406192
-0.8039973322861478
-0.8588466716247128
-0.8816851967127302
-0.9053009982621141
-0.941806171773097
-1.0485437530012154
-1.0816141883487957
-1.0690337384359843
-1.0193167131759442
-0.9002889681152455
-0.8355858423548246
-0.7667041379649108
-0.5583423355259267
-0.420890704174843
-0.2926734647887295
-0.2908281432627774
-0.1258011866106991
-0.11638914843981013
-0.03920613224946048
0.27406737955848315
0.2944136009327878
0.3610134596275425
0.39697631990918625
0.5825692720171524
0.6080484057007444
0.6361026109723136
0.6847038813875604
0.7542044769722527
0.756855815457829
0.826124126647637
0.8811706216838512
0.8991585055079573
0.8676293113757547
0.8655327158054464
0.850374041170446
0.7985995871745759
0.7243489398855584
0.44995599708136585
0.24840831026623644
0.1947300607796999
-0.07837853737144367
-0.08969718978335885
