-0.16988544032256264
-0.34811590190504305
-0.4521556349343634
-0.8069633802905173
-0.831715393700631
-0.8661943736654032
-0.9977823462389277
-1.0114639403614845
-1.015143793717558
-1.0126744559778986
-1.0053586520033808
-0.9689207087659758
-0.9398671583489397
-0.7340850831545445
-0.6926703312128752
-0.5966082382221993
-0.4661199328408878
-0.2418736527371174
-0.2400403580676392
-0.158076290569449
0.050064032175784444
0.09061285056558485
0.11671830663957848
0.5390852576511787
0.7941296857733322
0.8368200084568251
0.9240684891788433
0.9651362431590028
0.971666217004928
0.9640564689597061
0.9201708761875047
0.8920380472308898
0.8589218034917248
0.8369248563403505
0.8232745845800491
0.7251725160290429
0.7205885411260189
0.602350445872863
0.5588752063438533
0.5062174778110208
0.4020828942521677
0.3780671028088339
0.23411051489835194
0.2042336249218277
-0.15258728581913128
-0.1880864214510372
-0.284668433395726
-0.32818326594350505
-0.37285777480837257
-0.6321099129429844
-0.6381172226928388
-0.651013805056081
-0.7426581042933537
-0.7732569299675353
-0.9369745402160141
-0.9517390609580793
-0.9544016536655052
-1.0067246222220598
-1.0235688754899224
-1.0090079521196662
-0.9245160422794804
-0.3570502750711673
-0.2721915517794989
-0.1835819037129246
-0.0893399758183456
-0.07491839198289645
-0.015288122233766452
0.10234273307289107
0.20714877079441923
0.5552125506047662
0.5965694483553872
0.6225655285546604
0.6820025710629598
0.726141941748363
0.8998626902299808
0.9274538099890878
0.9335319198622462
0.9490300701991449
0.9431351673642834
0.935784119958069
0.9205298724671325
0.912629826023555
0.8406301104156906
0.8316076380142522
0.7418701075176731
0.5911237429820718
0.5438927496318549
0.42857785032718304
0.41289418849014714
0.2888285176780143
-0.1936826472403948
-0.25108107964120235
-0.28225471018545295
-0.2938048174628061
-0.6245540948044389
-0.8083266397710024
-0.8577441968496723
-0.893340456484569
-0.9395457021951635
-0.9458429984492827
-0.9534228340733713
-0.9750456484795977
-0.9953150836729591
-1.0024130181562216
-1.009501094100366
-1.0161783869593997
-1.0340345500613632
-1.034075210812321
-1.026774841226508
-1.0219170274993612
-1.0133697232510763
-0.739219836876033
-0.6823756776632914
-0.5585140630470329
-0.49679848559795337
-0.4217780904576949
-0.396738990441584
-0.3832362541290531
-0.3261229441699591
-0.2880526769308918
-0.2624480647370598
-0.1766755553850311
-0.15550496814920156
-0.15363418273536092
-0.09985112294048393
-0.09232775706631616
-0.04713353213517235
0.07638099464527973
0.18412383996055115
0.22740965985242584
0.3040712722495167
0.35264179019636194
0.4705348721953216
0.5221436713015606
0.5510089582035084
0.6593279777710354
0.8480249624874554
0.8526986683929166
0.863714116208081
0.9616076070371673
0.964649886481086
0.8357113665817589
0.7683234780746169
0.7503870677262388
0.7215872084588015
0.6670515903344677
0.28986177668312463
0.24434047711222784
0.03627083674143763
-0.2436724115594997
-0.2883073041504056
-0.6026938286317627
-0.6939253422666447
-0.7340710479051957
-0.8532771638531345
-0.8804981636012168
-0.9639117267956206
-0.9920732690016757
-1.0355010955337438
-0.9899470723671452
-0.9865081280754193
-0.8870081380822917
-0.8312151047701863
-0.7379239890201067
-0.6717053721557694
-0.6624493381670183
-0.643670647198783
-0.623529416326146
-0.5317649939275514
-0.2527217033670708
-0.20464556486839042
-0.0929741498680034
0.39215396302275213
0.4292473839098461
0.44639784622487977
0.5266839114823425
0.5447241485328848
0.683054042569857
0.690866783778112
0.7182983545057395
0.7561158165826206
0.866416965074951
0.8956179161342146
0.9571498343634881
0.9634866157123031
0.9326659729992046
0.9087744828776806
0.895527629114633
0.88487713968423
0.833459648121348
0.718949046404953
0.6251701475385942
0.5551861563609644
0.480969587914025
0.35346149795155796
0.3517246210805151
0.25304402893853234
0.2088435461459702
0.1295345055412123
0.11588582515850401
0.04350116202673825
0.04036885275782368
0.009637031958406601
-0.1802443476926723
-0.5136113257561449
-0.5185732440842858
-0.530637127524602
-0.5571638282683246
-0.6938226437966779
-0.7880728484505956
-0.9398124551911289
-0.9466951134030293
-0.9518242382434611
-0.9642473190337684
-0.9661099028879258
-0.9950419850387143
-1.0095893689596602
-1.0362239524561678
-1.0116118437586954
-0.9956255655707907
-0.9866698269708921
-0.9526516607931741
-0.920172443157501
-0.8766776305977573
-0.7951957933916665
-0.7713892027366539
-0.7237229098486238
-0.7191458607853294
-0.612476450626682
-0.35502735577769423
-0.2997362234683722
-0.27541131524935114
-0.13746794385104721
-0.10303607936646646
-0.02894898830836863
0.028178932296381395
0.0551113222649655
0.19143902530046303
0.5061787392579898
0.5984662139608962
0.7148121407770474
0.7327645139240149
0.8809419447306115
0.8816898960649416
0.9244213448347157
0.9485326754738694
0.9577871609501287
0.9623061472960286
0.9567318487628329
0.9508959813744627
0.7897556980978472
0.7679424710519067
0.6027269362529646
0.4767226921506693
0.3587723320740982
0.3448765382913222
0.15627860968114457
0.1414602500648388
0.1123267722780596
0.04994032305976747
-0.10948618689694271
-0.352258593559424
-0.5815002981587795
-0.8731971372312224
-0.9460288768166077
-1.0333360619985696
-0.9957847974314104
-0.9260212718580033
-0.8337732254132529
-0.7712752384836223
-0.7060279820179703
-0.6351524252354781
-0.4845694674595729
-0.20249038407121306
-0.12898729544855717
0.20156813260734477
0.3406885080811727
0.4438858257829765
0.4985289223035449
0.4990595252310619
0.5805966732461557
0.5967738478916115
0.6226549667445975
0.6831022850718635
0.7692796852475181
0.8827170784020912
0.9412828550768626
0.947786410658317
0.9529780483368206
0.963215386621449
0.957653379341657
0.9131024850556835
0.9057890819862621
0.8986614042077333
0.7644067295361858
0.7498919345727952
0.734928704717194
0.48838848299762844
0.4166441530328129
0.352273009774355
0.3149242123936247
0.039792578368527155
-0.30126633007202913
-0.3169848963039808
-0.34281488845591007
-0.6800018514894618
-0.7354013910558344
-0.7492043009652343
-0.9667920902897362
-1.0293631524012203
-1.035519493310755
-1.0363998719494507
-1.0129706829967042
-1.0122843779802362
-1.0048929594034866
-0.7984049889110091
-0.7308809369289528
-0.6857446834561322
-0.5207268558978178
-0.4834693872241538
-0.4778390614771172
-0.3861276941649475
-0.14962386541286127
0.22650471337545666
0.3084717098115537
0.37074186924444236
0.39299520830095813
0.4576082519864256
0.4684924870820416
0.7803130822495756
0.8007773410444295
0.8499392470163317
0.8522522375816745
0.8723135457279716
0.9103520349738456
0.9600762431541391
0.9620271910986044
0.9398612982438833
0.9383516217473431
0.931061887251414
0.9307448131024062
0.9244307117344072
0.919794617298635
0.9056280418136191
0.6297574728329528
0.4841715031020647
0.3120537310747804
0.21988064240015057
0.19978709346741574
0.06177747712699603
-0.009692513346756786
-0.019742897166213746
-0.37779933789532844
-0.5607975143130606
-0.7548125826039088
-0.8011560138413206
-0.80317740701737
-0.92394721955328
-0.9454770063556008
-0.9990430460874011
-1.0354011170686284
-1.034920265081735
-1.029165686621268
-1.0267736166274808
-0.9747381332842655
-0.974520273211759
-0.9648031896045646
-0.9595692186423095
-0.9573771643414641
-0.8970723846705922
-0.8182538962414004
-0.8095567099839607
-0.6365564721017518
-0.6126708560613113
-0.609069935283899
-0.5919461816821296
-0.371226173042297
-0.3011065333090993
-0.255382430156912
-0.11132181904303293
0.020528367879558904
0.039336441611555015
0.38348010215301126
0.45557744823257823
0.5847138558536753
0.6424358114062177
0.6656082016894938
0.7954049408122812
0.861996185511734
0.9165908855202116
0.9173480632832883
0.9193992188493404
0.9617593777058194
0.9615384933925459
0.9399008439922565
0.9338704953378346
0.8570068826087601
0.6480065666519286
0.6397189138640363
0.6004013994784398
0.5974907354136145
0.5793441079222688
0.5245085596043553
0.49663774772623
0.24307033086357044
0.14962608981872713
-0.07043554749033822
-0.5016478230782231
-0.518249739593957
-0.7328502509603533
-0.8223815761080254
-0.891080983975633
-0.9311590946380778
-0.9457961085040231
-1.0262080334484136
-1.0149006884531067
-0.9736527728071557
-0.9308439753996229
-0.6858728578482001
-0.20647648857179685
-0.022575003599086846
0.13925026196051485
0.18052691685255792
0.21290990594798492
0.3194405057313202
0.32647697391513014
0.4563488775247017
0.49785770890599995
0.5519193417897063
0.6097260367523772
0.6130769161084774
0.6649390729396661
0.6733995011824492
0.8506221925143962
0.8896759464854912
0.893192538781595
0.9230635381149165
0.9371842512400635
0.9464100024337966
0.962131736806625
0.9636619114021562
0.962640724113891
0.9519390670912473
0.8784122966878436
0.8176338872089739
0.28286812175825915
0.04593655418687365
0.005178459617949577
-0.10721466771635191
-0.13725998016310398
-0.17219484335643478
-0.2316678640189888
-0.35661286708380036
-0.5528490832742629
-0.6168991165605922
-0.7022606174327085
-0.7468984970232737
-0.7499857887590203
-0.8047499299689727
-0.8275505073796445
-0.8511251344232749
-0.8875617866277996
-0.994029799017122
-1.0269407369950472
-1.0140057289175066
-0.9641155862969879
-0.8448391864892871
-0.7800328088386789
-0.7110531679103173
-0.5024371243838283
-0.3648370496137319
-0.23648866168691163
-0.23464148781688343
-0.06945129501457656
-0.06003003993797302
0.017228462680017168
0.33081504375546666
0.35118252138511424
0.41785334140697966
0.45385556134932176
0.63966929772077
0.6651820870450216
0.6932747152368027
0.7419467143704432
0.8115614833428609
0.8142175955826952
0.8836288071402134
0.9388442142323485
0.9569318607688196
0.9257713806375623
0.9236817798515556
0.9085691174724798
0.8569172448904049
0.7827997016712503
0.50875718850242
0.30741399711470474
0.25378681310236867
-0.0190727207387487
-0.030381247912109735
