-0.16779138193914309
-0.3461586953877732
-0.4502823258613384
-0.805433215475259
-0.8302161718402145
-0.8647415667654771
-0.996598638680159
-1.0103491339216089
-1.0140636678812114
-1.0117030333813675
-1.0044326644591628
-0.9681136431098842
-0.9391227935343702
-0.7336205474348128
-0.6922486901733903
-0.596278352991943
-0.4659030269703063
-0.241833353324373
-0.24000144634008647
-0.15809884936481772
0.04988803157741624
0.09040698318100088
0.1164931563377812
0.5385275993356018
0.7933131848516008
0.8359472529895597
0.9230457339170978
0.9639854667468382
0.9704716993453629
0.9627125156403716
0.9186988244087584
0.8905130792371884
0.8573450006780969
0.8353175701974487
0.8216495538258414
0.723437424215069
0.7188488525626447
0.6005026855662058
0.5569915349432556
0.5042922772392356
0.4000804506603034
0.37604757820834156
0.23199277374022145
0.20209620589624377
-0.1549507936792653
-0.19047216782870827
-0.2871151174407168
-0.3306577400834546
-0.3753610921656887
-0.6347918956678906
-0.640803701253214
-0.6537100149534929
-0.7454272477092384
-0.7760523070232977
-0.9399424981347219
-0.95472782938335
-0.9573943613280327
-1.0098160807283014
-1.026717164015076
-1.0123323752019415
-0.9279776951897727
-0.36090393055359404
-0.27608813778382757
-0.1875219277463978
-0.09332511042859554
-0.07891035840481958
-0.01930819708860628
0.09826755331482709
0.2030243545776947
0.5509146654881348
0.59224870460573
0.6182299828453829
0.677631616312072
0.721742888124686
0.8953207083591636
0.9228764865967047
0.9289453662310585
0.9444154583443071
0.9383577151357065
0.9309945672870552
0.9157191286525562
0.9078094942719304
0.8357432001085259
0.8267139335475714
0.7369181939060803
0.5860951121097164
0.5388431191405838
0.4234807317445699
0.40779094066187443
0.28367884173734104
-0.19899502453034848
-0.25641228053295306
-0.2875961780691103
-0.29915010026383265
-0.6300145895541461
-0.813863510118168
-0.8633053338166405
-0.8989208698913291
-0.945154652260441
-0.9514562807699433
-0.9590415205637257
-0.9806811880745394
-1.0009693059268858
-1.0080748481988802
-1.0151713870328722
-1.02185781298473
-1.039763733794238
-1.0398073076162602
-1.032539238110319
-1.0276908546506591
-1.0191562837339931
-0.745156305411761
-0.6883311757685258
-0.5645067761427351
-0.5028081952819811
-0.42780746574986384
-0.4027747283147545
-0.3892753864804766
-0.33217617908172753
-0.2941151092870407
-0.2685166035881172
-0.18276416125020248
-0.161598449326935
-0.15972809346443884
-0.10595730461952087
-0.09843564440203029
-0.05325161976276529
0.07023529077279583
0.17795409715646607
0.22123020221428227
0.2978744372086653
0.34643378033347333
0.46429891336636403
0.5158949584033381
0.544752926542192
0.6530428651551039
0.8416769304077597
0.846348667889952
0.8573593281596922
0.9551820617016412
0.9582140881328507
0.8291788703793493
0.7617698084646166
0.7438283961423279
0.7150209110163216
0.6604719494580973
0.2832098200788744
0.23768104576818574
0.029578813537298076
-0.2504063935794412
-0.2950479782827479
-0.6094839122510214
-0.700731372036737
-0.7408845332488143
-0.8601153659955665
-0.8873428448208276
-0.9707802925456297
-0.9989526819677362
-1.0424190949090366
-0.9968997335704197
-0.9934621154731863
-0.8939895130092318
-0.8382075987954856
-0.7449321606797211
-0.6787232840320373
-0.6694685443488018
-0.6506924356753347
-0.6305539139305731
-0.5388011685561837
-0.2597890697312777
-0.21171789986855644
-0.1000577608980524
0.3850223455605029
0.4221119294979855
0.43926059730069517
0.519538048470348
0.5375762919469355
0.6758898481173602
0.6837015925338371
0.7111295770002479
0.7489418348323765
0.8592249271230458
0.8884197173298871
0.9499307537009032
0.9562606600520375
0.9254181251572073
0.9015203539694352
0.8882706232324052
0.8776180217737839
0.8261919389359706
0.711666998473713
0.6178787135638185
0.5478884955037121
0.47366582586397693
0.34614810877274343
0.34441110660620117
0.24572359557004142
0.20152012264150748
0.12220584865286649
0.10855628216574516
0.03616697754268224
0.03303446936563664
0.002300704302554725
-0.1875924967639142
-0.5209805033372478
-0.525942749127446
-0.5380074318146165
-0.5645359065081075
-0.7012043448323954
-0.7954619270669075
-0.9472163895938935
-0.954099903289489
-0.9592296846689508
-0.9716544336441107
-0.9735172783950388
-1.0024539243304253
-1.0170041873388875
-1.0436511290633335
-1.0190488816303636
-1.0030655729375044
-0.9941112346408941
-0.9600974565822187
-0.9276216257719405
-0.8841306599805127
-0.8026548024628687
-0.7788497596869135
-0.7311863738201475
-0.726609592224098
-0.6199459678707276
-0.36250861128777956
-0.30721975128859264
-0.2828958238434648
-0.14495784110763416
-0.11052728518783998
-0.03644297451623246
0.020682826961156024
0.047614223132647154
0.18393691678217766
0.4986647100169107
0.5909483835783015
0.7072890599343445
0.7252405536153196
0.8734092143186283
0.8741571090347527
0.9168847929943844
0.9409930090608402
0.9502455968393326
0.954762921242818
0.949184144139045
0.9433471251287913
0.782195557958811
0.7603814111842718
0.5951601626514738
0.46915241237649746
0.35119913893524235
0.33730301920531963
0.14870092693800244
0.13388225671745008
0.10474817377576619
0.04236045064357194
-0.11706921238862932
-0.3598462911115405
-0.5890925120075795
-0.8807960965237173
-0.9536301118279428
-1.0409443414844077
-1.0033956162262798
-0.9336342829855913
-0.841388146810199
-0.778891185815443
-0.7136448653406516
-0.642770215419913
-0.49218892799377595
-0.2101124164932198
-0.13660992320608767
0.1939430454069986
0.3330624481804601
0.4362590510705596
0.4909017677028017
0.4914323669285286
0.5729689410926783
0.5891460002879229
0.6150269329119626
0.6754738067204289
0.7616505365050061
0.8750868974756348
0.933651912764323
0.9401553456667757
0.9453468680961863
0.9555837244341157
0.9500214130931897
0.9054699734271405
0.8981565189409856
0.8910287951462919
0.756773601804116
0.7422587714136841
0.7272955074878529
0.480754952469708
0.40901057787820816
0.3446394083688877
0.3072906011083281
0.03215899771627451
-0.3088996435858983
-0.32461819104866124
-0.35044815096838655
-0.6876344911755836
-0.7430338768844187
-0.756836744960964
-0.974423514228011
-1.0369937787371786
-1.0431498746914423
-1.0440299768784693
-1.0206000667360393
-1.0199137493486006
-1.0125222061651291
-0.806032267519923
-0.7385077431039683
-0.6933711903202827
-0.5283523358159871
-0.49109464455562724
-0.4854642853645786
-0.3937523785964099
-0.15724717366520008
0.21888371034917364
0.3008512563188873
0.3631218516270687
0.3853753509975291
0.449988876035202
0.4608731948027675
0.7726967463253167
0.7931612678239724
0.8423238834848683
0.844636910978779
0.8646985574458872
0.9027378155437459
0.9524639146567445
0.9544150981534152
0.9322513282711515
0.9307417078462045
0.9234522237250158
0.9231351598162029
0.9168212533212158
0.9121852925574778
0.8980190886673838
0.6221527634271107
0.4765683936077375
0.30445234264960136
0.21228013535926327
0.19218677635736117
0.05417845317979411
-0.017290869778370976
-0.027341159567280254
-0.38539412985926413
-0.568390325200489
-0.7624029234792015
-0.8087456622865108
-0.8107670239071126
-0.9315346295124953
-0.9530639156981184
-1.0066283594429482
-1.0429830322456124
-1.0425020874840563
-1.0367468383033898
-1.0343545752691938
-0.9823168204970155
-0.9820989536842472
-0.9723815800273032
-0.9671474605028076
-0.9649553453944648
-0.904649121237289
-0.8258291233623211
-0.8171317862577774
-0.6441289126553914
-0.6202429702142209
-0.616642000785099
-0.5995180176901622
-0.3787952521398892
-0.3086747878646866
-0.262950154783262
-0.11888789773966676
0.012963787541232015
0.031772075970372474
0.3759198380633191
0.44801812154280046
0.5771563387626529
0.6348791807042348
0.658051945259218
0.7878510785490782
0.8544439006351519
0.9090403408169135
0.9097975483911669
0.911848785949009
0.954211802005241
0.9539923457214663
0.9323565668760391
0.9263265357295494
0.8494655995287042
0.6404695495274598
0.6321820346340622
0.5928651565051395
0.5899545384607029
0.5718081948383935
0.5169734758582825
0.4891030713719328
0.2355390773673959
0.14209601977995961
-0.0779628875913883
-0.5091695818535887
-0.5257712637520537
-0.7403684375426257
-0.8298980899288616
-0.8985959878510584
-0.9386730593266859
-0.9533096478220364
-1.0337143771828385
-1.0224062165936794
-0.9811564308752515
-0.9383462773777462
-0.6933701013899406
-0.21396694609125555
-0.03006312016509731
0.13176420813678344
0.1730413966805086
0.20542480792734735
0.31195682553794823
0.3189933893065807
0.44886711697432874
0.49037656166366733
0.5444390228804504
0.6022466496615795
0.6055975847652657
0.6574606335180029
0.6659212130608716
0.8431477256867421
0.882202657391286
0.885719369036527
0.9155915298715781
0.9297129429286607
0.9389392587517075
0.9546626467609409
0.9561935286839867
0.9551729055593771
0.9444726148210728
0.8709491620681042
0.8101724098028994
0.275415439948304
0.03848691561677934
-0.002270667052200595
-0.11466238556611896
-0.1447073204504778
-0.17964174327497096
-0.2391140093253215
-0.36405739444902585
-0.560290905195096
-0.6243399830818226
-0.7097001225556754
-0.7543372360254927
-0.7574244730563113
-0.8121875987580169
-0.8349877233677757
-0.8585618587681938
-0.8949976920166272
-1.0014624732110893
-1.0343714924437575
-1.0214322010062242
-0.9715399581164627
-0.8522605316671164
-0.7874528938352167
-0.7184720557845312
-0.5098528964260871
-0.37225099707806836
-0.2439009939315455
-0.24205379722669323
-0.07686158980448496
-0.06744022083899234
0.00981921507166112
0.32340967703701856
0.3437774187517365
0.41044912092097724
0.4464518305100943
0.632268318106046
0.6577815274961851
0.6858746354725865
0.7345475183927959
0.8041637156429037
0.8068198876446375
0.8762328897520428
0.931450417271097
0.9495393181495346
0.9183834863659882
0.9162939739477808
0.9011818930279435
0.8495315709322249
0.7754157136020015
0.5013776501243663
0.30003706262502144
0.24641052965025984
-0.026445824333327688
-0.03775422207947759
