-0.16721679358634722
-0.345116411501574
-0.4489533570065637
-0.8029322065045659
-0.8276095282955527
-0.8619764897920965
-0.9929155536649916
-1.006431163684039
-1.0100274984749764
-1.0072965041765563
-0.99987139263811
-0.9631475153227933
-0.9339433084762354
-0.7274897478595862
-0.6859721954228772
-0.5896903211909577
-0.45893162185574976
-0.23426316508487416
-0.2324265555567273
-0.15031568654287036
0.05819076300042697
0.09881079416064076
0.12496221841710291
0.548120741084782
0.8037799991865681
0.8466037916300622
0.9342079072199783
0.9755789017744676
0.9822124260453334
0.9749562256055502
0.9313734398054373
0.9033656299544465
0.8703718131260043
0.8484468465322762
0.8348384695508865
0.7369961610757833
0.7324230317521389
0.6144398442222385
0.571049275699781
0.5184894448930772
0.41453689339766203
0.390561345847526
0.2468360970597363
0.21700554318768078
-0.1392832902882999
-0.1747301188013865
-0.2711688251394978
-0.314618316697659
-0.3592250164608731
-0.6180572972861667
-0.6240540458080676
-0.6369277687837731
-0.7284007706646342
-0.7589379934788245
-0.9222504893926605
-0.9369661765419023
-0.9396195258957122
-0.9917108178053234
-1.0084217783694727
-0.9934478921718001
-0.9086343893896627
-0.34025066138686155
-0.25529146399893055
-0.16658016490783345
-0.07223268334861588
-0.05779511484095544
0.001900918638122891
0.11966068718776289
0.22458189550988222
0.5730513408600051
0.6144616832320138
0.6404923697671027
0.7000121926995427
0.7442172495098256
0.9182720601626947
0.9459457680564747
0.9520454467585946
0.9676091600053898
0.9620946937058699
0.9547719114727748
0.9395671624578132
0.9316895109943114
0.8598452954941684
0.8508386904363077
0.7612370962320216
0.6106698696903562
0.5634879073427645
0.44828387950170295
0.4326145271245036
0.30865724375589626
-0.17347415329248791
-0.23082865481527956
-0.26197832457746745
-0.27351952881371777
-0.6039999542773903
-0.7875942979476217
-0.8369552395541828
-0.8725065274477667
-0.9186451995847164
-0.9249323892837277
-0.9324996178069159
-0.9540831170866355
-0.9743089701818635
-0.9813891578552265
-0.9884574924916841
-0.9951134809142085
-1.0128535804878196
-1.012887446518495
-1.0055117389082882
-1.0006319302301618
-0.992054927456389
-0.7175554394466983
-0.6606669058645676
-0.5367185139042293
-0.47496330536404063
-0.39989705676196685
-0.374843121616696
-0.36133247071243957
-0.30418627945642884
-0.266094567904123
-0.24047571823319447
-0.15465642275537056
-0.13347446892393744
-0.1316026820314998
-0.07779101331204889
-0.07026367084251853
-0.025045664953171027
0.09853324490940557
0.2063321316545974
0.2496405990794122
0.3263427215976927
0.3749392898065373
0.4928975237494258
0.5445360532155404
0.5734184003143656
0.6818052067952732
0.8706488472509603
0.8753271410800034
0.8863537474739599
0.9844121486693006
0.9874783231421943
0.8587651467287103
0.791426596907026
0.7735018420642025
0.7447197522873664
0.6902152261198778
0.313193908236596
0.26769002389259905
0.059696316445765805
-0.22014918090493668
-0.26476848352443616
-0.5790399084878805
-0.6702342774845791
-0.7103626166036012
-0.8295111604766914
-0.8567170691273875
-0.940075001909301
-0.9682112802594908
-1.0115492410090596
-0.9659144984865313
-0.9624724659208306
-0.8629087014957105
-0.8070897775511009
-0.7137621579658309
-0.6475208627377326
-0.6382618152345507
-0.6194771119761987
-0.5993295735583071
-0.5075379646110855
-0.22842205787681863
-0.18033435276921933
-0.06863668873800402
0.4166031644678145
0.4537055153768011
0.4708601541463561
0.5511662669383464
0.5692111435194889
0.7075790581720209
0.7153941189683805
0.7428340350279834
0.7806636072742186
0.8910067697263409
0.9202220552195921
0.9818025555241814
0.9881553303900892
0.9573856114600473
0.9335087304464026
0.9202685680083298
0.9096229906876077
0.8582254797334792
0.7437482224747904
0.64999114853144
0.5800216354478055
0.5058192520636451
0.37833354318295376
0.37659695758419454
0.2779324491063937
0.23373891683177547
0.15444204060568842
0.14079541979941465
0.06842154457791123
0.06528969760548764
0.034562395552326076
-0.1552915116465438
-0.4886096304762072
-0.49357078806429877
-0.5056328147575663
-0.5321553944776611
-0.6687918573829896
-0.7630249270374099
-0.9147300364893234
-0.9216107084211633
-0.9267383089167914
-0.9391575166186912
-0.9410194947498515
-0.9699409816691899
-0.9844816820186972
-1.0110875813890008
-0.9864525897938269
-0.9704594219977307
-0.9615004346919268
-0.9274720888246634
-0.8949850151344101
-0.8514812805213736
-0.7699855761876779
-0.7461753963413541
-0.6985023631700321
-0.6939246939819624
-0.5872418706949679
-0.32976557139334245
-0.27446917416393807
-0.25014199364518486
-0.11218613915650238
-0.07775124374036899
-0.003657713245466805
0.05347511477506696
0.08040980598930163
0.2167491071776519
0.5315164091917697
0.6238126770186104
0.740170746283576
0.7581251529226379
0.906322855090886
0.9070709372513501
0.9498110839672673
0.9739296082819984
0.9831884759010222
0.9877112993797594
0.9821473381199722
0.9763141281336465
0.8151998651340446
0.7933887574049717
0.6281863827400106
0.5021902087346961
0.38424655080178943
0.37035150664562283
0.18176314983292852
0.16694550395522925
0.13781341662775987
0.07542989390467014
-0.08398937612685062
-0.32675106503517753
-0.5559824221894366
-0.8476638354472947
-0.9204903801812436
-1.0077815233038037
-0.970224493806128
-0.9004560005987758
-0.8082036340942278
-0.7457033307194811
-0.680453963400805
-0.6095763639426219
-0.4589896509195866
-0.176904807262534
-0.10340038980265208
0.22716050460208315
0.3662830291583314
0.4694819202461699
0.5241258505974359
0.5246564616414576
0.6061948656887741
0.6223722924731724
0.6482538176206788
0.708702103495565
0.7948809560292381
0.9083205649696728
0.9668879542412351
0.9733917673366511
0.9785836462341464
0.9888219846903019
0.9832605996171231
0.9387107962416
0.931397493744566
0.9242699055448168
0.7900161998099676
0.7755014668803748
0.7605382958817364
0.5139985666886321
0.442254269109531
0.377883125118527
0.34053431564400866
0.0654023622047179
-0.2756574733549115
-0.2913760978447209
-0.3172061891344855
-0.6543949500845005
-0.7097949153971558
-0.7235979403180997
-0.9411884697384338
-1.0037616222716024
-1.00991859946293
-1.0107996936310017
-0.987372360573381
-0.9866860872738441
-0.979294987966427
-0.7728120213138879
-0.7052891618546724
-0.6601536625443929
-0.49513841547442816
-0.45788150480980766
-0.4522512628676163
-0.36054124606689975
-0.12404085280300478
0.2520819966341886
0.3340476311410955
0.39631671125109497
0.41856965353158515
0.4831815064833596
0.4940655346884014
0.8058788352155476
0.8263424471027515
0.8755026064056559
0.8778155061197609
0.8978759820958234
0.9359125812482416
0.9856321466645436
0.987582516797369
0.9654114210964957
0.9639016072946411
0.9566112597597983
0.9562941605401101
0.9499795821058485
0.9453431604662023
0.9311756755429622
0.6552947352661461
0.5097048617779638
0.3375828937141723
0.24540765743920595
0.22531364582281893
0.08730088021766244
0.015829264765771296
0.005778652075127785
-0.3522862302512479
-0.5352892210735639
-0.7293102879267107
-0.775655400013511
-0.7776768697817066
-0.8984520374505481
-0.9199830385825505
-0.9735529486607144
-1.0099192556768544
-1.0094386284592198
-1.0036856748533098
-1.001294072468427
-0.9492640899409721
-0.9490462461880298
-0.9393298648313624
-0.9340962535439413
-0.931904346457467
-0.8716030633878639
-0.7927882278354985
-0.7840914065770169
-0.611097544756778
-0.5872127181207081
-0.5836119150045825
-0.5664887164063102
-0.3457753735157459
-0.2756577268566698
-0.2299349045192191
-0.08587827093614124
0.0459682958482116
0.06477585091567822
0.40890960564598894
0.4810046884676426
0.6101367276852679
0.667856543802234
0.6910280307858744
0.8208189924729415
0.8874064315161202
0.9419969338161905
0.9427540396738616
0.944804997474445
0.9871582656732456
0.9869339380807235
0.9652917790320085
0.9592606649817382
0.8823906009213774
0.6733800054136808
0.6650920204009876
0.625772973146248
0.6228621982119081
0.6047148868488139
0.5498773406454119
0.5220055473987917
0.2684298862955471
0.1749827952397839
-0.04508541548871394
-0.4763111269089885
-0.4929136081182559
-0.7075221517953503
-0.7970575021112688
-0.865760543057969
-0.9058411539430901
-0.9204791911877341
-1.000908424433237
-0.9896030409058814
-0.9483596224350612
-0.9055540859414881
-0.6605951304956399
-0.18121507318845734
0.0026807856420650034
0.16450109408290067
0.20577646657682716
0.2381584412326399
0.34468563404937286
0.35172187255351023
0.48158939329253647
0.5230967510675818
0.5771563937463765
0.634960849926027
0.6383115953452932
0.6901716093144523
0.6986316740611784
0.875845185348796
0.9148961102147454
0.9184124158204345
0.9482806251438552
0.9623996570272957
0.9716240520014564
0.987341814521319
0.9888702902491906
0.9878477479694051
0.977142809530983
0.9036080715930129
0.8428256824716922
0.3080387979126508
0.0710999242152011
0.03034060073905514
-0.08205590865013504
-0.11210212746677616
-0.14703804779292745
-0.2065128799262896
-0.33146176681470874
-0.5277044770641529
-0.5917568035759972
-0.6771215721093429
-0.7217612905236118
-0.7248487135597104
-0.7796152921227844
-0.8024169562999396
-0.8259927633248632
-0.8624313810624844
-0.9689071481820928
-1.0018226908535446
-0.9888979616271358
-0.9390128587869794
-0.8197437213685138
-0.7549403674043219
-0.6859635988033429
-0.47735503103326354
-0.33975933377693446
-0.21141482097609415
-0.20956770188918747
-0.04438234229998409
-0.03496136044664173
0.042294903187305014
0.35587217425236417
0.3762390183762026
0.4429077222570019
0.47890876761972306
0.6647159044080546
0.6902276861069031
0.718319163430572
0.7669890426273309
0.8366003856422345
0.8392563545346924
0.9086632712529988
0.963873592376921
0.9819582303602502
0.9507866014904586
0.9486967887660345
0.9335827318393934
0.8819271406786013
0.8078055542106709
0.5337523697377082
0.3324029338952138
0.2787741886370946
0.005907029356008621
-0.005401808184712344
