-0.15785396621051997
-0.33489983951778907
-0.43821732370760985
-0.7901259648059525
-0.814622315638734
-0.8487199652722932
-0.9781549656294475
-0.9913030199566067
-0.9947173046240027
-0.9914290501474898
-0.9837772209666534
-0.9464779711183784
-0.9169812265161129
-0.7093175827800959
-0.6676287469944691
-0.5709934690410523
-0.4398241725574889
-0.21456870174604897
-0.21272774570803155
-0.1304285057244831
0.07851260271391271
0.11921134584406526
0.14541257127693502
0.5693051774853837
0.8253754352214702
0.8682703684320087
0.9560330048996657
0.9975039109772009
1.0041642009853815
0.9969714863807699
0.9534091291794085
0.9254007154134489
0.8924012247041053
0.8704705838042502
0.8568581092854871
0.7589773949924754
0.7544021769230673
0.6363587581775446
0.5929434711749316
0.5403521428813998
0.43633273015476987
0.41234094809058913
0.2685122013562401
0.23865883707399205
-0.11794154763677253
-0.15342392715513078
-0.2499645477288132
-0.2934627047299522
-0.3381213643334754
-0.5973084725864568
-0.6033148837139726
-0.6162096453435773
-0.7078457220996608
-0.7384439352194566
-0.902188641060071
-0.916960102413294
-0.91962409845438
-0.9719916016035429
-0.9888696918512825
-0.9744523004195654
-0.8901135284991225
-0.3232938671468449
-0.23852552871594837
-0.15001144391879054
-0.0558731900871993
-0.041467704605169804
0.01809522245935907
0.13558883315157833
0.24026630890660405
0.5878311469333529
0.6291168028431032
0.6550660512129086
0.7143888118728301
0.7584352123892019
0.9316509668486413
0.9591087200939841
0.9651514292497789
0.9805405062408638
0.9739678889976001
0.9665633470140141
0.9512143404849382
0.9432709674134585
0.8709624913186648
0.86190772390824
0.7718874061855419
0.6207512638746084
0.5734101038401109
0.4578404327017555
0.44212331007191485
0.3177998140652314
-0.1656781583430899
-0.22319507486787601
-0.2544339313740183
-0.2660083835183599
-0.5975213795072541
-0.7818318454380166
-0.831425838039279
-0.8671641986817561
-0.9135830257101825
-0.9199130860863365
-0.927533919082293
-0.9492854928186689
-0.9696992864104004
-0.9768564984406118
-0.9840108526428123
-0.9907600742831759
-1.0090155510958392
-1.0090799850088472
-1.0020462016601184
-0.997267265545525
-0.9888272265404731
-0.7160087047787831
-0.659343019777652
-0.535836944546137
-0.4742866696008342
-0.3994598692815036
-0.3744839473668152
-0.36101502643044864
-0.3040430254437364
-0.2660656359592496
-0.24052300444896418
-0.15495596882637191
-0.13383572097578592
-0.1319693787512934
-0.07831379122680765
-0.07080822753249197
-0.025720893403074013
0.0975005048476726
0.20498366995020556
0.24816332842254102
0.3246332691518383
0.3730793115735452
0.4906568219264342
0.542119562914975
0.5709004463137698
0.6788797698615773
0.8668173484720582
0.8714667394069029
0.8824229044400909
0.9794156481838567
0.982323462883953
0.8520641966159033
0.7843737468416311
0.7663651223225254
0.7374546171198589
0.6827237776357875
0.30443861037547654
0.25880034110773176
0.05021202249358883
-0.23042057555053008
-0.2751677566544347
-0.5904043341394917
-0.6819184005964336
-0.7221976442494025
-0.8418531737264218
-0.8691937231230192
-0.9530544613819386
-0.9814225340563367
-1.0256033104390574
-0.9807513489845032
-0.9773397740059679
-0.8784137399133279
-0.822858628923234
-0.729907982412145
-0.6639039250196772
-0.6546765808152684
-0.6359552558984601
-0.6158743907675106
-0.5243723225052216
-0.24604769795573048
-0.1980885353048742
-0.08668524039770577
0.39725775832405325
0.43425322695339846
0.45135770509534373
0.5314214820187909
0.5494099035894402
0.6873097588306114
0.695095945296964
0.7224316686002548
0.7601091725364129
0.8699165330046799
0.8989459935092861
0.9598846796099065
0.9660219411816222
0.9345512266172753
0.9104689002623451
0.8971339663904863
0.8864185443279654
0.8347345064315735
0.7197701126047019
0.6256878419766398
0.5554997085947403
0.48108081941252706
0.35324870324443847
0.3515075696958969
0.25259030351939116
0.20828653834621072
0.12879524487782157
0.11511551582277357
0.04256730203318839
0.03942794924338128
0.008627128564456417
-0.18167984650553545
-0.5158312574420952
-0.5208056850489624
-0.5329001396807735
-0.5594948948417525
-0.6965278112605253
-0.7910706907297395
-0.9434160985649112
-0.950334345119096
-0.9554908358923225
-0.9679836615512513
-0.9698571807873606
-0.9989817766919705
-1.013651821393077
-1.0408240656002383
-1.0166547562295434
-1.0008043633891643
-0.991913127146861
-0.9580988915272489
-0.9257789828407939
-0.8824671982192955
-0.801274436969364
-0.7775436098190418
-0.730020675914282
-0.7254568880498402
-0.6190773544466767
-0.36223505219115376
-0.30706446175624696
-0.2827919055517081
-0.14513975761379172
-0.11077955286939709
-0.03684598187727225
0.020163753635063647
0.04704036078289147
0.1830832950018246
0.4971195530892697
0.5891744211265834
0.7051918495882861
0.7230883449890884
0.8706942085987853
0.871438381256489
0.9139158512881221
0.9378128763458929
0.946934837780128
0.951336507840828
0.9454399620628358
0.9395197314607595
0.7775168507995597
0.7556301821138625
0.5899464685139414
0.4636439743755543
0.3454388395789994
0.3315141275180752
0.14253899461569575
0.12769189138998485
0.09850215990573688
0.03599617991037341
-0.12373297325171259
-0.36697328082480923
-0.5966924457601308
-0.8891579800596264
-0.962266961946553
-1.0505054506807545
-1.0133232840265276
-0.9438963470866838
-0.851957356953823
-0.7896322457687407
-0.724547375380383
-0.6538337673607723
-0.5035623799487613
-0.22200334954001946
-0.14862901696312256
0.1813515646998814
0.3202210102215481
0.4232230774995078
0.4777581056987271
0.4782876396581735
0.5596550746349583
0.5757970887385879
0.6016207187521451
0.6619266905700693
0.7478784522863174
0.8609312655107909
0.919173507375584
0.925620714236261
0.9307581438656585
0.9407532339044875
0.9350223827202376
0.8901230056655605
0.8827726157140383
0.8756110551650217
0.7409004957265217
0.726347034184876
0.7113451652450825
0.46427593124038496
0.3923999048468165
0.3279154202026362
0.2905025358315505
0.014922453811431126
-0.3266774810881113
-0.34242157859146527
-0.3682937682317834
-0.7060824839721921
-0.7615972839252523
-0.7754301774351664
-0.9936321480312575
-1.0565886856453766
-1.062853003666887
-1.063850569238528
-1.0407075267694812
-1.040025914485481
-1.0326813990385355
-0.8268630548981701
-0.7594840247861191
-0.7144371577225387
-0.5497130633283815
-0.5125168723072618
-0.5068956858812499
-0.41532940389810835
-0.17917781077534545
0.19640751151006694
0.27825213838365986
0.34042694254113925
0.36264557339961134
0.4271555320608871
0.43802201648417677
0.749243900046596
0.7696573686720017
0.8186838122632607
0.8209898218692145
0.8409874769658698
0.878883281188802
0.9282673415175482
0.9301769155605826
0.9076471594166388
0.9061280813496666
0.8987964905740652
0.8984777088184746
0.8921311750333998
0.8874729032456671
0.8732449696856254
0.5967015165143478
0.4508737060866123
0.2785021124194571
0.18620141126006629
0.16608056435836316
0.02788691871318194
-0.04367685497466445
-0.05374038544152146
-0.41227157363697486
-0.5955322793921308
-0.7898668811474725
-0.8362984323478958
-0.838323826705243
-0.9593704166994117
-0.9809621738400167
-1.0347238629756799
-1.0714893475133191
-1.0710194525678787
-1.0653438372776447
-1.0629744126208784
-1.0112027464237814
-1.0109856621289126
-1.0013019233955867
-0.9960850023537288
-0.9938999210219731
-0.9337598301664147
-0.8551115322980142
-0.8464312500962959
-0.6737234360740086
-0.649873656655505
-0.6462780705889033
-0.6291794570603112
-0.4087584267046651
-0.3387271524644932
-0.29305959373222334
-0.1491733995646371
-0.017480448824685635
0.0013052121732216454
0.34502611168491976
0.41702822558492647
0.545982184033173
0.6036154232230316
0.6267504796586265
0.7563101260902948
0.8227467488673544
0.8771722770694603
0.8779265693083652
0.8799697907732491
0.9220554092324578
0.9216986867068153
0.8998844415821735
0.8938242648112501
0.8167108567805991
0.6073182521804512
0.5990180339408799
0.5596426321974264
0.5567277868993257
0.5385553852423626
0.48364470359524947
0.45573707480336645
0.20186262193682702
0.10831315174378146
-0.11198947202610171
-0.5436872039237797
-0.5603093233457536
-0.7751955326551258
-0.8648688815017396
-0.9336958419495321
-0.9738613881384143
-0.9885341109150967
-1.0695432319217892
-1.0583027910988212
-1.0172077023935764
-0.9745092340254993
-0.7299461293102294
-0.251088853598105
-0.06737127001010344
0.09429278878540127
0.13552786326138036
0.1678779957357168
0.2742984749366659
0.2813275318862522
0.41105830916210667
0.45251981739310315
0.5065176367072287
0.564252683161404
0.5675992806057936
0.6193929996844909
0.6278418315403311
0.8047728636938766
0.8437371924651655
0.8472447345709643
0.8770277717740981
0.8910955771593707
0.9002787018943658
0.9158758688070755
0.917352883770501
0.9162893486228755
0.9054853240868227
0.8317110788310944
0.77080961995476
0.23539678182498308
-0.0017564343927684717
-0.04255170452320331
-0.1550469870591068
-0.18511963816226337
-0.2200863671581776
-0.2796139416094783
-0.40467569626591515
-0.6011064946904925
-0.6652250538485145
-0.750684033710492
-0.7953766838329123
-0.7984678841325197
-0.8533045254542411
-0.8761373955676423
-0.8997470618295578
-0.9362420264630243
-1.0429394606351476
-1.0759861537517066
-1.0633529575109049
-1.01361019447246
-0.8945455002768805
-0.829827038327618
-0.7609307908830507
-0.5525312516683167
-0.41505759823673277
-0.2868209094934149
-0.284975313311522
-0.11992415803351866
-0.11051075382698491
-0.03331655104865163
0.2800033317842583
0.3003527001817599
0.36696306351780633
0.4029317494770323
0.5885573686679714
0.6140414802920775
0.6421013680624988
0.6907130972257443
0.7602305714744468
0.7628826155651655
0.8321720444152712
0.8872434901966809
0.9052461048245052
0.8737713179846529
0.8716757540028002
0.8565238647169952
0.8047674831484176
0.7305364523022124
0.45619511761722686
0.2546775219199848
0.20100678370098063
-0.07206519623449595
-0.08338236059807602
