-0.1696441325853469
-0.3479152020235873
-0.4519798280347236
-0.8068893620991874
-0.8316505516955031
-0.8661432951244619
-0.9978110380434233
-1.011513048929628
-1.0152031775055668
-1.0127660405235235
-1.005463692826181
-0.9690609620368669
-0.9400259723396985
-0.7343266898443562
-0.6929246228239472
-0.5968896583850567
-0.46643474577797595
-0.24224064058844405
-0.2404077557684254
-0.15846184164866672
0.04963318211336015
0.09017318575739897
0.11627295119062557
0.5385418269292127
0.7935099736838155
0.8361837253355462
0.9233880324997623
0.9644180990842451
0.9709351989970749
0.9632814794262718
0.9193582060158086
0.8912098147847655
0.8580783285850541
0.8360724183687791
0.8224169294042215
0.7242825055335065
0.7196971794592664
0.6014273212088693
0.5579415287062935
0.5052715971830533
0.4011143190394197
0.37709350951783505
0.2331080705355509
0.20322540081877707
-0.15366190189156637
-0.18916756658142916
-0.2857674681395392
-0.3292904585062936
-0.37397343395434
-0.6332780087815463
-0.6392866378374474
-0.6521860758385332
-0.7438517759618537
-0.7744582988286154
-0.9382265389479153
-0.9529971640544738
-0.9556609122431737
-1.0080128450884211
-1.0248737653482043
-1.0103644910870644
-0.9259128147955739
-0.3585619443212006
-0.2737158013730009
-0.18511888186382108
-0.09089017210026842
-0.07647059005002127
-0.01684855620928339
0.10076615367889293
0.20555776604994688
0.553570727458936
0.5949209292121728
0.6209126735258208
0.6803393439914123
0.7244704841354315
0.8981493696797285
0.9257301387667001
0.9318055453704576
0.9472954783754584
0.9413528880909278
0.9339982973053591
0.9187378444679113
0.9108349904423694
0.8388157794887203
0.8297913176872822
0.7400367433015019
0.5892679165586404
0.542030774868558
0.42670197212310257
0.4110165158097987
0.28693725231901335
-0.19562154355787315
-0.25302548630705574
-0.2842021223471346
-0.2957533463756071
-0.6265363489577537
-0.8103312497418036
-0.8597559096951908
-0.8953578115105375
-0.9415714097525784
-0.9478699740250371
-0.9554513914048883
-0.9770791385485564
-0.9973540419245683
-1.004454203099081
-1.0115447560007649
-1.0182247219641025
-1.0360954481140872
-1.0361369614498017
-1.028846045230128
-1.023990991462074
-1.0154474138623486
-0.7413413992558804
-0.6845028089835383
-0.5606520850746799
-0.49894148149900697
-0.42392684124639346
-0.39888960314725597
-0.3853878601773889
-0.3282786771032441
-0.2902111013329994
-0.26460827609052967
-0.17884163894084296
-0.157672478358042
-0.15580181864281287
-0.10202234965759396
-0.09449948290288346
-0.04930824283444063
0.07419820280237008
0.18193401385614222
0.22521699101832254
0.3018735185143946
0.35044076655292733
0.46832567036490463
0.519930737517505
0.5487938828938432
0.6571043932205057
0.8457829677381155
0.8504560976922388
0.8614701446963381
0.9593429326551575
0.9623822122250952
0.8334154007149417
0.7660213175185115
0.7480834437553573
0.7192813534167811
0.6647418314701917
0.2875308612248272
0.24200737489959195
0.033928199800727886
-0.24602732326616966
-0.29066417356100455
-0.6050651519939216
-0.6963013303208634
-0.7364492169046123
-0.8556625630652971
-0.882885458066376
-0.9663060078607727
-0.9944707230058798
-1.0379098362951922
-0.992365951603104
-0.9889273952126694
-0.8894354157417136
-0.8336456345690004
-0.7403591041844243
-0.6741433360809709
-0.6648876806406807
-0.6461097449203645
-0.6259693063883208
-0.5342082991487197
-0.25517413094069785
-0.20709944553804865
-0.09543132821786832
0.38968274578366385
0.4267750446485514
0.4439249822048036
0.5242085285175608
0.5422481826096297
0.6805732992277866
0.688385748965053
0.7158162710419136
0.7536322113701499
0.8639280802590754
0.8931272299417597
0.9546530426957481
0.9609878139872811
0.9301607708505576
0.9062674444602589
0.8930197496254313
0.8823686427566052
0.8309486396280205
0.7164338462867932
0.6226522037205445
0.552666392369523
0.47844804052975376
0.3509371366198714
0.34920022312646987
0.2505176087044574
0.2063162519618813
0.12700568178277172
0.11335674241954492
0.040970722742238695
0.03783835534007114
0.0071059663094011
-0.18277886816089634
-0.5161519913111489
-0.5211140053267652
-0.5331781223137284
-0.5597053414166124
-0.696366968690184
-0.7906193289313398
-0.942363275921241
-0.9492461840562125
-0.9543755006984583
-0.9667990688292997
-0.968661728900815
-0.9975951442729118
-1.0121433692388921
-1.0387815626180346
-1.014172334145645
-0.9981869232184819
-0.9892315935775102
-0.9552147089129263
-0.9227364803303572
-0.8792427910960724
-0.7977626999682472
-0.7739565612761063
-0.7262911171815856
-0.7217141462119616
-0.615046425296258
-0.35760075717852624
-0.30231028815223604
-0.27798566621201204
-0.1400438676336773
-0.10561238506624089
-0.03152610546197725
0.025601196703677012
0.0525332966539724
0.1888595378900107
0.5035957738310468
0.5958821396975617
0.7122265350637315
0.7301786517089045
0.8783535250006237
0.8791014598262168
0.9218318109178213
0.9459422335647412
0.9551961658517549
0.9597146677628379
0.9541390639325876
0.9483028609361198
0.7871592901690839
0.76534579524367
0.6001285965646475
0.47412333171469145
0.3561721236492436
0.34227623500397586
0.15367709481596545
0.13885864483266674
0.10972499098895042
0.047338171180884195
-0.11208925585206644
-0.35486302088958027
-0.584106037926406
-0.8758048357805622
-0.9486372357335721
-1.0359464631506856
-0.998395933858371
-0.9286330426123219
-0.8363855484610773
-0.7738878579630049
-0.7086408718153359
-0.6377655768140715
-0.48718310085568856
-0.2051047582475505
-0.1316018408725976
0.1989528808916585
0.33807297767075295
0.44127009086260366
0.49591307881314195
0.4964436806831411
0.5779806648711453
0.5941578065847942
0.6200388723376538
0.6804860640302981
0.7666632735655391
0.8801003742127146
0.9386659362119831
0.9451694573192884
0.9503610626464072
0.960598266071409
0.9550361741477013
0.9104851292929672
0.9031717121419186
0.8960440217822828
0.7617892073361133
0.7472744030325803
0.7323111642345174
0.48577085918728763
0.4140265197397928
0.34965537189030926
0.31230657337130974
0.03717496068220727
-0.30388385441170795
-0.3196024144284489
-0.34543239595234015
-0.6826191594933232
-0.7380186506966222
-0.7518215474936456
-0.9694090202957225
-1.031979837512636
-1.038136103496786
-1.0390163977042144
-1.0155869890281366
-1.014900680248534
-1.0075092237775467
-0.8010206566949454
-0.7334964619368757
-0.6883601180761529
-0.5233419807467331
-0.48608444499635095
-0.480454109172772
-0.3887425793881967
-0.15223833664692443
0.22389093434249388
0.30585809559646737
0.3681283857123763
0.3903817728239962
0.4549949607673147
0.4658792209342793
0.7777007011726369
0.7981650385505967
0.8473271567662499
0.8496401583738458
0.8697015676755335
0.9077402867495479
0.9574650598858927
0.9594160781798432
0.9372508191260891
0.9357411593638253
0.9284514995876283
0.9281344284945038
0.9218203852788941
0.9171843307305719
0.903017866120893
0.6271485626342861
0.48156306968724416
0.30944581038228397
0.21727298421757343
0.19717949184819383
0.05917026057679374
-0.012299531160632132
-0.022349886986496377
-0.3804052948148929
-0.563402881829582
-0.7574172154538719
-0.803760440776614
-0.8057818245690929
-0.9265509809144478
-0.9480806188885843
-1.0016461841993944
-1.0380032452788182
-1.0375223657245694
-1.0317675879706478
-1.0293754606201664
-0.9773393024514867
-0.9771214403766774
-0.9674042706065447
-0.9621702555127478
-0.9599781831487186
-0.8996729744100604
-0.8208540376662345
-0.8121568066089329
-0.6391557860227504
-0.6152700730638495
-0.6116691378404173
-0.5945453160964767
-0.3738244889388463
-0.303704604428444
-0.2579803439653622
-0.1139192442833352
0.017931387364316112
0.03673952481723755
0.3808844025407782
0.4529820267696679
0.5821189713079353
0.6398411898403681
0.6630136911619657
0.7928111405394138
0.8594028531477294
0.9139980693185318
0.9147552559237536
0.9168064358089303
0.9591674420754527
0.9589469812641042
0.9373098865699108
0.9312796320676732
0.8544168129822283
0.6454177618229324
0.6371301499160706
0.5978128241567459
0.5949021737351021
0.5767556303990151
0.5219203279409023
0.4940496368331539
0.24048323461347354
0.14703934436021956
-0.07302148380336514
-0.5042321052767986
-0.5208339522648656
-0.7354334745978155
-0.8249643040790716
-0.8936632645407051
-0.9337410672941099
-0.9483779551254973
-1.0287877482273027
-1.017480161613761
-0.9762316919757398
-0.93342249285042
-0.6884498769090787
-0.20905149769723755
-0.025149319411344198
0.13667655704500747
0.17795336997913314
0.21033648409476519
0.3168675037625186
0.3239040002531343
0.4537764440383223
0.4952854570413763
0.5493473352208679
0.6071543061214677
0.6105052019859069
0.662367622937117
0.670828095983297
0.8480519188591147
0.8871060215644905
0.8906226492003491
0.9204939924563385
0.934614912830265
0.943840831208643
0.9595630552108084
0.9610934392378923
0.9600724189908088
0.949371166502013
0.8758453783740735
0.8150674595428041
0.2803042980476387
0.04337363138307891
0.002615688352219661
-0.10977702193167424
-0.13982222261023738
-0.17475695544352354
-0.2342297527234075
-0.35917427684513437
-0.5554096921843722
-0.6194594426627109
-0.7048205405509181
-0.7494581933660481
-0.7525454689089255
-0.8073093095258067
-0.8301097529070134
-0.8536842344243635
-0.8901206442193077
-0.9965877001954143
-1.029498070247864
-1.016561794375869
-0.9666710301288812
-0.8473937345275606
-0.7825869839070316
-0.713606988674849
-0.5049900229903204
-0.36738940822857
-0.23904054227557225
-0.23719336164758426
-0.07200257262269344
-0.06258128384112094
0.014677494980319408
0.3282652245705072
0.3486327803528621
0.4153038614344944
0.4513062262807311
0.6371207768301973
0.6626336904647357
0.6907264606390574
0.7393987213104951
0.8090139129487091
0.8116700428736294
0.8810817842984984
0.9362978188704641
0.9543858365905469
0.9232267319741548
0.921137157337196
0.9060246670183284
0.8543732532400422
0.7802562088879458
0.506215012398003
0.3048725914981777
0.251245600125886
-0.02161299281235995
-0.03292148168915422
