-0.15718824166483925
-0.3339775587413949
-0.43713790973749805
-0.7884059787404593
-0.8128447919713508
-0.846856221033471
-0.9757937178806879
-0.9888151392620377
-0.9921658148001707
-0.9886787834606724
-0.9809441547195454
-0.9434290340359685
-0.9138189949086317
-0.7056545843114247
-0.6638897436439781
-0.5670926125328799
-0.43572544803228713
-0.2101640185161873
-0.20832067528268453
-0.12591596260151536
0.08328602122666495
0.12403513010793736
0.15026879989368674
0.5747113711819196
0.8311964006056831
0.8741798164616741
0.962175346172749
1.0038414028303482
1.0105675821685356
1.0035968459076041
0.960220807585689
0.9322882591234029
0.8993624456934975
0.8774748350429058
0.8638873061410742
0.766159605392907
0.7615907130958379
0.643694486496706
0.6003274515979978
0.547791507891296
0.4438739048327654
0.4199044222621313
0.276202368225258
0.24637406972620332
-0.10994616176744472
-0.1454017832373021
-0.24186983541531734
-0.28533526861979575
-0.3299602123937626
-0.5889442282710761
-0.5949456593184119
-0.6078296637855493
-0.6993860995200937
-0.7299560940479008
-0.8935209546788327
-0.9082714242145488
-0.9109314638633483
-0.9632015944021732
-0.980025250818967
-0.965446858111589
-0.8809910586874866
-0.31388115988613285
-0.2290852878653517
-0.14054425184078093
-0.04637899281218834
-0.031969506033696665
0.027609636035735387
0.14513386420849864
0.249837360227479
0.5974834106167853
0.6387785081610408
0.6647337088603543
0.7240701875614678
0.7681269446765114
0.9413878859743954
0.9688548156243687
0.9748997869450757
0.9902953943583703
0.9837500312065584
0.9763467632703746
0.9609997287361803
0.9530571386181356
0.8807521876017967
0.8716975890681474
0.7816772333386794
0.6305368665243999
0.5831936971154852
0.46761809052655495
0.45190005908056435
0.32756859727277354
-0.1559530744749685
-0.21347671115237452
-0.24471938473533716
-0.2562952826811514
-0.5878591696499769
-0.772211444150745
-0.8218201385497198
-0.8575706795443183
-0.9040083687711923
-0.9103413805044405
-0.9179659278655619
-0.9397293201491068
-0.9601566358946012
-0.9673194824230043
-0.9744801923393187
-0.9812363775811281
-0.9995317331447459
-0.9995986050508643
-0.9925926373745081
-0.9878220965649414
-0.9793935930709728
-0.7067289858275776
-0.6500853545689916
-0.5266241484565898
-0.4650951490541034
-0.39029359219689835
-0.36532598347032047
-0.3518615271349762
-0.29490829575429023
-0.25694334118905315
-0.23140905091343408
-0.14586991077801
-0.1247565535388715
-0.12289082057039334
-0.06925278493179449
-0.0617496835852953
-0.016677191240781437
0.10650301127508138
0.21394908711498836
0.25711342513198576
0.3335554768896968
0.38198325209779743
0.4995139117199609
0.5509547106134266
0.5797228408755841
0.6876503022138851
0.875468931422076
0.8801144469703235
0.8910611463255654
0.9879071641231193
0.990792619492009
0.8603077551504318
0.79256415160706
0.7745427621368288
0.7456126405217228
0.6908470201448311
0.31236278122480443
0.26670287036658513
0.05801772279731583
-0.22274569793323998
-0.2675144141339507
-0.5829160103893534
-0.6744856921410061
-0.7147913502829044
-0.8345363807889364
-0.8619008939173737
-0.9458518383248713
-0.9742618733606832
-1.0185972053355121
-0.9738915256176349
-0.9704856948766645
-0.8716808275555612
-0.8161763343200192
-0.7232985141685286
-0.6573405854975777
-0.6481194230209301
-0.629410468252863
-0.6093426339119021
-0.5178973620673821
-0.23972966381278554
-0.19179622745920213
-0.0804520910687561
0.4032262929831333
0.44019966669669786
0.45729376067053706
0.5373072362879318
0.5552839079248287
0.693085888400565
0.7008660103722916
0.7281798243640878
0.7658252799681524
0.8755190443540142
0.9045088634952048
0.9653096755376769
0.9714003099884931
0.9397767956071328
0.9156493604474906
0.9022935684373776
0.8915627543526479
0.8398153963549796
0.7247427009116356
0.6305876807651223
0.5603504386226202
0.48588275698762806
0.3579722467946869
0.3562300813563487
0.2572553587062615
0.21292646931563056
0.13339076671751535
0.11970346262726225
0.04711530155783697
0.04397422667860629
0.013156528594971476
-0.1772548439950767
-0.5115999925098755
-0.5165775232806726
-0.528679563462395
-0.5552912138775246
-0.6924172277112277
-0.787033201778214
-0.9395306226035735
-0.9464578290052132
-0.9516212117473181
-0.9641316110228031
-0.9660078867833688
-0.9951810606490928
-1.0098821063863332
-1.0371906872392298
-1.0131342025572752
-0.9973185300735948
-0.988443790781068
-0.9546817785459786
-0.9224027364558747
-0.8791379783304928
-0.7980196541472435
-0.7743083688981556
-0.7268224490365318
-0.7222620875406873
-0.6159575537036914
-0.35927287624832666
-0.3041336987911524
-0.2798747956605704
-0.14229870951723278
-0.10795724997954916
-0.034063876176039544
0.02291487858520276
0.04977685225946897
0.1857449769195153
0.49959568296185186
0.5915889638679854
0.7075192227949889
0.7254008682756364
0.8728544653836858
0.8735976291808254
0.9160072240302937
0.9398468759780477
0.9489333129054489
0.9533035061315995
0.9473203602670411
0.9413774246990111
0.779141609373903
0.757235043811302
0.5914242564262451
0.46504060205756437
0.34676601078457825
0.3328334077241767
0.14375521076941666
0.12890024363811636
0.09969511764782665
0.03715640833074141
-0.12265572343399764
-0.3660246271778115
-0.5958753930493181
-0.8885535806883897
-0.9617394900090649
-1.0502372578397605
-1.01315820986721
-0.9438254825161608
-0.8519731389074362
-0.7896965537835873
-0.724657303067077
-0.6539892282491491
-0.5038055423942601
-0.22239318855988932
-0.14905522572737398
0.18076271791344642
0.3195610379521383
0.4225077078700916
0.4770120542881385
0.4775412846846107
0.5588605073678137
0.57499252866593
0.6007998168552001
0.661065592581451
0.7469531381590054
0.8598963638589003
0.9180462820775698
0.9244773972556077
0.9295993431776011
0.9395251989258566
0.9337460543081189
0.888746905676185
0.8813859186963918
0.8742146492064318
0.7393733420711623
0.7248087811337713
0.7097958191750859
0.462574559196026
0.39066064351105856
0.3261435369647605
0.28871220164598355
0.013002901131090053
-0.32875317354488814
-0.34450464579841267
-0.3703890255061298
-0.7083517431031677
-0.7638999063669839
-0.7777414807347183
-0.996121428628587
-1.0591898197363692
-1.0654854895952797
-1.0665170908946435
-1.043457198684504
-1.0427769505342626
-1.03544607025038
-0.8298225586401984
-0.7624857633504268
-0.7174649351655685
-0.5528264431439637
-0.5156481170289844
-0.5100295952824365
-0.4185056215388716
-0.1824567962610276
0.19296988600437448
0.27477875643202876
0.336925692189729
0.3591341780872226
0.4236140020149505
0.4344752968472198
0.7455220483821658
0.7659206521184428
0.8149074436953028
0.81721140963238
0.8371904293337347
0.8750444536912164
0.9243288785994828
0.9262263301113943
0.9035899320223753
0.9020680978186655
0.8947242361609146
0.8944049537768778
0.8880489113868988
0.8833841373625506
0.8691382130847355
0.5923973742981504
0.44649858386480806
0.27405247402086036
0.18171430148633072
0.16158543835716171
0.023337745815148622
-0.048253574305055544
-0.05832096645343561
-0.4169916359032304
-0.6003294959407114
-0.7947580245317278
-0.8412154821127308
-0.843242052811421
-0.9643700218801298
-0.9859800015392709
-1.0397992257921997
-1.076684536890437
-1.0762178648706273
-1.070565476373033
-1.06820271290814
-1.0165086532465832
-1.0162917971706402
-1.0066178679124178
-1.0014059626956577
-0.9992229327118727
-0.9391312921421566
-0.8605330653000286
-0.8518577564743677
-0.6792359796200975
-0.6553967443648582
-0.6518027279278429
-0.6347115113667978
-0.41437845096317816
-0.344373177340783
-0.29872225625708015
-0.15488738267059537
-0.023240697100163812
-0.004461630797783445
0.3391348785919027
0.4111089730535503
0.5400092522958084
0.5976163906172831
0.620740463387604
0.7502303594639963
0.8166214967174451
0.870997262052177
0.871750705524983
0.8737915932087492
0.9157964615372922
0.9153997888019874
0.8935336106330831
0.8874646625195852
0.8102778046787035
0.600769874128093
0.5924659623623056
0.5530735454557841
0.5501574711706942
0.531977493811928
0.47704472931551367
0.4491262799052149
0.19516159995216104
0.1015812117114458
-0.11879220738760342
-0.5506325057244124
-0.5672605567712143
-0.7822306343787356
-0.8719456655168272
-0.9408100554993317
-0.9810012559471338
-0.9956844552400257
-1.0768687175865277
-1.0656478895805062
-1.0245975951360982
-0.9819314588558039
-0.7374878786493739
-0.2587884134802424
-0.07512463269482071
0.08649227655310267
0.12771519174801815
0.16005571664139714
0.2664439995714776
0.27347088990058954
0.40316041535707536
0.4446080931670575
0.4985872645322572
0.5563013760590804
0.5596467224619952
0.6114204475019297
0.619865891733602
0.796711746577608
0.8356499688053879
0.8391548690776666
0.8689122317775043
0.8829645965335141
0.8921352823197019
0.9076961049585512
0.9091576126640128
0.9080817253813228
0.8972478464792528
0.8234014543534407
0.7624641368162878
0.22686289196579884
-0.010354796671838085
-0.051160876977591294
-0.16368585994818993
-0.19376645820036992
-0.22874244968577545
-0.28828587970795244
-0.4133815600123757
-0.6098688781464221
-0.674007335192063
-0.7594946140653894
-0.8042031614396985
-0.8072954961212989
-0.8621531770514151
-0.8849954172599229
-0.9086152496525975
-0.9451271307297514
-1.0518910947358449
-1.0849771360024032
-1.0724313661956788
-1.02273126802354
-0.9037278289506413
-0.8390347935762626
-0.7701626587543219
-0.5618256923580291
-0.4243885576744489
-0.29618412326816207
-0.29433898258156344
-0.1293279602003057
-0.11991682161543113
-0.042741172541212215
0.2705017946651531
0.29084594273461317
0.35743888048749767
0.3933979023249421
0.5789693277296015
0.6044451806575857
0.6324956406891535
0.6810900175313199
0.750579486989063
0.7532303603233896
0.8224847492091555
0.8775147922685482
0.8954929615907383
0.8639278790171169
0.8618306028550872
0.8466674514578522
0.7948810728216555
0.7206174804436841
0.4461904726466846
0.244622918058243
0.19093970859705695
-0.08219307355865522
-0.09351270885840857
