-0.1678328292931872
-0.34619882400662466
-0.4503216459276912
-0.8054692271713578
-0.8302518850628092
-0.8647768322193963
-0.9966313066914426
-1.010381136440761
-1.014095335359482
-1.0117336503749994
-1.0044628422257293
-0.9681426707992167
-0.9391512145875301
-0.7336462587914313
-0.6922739858194139
-0.5963027590804933
-0.4659263371534621
-0.24185494910961094
-0.2400230286481408
-0.15811983457356132
0.04986853767312261
0.09038777969012282
0.1164741403703614
0.5385118198192336
0.7932999283759449
0.8359345452479581
0.9230344900157801
0.9639754729448902
0.9704621328204611
0.9627044094153911
0.9186919706529721
0.890506743040562
0.8573391715612837
0.8353120393315239
0.8216441965893183
0.7234331441575191
0.7188446175028701
0.6004995086259451
0.5569887096885978
0.5042898587402281
0.4000787888572633
0.37604608376065346
0.2319922417623067
0.20209586678497687
-0.15494891606777456
-0.1904700721011553
-0.2871124239684091
-0.33065477398306276
-0.3753578430850774
-0.6347868932485711
-0.6407986547039977
-0.6537048728825059
-0.7454213896609886
-0.7760461914137909
-0.9399346877536453
-0.95471981459686
-0.9573863078484673
-1.0098070571670066
-1.0267075820940004
-1.0123210623509413
-0.9279650333459333
-0.36088741353441217
-0.27607119841792954
-0.18750456101390287
-0.0933072998457595
-0.07889248060018664
-0.019290042703477832
0.09828624995088775
0.2030435357517718
0.5509355540274753
0.5922698181590501
0.6182512421084537
0.6776532241507417
0.7217647725864893
0.8953440000399417
0.922900126272899
0.928969096796418
0.9444394652017124
0.9383833256644414
0.9310202969934228
0.9157450670747412
0.9078355271291203
0.8357698887469367
0.8267406891091261
0.7369455228518658
0.5861231968017688
0.538871410710727
0.42350949115937236
0.40781976046246665
0.2837081189621641
-0.19896414417215924
-0.25638121468699177
-0.2875650110509689
-0.29911889565281147
-0.6299822495679972
-0.8138304174177873
-0.8632720019488314
-0.8988873480351866
-0.9451208491421811
-0.9514224349517051
-0.9590076214802096
-0.9806471228798598
-1.000935056585715
-1.0080405238704433
-1.0151369792882374
-1.0218233152173104
-1.0397287455658262
-1.0397722906731892
-1.0325039027754994
-1.0276554263573945
-1.0191207299214615
-0.7451192737890567
-0.688293956539009
-0.5644691900146032
-0.5027704415831451
-0.42776951816378694
-0.40273671799813016
-0.3892373426965854
-0.3321379962552613
-0.29407683577869964
-0.2684782698726904
-0.18272562968194428
-0.16155986968960925
-0.15968950959186254
-0.1059185997584419
-0.09839692272352173
-0.05321279751103291
0.07027438531975397
0.1779934287306595
0.22126962957920954
0.2979140359207936
0.3464734892342917
0.46433889786006166
0.5159350686612567
0.5447931089688354
0.6530833343463032
0.8417180200617634
0.8463897769554575
0.8574004844374357
0.9552239157691365
0.9582560433158266
0.8292217792372936
0.7618129261531225
0.7438715631651659
0.7150641532531771
0.6605153233026673
0.28325390720682975
0.23772520662550425
0.029623295880179472
-0.25036149734089846
-0.2950030160294081
-0.6094384625802192
-0.700685765053875
-0.7408388527142076
-0.860069441616812
-0.8872968565213875
-0.9707340686039
-0.9989063510061036
-1.042372383236519
-0.9968526798903615
-0.993415048707227
-0.8939421759970893
-0.8381601520621215
-0.7448845592385922
-0.6786755864716196
-0.6694208340156652
-0.6506446998589956
-0.6305061513792483
-0.5387532907686688
-0.2597408841102906
-0.2116696652097783
-0.10000941494874807
0.38507116535226554
0.4221607871646411
0.4393094726812978
0.5195870088834458
0.5376252720395738
0.6759389894936882
0.6837507437505411
0.7111787636209627
0.7489910728307936
0.8592743433843815
0.8884691944179705
0.9499804369686474
0.9563104112048046
0.9254680924912972
0.9015703833320168
0.8883206810071045
0.8776681004064916
0.8262421024168943
0.7117173035741383
0.6179291113736531
0.5479389548216463
0.47371634545079494
0.3461987234632737
0.3444617225345312
0.24577427985210645
0.20157083646501847
0.12225661418184236
0.10860705644956961
0.03621779768612196
0.03308529147439734
0.0023515456218629743
-0.18754153863512973
-0.5209293373925059
-0.5258915799462118
-0.5379562547339312
-0.5644847118941565
-0.7011530551036963
-0.7954105644093049
-0.9471648800650719
-0.9540483853021509
-0.9591781601900811
-0.9716028926708137
-0.9734657348420539
-1.0024023356503555
-1.0169525701887456
-1.0435993896948215
-1.0189970447211707
-1.0030137066530995
-0.9940593545037208
-0.9600455330325535
-0.9275696687134423
-0.8840786648600111
-0.8026027481704802
-0.7787976900763627
-0.7311342754397249
-0.726557491196548
-0.6198938095772062
-0.3624563367892617
-0.3071674542910348
-0.2828435171344632
-0.14490548103647713
-0.11047491215718439
-0.036390573948118426
0.020735248519023086
0.04766665453444476
0.18398939780849183
0.49871730916751056
0.5910010204060161
0.7073417488145454
0.7252932512155982
0.8734619988956374
0.8742098941733886
0.916937615481937
0.9410458624523601
0.9502984690632104
0.9548158099612011
0.9492370773149678
0.9434000697386343
0.7822486146516223
0.7604344770171672
0.595213285283287
0.4692055698780006
0.3512523254207936
0.3373562089342008
0.14875415810852088
0.13393549098034338
0.10480141406394511
0.04241370361721412
-0.11701592800721147
-0.35979296016333456
-0.5890391360081672
-0.8807426531546456
-0.9535766457036591
-1.0408908048120302
-1.003342054073293
-0.9335806988066011
-0.8413345434151211
-0.7788375720896361
-0.7135912421827071
-0.6427165831163304
-0.4921352788245548
-0.21005874129374863
-0.13655624196833843
0.193996751656024
0.3331161643576753
0.43631277456047884
0.4909554950857187
0.49148609434940516
0.5730226744042274
0.5891997347861593
0.6150806693256006
0.6755275477124112
0.7617042844210228
0.8751406561100152
0.933705679366886
0.9402091135597697
0.9454006372034336
0.9556374986432874
0.9500751905460607
0.9055237567690609
0.8982103028445378
0.8910825795537001
0.7568273920058967
0.7423125620229636
0.7273492984912884
0.4808087475643213
0.4090643736154453
0.344693204540041
0.30734439747618747
0.03221279448281642
-0.30884584859409614
-0.32456439620099986
-0.3503943563708231
-0.6875807017434167
-0.7429800887802539
-0.756782957219983
-0.9743697355248578
-1.0369400072481787
-1.0430961054341765
-1.0439762101471481
-1.020546306624589
-1.0198599893510392
-1.0124684473152785
-0.8059785269083392
-0.7384540068945943
-0.6933174569037829
-0.5282986120019356
-0.4910409228265546
-0.4854105639488818
-0.3936986622391011
-0.15719347023963662
0.21893739204096743
0.3009049328187041
0.36317552400613606
0.3854290218604377
0.45004254234402563
0.46092686031971125
0.7727503838195035
0.793214902824356
0.8423775117456329
0.8446905388887451
0.8647521821415549
0.9027914329317528
0.952517514055743
0.9544686953100202
0.9323049052039503
0.9307952842445395
0.9235057977366387
0.9231887337302039
0.9168748253773585
0.9122388633391281
0.8980726559056301
0.6222062901564858
0.47662190504725455
0.30450583763189915
0.21233362191003
0.19224026109090342
0.054231925537848155
-0.017237403810206043
-0.027287694499332098
-0.3853406980316842
-0.5683369123605464
-0.7623495343246309
-0.808692279773923
-0.810713641697235
-0.9314812684781254
-0.953010559468365
-1.0065750185333258
-1.042929723969077
-1.042448780098689
-1.0366935373611448
-1.0343012761814665
-0.9822635432345032
-0.9820456764865095
-0.9723283056170327
-0.9670941875203083
-0.9649020729963699
-0.9045958627231475
-0.8257758793592685
-0.8170785437050476
-0.6440756954481014
-0.6201897561461884
-0.6165887871849991
-0.599464806297364
-0.3787420672678648
-0.30862161092606266
-0.2628969829437531
-0.11883474173944866
0.013016929120072032
0.03182521548263031
0.3759729380880793
0.4480712125408053
0.577209412333026
0.6349322457371694
0.6581050066870988
0.7879041169134547
0.854496923801995
0.9090933472158479
0.9098505545028298
0.9119017912705661
0.9542647797909386
0.9540453097427956
0.9324095128657499
0.9263794786583676
0.8495185166525044
0.6405224255140601
0.6322349092907668
0.5929180250254685
0.5900074065371804
0.571861060177024
0.5170263331979219
0.4891559247821394
0.2355918977597887
0.14214882875511878
-0.07791010495532089
-0.5091168530774347
-0.5257185372402408
-0.7403157432447907
-0.8298454117779579
-0.8985433242763279
-0.9386204057841625
-0.953256998386109
-1.0336617972235282
-1.0223536445103598
-0.9811038768515445
-0.9382937364506998
-0.6933176093203204
-0.21391451957620744
-0.03001071626697347
0.1318165921047787
0.173093775492217
0.20547718266006662
0.3120091865707688
0.31904574941578645
0.44891945945766343
0.4904288982204373
0.5444913514326754
0.6022989692090523
0.6056499037740083
0.6575129439073529
0.6659735219880636
0.843199997683482
0.8822549180053418
0.8857716284970688
0.9156437781060088
0.9297651843979997
0.9389914947636318
0.9547148667893107
0.9562457418753779
0.9552251132975329
0.9445248093524016
0.8710013245287935
0.8102245562430983
0.2754675013524663
0.038538947595879426
-0.0022186400227989234
-0.11461037215918804
-0.14465531069440601
-0.17958973777709555
-0.2390620111243218
-0.36400541189331975
-0.5602389488015574
-0.6242880359274312
-0.7096481885668424
-0.7542853094456312
-0.7573725470054914
-0.8121356825280668
-0.834935811516859
-0.8585099516719853
-0.8949457928406592
-1.0014106052853256
-1.0343196430755979
-1.0213803930672585
-0.9714881704923732
-0.8522087733191558
-0.7874011476770583
-0.7184203212063669
-0.509801191988701
-0.37219931029109093
-0.24384932277000115
-0.2420021262860521
-0.0768099383534058
-0.06738857048969393
0.009870856392076376
0.32346128081190784
0.34382901997169135
0.410500713606404
0.44650341845829405
0.6323198794363246
0.6578330847622915
0.6859261880967175
0.7345990624661276
0.8042152458972351
0.8068714173207514
0.8762844021038031
0.9315019091064385
0.9495907978481747
0.9184349210872284
0.9163454078139572
0.9012333212677941
0.8495829841691016
0.7754671105254942
0.5014290039896967
0.30008839129272036
0.24646185201784065
-0.026394532737793196
-0.037702931736448154
