-0.16852298258767792
-0.34686402019898943
-0.45097154066440287
-0.8060565185030837
-0.8308335290745351
-0.865350004376375
-0.9971553409622859
-1.0108925829436424
-1.014600444886795
-1.0122188924178535
-1.004939777964011
-0.9685978591227155
-0.9395949328514639
-0.7340387531063486
-0.692658623047719
-0.5966705846841326
-0.46627345392483777
-0.24216967528837635
-0.24033750022582337
-0.15842302661006474
0.04959351363616072
0.09011824043943206
0.11620814261138085
0.5383069321014882
0.7931426647842716
0.8357876376849932
0.9229152060425263
0.9638797759491681
0.9703744970714109
0.9626443220743008
0.9186555081298735
0.890480042276407
0.8573220344898287
0.8353005271820362
0.8216359589746135
0.7234452203961703
0.7188575422890146
0.6005323860970044
0.5570282184493996
0.5043370369614432
0.4001402341317494
0.37611068431686445
0.23207498780199476
0.20218224880395724
-0.15482074702967819
-0.19033779171499912
-0.28696887675521493
-0.33050608816583626
-0.3752038236297327
-0.6345998286151839
-0.6406107583957376
-0.6535151763715811
-0.7452182001388802
-0.7758381481228129
-0.9396947078909332
-0.9544759830621714
-0.9571417472128849
-1.0095442175313813
-1.0264342217977125
-1.012015089366472
-0.9276336454302266
-0.3604834015086867
-0.2756592307819746
-0.18708454332099594
-0.09287892171738607
-0.07846283628156629
-0.01885518874055571
0.09873131757298087
0.2034977298302032
0.5514219059510477
0.5927604080559596
0.6187445763278238
0.6781531234590056
0.72226988178413
0.8958756120645576
0.9234382921163246
0.9295089743517847
0.9449845461306611
0.9389586076630442
0.9315978233550175
0.9163265239753435
0.9084187624249608
0.83636547357967
0.8273375342148146
0.7375531656525112
0.5867450712527899
0.5394971808972294
0.42414407130075854
0.408455477719066
0.2843524498578549
-0.19828962567655983
-0.2557032034455083
-0.2868850947362179
-0.2984382714646096
-0.629280246503731
-0.8131142411348311
-0.8625513223051031
-0.8981630910526014
-0.9443912962240731
-0.9506920780300988
-0.9582762616204804
-0.9799126352993092
-1.000197101705585
-1.0073011570559032
-1.014396041833035
-1.0210806827286285
-1.0389768782603355
-1.0390198827059083
-1.0317454998988573
-1.0268952731978132
-1.0183582134063613
-0.7443289324826929
-0.687500082942851
-0.5636684084241547
-0.501966504971817
-0.42696193105382446
-0.4019279498030453
-0.38842794438325845
-0.33132598006609815
-0.29326311224573465
-0.2676634127716526
-0.18190704745096603
-0.16074038242638833
-0.1588699425884472
-0.10509675481714789
-0.09757476114866895
-0.052388742375127986
0.07110356713021346
0.17882707318576452
0.2221050775356317
0.2987527099124039
0.34731423779631104
0.46518483511389236
0.5167833737185862
0.5456427727679333
0.6539383971309617
0.8425847643670491
0.8472568867213516
0.8582684830683158
0.9561050516114439
0.959139082835782
0.8301227732124905
0.762717851656905
0.7447774174548263
0.7159714235473371
0.661425071283302
0.2841770835647656
0.23864977101213738
0.030553912527205157
-0.249423088792481
-0.29406336470904404
-0.6084896353683449
-0.6997339763839087
-0.7398856794095876
-0.8591116778900496
-0.8863378894783497
-0.9697706655801306
-0.9979409333366924
-1.0413997987563537
-0.9958736572645522
-0.992435779746572
-0.8929578198303137
-0.8371737304819794
-0.7438952254265535
-0.6776844433123377
-0.6684294504236336
-0.6496528365734024
-0.6295137848372625
-0.537758755040948
-0.2587405538419114
-0.2106684118814391
-0.09900606675928231
0.38608343268696876
0.4231737674070772
0.44032278634738
0.5206019230815632
0.5386405566562499
0.6769573098550674
0.6847692493300891
0.7121979355829936
0.7500112118324122
0.8602978376474991
0.8894938335489873
0.951008956719884
0.9573402086398436
0.926501958676107
0.9026054169369776
0.8893562493453631
0.8787040613039545
0.8272796601940116
0.7127575266515842
0.6189710792280576
0.5489820802361834
0.4747606050934613
0.34724477288505023
0.34550779525057135
0.24682163891563708
0.2026187514637569
0.1233055022095684
0.10965610923116491
0.037267713476515266
0.03413524424900399
0.003401859907687009
-0.18648902621405788
-0.5198729143969013
-0.5248350960493844
-0.5368996221929646
-0.5634277494303562
-0.7000943028935679
-0.7943504399466613
-0.9461019921120496
-0.9529853381994857
-0.9581149909474898
-0.9705394130821909
-0.9724022067162181
-1.0013379584579798
-1.0158876573379707
-1.042532177389475
-1.01792799732772
-1.0019441066207198
-0.9929894938600355
-0.9589748556819412
-0.926498360980962
-0.8830066411008795
-0.8015296112881235
-0.7777242650386009
-0.7300603092075522
-0.7254834751692523
-0.6188187163362304
-0.3613790577538549
-0.3060897520701673
-0.28176563225244144
-0.14382659249367924
-0.10939577987133121
-0.03531092374323941
0.02181529348824758
0.048746884641131916
0.18507056119620283
0.49980069395157656
0.592085113681703
0.70842682085807
0.7263784872218648
0.8745488702310017
0.875296776067881
0.9180251995559114
0.9421340275120513
0.9513869881540237
0.9559046391260242
0.9503267421831944
0.944489949530107
0.7833406010438185
0.7615266351779832
0.5963065107858385
0.4702994505688512
0.3523467506673198
0.33845069511418296
0.14984942281628755
0.13503081377802928
0.10589685004435691
0.04350937788224506
-0.11591966381948468
-0.35869582144982526
-0.5879411513926324
-0.8796434039335236
-0.9524769694569994
-1.039789805131501
-1.0022405766119276
-0.9324788084582012
-0.8402322929561392
-0.7777351280774154
-0.7124886214835912
-0.6416137911274633
-0.4910321710443509
-0.2089551463896567
-0.13545253412040742
0.1951009270486898
0.3342205251866561
0.43741727190325164
0.4920600650749377
0.4925906650468761
0.574127354984063
0.590304437495369
0.6161854077482212
0.6766323714731627
0.7628092371611739
0.87624580826773
0.9348109795163477
0.9413144376490641
0.9465059838111871
0.9567429397673063
0.951180691659707
0.9066293665076123
0.899315922916713
0.8921882088916421
0.7579331274448753
0.7434183048782014
0.7284550485114217
0.48191457107187685
0.41017020833126205
0.34579904665573563
0.3084502428588972
0.03331864429195355
-0.3077400359741578
-0.3234585864746452
-0.3492885516506334
-0.6864749985597977
-0.7418744114296223
-0.7556772869236026
-0.9732642398654883
-1.0358346502666222
-1.0419907912758382
-1.0428709444229252
-1.0194411676901547
-1.0187548525963273
-1.011363332523994
-0.8048737606187925
-0.7373493246099402
-0.6922128278960582
-0.5271941660778008
-0.4899365166382621
-0.4843061637324714
-0.39259435840176815
-0.15608941266758275
0.22004103605854747
0.3020084780926931
0.3642789909216655
0.38653245994787566
0.4511458938484695
0.46203019676998797
0.7738531877378646
0.79431765936845
0.8434801402707224
0.8457931607508938
0.8658547429545661
0.9038938549641228
0.9536195945315219
0.9555707332164736
0.9334065592465075
0.9318969281439908
0.924607396341685
0.9242903304826394
0.9179763868728394
0.9133404006487871
0.8991741259747368
0.6233069917099754
0.47772231660963954
0.30560593710588596
0.21343356150783332
0.19334016623240396
0.0553315960407597
-0.016137854451045344
-0.026188162206642315
-0.3842417958451584
-0.5672383700475355
-0.7612514408692079
-0.807594312179866
-0.8096156798392473
-0.9303837078553239
-0.9519130898783875
-1.0054778392003445
-1.0418331628454789
-1.0413522358565028
-1.0355971151694694
-1.0332048891189332
-0.9811675695779805
-0.9809497040568808
-0.9712323859844207
-0.9659982949307144
-0.9638061914757792
-0.9035002441674893
-0.8246805356340895
-0.8159832274473425
-0.6429808591851457
-0.6190949793323756
-0.6154940192325311
-0.5983700801449173
-0.3776478433236846
-0.3075275372051408
-0.2618030057757369
-0.11774106448416757
0.014110333320438914
0.03291858055501422
0.37706555555227317
0.4491636591123813
0.5783015289773392
0.636024200761097
0.6591968934653489
0.7889955670978069
0.8555880863060447
0.9101841923223174
0.910941394171657
0.9129926159838168
0.9553550833020426
0.955135352729009
0.9334992145672525
0.9274691224272444
0.8506076720277586
0.641610802351104
0.6333232609597197
0.5940062605649429
0.5910956336769049
0.5729492355039619
0.5181143571478355
0.49024387437001166
0.23667922252074947
0.1432359374629342
-0.07682349466233783
-0.5080312619308459
-0.5246329889386289
-0.7392308044729207
-0.8287607785195006
-0.897458966807218
-0.9375362381278638
-0.9521729084275196
-1.0325790217357067
-1.0212710180284126
-0.980021592035874
-0.9372116994051595
-0.692236496565961
-0.21283464694138465
-0.028931271472099993
0.13289565989038737
0.17417274573943003
0.20655607574770074
0.3130878205077451
0.32012436588151355
0.44999774251137953
0.4915070691676828
0.5455693709671359
0.6033768184117946
0.6067277427862855
0.6585906198781425
0.667051170301251
0.8442769474422227
0.8833316524588182
0.8868483411317155
0.9167202783983872
0.9308415567290376
0.9400677638682927
0.9557908335685086
0.9573215793353552
0.9563008476116515
0.9456002938655982
0.8720762024475356
0.811299131148526
0.27654046791317
0.03961135763373892
-0.001146323599052937
-0.11353831337756876
-0.1435833209613412
-0.17851782857900678
-0.2379902399312327
-0.36293393659662987
-0.5591679683009654
-0.6232172301625133
-0.7085776317949748
-0.7532148927950963
-0.7563021403603781
-0.8110654616184382
-0.8338656734247282
-0.857439903502074
-0.8938758944599704
-1.0003412979109905
-1.033250686661231
-1.0203122201509893
-0.970420381762017
-0.8511415382417697
-0.7863341431246389
-0.7173535356458922
-0.5087349764240534
-0.3711334285131795
-0.2427837364831818
-0.24093654417670274
-0.07574472480756597
-0.06632337777936928
0.010935878359551184
0.324525592770023
0.34489328361464533
0.4115648158571416
0.44756743112583686
0.6333833887483601
0.6588965172194946
0.6869895327727271
0.7356622454441356
0.805278167554773
0.807934328044079
0.8773469852208515
0.9325641042564166
0.9506527634930237
0.9194960362143603
0.9174065067720083
0.9022943138332319
0.8506436930321343
0.7765275109075956
0.5024885901604165
0.30114750099020526
0.2475208425839434
-0.02533612405026808
-0.03664454673287671
