-0.15753034081210746
-0.33441419982049764
-0.4376326274246887
-0.7891398366302731
-0.8136003803075307
-0.8476444668962405
-0.9767729120667021
-0.9898437059862416
-0.9932193116369027
-0.9898107724180897
-0.9821091114553347
-0.9446807341597071
-0.9151166952853146
-0.7071597856319669
-0.6654270621724717
-0.5686988959427669
-0.43741712060512444
-0.21199013143797124
-0.2101478488716681
-0.12779018314789803
0.08129387148934307
0.12201995254790057
0.14823874337717624
0.572423637426998
0.8287073179208786
0.8716469769420848
0.9595259555656412
1.0010927837906407
1.007785132383728
1.000699180564323
0.9572249270897216
0.9292519838424578
0.8962867131185053
0.8743759531024128
0.8607749682831679
0.7629641491049064
0.758391798803533
0.6404146100413405
0.5970208228272006
0.5444540409769271
0.440479377333413
0.41649733114833665
0.2727234396116402
0.2428808341970329
-0.11360152636219821
-0.1490728562504366
-0.2455837167278664
-0.2890685547134464
-0.3337135586719802
-0.5928199245292423
-0.5988243899586989
-0.6117149546541011
-0.7033202134115725
-0.7339076175131365
-0.8975848977193598
-0.9123486649148634
-0.9150112151918168
-0.9673435918545386
-0.9842024490055957
-0.9697300899134143
-0.8853534678355378
-0.318450916369016
-0.23367587661264647
-0.1451555090995162
-0.05101126736102863
-0.03660492315957722
0.022961402724552465
0.14046104406468923
0.24514318981002842
0.5927189138442738
0.6340053394098591
0.6599550015315397
0.7192784796395694
0.7633251735212272
0.9365385397708754
0.9639946750449438
0.9700368928363734
0.9854242994559381
0.9788365846559688
0.971430541743107
0.9560787765822664
0.9481341005838061
0.8758156210592049
0.8667597376067406
0.7767291198518557
0.625577334395843
0.5782314714281752
0.4626504808645252
0.4469318271777442
0.3225962038987634
-0.1609319589980093
-0.21845548930380482
-0.24969802643198394
-0.2612738594535931
-0.592832036911651
-0.7771763241802666
-0.8267817397786407
-0.8625294134507616
-0.9089624225092299
-0.9152946776500774
-0.9229182640152617
-0.9446785358753395
-0.9651021713768873
-0.9722634518785197
-0.9794223734868045
-0.9861765737524898
-1.0044600923148364
-1.0045262167371674
-0.9975115472745616
-0.9927383209341671
-0.9843060856648058
-0.7115879425367536
-0.6549361781250392
-0.5314581391338093
-0.46992103410624003
-0.3951097640038757
-0.37013893469344894
-0.3566727444109438
-0.2997121910189456
-0.2617423575805237
-0.23620478244199616
-0.1506545882692773
-0.12953848474855453
-0.12767250866527227
-0.07402744907952954
-0.06652335927757894
-0.02144489339607964
0.10175202497009356
0.20921331110730845
0.2523839740528989
0.32883759975286975
0.3772729965658643
0.49482334370356773
0.5462734292608913
0.5750469757102997
0.6829965977551868
0.87086680664514
0.8755140189687851
0.886464866802983
0.9833758852863431
0.9862713531410602
0.8558888891767134
0.788169743055532
0.7701542441869198
0.7412331874943583
0.6864836764872437
0.30809248552501944
0.2624427710584384
0.053803423350538365
-0.22689768046606237
-0.2716560929619578
-0.586978335773336
-0.6785211226296507
-0.718813981724264
-0.8385155276592201
-0.8658683679911737
-0.949775263843404
-0.9781647512648461
-1.0224241059420793
-0.9776461113438889
-0.974237433288966
-0.8753723772406073
-0.8198426692927802
-0.7269285010450923
-0.660947507351038
-0.6517232514987972
-0.6330081049269426
-0.6129337456568205
-0.5214600050936999
-0.2432134117590961
-0.19526700931916427
-0.08389302374863844
0.3999194162705499
0.43690402172577936
0.45400339635578074
0.5340424692545708
0.5520251243490306
0.6898770059948944
0.6976602234129178
0.7249852237148623
0.7626470516840059
0.8723989359616492
0.9014090685706753
0.9622806543930821
0.9683952656809116
0.9368504686116031
0.9127463130359074
0.8994012915988687
0.8886784280202638
0.8369637990030835
0.7219471630812763
0.6278298554523273
0.5576180954283242
0.48317575117197914
0.35530598991483353
0.3535643611722267
0.2546195352585564
0.21030372694095437
0.1307911580003365
0.11710780139810623
0.04454046470927075
0.04140028781765541
0.010591391664049599
-0.17976548881462448
-0.5140093061261528
-0.5189852117129496
-0.5310832789255578
-0.557686078957603
-0.6947632902194802
-0.7893409070128541
-0.9417584464666017
-0.9486809399778069
-0.9538406971942078
-0.9663418505130316
-0.9682166758167694
-0.9973642807023777
-1.0120490014755779
-1.0392857192895668
-1.0151696816185574
-0.9993356676545075
-0.9904522112220713
-0.9566625935093557
-0.9243619385015379
-0.8810722982208375
-0.7999145638867744
-0.7761929273375884
-0.7286873955947105
-0.7241252182674887
-0.617780922097367
-0.3610125816814248
-0.3058567158760242
-0.2815905579099568
-0.1439740377446592
-0.10962260895233755
-0.035707851275397856
0.021287389834526833
0.04815715230419102
0.18416511111408304
0.49811473288507746
0.590140880363293
0.7061176874445945
0.7240072661024289
0.8715422634563625
0.8722859669168417
0.9147318798157161
0.9386022457194871
0.9477077071713698
0.9520947616603225
0.9461580261645264
0.9402272636297772
0.7781164531218173
0.7562205751626
0.5904780813693135
0.4641380772235538
0.34590086109322943
0.33197250537757256
0.1429498037508852
0.12809907256120626
0.09890223956276134
0.03638116430075588
-0.12338624274828605
-0.36668578648441086
-0.5964655126592779
-0.8890287847138403
-0.9621730867556519
-1.0505304812048957
-1.0133955468628713
-0.944011733353222
-0.8521123813421466
-0.789809459662585
-0.7247454434993548
-0.6540526441553149
-0.5038213195636654
-0.2223292435558867
-0.14897150360687306
0.18093492368368624
0.3197719622581434
0.4227487981638324
0.4772698554886523
0.4777992512338487
0.5591447379058321
0.5752822036179301
0.6010983959405226
0.6613860761796605
0.7473086244635649
0.8603116081374341
0.9185118939225482
0.9249517901708232
0.9300821860051586
0.9400458321929217
0.9342930547617881
0.8893483972736679
0.8819931993695769
0.8748272340369071
0.7400573784758634
0.7254988850504761
0.7104919874075182
0.4633538657149198
0.39146067882893393
0.3269614219862077
0.2895401835340799
0.013901616516453899
-0.3277689383967634
-0.34351637007716074
-0.369394070673183
-0.7072614150827007
-0.7627912839636124
-0.7766280978962546
-0.9949104110986029
-1.0579174079962834
-1.0641958648403402
-1.0652087773327275
-1.0421032179852783
-1.0414222205202144
-1.0340838502749927
-0.8283532744728955
-0.7609932605103392
-0.7159581156764074
-0.5512725486907878
-0.5140843964264584
-0.5084644089866589
-0.4169171619995359
-0.18081179126531127
0.1947022175402271
0.27653077723779385
0.33869306034114527
0.3609071335002613
0.4254035550136264
0.43626770833159495
0.7474109530541955
0.767817749484418
0.8168263969463613
0.8191314894133727
0.8391207818286321
0.8769978394520473
0.9263372057564747
0.9282413431052521
0.9056637712647374
0.904143457670744
0.8968063662346741
0.8964873600681489
0.8901365640516836
0.8854753777256373
0.8712393804483681
0.5946074918782928
0.44874789592018616
0.27634294212391797
0.1840254688472573
0.16390103419417923
0.02568320198381248
-0.045892897209742406
-0.05595815546782572
-0.4145517342660143
-0.5978469382042207
-0.7922235250736889
-0.838666653955346
-0.8406925740003435
-0.9617755257728936
-0.9833754236964483
-1.0371628129050143
-1.0739818060013362
-1.0735133499538363
-1.0678481039675773
-1.065481652965077
-1.013744626577765
-1.013527644135556
-1.0038482832355853
-0.9986336006319887
-0.9964494347551572
-0.9363309639919987
-0.8577050057998578
-0.8490269423168889
-0.6763575053974076
-0.6525124284873965
-0.6489175424337313
-0.6318222277072112
-0.4114404229560309
-0.3414207401962884
-0.29576059827770707
-0.1518972795585407
-0.020224947668749313
-0.0014422254601683948
0.3422232536727342
0.4142128868792127
0.5431429380651924
0.6007645540825401
0.6238947195822095
0.7534233106387531
0.8198396852203581
0.8742430643762282
0.8749969788655236
0.8770391616689656
0.9190888464103165
0.9187143493418248
0.896877001506448
0.8908129231100754
0.8136668475194926
0.6042229649252638
0.5959211047025518
0.5565381389790649
0.5536227473574686
0.5354469781056307
0.48052648049020313
0.45261404209623435
0.19869949057202457
0.10513628222600606
-0.11519779417242183
-0.5469588454286468
-0.5635835987600002
-0.7785070446430958
-0.8681988966748702
-0.9370424706201685
-0.977219402719087
-0.9918967749634882
-1.0729836034943725
-1.0617518622381317
-1.0206766409624355
-0.9779925112115785
-0.733482402223109
-0.25469507166535277
-0.0710013279458132
0.09064184181398174
0.1318715296898345
0.16421740609743202
0.2706236234422931
0.27765172069584926
0.4073642266812321
0.4488196095725585
0.5028091702681569
0.5605349457485878
0.5638809891888045
0.615665854464799
0.6241131862513674
0.8010065054908541
0.8399592770518475
0.8434656496771539
0.8732373217675963
0.8872982925431632
0.8964759115235759
0.9120569926611549
0.9135271446533759
0.9124581430764909
0.9016409072220095
0.8278347392794704
0.7669174162629702
0.23142124910404757
-0.005760473143258435
-0.04656052247068933
-0.15906893496134425
-0.18914509917307626
-0.22411592264863686
-0.2836505058313208
-0.40872725592225206
-0.6051830337792883
-0.6693103861779193
-0.7547818711541961
-0.7994815457704655
-0.8025732473072656
-0.8574191849238412
-0.8802561950355727
-0.9038703529023571
-0.9403727913214005
-1.0470996157980492
-1.0801636891798054
-1.067569103722492
-1.0178451801479325
-0.8988075309359942
-0.8341002940136681
-0.7652146909020732
-0.5568427711460138
-0.41938523509755843
-0.2911627805068442
-0.28931738533172774
-0.12428393956720796
-0.11487153506581724
-0.037685518906507266
0.275600429532162
0.2959474949943925
0.3625501712784652
0.39851459417995655
0.5841163090653422
0.6095967781296036
0.6376525078102071
0.6862565839957067
0.7557617078035084
0.758413235594322
0.8276872125745338
0.8827404022524591
0.9007322387896142
0.8692176452146214
0.8671213265000773
0.8519644729248194
0.8001948694012444
0.7259494872694492
0.451570397773362
0.25003078934281825
0.19635455647003328
-0.0767442098604999
-0.08806246271671983
