-0.16919138715902723
-0.34749898489250397
-0.45158600419863754
-0.8065871211196016
-0.8313565684757956
-0.8658616984214145
-0.9976012474308564
-1.0113216416452397
-1.0150210229016523
-1.0126128859864538
-1.005322658787386
-0.9689516500469146
-0.9399333842945868
-0.7343087279781316
-0.6929180986135435
-0.5969075988609425
-0.46648280681976495
-0.24233577886157204
-0.2405032639196744
-0.158573733866326
0.04948039636344328
0.09001244093800817
0.11610706786771763
0.5382873511777141
0.7931865505556424
0.835845319773202
0.9230096803771701
0.96400565725018
0.9705111104190711
0.9628176042459763
0.9188602285273126
0.8906977508404638
0.8575524665376398
0.835538442070226
0.821878229803439
0.7237145108161023
0.7191279612622749
0.6008293394222752
0.5573339894977233
0.5046530056022945
0.40047517108051145
0.37644981597963023
0.2324382405498854
0.20255033451618448
-0.15439712699147484
-0.18990870864160103
-0.28652482344256225
-0.330055207561401
-0.37474585684994255
-0.6340979639817484
-0.6401077890653684
-0.653009815887394
-0.7446949181216844
-0.7753084196363993
-0.9391225676964617
-0.9538987283588974
-0.9565635243723623
-1.0089417241222396
-1.0258177602597487
-1.0113553330456535
-0.9269401542638841
-0.35969353194695763
-0.2748588051267995
-0.18627343656983575
-0.0920567223801752
-0.07763895699817971
-0.018024397524773965
0.09957565946659715
0.2043541795830584
0.5523210158507014
0.5936651396628146
0.6196529482617436
0.6790702038180043
0.7231938728055729
0.8968347561234622
0.924406128666622
0.9304790811612692
0.9459615541552115
0.9399756693186843
0.9326178614287793
0.9173517745900364
0.909446371466777
0.8374094597230322
0.82838319161637
0.7386131417513904
0.5878239192034493
0.5405811946687152
0.4252397670698758
0.40955268128526595
0.2854610748481984
-0.19714097457239477
-0.2545499214348445
-0.2857292868716332
-0.2972815250639338
-0.6280951555058498
-0.8119103596392285
-0.861341470476826
-0.8969484966029551
-0.9431696808008166
-0.9494693967225903
-0.9570522506992258
-0.9786844779166542
-0.9989643477062101
-1.0060665312565205
-1.0131593338427773
-1.0198417276474239
-1.0377256807887412
-1.0377679684975534
-1.0304856384929024
-1.0256330915323135
-1.0170928987744643
-0.7430267331035127
-0.6861932012645835
-0.5623523697961931
-0.5006462842161793
-0.42563687142018686
-0.40060132460167525
-0.3871004839404472
-0.3299950495567297
-0.2919299186135763
-0.266328716573088
-0.1805674135413286
-0.1593995488888343
-0.15752900335467868
-0.10375279616609817
-0.09623038279929949
-0.051041854112151404
0.07245725075494606
0.1801866719575802
0.22346706679979683
0.30011897518062064
0.34868325282710194
0.46656072751106176
0.5181624045070731
0.5470236044869188
0.6553263848383816
0.8439882349033516
0.8486608416383853
0.8596736160838316
0.9575275964189878
0.9605641507040107
0.8315716367714806
0.7641719257013956
0.7462327224204085
0.7174286051409452
0.6628855365367656
0.2856553450458064
0.24012987197590982
0.03204203416950148
-0.2479246412086058
-0.2925632702044292
-0.6069773811461974
-0.69821779776004
-0.7383676659368109
-0.8575875814731855
-0.8848121985153364
-0.9682390964354005
-0.996406694584726
-1.0398560634158114
-0.9943213910930624
-0.990883187174782
-0.891398486650098
-0.8356116606478755
-0.742329296956516
-0.6761161175288998
-0.6668608060779527
-0.6480835566571531
-0.6279438381325064
-0.5361859342979304
-0.2571600558534032
-0.20908669094497953
-0.09742157039882221
0.3876797453532239
0.42477102451915905
0.4419204851706585
0.5222017422333538
0.5402408665217308
0.6785616412818
0.6863738261187683
0.7138033951376995
0.7516179524286587
0.8619090228865997
0.8911065353379058
0.9526267988443732
0.9589597431598247
0.9281268824192597
0.9042318869261917
0.8909834275802689
0.8803317594741125
0.8289094733650297
0.7143908697979574
0.6206067331159771
0.5506192671350213
0.47639929407578824
0.34888583205331497
0.34714888526670334
0.24846443238169924
0.20426228111648165
0.1249503203589575
0.11130114554722721
0.03891389257523048
0.03578147232119517
0.005048566681152257
-0.18483940881919148
-0.5182181192375297
-0.5231802202580812
-0.5352445496004831
-0.5617722400308207
-0.6984364239938757
-0.7926907443580355
-0.9444386382343344
-0.9513217736502062
-0.9564512647183527
-0.9688752760427012
-0.9707380054275697
-0.9996726332690321
-1.0142216231205623
-1.0408630996370303
-1.0162564908659468
-1.000271868786706
-0.9913169111344581
-0.9573011921569125
-0.9248238632598202
-0.8813311958786405
-0.7998526931631638
-0.7760469656354846
-0.7283822937288543
-0.723805393805725
-0.6171392097365583
-0.3596966594609188
-0.3044067939712082
-0.28008243252719606
-0.14214206516907885
-0.10771093014828005
-0.033625388989102056
0.023501350363494364
0.05043318637636771
0.1867580972190998
0.5014911674240092
0.5937765238928139
0.7101195250415192
0.728071408157346
0.8762439527740231
0.8769918725667172
0.9197212240690122
0.9438308197991531
0.9530842482622869
0.9576023089494102
0.9520255161598369
0.9461890074442617
0.7850424414146467
0.7632287023732935
0.5980099872303953
0.4720037918968871
0.3540518107199804
0.3401558355820202
0.1515555905907223
0.13673705819470505
0.10760324378689068
0.04521608598282428
-0.11421217757739124
-0.3569871819940419
-0.5862313969043507
-0.8779319834640534
-0.9507649867412049
-1.0380760811950718
-1.0005262246577722
-0.9307639141040127
-0.8385169258136439
-0.7760195069420922
-0.7107727685716942
-0.639897713601256
-0.4893156796541709
-0.20723801731436325
-0.13373525734210687
0.19681881449336427
0.33593865441036336
0.43913557892508015
0.49377846663606334
0.49430906752940984
0.5758459003479088
0.5920230116161714
0.617904028264574
0.6783511027794549
0.7645281356925552
0.8779649646882055
0.9365303266151175
0.9430338155184569
0.9482253906019188
0.9584624676758369
0.9529002961618394
0.9083491089059031
0.9010356783619788
0.8939079760222882
0.7596530271209126
0.7451382136924299
0.7301749661302496
0.48363457652678365
0.41189022623355315
0.3475190722847426
0.3101702716377468
0.035038670606967456
-0.30602006916761043
-0.3217386239899744
-0.3475685966064707
-0.6847551896983045
-0.7401546390561907
-0.7539575244863012
-0.9715447210289101
-1.0341153229723983
-1.0402715229240465
-1.0411517426448984
-1.0177221398052054
-1.0170358276966838
-1.0096443376979607
-0.8031552416009131
-0.7356309199806035
-0.6904944957655329
-0.5254760828379188
-0.4882184873711483
-0.48258814257560934
-0.39087646809027143
-0.1543718563483842
0.2217580323899484
0.3037253408516537
0.36599574771566407
0.3882491777641783
0.4528624946194179
0.46374677719344615
0.7755690489152335
0.7960334566064945
0.8451957647587495
0.8475087762491514
0.8675702760897825
0.9056092009033004
0.9553344799580294
0.9572855612662847
0.9351208700758421
0.9336112253103028
0.9263216324975703
0.9260045641431836
0.9196905730458335
0.9150545542472077
0.9008881890158985
0.6250200202532304
0.4794349550134056
0.3073181557572669
0.2151455651723439
0.1950521235668963
0.05704323791300777
-0.014426375429760382
-0.024476706126284616
-0.38253118657052754
-0.5655282442572257
-0.7595419179717023
-0.8058849583096337
-0.8079063336720871
-0.9286749004594452
-0.950204404705175
-1.0037695436983642
-1.0401256971289807
-1.0396447927959669
-1.0338898359042663
-1.0314976569966214
-0.979460892194861
-0.9792430283199742
-0.9695257810884419
-0.964291726319461
-0.9620996377161608
-0.9017940432194712
-0.822974703383727
-0.8142774320440216
-0.6412757076331241
-0.6173899075171374
-0.6137889593025431
-0.5966650762786497
-0.3759435129845121
-0.3058234083166339
-0.26009900636117644
-0.11603746722068632
0.01581356447316476
0.0346217592471621
0.37876773198758695
0.45086560647003987
0.5800030340990338
0.6377254892573445
0.6608980904917006
0.7906961789856638
0.8572883126618469
0.9118839933448241
0.9126411879075863
0.9146923896789343
0.9570541586076173
0.9568340789653618
0.9351974835495316
0.9291673137937524
0.8523052090923583
0.6433072965053364
0.6350197214013453
0.5957025654528947
0.5927919273136162
0.5746454597391165
0.5198103786211596
0.49193979624068174
0.23837430751883093
0.14493073310211144
-0.07512936651840976
-0.5063384985441851
-0.5229402829230607
-0.7375389146132318
-0.8270692977207631
-0.8957678552603114
-0.9358453807138238
-0.9504821550385337
-1.0308900281043343
-1.0195822238668861
-0.9783332552436474
-0.9355236942807075
-0.6905497286500812
-0.2111495388512885
-0.027246735986663904
0.13457969081457058
0.1758566461274792
0.20823987287327256
0.31477127081634393
0.32180779280883787
0.45168072324780545
0.4931898998789239
0.5472519990535993
0.6050592185578523
0.6084101292953871
0.6602727882050332
0.6687333016169318
0.8459581439768862
0.8850125608870094
0.8885292203636647
0.9184008734924389
0.9325219805979771
0.9417480496108455
0.9574707147761634
0.9590012875058418
0.9579804177673941
0.9472795297772244
0.8737546267278891
0.8129771500022104
0.27821633492501274
0.04128648009647135
0.0005286736229155251
-0.11186366083718952
-0.141908760795628
-0.17684337615441653
-0.2363159721313659
-0.3612600646470214
-0.557494758279352
-0.6215442538956486
-0.7069049886188777
-0.7515424370651204
-0.7546296980150327
-0.809393267737564
-0.8321935903309998
-0.8557679406992854
-0.8922041320326622
-0.9986703260720483
-1.0315801842932195
-1.0186427658299593
-0.9687514413378048
-0.8494733383867972
-0.7846662516173737
-0.715685937057887
-0.5070681402421342
-0.3694670387866033
-0.24111774198618863
-0.23927055526719704
-0.07407922885989611
-0.06465790969951132
0.012601118068902226
0.32618988284500755
0.34655750906896354
0.4132288254528365
0.4492313209063206
0.6350466053089244
0.6605596309902295
0.6886525291403637
0.7373250255491851
0.8069405981592216
0.8095967440247194
0.8790089630507845
0.9342255632116571
0.9523139155058516
0.9211560507503411
0.9190664996837736
0.903954164457767
0.8523031642406746
0.7781865695646107
0.5041465599325363
0.3028048335595553
0.24917801583605098
-0.023679728953026936
-0.03498818330835645
