-0.16553217953928523
-0.3433206407429966
-0.4470894577184547
-0.8007898856584356
-0.8254421246531741
-0.8597714704680016
-0.9904926886661753
-1.0039525935061864
-1.0075209019462887
-1.0047021167487196
-0.9972403365381863
-0.9604205567163769
-0.9311658302964442
-0.7244871947399444
-0.6829351985937145
-0.5865796984888161
-0.45573044213484354
-0.23092064825551817
-0.22908292922925202
-0.14692292909115365
0.06170602074757702
0.10234987297614546
0.1285166728808597
0.5519398470628061
0.8078045174825155
0.850672885240485
0.938395745692195
0.979867959995815
0.9865360423924253
0.9793978085915691
0.9359160308251815
0.9079499165387658
0.8749969266736821
0.8530959623240527
0.8395015547214053
0.7417458504341315
0.7371763366606068
0.6192781183415075
0.5759157699599717
0.523388565506198
0.4194966737863123
0.39553453594163074
0.25188636473473347
0.22207124768688252
-0.13404035798698863
-0.1694697668966054
-0.2658607516449925
-0.30928848563689193
-0.35387260687718936
-0.6125651066205042
-0.6185583394677194
-0.6314244529652409
-0.7228404360477548
-0.7533571547404632
-0.9165348272586341
-0.9312342642937018
-0.9338845378264473
-0.9858987414764806
-1.0025653540027
-0.9874540875455381
-0.9025336178551455
-0.33384463865504505
-0.24885203692676647
-0.16010694344056767
-0.06572437132963749
-0.05128148894729059
0.008436406426903282
0.12623902827680628
0.23119851998090088
0.5798027993165791
0.6212309041505244
0.6472730920339875
0.7068204263753761
0.7510473129401283
0.9252131372076855
0.952914288622618
0.959021134403643
0.9746066331939035
0.9692185721519214
0.9619051808819655
0.946716877317056
0.9388466663245566
0.8670541127024587
0.8580527791412371
0.7684963452124072
0.6179886288697888
0.5708229543075376
0.45565575653004353
0.43999115749711065
0.31606987794574776
-0.16593537622866714
-0.22327528647884726
-0.2544169979292289
-0.2659552451286342
-0.5963463774575116
-0.7798815384215919
-0.8292236778434506
-0.8647600306318456
-0.9108765939549331
-0.9171604273344257
-0.9247234691332528
-0.9462939122212823
-0.9665052922246412
-0.9735795864318927
-0.980641365282293
-0.9872902788567492
-1.0049918361954415
-1.0050234458711056
-0.9976227206068232
-0.9927356080889598
-0.9841487434071099
-0.7095331683230699
-0.6526299005372933
-0.528652695102064
-0.4668843276388398
-0.39180285418358585
-0.36674399331561586
-0.3532307145269228
-0.2960736057229441
-0.2579747740685846
-0.2323511971784325
-0.1465163675521743
-0.12533063974978503
-0.1234585203437992
-0.06963735283889542
-0.062108690056945526
-0.01688278841370431
0.10671749775607446
0.21453499104011203
0.25785097771169
0.3345665499926664
0.38317176709793144
0.5011516318414085
0.5528000318692814
0.5816880429781559
0.6900973546504262
0.878989683790694
0.883669500758998
0.8946998116712606
0.9928129603762736
0.995887067476431
0.8672486985852194
0.7999265273928812
0.7820056417286823
0.75322945072261
0.6987352458152657
0.3217698606441443
0.27627175724217706
0.06830325532180573
-0.21150979467186198
-0.25612392242961696
-0.5703571423185333
-0.6615391820670454
-0.7016617568323302
-0.8207911913512327
-0.847992090999087
-0.931331559217559
-0.9594594522009419
-1.0027675858998064
-0.9571060527158863
-0.9536629951681356
-0.8540780645587331
-0.7982505478590304
-0.7049108132648783
-0.6386619915464307
-0.6294019439233114
-0.610615245319796
-0.5904656135728127
-0.4986649820915729
-0.21952497633476442
-0.1714334326995277
-0.05972705766121876
0.4255498765151515
0.4626551907580888
0.47981121543533306
0.5601239807236698
0.5781703968581553
0.7165509278832487
0.7243667583788378
0.7518094436260894
0.7896430343007899
0.9000001376940621
0.9292201795046597
0.9908167994934728
0.9971748809285942
0.9664220577923297
0.9425500237368255
0.9293120813012304
0.9186681336781561
0.8672772516402192
0.7528110566930449
0.6590612231441626
0.5890965130545897
0.5148988353747607
0.3874205509519378
0.38568406197531296
0.2870248887850135
0.24283366210710006
0.16354082094481026
0.14989488331684103
0.07752458650026788
0.07439289287270141
0.043667089693044676
-0.14617770508170022
-0.4794796186521712
-0.48444052393485126
-0.4965019348248786
-0.523023147786107
-0.6596521975174322
-0.7538795846323576
-0.9055732542757404
-0.9124532675558437
-0.9175803625799166
-0.9299982859771967
-0.9318600632535191
-0.9607780368943998
-0.9753165210840125
-1.0019129097368518
-0.9772703314928232
-0.961274879607046
-0.9523148152861409
-0.9182830947118014
-0.8857934167130692
-0.8422867244989541
-0.7607864235025452
-0.736975053955052
-0.6892997866440143
-0.6847219119120084
-0.5780346428989782
-0.3205493276253551
-0.2652511856592427
-0.24092325213997887
-0.1029632611360467
-0.06852736140464841
0.00556830277393555
0.06270275679438836
0.0896382104759063
0.22598135429130012
0.5407577953971304
0.6330569757275143
0.7494190665312027
0.7673741466149484
0.9155785614832597
0.9163266869614204
0.9590697135110083
0.9831906193981015
0.9924509376934035
0.9969750313643113
0.9914144917092041
0.9855821612391471
0.8244765083060207
0.8026661016953015
0.6374680800871876
0.511474574907752
0.39353313304761417
0.37963833673475733
0.19105314416108662
0.17623573419870944
0.14710410645282068
0.08472155095062545
-0.07469532661195477
-0.3174534748271075
-0.5466814149792005
-0.8383577372475515
-0.9111825685056537
-0.9984684243538002
-0.960909496672095
-0.8911393688142809
-0.7988855816458844
-0.7363845168948961
-0.6711344560418041
-0.6002561857143428
-0.4496682401324042
-0.16758150815485306
-0.09407665556566823
0.23648602628585882
0.3756092521821478
0.4788086560900952
0.5334528579582222
0.5339834716442348
0.6155222843004217
0.6316997930487853
0.6575814502257253
0.7180300502657347
0.8042093736282032
0.9176496986221176
0.9762176065665217
0.982721502224714
0.9879134583803555
0.9981521161889683
0.9925909287628145
0.9480414689634644
0.9407281978670569
0.9336006375825506
0.7993472287511161
0.7848325142949605
0.7698693607134706
0.5233297656567023
0.45158547142453354
0.3872143207883323
0.34986550366691155
0.07473341852850199
-0.266326756346081
-0.28204540167976677
-0.3078755283692202
-0.6450649220873171
-0.700465035703885
-0.7142681006228399
-0.9318595773369692
-0.9944334478880157
-1.0005906431039246
-1.0014719822131868
-0.9780452834699208
-0.9773590209996392
-0.9699680306830288
-0.7634867685556025
-0.6959643145074855
-0.6508290714531402
-0.4858147005286856
-0.44855797919848595
-0.44292776568802744
-0.35121820694139705
-0.11471897795925623
0.2614019322579521
0.3433671061654638
0.4056358213420069
0.4278886294863148
0.4925000799516867
0.5033840382333545
0.8151948748642925
0.8356582683733479
0.8848178381406837
0.8871307071942447
0.9071909023447636
0.9452268637664188
0.9949448632461187
0.9968950385437731
0.9747221889416525
0.9732123288645137
0.9659217747268993
0.965604667058262
0.9592899278535287
0.9546533959503954
0.9404856045734883
0.6646011709289443
0.5190099831525
0.346886602726608
0.2547106437044935
0.2346164763883272
0.09660265110448331
0.025130488935221004
0.015079799245103165
-0.342987922561347
-0.5259925323577578
-0.7200156159910758
-0.7663612931227787
-0.7683827886379251
-0.8891597563137972
-0.9106911655738755
-0.9642623763522123
-1.0006314507728258
-1.0001508990719101
-0.9943984913628525
-0.9920070460748467
-0.9399789114564393
-0.9397610731854313
-0.9300449277210606
-0.9248114372501988
-0.9226195796134758
-0.8623194710148483
-0.7835058623292339
-0.7748091636552461
-0.6018174430815241
-0.5779328815290732
-0.5743321179235058
-0.5572091056937268
-0.3364980009908147
-0.2663810235025938
-0.2206586311839847
-0.07660333295147376
0.05524201854362345
0.07404939949992959
0.4181798292018974
0.49027415239654953
0.6194047254961496
0.6771238236103003
0.7002950074492502
0.830084030329998
0.8966701923385357
0.9512592861142142
0.9520163678449204
0.954067259287864
0.9964182155094877
0.9961927326823629
0.9745490606918861
0.96851768986605
0.8916454615871591
0.6826314178922313
0.6743433214430385
0.635023760029982
0.6321129479078198
0.613965407161458
0.559127190838119
0.5312550684304667
0.2776766422328464
0.1842285953353938
-0.035841819916028084
-0.46707203696386934
-0.4836747075303252
-0.6982859445821704
-0.7878226445538236
-0.8565269036573149
-0.8966083528409585
-0.9112467332100586
-0.99168176937153
-0.9803770434254174
-0.9391351326043403
-0.8963306892893488
-0.6513758108703492
-0.17200122135217633
0.011892751681862835
0.17371139860982798
0.21498634127878005
0.24736797592361673
0.35389402683335885
0.3609301883567263
0.49079624012084194
0.5323031040036226
0.5863620796519561
0.6441657854945771
0.6475164860245823
0.699375781811298
0.7078357247325111
0.8850461593867105
0.9240961361164194
0.9276123456422253
0.9574796199417114
0.9715980883901674
0.9808220288564412
0.9965384603069
0.9980663667061599
0.997043370340628
0.9863373322400016
0.9127999242835725
0.8520162015598537
0.3172222401177902
0.08028091827845743
0.0395211830238181
-0.07287645960732145
-0.10292298212417025
-0.13785925666626095
-0.19733469577115353
-0.3222848840074609
-0.5185297701856314
-0.5825828650679361
-0.667948728460054
-0.7125890629848287
-0.7156765300139124
-0.7704439252246638
-0.7932459535270617
-0.8168221559082014
-0.8532614322011873
-0.959739797529409
-0.9926568829749065
-0.9797355975611814
-0.9298521832166051
-0.8105854789135417
-0.7457831379640522
-0.6768073316633003
-0.4682012684319665
-0.3306070377213903
-0.2022638231482009
-0.20041672241443356
-0.03523298201504824
-0.025812091694697944
0.051443421854913025
0.3650175739927241
0.38538420588875527
0.45205220085257275
0.4880528527267152
0.6738577786429121
0.6993692227873604
0.7274603145709474
0.7761294835918987
0.8457396789205486
0.848395599792156
0.9178010777594265
0.9730096951189074
0.9910933252631438
0.9599179616980142
0.9578280779772521
0.9427135538976004
0.8910567170713954
0.816933776185189
0.5428770170418548
0.3415254894542569
0.28789622121791697
0.015026507618401538
0.0037175661133633728
