-0.16992240676586406
-0.34813520719055174
-0.45216411409782736
-0.8069275953953821
-0.8316756189032897
-0.8661486145472743
-0.9977019079139489
-1.011374627542092
-1.0150500148423645
-1.0125666823583168
-1.0052450306725011
-0.9687917865976088
-0.9397301718920406
-0.7339121325891484
-0.6924918716303126
-0.5964179978526613
-0.4659151933715197
-0.24164626336927045
-0.23981279079926127
-0.1578408439190946
0.050319137819073954
0.090871781197711
0.11697970653608165
0.5393892044299349
0.7944667126808543
0.837164220201896
0.9244318513524193
0.9655159413082421
0.9720514949704302
0.9644608031221122
0.9205915379284078
0.8924654517369646
0.8593558118640849
0.8373627478510972
0.8237147363299451
0.7256266841889464
0.7210432945865307
0.6028189577512945
0.5593482890490641
0.5066958458438134
0.40257109121803214
0.37855747300001563
0.23461337931069973
0.20473899218716354
-0.15205317091921536
-0.18754947973536784
-0.28412374643492144
-0.32763504719297465
-0.3723058906652269
-0.6315353292357637
-0.6375420678991129
-0.6504374141512419
-0.742072449893851
-0.772667943897088
-0.9363636406991606
-0.9511255195202415
-0.9537876121479741
-1.0060980456370174
-1.0229350861284585
-1.0083518125586877
-0.923842493766258
-0.3563270171153793
-0.2714628515166435
-0.18284769712158538
-0.08860005121185793
-0.07417760143547608
-0.014543768985684637
0.10309407041603515
0.2079063480512353
0.5559921092637788
0.59735190325354
0.6233498588536619
0.6827913875432203
0.7269343181155109
0.9006731727038796
0.9282687690940095
0.9343480481138122
0.949849752372986
0.9439754733235489
0.93662595831143
0.9213743944139574
0.9134755621450554
0.8414842774553013
0.8324626653767264
0.7427325055008083
0.5919958545522422
0.544767519962873
0.42945863294522785
0.41377574709088166
0.2897159540998104
-0.19277461452955885
-0.2501706642331135
-0.281342995193251
-0.29289261958538026
-0.6236273142794838
-0.8073901929047067
-0.8568046788354904
-0.892398498910888
-0.9386001331828459
-0.9448968811775876
-0.9524760328908309
-0.9740967145124482
-0.9943637854181494
-1.001460757145804
-1.0085477621284549
-1.015223899220278
-1.0330737657529352
-1.0331140578771663
-1.0258096010139677
-1.0209505939903278
-1.0124016784912395
-0.7382328240716873
-0.681386257157979
-0.5575199340302142
-0.4958022061777027
-0.4207793229794443
-0.39573941798747875
-0.38223625221643387
-0.3251211580564652
-0.2870497272012128
-0.26144434244690584
-0.1756692943464808
-0.15449809032258321
-0.15262725056521095
-0.0988426383503319
-0.09131905669140883
-0.04612354131342147
0.07739447917826828
0.18514036559239344
0.22842741446816278
0.30509122519079224
0.3536631567941362
0.4715597743980654
0.5231701869013486
0.5520363996252182
0.6603590978853626
0.8490640415807438
0.8537379964762477
0.8647540498769161
0.9626564907117191
0.9657000670134358
0.836773777564116
0.7693885669864486
0.7514527892623741
0.7226538944706271
0.6681199639363288
0.29093929602158203
0.245418941749523
0.037353423069949765
-0.24258451911735712
-0.28721856544056923
-0.601598841875718
-0.6928283391098357
-0.7329731019969026
-0.8521760925739437
-0.8793962730734248
-0.9628068162298286
-0.990966986903963
-1.0343899346714225
-0.9888315291479269
-0.9853924171869369
-0.8858889646871447
-0.8300945256656437
-0.7368014279419463
-0.6705815797390939
-0.6613253821282806
-0.6425463647154168
-0.6224047913658175
-0.5306388928226013
-0.251591659321701
-0.2035148927594807
-0.09184205242766669
0.39329212827921745
0.43038603411286763
0.44753672323221017
0.5278238771907099
0.5458643661979923
0.6841963250385048
0.6920091922198836
0.719441216171268
0.7572593359411195
0.8675627662326354
0.8967644958232682
0.9582990527262315
0.9646367027730206
0.9338188261260032
0.90992812957092
0.8966816392855821
0.88603141668667
0.8346150105121016
0.7201062202052698
0.6263285070090954
0.5563453023975505
0.48212950461535664
0.3546226306405218
0.3528857695949303
0.25420605132642565
0.2100059461845083
0.1306975665335815
0.11704899805993979
0.04466492110734285
0.04153263695837427
0.010801061696738189
-0.17907882511590037
-0.5124431479579457
-0.517405024941611
-0.5294688074716368
-0.5559952842446224
-0.6926528849011642
-0.7869021582098159
-0.9386398897550458
-0.9455224399907016
-0.9506514819656667
-0.963074352207618
-0.9649369031332778
-0.9938684092913705
-1.008415429859283
-1.0350484538341875
-1.0104351008881378
-0.9944484480556276
-0.9854925327927273
-0.9514738130308059
-0.9189941681541234
-0.8754988703596546
-0.7940162789302022
-0.7702094930521444
-0.722542833536222
-0.7179657507414193
-0.6112956109487093
-0.3538450360659312
-0.2985536172912667
-0.2742285854325661
-0.13628453477031222
-0.10185250534845958
-0.027765063855588745
0.029363123823771195
0.0562956390360968
0.19262397333182796
0.507365189122672
0.5996531425950484
0.715999730625192
0.7339522145149797
0.8821307494497064
0.8828787079107974
0.9256106305325674
0.9497223531210228
0.9589770773818321
0.9634962728289531
0.9579225376870826
0.9520868151470908
0.7909479505925456
0.769134839136594
0.60392002224867
0.477916218517205
0.3599662242485341
0.3460704713859406
0.15747306537034036
0.14265474472962755
0.113521342875656
0.05113505348649913
-0.10829106098178008
-0.3510628819356599
-0.5803040207504991
-0.8720000156626482
-0.9448314707390137
-1.0321377764029962
-0.9945861953386911
-0.9248223968069408
-0.8325741127801219
-0.770075998366863
-0.7048286256706727
-0.6339529563507114
-0.483369791510389
-0.2012903899638428
-0.1277872278330247
0.20276850318725126
0.34188899809072915
0.44508640337771244
0.4997295463739804
0.500260149754111
0.5817973678665826
0.597974556597625
0.6238556981587215
0.6843030706202518
0.7704805522290656
0.8839180701428858
0.9424839381789014
0.9489875084103573
0.9541791598302891
0.9644165553177474
0.9588545838588867
0.9143037530574991
0.9069903559038304
0.8998626834065815
0.7656080670204259
0.7510932759116586
0.7361300497386299
0.48958986150614947
0.41784553500179766
0.35347439317572416
0.31612559597376044
0.040993950512311604
-0.30006500099933564
-0.3157835700476478
-0.3416135670084093
-0.6788006193737635
-0.7342001804469925
-0.7480030961812165
-0.9655910255764764
-1.0281621956229086
-1.034318569506495
-1.0351989852808114
-1.0117698928778223
-1.0110835895139192
-1.003692187576554
-0.7972044787125503
-0.7296804892694435
-0.6845442753767026
-0.5195265834033754
-0.482269144077529
-0.4766388227389235
-0.38492752649651385
-0.1484238787499808
0.2277043976125819
0.3096713220726304
0.3719414244442085
0.3941947425196994
0.45880772322700114
0.4696919473780946
0.7815121563149746
0.8019763808287531
0.8511381942196834
0.8534511799687005
0.8735124439952316
0.9115508330088793
0.9612747948520104
0.9632257121267348
0.9410595430006842
0.9395498592107129
0.9322600921496756
0.931943016668842
0.9256288899569589
0.920992778137824
0.9068261543335545
0.6309550339824977
0.48536885657381657
0.31325086124391516
0.22107765825100223
0.20098408468688633
0.06297430067068843
-0.008495776335923477
-0.018546172343926595
-0.3766030627550117
-0.5596014957354776
-0.7536168837856396
-0.7999604046395735
-0.8019818018993984
-0.922751899998734
-0.9442817515649633
-0.9978479977366103
-1.0342065081257545
-1.03372566813266
-1.0279711763781691
-1.0255791313380138
-0.9735439415728381
-0.9733260823713875
-0.9636090362472298
-0.9583750844831703
-0.9561830380401836
-0.8958784450184017
-0.8170601516023733
-0.8083629848320394
-0.6353630873983989
-0.6114775135123889
-0.6078765990182043
-0.590752875054442
-0.3700332224103116
-0.29991368913272703
-0.25418965439524244
-0.11012925575492799
0.021720737767835188
0.04052878378970785
0.38467191504267173
0.45676914017580633
0.5859053143376756
0.6436271555456621
0.6667994975496446
0.796595927862295
0.863186969127514
0.9177814447285374
0.9185386186474451
0.9205897636406395
0.9629495540898614
0.9627284856671847
0.9410905951247168
0.9350602055410304
0.8581962478110873
0.6491953820653575
0.6409077115075718
0.6015901151315507
0.5986794451364505
0.5805327810654528
0.5256971258807038
0.49782626150821485
0.24425840362792867
0.15081401011438542
-0.06924797887578887
-0.5004609733656097
-0.5170629200982164
-0.7316638612935821
-0.8211954018505474
-0.8898950041514906
-0.9299732486233562
-0.9446103172603727
-1.0250231686152922
-1.0137159286140387
-0.9724682537003414
-0.929659630853628
-0.6846891643920926
-0.20529366845203917
-0.0213924847222471
0.14043251540755566
0.1817091016320695
0.21409203640775099
0.3206224537573834
0.32765890964234684
0.4575305785556178
0.49903933102614
0.5531008573344678
0.6109074324090025
0.6142583045926602
0.6661203466708697
0.6745807554478449
0.851802955160885
0.8908565576201604
0.8943731345625285
0.9242439844754106
0.9383646075597686
0.9475902861190904
0.9633118077704845
0.964841891378123
0.9638206315187404
0.9531187987469347
0.8795916015996748
0.8188129789640552
0.2840460822755972
0.047114123331592886
0.0063559629318120855
-0.10603734557605902
-0.13608270657660176
-0.17101762640022572
-0.23049074410324905
-0.3554359552266036
-0.5516725193137874
-0.6157226754536215
-0.701084351383735
-0.7457223294862205
-0.7488096282561882
-0.8035739000442711
-0.8263745356774321
-0.8499492259376832
-0.8863859834447245
-0.99285441129659
-1.025765595977466
-1.0128311386163011
-0.9629412660212942
-0.8436652553306637
-0.7788590396907533
-0.7098795526644234
-0.5012639097015722
-0.36366406948965396
-0.23531588920398192
-0.23346871826941598
-0.06827878444833924
-0.05885754401212843
0.018400838631796694
0.3319869208313801
0.3523543645142966
0.4190250711413099
0.4550272281427722
0.6408406108666913
0.6663533461955284
0.6944459127158327
0.7431177982481839
0.8127323836323522
0.8153884881905404
0.8847994695967317
0.9400146041399732
0.9581020894515757
0.9269410118640478
0.9248513997202252
0.9097386626069941
0.8580865907443959
0.7839688308439334
0.5099257457828538
0.3085822197399115
0.25495495205613916
-0.017904990456274885
-0.02921353426330535
