-0.1690822359932382
-0.34739633787825797
-0.4514873446215731
-0.8065047709966973
-0.8312756891233226
-0.8657830252756648
-0.9975353658696414
-1.011259035496615
-1.014960065430638
-1.0125570963077613
-1.0052690291822288
-0.9689036744424974
-0.93988838985673
-0.7342770393934829
-0.6928884498356691
-0.5968823135767156
-0.46646289461305995
-0.24232426635011584
-0.2404918174118963
-0.15856521118246303
0.049481620234482264
0.09001224405945411
0.11610595369792814
0.5382704181541742
0.7931573014970201
0.8358133938618366
0.922970616449877
0.9639605008340786
0.9704638722946746
0.9627632539853201
0.9187997813038996
0.8906347849345891
0.8574870333729155
0.8354715579233085
0.8218105010197584
0.723641543048218
0.7190547746814577
0.6007510083468802
0.5572539489198096
0.5045709880550536
0.40038947635837097
0.3763633080991883
0.23234705688887086
0.2024582140369664
-0.15450001143316883
-0.19001265188425828
-0.2866316680297368
-0.33016337529756856
-0.3748553978870668
-0.634216011974181
-0.640226051127055
-0.6531285413076168
-0.7448171163135828
-0.7754318669732594
-0.9392542328615114
-0.9540313844851925
-0.9566963680790136
-1.0090792702436768
-1.0259580126143066
-1.0115039730918884
-0.9270953295253208
-0.35986737621670994
-0.27503469402594755
-0.186451394283556
-0.09223682858166539
-0.07781938858064957
-0.018206167840617578
0.0993912646271558
0.20416743970239173
0.5521260138328457
0.5934690488975767
0.6194561524833452
0.6788717215110872
0.7229940521467975
0.8966281277013204
0.9241978168856745
0.9302703297317875
0.9457514662721009
0.9397578250218388
0.9323994407574536
0.9171323445292939
0.909226484706764
0.837186401632926
0.8281598098993237
0.7383869873415092
0.5875941104706355
0.5403503856420621
0.42500669599160007
0.409319318245158
0.28522550023500626
-0.1973842994433456
-0.254794142973883
-0.2859739974827086
-0.2975264174001651
-0.6283455360423617
-0.8121643784129189
-0.8615966452235426
-0.8972045896106
-0.9434271331961733
-0.9497270554919154
-0.9573101669049977
-0.9789431969483793
-0.9992239567191947
-1.0063265026802997
-1.0134197084119274
-1.020102537288637
-1.0379888607380832
-1.038031287217191
-1.0307504958974263
-1.0258983981690373
-1.0173588119929171
-0.7432997875874953
-0.6864671622785636
-0.5626281036606351
-0.5009228277670923
-0.42591435180616066
-0.4008791080901519
-0.38737842913613785
-0.3302736665750485
-0.29220897378331673
-0.26660806264657366
-0.18084771557655113
-0.1596800831766844
-0.15780955810571906
-0.10403393548731954
-0.096511603375564
-0.05132356061594536
0.07217422865026292
0.17990250466816543
0.22318243670720692
0.2998335172483236
0.34839726253841563
0.4662734057620188
0.5178744751661972
0.546735326486809
0.6550367214460949
0.8436955740705567
0.848368087031017
0.8593806334004446
0.9572312428880669
0.9602673087223822
0.8312701881120976
0.7638694683380961
0.7459300267621738
0.7171255461852604
0.6625818418966601
0.2853482052551548
0.23982237608447185
0.03173298558099844
-0.24823568874836377
-0.2928746365624171
-0.6072911014225129
-0.6985322777296115
-0.7386825010990278
-0.8579035941758683
-0.8851285198901898
-0.9685565557040725
-0.996724670631561
-1.0401758777841787
-0.9946428568167598
-0.9912047160810528
-0.8917213203559335
-0.8359350240924275
-0.7426534073201337
-0.6764406919400724
-0.6671854421530348
-0.6484083157591701
-0.6282687263041581
-0.5365113787929116
-0.25748698640805034
-0.20941385821982608
-0.09774927489721175
0.38734975367178476
0.4244408500318589
0.44159022518638147
0.5218710718426427
0.5399101011497894
0.678230097511682
0.6860422348575851
0.7134716330128765
0.7512859423527726
0.8615761525380758
0.8907733714596511
0.9522926400595005
0.9586252568172832
0.9277913530233032
0.9038960582670775
0.8906474618466681
0.8799956931120435
0.8285729976671364
0.7140537109194582
0.6202691270296821
0.5502813643612816
0.47606110060230805
0.3485471798800508
0.34681022712352044
0.24812544457527766
0.2039231508392001
0.12461094072626754
0.11096172369417773
0.038574249567909044
0.03544181983643453
0.004708821557375335
-0.18517971720472928
-0.5185594295925333
-0.523521546216175
-0.5355859136415432
-0.5621136885981334
-0.6987783310763421
-0.7930330029764086
-0.9447816047268826
-0.9516647809066495
-0.9567943032589807
-0.9692183940726915
-0.9710811358893597
-1.0000159811969398
-1.0145651082386942
-1.0412071736374242
-1.0166010347724672
-1.0006165541960077
-0.9916616632714139
-0.9576461533986779
-0.9251689858932197
-0.881676501822287
-0.800198284059536
-0.776392630294098
-0.7287280969184831
-0.7241512097412584
-0.6174853013908649
-0.36004331050442134
-0.3047535533036909
-0.2804292385995121
-0.14248912804581326
-0.10805805538704663
-0.03397264673291869
0.023153991627656932
0.05008578027858733
0.18641045238425735
0.5011429544577496
0.5934281297627912
0.7097708806686377
0.7277227218676391
0.8758948484782919
0.8766427655723635
0.9193719376290281
0.943481384903981
0.9527347229127784
0.9572527043821825
0.9516756981146403
0.9458391345043509
0.7846920305805728
0.762878247694622
0.5976592601637852
0.47165289767564267
0.35370077760162016
0.33980478692360183
0.15120434341841207
0.13638579621310434
0.1072519529519719
0.04486473440798861
-0.11456367949433816
-0.3573389066920937
-0.5865833369718861
-0.8782842452379471
-0.951117357060975
-1.0384287875648925
-1.0008790521845141
-0.931116846244193
-0.8388699491180818
-0.7763725792119789
-0.7111258855172699
-0.6402508738351892
-0.48966891962970505
-0.2075913800970017
-0.13408864855742303
0.19646530578888363
0.3355850992237096
0.43878198957269454
0.49342485912335665
0.49395545983973077
0.5754922652213387
0.5916693709690319
0.61755037871187
0.6779974319668803
0.764174432809056
0.8776112124010769
0.9361765378589363
0.9426800208833407
0.9478715904430658
0.958108644407479
0.952546458302908
0.9079952448459101
0.9006818118290552
0.8935541072756543
0.7592991333727469
0.7447843182315095
0.7298210690211931
0.4832806631929284
0.41153631068634017
0.3471651554114194
0.3098163542509041
0.03468475437677559
-0.3063739730433131
-0.3220925269892508
-0.34792249809955805
-0.6851090619434718
-0.7405085040537632
-0.7543113875123899
-0.9718985359035696
-1.0344691001329618
-1.0406252884950882
-1.0415054951331055
-1.0180758581506462
-1.0173895454563102
-1.0099980495567238
-0.8035088602084752
-0.7359845161937358
-0.6908480777889969
-0.5258296161675179
-0.48857201014494694
-0.4829416637633368
-0.39122996369292823
-0.15472528667038588
0.2214047114499872
0.30337204599155276
0.36564247354253165
0.38789591119990535
0.4525092509019438
0.46339353744747047
0.7752159495116886
0.7956803696754599
0.8448427115230916
0.8471557247668723
0.867217240671267
0.9052562019918277
0.9549815708398702
0.9569326633342682
0.9347680729675708
0.933258430865107
0.9259688499438028
0.925651782075772
0.9193378002339166
0.91470178778409
0.9005354402019983
0.6246674730173973
0.47908248378114876
0.3069657662882274
0.21479321757694492
0.19469978499504023
0.05669096078000522
-0.0147786208479708
-0.024828947076904063
-0.3828832626266574
-0.5658802261790316
-0.7598937825216321
-0.8062367899552371
-0.8082581638181641
-0.9290266257294681
-0.9505561061847666
-1.0041211693318681
-1.0404771612651311
-1.0399962525229278
-1.0342412637545615
-1.0318490756724228
-0.9798122029164413
-0.9795943387212056
-0.9698770777042645
-0.9646430158744381
-0.9624509243810841
-0.9021452612303787
-0.8233258496520305
-0.8146285711426335
-0.6416267214553992
-0.6177409058252863
-0.6141399552982272
-0.5970160613662784
-0.3762943670313895
-0.3061742231709527
-0.26044979602647306
-0.11638817864959665
0.015462924267027438
0.03427112924648252
0.37841729695415427
0.45051521599674715
0.5796527296474641
0.6373752269418662
0.660547845967974
0.7903460482744717
0.8569382569364946
0.9115340203447029
0.9122912163246513
0.9143424219937879
0.9567043267513744
0.9564843149972675
0.9348478085079122
0.9288176538465969
0.851955676389474
0.642957966612769
0.6346703980645686
0.5953532723651339
0.5924426364137675
0.5742961823350452
0.5194611406457841
0.49159057763373437
0.23802525164448207
0.14458173349329392
-0.07547823633583406
-0.5066871030004895
-0.5232888762244975
-0.7378873492288113
-0.8274176528038327
-0.8961161385516981
-0.9361936145959622
-0.9508303686959267
-1.0312378996354028
-1.0199300566187122
-0.9786809990783547
-0.9358713736365635
-0.690897167487373
-0.2114966550222101
-0.027593740847220674
0.13423278403612793
0.17550976472391056
0.20789301154281467
0.3144244769030632
0.321461003440588
0.45133402061316164
0.4928432264070255
0.546905364968923
0.6047126287812001
0.6080635421695384
0.6599262434901852
0.668386764096432
0.8456117881603071
0.8846662610723348
0.8881829262241168
0.9180546345830913
0.9321757749709237
0.9414018708323729
0.9571246146295858
0.9586552209933876
0.957634378081508
0.9469335550596795
0.8734088097688977
0.8126314118461654
0.2778710150156672
0.04094130489992969
0.00018352276840787746
-0.11220874469892594
-0.1422538267033513
-0.17718842112151617
-0.23666098121476856
-0.3616049967931664
-0.5578395617743266
-0.6218890119586991
-0.7072496819435449
-0.7518870939585091
-0.754974352307041
-0.8097378737391384
-0.8325381748005278
-0.8561125017896865
-0.8925486541791873
-0.9990146945650004
-1.0319244615434937
-1.018986839391663
-0.9690954150241312
-0.849817168145044
-0.785010021449188
-0.7160296499618993
-0.507411704975986
-0.36981051675435467
-0.2414611431435616
-0.23961395533867888
-0.07442253312772074
-0.0650012085514351
0.012257863599031346
0.32584681292838497
0.3462144517107587
0.41288581004467506
0.4488883287830601
0.634703744018892
0.6602167896762624
0.6883097106423701
0.7369822490793434
0.8065978896106674
0.8092540383181247
0.8786663424933162
0.9338830434906671
0.9519714554349118
0.9208138117313325
0.9187242648670975
0.9036119572924024
0.851961030808785
0.7778445163053541
0.5038047182792226
0.3024631157349207
0.24883632897172855
-0.024021264597988683
-0.03532971279835134
