-0.16774382511411046
-0.3456817519267434
-0.4495421774265626
-0.8036169866133517
-0.8283029537368426
-0.8626828804461006
-0.993697034382003
-1.0072318468399446
-1.010837842951507
-1.008137113089518
-1.0007246428844208
-0.9640338286923369
-0.934847039595205
-0.7284710850830441
-0.6869654098423931
-0.5907089248378978
-0.45998145493999676
-0.23536174327235843
-0.23352551641166389
-0.15143159306854026
0.05703260290473107
0.09764441716397491
0.12379053763766391
0.5468577614655358
0.8024461466593499
0.8452545582516545
0.9328176986372847
0.9741537632181289
0.9807753613673968
0.9734784486129425
0.9298608012413128
0.9018386002120727
0.8688306917186982
0.8468974404810099
0.8332842417681503
0.7354120399105816
0.7308376625724912
0.6128251448100782
0.5694248348279026
0.5168537414082962
0.4128802497466829
0.38890007300266827
0.24514821559488967
0.21531233254222443
-0.14103768675436337
-0.17649052940479656
-0.2729457118724288
-0.3164027154396932
-0.36101721071732
-0.6198977540624949
-0.6258957164788127
-0.6387720668649274
-0.730264756480429
-0.7608090591495428
-0.9241681092936102
-0.9388894077036356
-0.9415438191598018
-0.9936617304985601
-1.0103880052033465
-0.9954615599895374
-0.9106849968899339
-0.34240668900461574
-0.25745902844146185
-0.16875940097537012
-0.07442403878857556
-0.059988305564377425
-0.00029982267586735334
0.11744514523739709
0.22235313116472577
0.5707760064463341
0.6121802137802881
0.6382069278136405
0.6977172484227044
0.7419147652932229
0.9159312316583537
0.9435954603938151
0.9496926635357992
0.9652488518811775
0.9596907236269667
0.9523646976002629
0.9371542680432352
0.9292740465076149
0.8574119859813253
0.8484035600366371
0.7587863664512546
0.6081985835693019
0.5610109949720073
0.4457942449605588
0.4301232506354082
0.3061535304281471
-0.176021440814157
-0.23338098272767246
-0.2645334016033677
-0.2760756273170806
-0.6065868983571532
-0.7902016864098224
-0.8395691231744419
-0.8751255703664335
-0.9212718799615174
-0.9275602290981994
-0.9351289039223882
-0.9567169134593368
-0.9769477662882206
-0.9840299898637211
-0.9911005892029905
-0.9977590216408984
-1.0155124357169414
-1.015547081212531
-1.0081800160437604
-1.0033027305091264
-0.9947291345783087
-0.7202697496982904
-0.6633863061932664
-0.5394478681587856
-0.47769720552129324
-0.4026362165297864
-0.3775839830371901
-0.3640742399689453
-0.30693182032118194
-0.268842568502726
-0.2432253519135445
-0.15741142292311627
-0.1362307728637553
-0.13435910084288913
-0.08055071361678176
-0.07302382726861342
-0.027808549085044466
0.09576297600218445
0.20355543481748795
0.2468613045932308
0.32355878066172694
0.3721523609583793
0.4901031221518115
0.5417382416490338
0.5706186320087935
0.6789976636355726
0.8678244835801585
0.8725022512079359
0.8835275777959029
0.9815670652225916
0.9846304991806528
0.8558914786177498
0.7885472703575822
0.770621178801398
0.741837051132144
0.6873289591986984
0.31028831773735943
0.26478243619243874
0.05678002072039267
-0.2230766866062973
-0.2676977770510897
-0.5819824012427677
-0.6731810298066981
-0.7133113604244007
-0.8324665063068646
-0.8596741454994845
-0.9430384575459667
-0.9711776329360996
-1.0145258985907566
-0.9689004119779343
-0.9654587335342822
-0.86590228184945
-0.810086326638362
-0.716762892707812
-0.6505241978370775
-0.641265495869654
-0.6224814819919406
-0.6023346668079029
-0.5105461751010139
-0.231438594489581
-0.18335221558344297
-0.07165756118759228
0.4135694805382918
0.45067080760902956
0.4678249675441733
0.5481287818798646
0.5661731265402666
0.7045366821842247
0.7123514770457214
0.7397904363367938
0.7776186201936901
0.8879569659570329
0.9171706081046809
0.9787455389053148
0.9850964802924778
0.9543209236464815
0.9304423679366527
0.9172014384532257
0.9065552980460483
0.8551554966906538
0.7406744171987425
0.6469148415509495
0.5769436689280095
0.5027396596149637
0.37525138540246805
0.37351476641830506
0.2748484144592056
0.23065408553827887
0.15135581508444684
0.13770895822044477
0.0653338465550343
0.06220194659737871
0.03147412663824673
-0.1583829291926745
-0.4917066475225587
-0.4966678922919953
-0.5087301317693643
-0.5352531837586127
-0.6718922082210361
-0.766127241442315
-0.9178363038939757
-0.9247172034233092
-0.9298449785850748
-0.9422646300801317
-0.9441266776170215
-0.9730493785590208
-0.9875908447117594
-1.0142000305807264
-0.9895676606467144
-0.9735752821535395
-0.9646166670283661
-0.9305894873529075
-0.8981033136346483
-0.8546006010871438
-0.7731064852469429
-0.7492967165348153
-0.7016244554355349
-0.6970468572793697
-0.5903655703560455
-0.3328923868699977
-0.2775965926107924
-0.2532696723253467
-0.11531524740725535
-0.08088069908318889
-0.006787905994808167
0.050344360072325504
0.07727878777307215
0.2136167609140406
0.5283809042915257
0.6206761654773343
0.73703284476484
0.7549870186362356
0.9031824005968764
0.9039304677845235
0.9466696190731649
0.9707873201727549
0.980045686343922
0.984568070757561
0.9790029267368836
0.9731694127192299
0.8120521732660823
0.7902408231532609
0.6250369435502606
0.4990398468401267
0.3810954227099038
0.36720029286152983
0.17861084198022165
0.16379311453015852
0.1346608682924029
0.0722770111277089
-0.08714308618644653
-0.3299059994886512
-0.5591385383564489
-0.8508217124556968
-0.9236488499039333
-1.0109418222438087
-0.973385449581601
-0.9036175220878094
-0.8113656473027424
-0.7488656074822285
-0.6836164802523884
-0.6127391130550419
-0.4621528268074082
-0.18006863714506385
-0.10656437042010015
0.22399590461400576
0.36311818605169416
0.46631689932641107
0.5209607355151957
0.5214913456429046
0.6030296079570537
0.6192070063065535
0.6450884856472284
0.7055366625070293
0.7917153516107506
0.9051547118427928
0.9637219207906571
0.970225705163441
0.9754175571780574
0.985655784442161
0.9800943304798072
0.9355444071412243
0.92823109366064
0.9211034956926425
0.7868496856972356
0.7723349462409692
0.7573717690804614
0.5108319915436115
0.4390876923031482
0.3747165501711468
0.3373677430906459
0.06223583339904357
-0.27882388708830685
-0.2945425044797422
-0.3203725837096947
-0.6575611285060782
-0.7129610430593114
-0.7267640542860637
-0.9443542590124857
-1.0069271651321452
-1.0130840674659058
-1.0139650775190183
-0.990537526566217
-0.9898512495459578
-0.9824601127901662
-0.7759765602333407
-0.7084535613662062
-0.6633179739290578
-0.4983024255061141
-0.46104544971101485
-0.45541519798815533
-0.36370502360624096
-0.12720422974006737
0.24891928710112754
0.33088508015343465
0.3931542858851363
0.41540727434084335
0.4800192658490364
0.49090331812587384
0.8027174669730079
0.8231811540563314
0.8723415163654801
0.8746544266377648
0.8947149993191956
0.9327518180881486
0.9824719228068011
0.9844223600435908
0.962251868442565
0.9607420705801347
0.953451794209617
0.9531346979001843
0.9468201748438217
0.9421837911850269
0.9280164118224273
0.6521366749639627
0.506547254271795
0.33442577281428115
0.24225078555828622
0.2221568275881917
0.08414442710123325
0.012673000028059118
0.0026224138688278956
-0.35544149003263803
-0.5384439229613848
-0.7324642948113936
-0.7788092121729224
-0.7808306730681766
-0.9016052204062184
-0.9231360808835342
-0.9767055426900562
-1.0130708959202592
-1.0125902426752245
-1.0068371009210402
-1.0044454443910267
-0.9524148249528748
-0.9521969793104743
-0.9424805166486844
-0.9372468637192577
-0.9350549395888519
-0.8747532517090855
-0.7959379932806566
-0.7872411297694386
-0.6142465298890253
-0.590361611880775
-0.5867607951456563
-0.569637532307481
-0.34892341791932524
-0.2788055405952446
-0.23308257002831134
-0.08902547613971037
0.042821509569233106
0.061629124655266196
0.40576402558748353
0.4778593702719051
0.6069919149023084
0.6647119785374981
0.6878835700250899
0.8176752000881414
0.8842630793760687
0.9388540672552182
0.9396111814305351
0.9416621621075769
0.9840162273550189
0.9837922980313291
0.962150660575819
0.9561196350505069
0.8792503171231033
0.6702409104262826
0.6619529638332505
0.6226340938437739
0.6197233317306182
0.601576099451669
0.546738784285101
0.5188671045234117
0.2652923967496947
0.17184563524514296
-0.04822181541140729
-0.47944597336587513
-0.49604838928728395
-0.7106560043190552
-0.800190889285254
-0.868893510219948
-0.9089738320644821
-0.9236117510015064
-1.0040389834092507
-0.992733373146359
-0.9514894348326647
-0.9086835214058211
-0.6637231601707242
-0.18434121750438212
-0.00044470842248610885
0.16137617293579787
0.20265169364094024
0.23503378553862797
0.34156137210602594
0.348597637154595
0.4784656644249638
0.5199731925041192
0.574033065188896
0.6318377801007693
0.6351885409988244
0.6870488026130375
0.6955089093679097
0.8727234815507203
0.9117747333575852
0.9152910720940384
0.945159603837596
0.9592788300080989
0.9685033817085766
0.984221603217097
0.9857502752651963
0.984727889566867
0.9740233303232544
0.9004895130867616
0.8397075838326941
0.3049231396184482
0.0679851101281652
0.027225928648324956
-0.08517018995709132
-0.11521630404654866
-0.15015210222574546
-0.20962672505239116
-0.33457516318628144
-0.5308171230904523
-0.5948691846375971
-0.6802335756196153
-0.7248730815739689
-0.7279604894394934
-0.7827267863890146
-0.805528325000783
-0.8291039956905268
-0.8655423863308609
-0.9720172574782227
-1.0049322681345716
-0.9920063513293722
-0.9421206662196258
-0.8228506897511036
-0.7580469864522235
-0.6890698860049276
-0.48046045455071756
-0.3428642515586266
-0.2145192910656264
-0.21267216564965885
-0.04748624768411145
-0.038065234265662856
0.03919128803459063
0.3527696346624599
0.3731365519732176
0.4398055003246712
0.47580668138234533
0.6616145805931246
0.6871264786982209
0.7152180889761269
0.7638882130784872
0.8334999518756786
0.8361559373282471
0.9055633502037482
0.9607742588761843
0.9788592444163515
0.9476889034716042
0.9455991152305934
0.9304852194038443
0.8788300578168344
0.8047089384270655
0.5306569866997688
0.3293082722089616
0.27567970730337904
0.0028134288969259413
-0.008495372790941674
