-0.1688908363840394
-0.34692422800125705
-0.4508431658920493
-0.8051571191986463
-0.8298646328380859
-0.8642768728342453
-0.9954781864067183
-1.0090608640648866
-1.0126909432143834
-1.0100656571665292
-1.0026847008501103
-0.9660763143322205
-0.9369329506543993
-0.7307505014342023
-0.6892744441087388
-0.5930812743959807
-0.4624316891222962
-0.23793355658517698
-0.23609828422127632
-0.15404662973398917
0.054312162736384326
0.09490347835492619
0.12103636731582146
0.5438758000858656
0.7992873254115949
0.84205735133374
0.9295182248448249
0.9707671037687859
0.9773589328107487
0.9699603919126455
0.9262557152788045
0.8981975861924137
0.865154496514994
0.8432005614770243
0.8295753244868161
0.7316284865196232
0.7270509931294526
0.6089652416109904
0.565540607723027
0.5129413916994288
0.4089156114148112
0.3849238751234371
0.24110557187007836
0.2112563807185814
-0.14524643972468868
-0.18071430234345953
-0.2772106336218264
-0.32068639857658643
-0.365320363492428
-0.6243214488029364
-0.6303224431708133
-0.6432053560710821
-0.7347472206213694
-0.7653092072359349
-0.9287845432894799
-0.943519858240605
-0.9461769227644694
-0.998361328809043
-1.0151258587105596
-1.000317926267729
-0.9156336462800245
-0.34761871670875527
-0.2626998807902296
-0.1740294150329349
-0.07972433353800248
-0.06529318586077867
-0.005623568565763029
0.11208441877688924
0.2169593671512622
0.565265879672477
0.6066547573487845
0.6326715452328875
0.6921581221358066
0.736336798651207
0.9102574511244736
0.9378979931735671
0.9439890103191719
0.9595263951788808
0.9538591611900991
0.9465250292163427
0.93130040446068
0.9234137605146081
0.8515071063901617
0.8424941301379899
0.7528379542660236
0.6021988013164655
0.5549971526818733
0.4397486097196883
0.4240735121188931
0.30007271177408346
-0.18221115463656107
-0.2395832930183764
-0.2707425822320848
-0.2822873607330709
-0.6128757189418165
-0.7965416008296632
-0.8459252701516765
-0.8814946113841695
-0.9276600084545222
-0.9339512552544627
-0.9415235446720275
-0.9631228262523905
-0.983366174451608
-0.990453486176328
-0.9975297454913823
-1.0041942860518105
-1.021980976060984
-1.0220175696204896
-1.0146721039645676
-1.0098011243795755
-1.0012360429891602
-0.7268768866259808
-0.6700061647114064
-0.546092604521833
-0.4843533034907113
-0.40930545990601164
-0.3842574793798433
-0.37075000528111585
-0.3136170120846513
-0.2755339079326317
-0.24992077294350268
-0.16412025656080093
-0.14294286505858372
-0.1410714801398039
-0.08727129445727186
-0.0797455481089494
-0.03453708737862746
0.0890159806381582
0.1967923738238551
0.24009175116118803
0.31677761410208854
0.36536372653471716
0.48329581061107746
0.5349224073393284
0.563797907082156
0.6721575064287681
0.860942285408896
0.8656187378519501
0.8766408656983847
0.9746330799587263
0.9776896642333149
0.8488860480782845
0.7815276968750775
0.7635982642759583
0.7348090430012776
0.6802920386129501
0.30320309861393435
0.25769222512135354
0.049668044137359126
-0.23021668238676318
-0.2748422414913584
-0.5891598571935736
-0.6803691326011811
-0.7205044410031104
-0.8396760887528111
-0.8668880534818822
-0.9502683107062566
-0.9784147273589963
-1.0217887506135828
-0.9761863997195989
-0.9727456064285513
-0.8732074334907285
-0.8173988988792626
-0.724085927372025
-0.6578537323464115
-0.6485958940800473
-0.6298136033786174
-0.6096685959913641
-0.5178878961563516
-0.23880112766731554
-0.19071806377140355
-0.07903093235906325
0.4061640851210137
0.4432628529332483
0.46041581593900616
0.5407138848766005
0.5587568999048014
0.6971095593849932
0.7049236894902313
0.7323602571491378
0.7701849704469592
0.8805112758746441
0.909720810112364
0.9712818186154977
0.9776281767599441
0.9468380271725453
0.9229552850800621
0.9097124381425751
0.899064890134362
0.8476593632273806
0.7331687288438847
0.6394028993429264
0.5694275781217274
0.4952195042147888
0.36772481699808723
0.3659881145543573
0.26731715409771933
0.22312083364247098
0.14381907775066524
0.13017163076315508
0.05779342809005629
0.05466139567343169
0.02393228098839959
-0.1659326462319599
-0.49927036318703333
-0.5042318259102142
-0.5162945973490846
-0.5428188300156015
-0.679464258434497
-0.7737042006696361
-0.9254231459519887
-0.9323046145000347
-0.9374328263467686
-0.9498535873763747
-0.951715808435901
-0.9806415445903978
-0.9951849253598963
-1.0218023280383435
-0.9971765128268617
-0.9811861077850907
-0.9722284232068094
-0.9382041593256966
-0.9057202357976473
-0.8622200787284339
-0.7807299346524612
-0.7569211939217267
-0.7092508632864443
-0.7046734427368188
-0.5979959973299596
-0.34053060479039876
-0.2852363182583647
-0.26091004868949125
-0.12295919846472401
-0.08852551806610735
-0.014434568921171736
0.04269629192546698
0.06963006068096214
0.20596471285411883
0.5207209573636808
0.613013701138096
0.7293669042919418
0.7473204960361695
0.8955100752565823
0.8962581049969334
0.9389947666749533
0.9631104088306844
0.9723675208098185
0.9768888070462568
0.9713207046726939
0.9654864301878302
0.8043617454063214
0.7825497889585676
0.6173421445478977
0.4913427394450483
0.37339639839025096
0.3595010541466637
0.17090886590370405
0.15609093435264573
0.12695829050499097
0.06457359652042718
-0.09484857084796176
-0.3376145480909272
-0.5668500443842187
-0.8585376259122715
-0.9313662471482831
-1.0186637995747745
-0.9811090719290362
-0.9113425614569058
-0.81909191854152
-0.7565925390686324
-0.6913440134498773
-0.6204672283050091
-0.46988201173264044
-0.18779946175024648
-0.11429557304876277
0.21626314814521988
0.3553848193629752
0.45858308619365523
0.5132266859088039
0.5137572937351378
0.595295200026131
0.6114725269360954
0.6373538911821242
0.6978017940759126
0.7839800723003737
0.8974188067648242
0.9559855614737469
0.9624892734363015
0.9676810576612364
0.9779190043209622
0.9723573762860973
0.9278071491691458
0.9204938078146396
0.9133661850450971
0.7791121092068902
0.7645973529879537
0.7496341599762174
0.5030942553770352
0.4313499504131114
0.36697881156913376
0.3296300097016004
0.05449820390829115
-0.28656123565794933
-0.3022798356267411
-0.3281098852423428
-0.6652978974018312
-0.7206976865650069
-0.7345006639499935
-0.9520900651241173
-1.0146623604601195
-1.0208190771364283
-1.0216998785232327
-0.9982717868251172
-0.9975855005689356
-0.9901942708514195
-0.7837092630875677
-0.7161859178046817
-0.6710501113534194
-0.5060338138632805
-0.468776676148644
-0.46314640010952873
-0.3714358339309105
-0.1349340438456928
0.2411911332087056
0.32315732073172737
0.3854268390366643
0.40767994239001737
0.47229227868009516
0.48317639085870506
0.7949926510309053
0.815456525291129
0.8646173929391341
0.8669303294944013
0.8869911429124646
0.9250285084125488
0.9747499558321474
0.9767005601486052
0.9545315727722208
0.9530218146016649
0.9457317154437671
0.9454146263814678
0.9391002412281313
0.9344639521506863
0.9202968356623809
0.6444200959421575
0.49883180307683384
0.3267115337298159
0.23453716679267617
0.21444334246039556
0.07643185153606728
0.004960893754835709
-0.00508962630823967
-0.3631510926039333
-0.5461521355292519
-0.7401707756808112
-0.7865152078412164
-0.7885366466274161
-0.9093096482302873
-0.9308401582167266
-0.9844085029755635
-1.0207714793700433
-1.0202907612629344
-1.0145371506276324
-1.0121453591625997
-0.9601131524520963
-0.9598953021008217
-0.9501786368114398
-0.9449448801020282
-0.9427529134947674
-0.8824502167377911
-0.803633904387866
-0.7949369355703111
-0.6219404961944939
-0.5980553504519478
-0.5944544997730355
-0.5773310768239474
-0.35661503953102797
-0.2864965872792908
-0.24077324725092528
-0.09671500603999746
0.03513302386431506
0.05394078855153957
0.39807854654167024
0.4701745439675256
0.5993083484471268
0.6570290290809829
0.680200881071081
0.8099941772477914
0.8765831539847577
0.9311753523373689
0.9319324872474164
0.9339835249522997
0.9763395771512334
0.9761166406802863
0.954476303528892
0.9484454986930707
0.8715780408644417
0.6625715979144714
0.6542837471041354
0.6149653190493057
0.6120545889003124
0.5939075537841668
0.5390708146116993
0.5111994177783059
0.2576270867648445
0.16418114687855834
-0.05588440879280755
-0.4871046936290865
-0.503706946772097
-0.7183122464503159
-0.8078459711677433
-0.8765475448871949
-0.916627146063944
-0.9312647700226181
-1.0116870136427631
-1.0003808380414676
-0.9591356035552001
-0.9163287502809061
-0.6713648838099696
-0.19197824005664113
-0.00808010957299801
0.15374220036268244
0.19501809063565498
0.22740047487879378
0.33392904327513273
0.34096537451314535
0.47083466483944847
0.5123426175798179
0.5664030637961309
0.6242084238711366
0.627559223366451
0.6794201024986402
0.6878803140034937
0.8650975316070839
0.9041495986695988
0.9076660200206069
0.9375353557489616
0.9516550663933467
0.9608800089067864
0.9765993749525436
0.9781285365472139
0.9771065413028317
0.9664029276269985
0.8928714062800888
0.8320906237703042
0.29731226495624063
0.060376340655064885
0.01961751327063976
-0.09277763083800548
-0.12282348376913348
-0.15775897735011055
-0.21723307822752666
-0.34218039729803656
-0.538420486053437
-0.6024718868519291
-0.6878353363239142
-0.7324743124604319
-0.7355616824946083
-0.7903272771748584
-0.8131285026596602
-0.8367038333652049
-0.873141657683956
-0.9796142945037696
-1.0125279784451442
-0.9995991000992028
-0.949711962941395
-0.8304398940666897
-0.7656353196019472
-0.6966573915999579
-0.48804580629492705
-0.3504483420985541
-0.22210226514855205
-0.22025512394912747
-0.055067813499307464
-0.04564672136341458
0.03161044600232763
0.345191474889083
0.365558574715109
0.4322281327335676
0.46822965219090007
0.6540394527536105
0.6795516411564894
0.7076435830002326
0.7563143178569329
0.8259270436710883
0.8285830704219177
0.8979917206348479
0.9532040945624854
0.9712899468568514
0.9401228178096527
0.9380330906268177
0.9229195965605529
0.8712655062709959
0.7971455517107477
0.5230966742903107
0.32174975876074896
0.26812164363240143
-0.0047424379774626026
-0.016051150252484943
