-0.16793957298953593
-0.34630209340514195
-0.4504227851504428
-0.8055616504632439
-0.830343522039459
-0.8648672895752434
-0.996714921392831
-1.0104629980305244
-1.0141763143563096
-1.0118118621333259
-1.0045398969674364
-0.9682166960445223
-0.9392236418808828
-0.7337115486801244
-0.6923381807548805
-0.5963646110172857
-0.46598530265878335
-0.24190939932263222
-0.24007744336635378
-0.15817267672443777
0.04981962304560392
0.09033962988482536
0.11642648441741865
0.5384726869046812
0.7932674393693436
0.8359035011754783
0.9230073004741078
0.9639515750370282
0.9704393599580032
0.962685481545344
0.9186763404793872
0.89049247555822
0.8573262391682454
0.8352998921977265
0.821632506599521
0.7234242902157377
0.7188358820323966
0.6004935589780364
0.5569836859512417
0.5042859058951504
0.400076828199752
0.3760445637044357
0.2319932556098037
0.2020973883907055
-0.15494155860152622
-0.19046214041927384
-0.2871029186618495
-0.3306445509584098
-0.3753468750916404
-0.6347713094955817
-0.6407829547777184
-0.6536889214924454
-0.7454035534478946
-0.7760276771692388
-0.9399117120539027
-0.9546963008082093
-0.9573626922019839
-1.009780887833792
-1.0266799429188795
-1.0122888666694243
-0.9279292866123768
-0.36084151872469733
-0.2760241918693505
-0.18745642951552077
-0.09325800001066557
-0.07884300381901338
-0.01923983788781792
0.098337882114019
0.2030964433431476
0.5509929558156974
0.5923278122353643
0.6183096197256964
0.6777125192964659
0.7218247958647005
0.8954077274110132
0.9229647696365515
0.9290339793980478
0.9445050750572036
0.9384531566745524
0.9310904416996082
0.9158157611565715
0.907906469779844
0.8358425575220829
0.8268135340367826
0.7370198770174348
0.5861995402059164
0.5389482986483496
0.4235876105312315
0.40789803877823233
0.28378760128183983
-0.19888044219859535
-0.2562970244871491
-0.28748055455382143
-0.29903434020672126
-0.6298947056848188
-0.8137408923106247
-0.8631818473284978
-0.8987966933464228
-0.9450294541437193
-0.9513309275627339
-0.9589159738918492
-0.9805550380709126
-1.0008424870857118
-1.007947756996909
-1.0150439928554822
-1.0217300918362406
-1.0396342312470515
-1.0396777007748905
-1.0324084748423614
-1.0275597537496681
-1.0190247269363784
-0.745019381091038
-0.6881935700462073
-0.564367837818683
-0.502668648329598
-0.4276672145859297
-0.4026342493092939
-0.38913478591968553
-0.3320350735091788
-0.29397367435204647
-0.26837494997711886
-0.1826217890251912
-0.16145590251206898
-0.1595855312668792
-0.10581430298424258
-0.09829258168481683
-0.05310819175748034
0.0703797077705503
0.1780993750508118
0.2213758280259831
0.2980206853629105
0.3465804286990437
0.46444656269989526
0.5160430645190073
0.5449012947783398
0.6531922749343196
0.8418285937364913
0.8465004017221054
0.857511233468744
0.9553365014113372
0.9583688950977474
0.8293371411231564
0.7619288376868579
0.7439876045481847
0.7151803926014614
0.6606319090457808
0.28337237032696
0.23784386380259576
0.02974279921217686
-0.25024090463087145
-0.29488224956787507
-0.6093164132334263
-0.7005633016615791
-0.740716195733757
-0.8599461428392238
-0.8871733895048672
-0.9706099813785479
-0.9987819821054076
-1.0422470123099807
-0.9967264088068066
-0.9932887431818851
-0.8938151591908379
-0.8380328464729028
-0.7447568464636141
-0.678547620714099
-0.6692928346408201
-0.6505166334133127
-0.6303780145680974
-0.5386248506604364
-0.25961163379820945
-0.21154028583267026
-0.09987974266076108
0.3852020847647615
0.4222918062612323
0.4394405383997533
0.5197182984013005
0.5377566133525237
0.6760707552928298
0.6838825354487581
0.7113106484996474
0.7491230929313093
0.8594068326571865
0.8886018437810959
0.9501136289761054
0.9564437818784249
0.9256020321295434
0.9017044862217055
0.888454858673954
0.8778023329689949
0.8263765582889502
0.7118521321694121
0.6180641839667125
0.5480741892948069
0.4738517385423525
0.346334366852544
0.34459736918148726
0.24591010639466626
0.20170674075560371
0.12239265455217156
0.10874311986110627
0.03635398179191258
0.033221480752554766
0.002487785458663315
-0.18740499137793898
-0.5207922432065932
-0.5257544772425569
-0.5378191312406476
-0.5643475422571773
-0.7010156351462804
-0.7952729525203304
-0.9470268816481096
-0.9539103646246012
-0.959040122428538
-0.9714648115003309
-0.9733276468825236
-1.002264128928588
-1.0168142885416416
-1.0434607864043823
-1.018858184733833
-1.0028747693596474
-0.993920380754295
-0.9599064450358464
-0.9274304925328701
-0.883939388513474
-0.8024633161047542
-0.7786582176988607
-0.7309947273506433
-0.7264179361412239
-0.6197541038198501
-0.3623163252277415
-0.30702738352167
-0.28270342080878247
-0.14476524428523782
-0.11033464130242492
-0.036250230627451974
0.020875647074874965
0.04780707899485091
0.18412995285653694
0.4988581750574095
0.5911419854412662
0.7074828508220682
0.7254343761692291
0.8736033527185461
0.8743512494741398
0.9170790690607192
0.941187397349601
0.9504400535142423
0.9549574378142078
0.9493788221480784
0.9435418446573173
0.782390684483499
0.7605765708979655
0.5953555286085499
0.4693479049476229
0.35139473674813715
0.33749862879475456
0.1488966870008496
0.13407802800852284
0.10494396694424378
0.04255628987192506
-0.1168732591223505
-0.3596501687699974
-0.5888962260977797
-0.8805995660230008
-0.9534334987156462
-1.0407474722634673
-1.003198654509542
-0.9334372413165059
-0.841191035391201
-0.778694036899493
-0.7134476821901241
-0.6425729990754704
-0.4919916504381079
-0.20991504447172052
-0.1364125292726404
0.19414053009499704
0.3332599688892963
0.43645659830903216
0.4910993290638792
0.4916299284273091
0.5731665239599114
0.5893435874596984
0.6152245270314572
0.6756714174462092
0.7618481723430884
0.8752845721810891
0.9338496163575823
0.9403530539376472
0.945544580768325
0.9557814555964445
0.95021915600854
0.9056677376729734
0.8983542852204076
0.8912265632499784
0.7569713908750343
0.7424565619579693
0.7274932994570387
0.4809527592057436
0.4092083869250019
0.34483721897156744
0.3074884124140446
0.03235681038951978
-0.3087018374572859
-0.32442038544827473
-0.3502503462841439
-0.6874367053643369
-0.7428360959182403
-0.7566389653195444
-0.9742257675294778
-1.0367960583154021
-1.0429521623964857
-1.0438322737807932
-1.0204023877383788
-1.0197160707655173
-1.0123245317598668
-0.8058346594908203
-0.7383101510932496
-0.6931736084715667
-0.5281547889037972
-0.49089710522875585
-0.485266747177781
-0.3935548588117901
-0.15704970092233128
0.2190811040398849
0.30104863112615765
0.3633192114473117
0.38557270530362053
0.45018621377864726
0.46107052966627393
0.7728939792798156
0.7933584917098186
0.8425210828625759
0.8448341090808458
0.864895743859558
0.9029349753843757
0.9526610090854212
0.9546121844284413
0.932448341011274
0.9309387186430244
0.923649225843806
0.9233321615800435
0.9170182483299528
0.9123822829322207
0.8982160661585296
0.6223495936355159
0.47676516822717513
0.3046490574370532
0.21247681949340202
0.19238345388491215
0.05437508571611894
-0.017094260472345097
-0.027144553533960926
-0.3851976446682901
-0.568193909035854
-0.7622065934173564
-0.8085493563698298
-0.8105707190908518
-0.9313384016734545
-0.9528677053246807
-1.0064322047604752
-1.0427869961876903
-1.0423060546655911
-1.03655082890607
-1.0341585726131455
-0.9821208971763425
-0.9819030305990311
-0.9721856670745628
-0.9669515527400272
-0.964759439755998
-0.9044532660669183
-0.8256333209393527
-0.8169359891066735
-0.6439332076334346
-0.6200472766032118
-0.6164463088749856
-0.5993223338034027
-0.3785996646533646
-0.3084792292150619
-0.26275461466822825
-0.11869241519810005
0.013159217663496085
0.03196749858097517
0.3761151171447561
0.44821336781402016
0.5773515216886014
0.6350743325987472
0.6582470840502901
0.7880461335105542
0.8546389003579736
0.9092352795934542
0.909992486123565
0.9120437208096173
0.9544066367818613
0.954187130469267
0.9325512860852333
0.9265212438134974
0.8496602138209465
0.6406640143021483
0.6323764945751214
0.593059594142988
0.5901489744853341
0.5720026209120813
0.5171678728589686
0.48929745409078157
0.23573334008074295
0.14229024099674314
-0.07776876210519519
-0.5089756521224416
-0.525577342250671
-0.7401746331229077
-0.8297043441949574
-0.898402295093962
-0.938479403031388
-0.953116006452043
-1.0335209883224883
-1.0222128563581372
-0.9809631362761765
-0.9381530303775378
-0.6931770319579511
-0.21377411491053733
-0.02987037118290669
0.1319568846854204
0.17323405448928736
0.20561745091157316
0.3121494187317189
0.31918597914359836
0.44905964275255517
0.49056906590263405
0.5446314980280484
0.6024390920827224
0.6057900252284727
0.65765304265531
0.6661136168841851
0.8433399952920682
0.8823948856280903
0.8859115930810729
0.9157837131166783
0.9299051015871682
0.9391313975761639
0.9548547274959144
0.9563855845711559
0.9553649416277226
0.9446646028915624
0.8711410335837511
0.8103642230951098
0.27560694419410536
0.03867831292345215
-0.0020792877341365493
-0.11447105575595468
-0.14451600390855882
-0.17945044220852785
-0.238922734777756
-0.3638661767607786
-0.5600997825872892
-0.6241488940515617
-0.7095090813725694
-0.7541462217685537
-0.7572334607220489
-0.8119966221153839
-0.8347967626396988
-0.8583709153199699
-0.89480677735262
-1.001271672118358
-1.034180758794054
-1.0212416179204897
-0.9713494488599305
-0.8520701288070488
-0.7872625352757726
-0.7182817393095036
-0.5096626894896329
-0.37206085428723096
-0.24371090792706546
-0.24186371202502505
-0.07667157543224601
-0.06725021047086963
0.010009192626820401
0.32359951814352406
0.3439672505730579
0.41063892172598415
0.4466416140990015
0.6324580049597642
0.6579711995798444
0.6860642906863299
0.7347371425311428
0.8043532895601251
0.8070094594604962
0.8764223986076244
0.9316398515658215
0.9497287083370285
0.9185727130966447
0.9164831975709676
0.9013710962039564
0.8497207195844978
0.7756048029682742
0.5015665830090573
0.30022590393679305
0.24659934806622996
-0.02625711774864679
-0.037565520046629136
