12.448184293617178,-0.11791137495352562
12.206579272484943,-0.3520789431306692
10.765927261784539,-0.973746804537374
11.930362343874448,-0.5939889427330353
16.238034153564705,-0.5055945005451583
10.126420253775395,-0.6454729128798886
5.062403688791939,-0.9393676692651717
19.611242401079142,0.690142885913812
5.344451707851576,-0.8068105450846204
16.268739738096023,-0.5318439060277861
1.1712858508601331,0.9212515132866005
10.945528623412468,-0.9987479770972898
4.13902100634181,-0.8400787369236729
11.694903154569978,-0.7652743707475373
9.671781291915556,-0.2444993430779538
6.9424165503434025,0.6125093589326989
10.320570090425141,-0.7807043283445869
15.28270221631712,0.412558595839228
19.76761957579653,0.7944270519608078
0.8158878949614223,0.7283342907563497
2.8097845294063606,0.3257530598037845
1.8181641059026754,0.9695602862340231
8.724516911913971,0.6444173264623902
3.3921735403128106,-0.24796674584372705
14.323827470569787,0.9826294469875343
0.9578037077448665,0.8179299760438375
15.424896095266757,0.2793020670152523
2.0922112988871433,0.8671152396338038
1.6310357054854707,0.9981861572304664
10.534696128363786,-0.8956622949594559
1.5559786662806174,0.9998902204770912
9.950140660218727,-0.501526824216542
13.246033147746626,0.6285305833874012
5.5766470444872995,-0.6492046210041066
12.320982053380558,-0.24293326397693682
13.467071972039307,0.783762687856773
12.5092648008635,-0.05707478084277271
6.776557986989243,0.4735990320722065
4.069282265188507,-0.8002365739336033
16.814087024920155,-0.8939683448474909
16.78943655087998,-0.8826512494954412
0.7842823577728386,0.7063173474448474
3.851196871553275,-0.6515335739689404
12.469784102766654,-0.09643640643499009
19.375763355154604,0.5022574602774776
12.70941395018964,0.14255602359733846
11.33950792186498,-0.941435558809151
10.969959271169929,-0.9996719534048892
18.00054746251496,-0.7506256356028236
16.723120164364616,-0.8495633229885973
19.063715045831152,0.21252583725481278
11.030411464302734,-0.9993932469265918
14.659094958869204,0.8668595736121805
9.887463918961048,-0.4463532622152363
12.268950973224426,-0.29305411459444
9.605346906552302,-0.17958929813981914
16.466677001267247,-0.687988543053334
8.17619266416606,0.9485375822452902
10.124469539396049,-0.6439817629234487
19.403746485063195,0.5262551872381721
16.290548447135365,-0.5501845089535631
2.296816076140753,0.7478228009714737
10.907083632585877,-0.9960872562503705
6.32499718115064,0.041799692220976806
4.3939581526272065,-0.9497278583435448
14.41952069080923,0.9604023047105003
16.789141490458515,-0.8825125242740254
17.199374233152717,-0.9968506366538175
11.054436930537905,-0.9982680947780397
1.0204531751611023,0.8523451108927766
8.250314439877913,0.9224828700969184
8.989568247721513,0.42160057457912126
0.7044077936738269,0.6475826847475019
12.042946583325769,-0.49984865913448245
9.096929117060121,0.32200719527587357
7.721414952222325,0.9912258983604942
18.70417791347134,-0.14486646059352803
14.407607217681125,0.9636533673687607
13.44134646145264,0.7675280200749477
10.843041210505334,-0.9883893678228323
14.758778548749966,0.8129409994551773
5.246484291397322,-0.8607295247368781
17.44557883340665,-0.986117908981083
5.674709037357541,-0.57161787313524
14.633017786054419,0.8795642131060283
9.195333602842615,0.2274364783559924
18.46683498854208,-0.3734459274952628
14.944903645682908,0.6911359414544758
10.39477296013056,-0.8248828864693558
3.6916843123493215,-0.5227653680750757
9.032725802611752,0.3820856729096281
17.870162029153285,-0.8301596023571579
14.363101934627444,0.9745850780181661
9.666597144031034,-0.23946927390802053
6.139405355777159,-0.14328507717745853
7.388951608171204,0.8938081009489884
16.592807194252146,-0.7738161378709308
7.785880818894313,0.9976820355398531
14.633667268169612,0.8792550168876399
2.582593779998268,0.5303377224044733
7.429121755310097,0.9110964989488219
16.60398825434017,-0.7808498194896641
15.017782116385591,0.6366768841983005
12.404982866773633,-0.16068807504245786
4.387309051639079,-0.947625201437044
16.35324290596158,-0.6014218736757536
11.922209152486175,-0.6005281516055241
10.018385170651493,-0.5593547741709595
17.537722117622117,-0.9666561731865789
11.300756024342016,-0.9537923625020369
6.976689947572757,0.6392362074947234
13.375732451892588,0.7238470148958759
1.3816918099566777,0.9821729613253644
17.72566576827511,-0.9017884986589673
12.475080689489369,-0.09116317826647548
13.864697842473209,0.9631093730083639
5.944189993819588,-0.3325397509727758
18.813069258021148,-0.03647856841615656
3.9017591413549124,-0.6890421118896771
16.200280795247153,-0.4726694529771946
8.750444378965707,0.6243769006854043
18.248445534265773,-0.5655585672787238
15.823437552307038,-0.1152178270777058
12.428681642717558,-0.13725432679367727
15.98670673110082,-0.27514782914369806
13.221278756309776,0.6090863929237504
14.538201651437747,0.9206575658557541
11.943556054448184,-0.5833235657840486
8.158793923869826,0.953903303826304
6.308234500132839,0.025046573465701414
14.882289314090016,0.7350049314765933
19.402546865702753,0.5252347404607425
4.990323052131577,-0.9616243179267291
1.5133662473087606,0.9983513461942706
10.710592402070622,-0.959666745528387
0.18882362211926074,0.18770355650437376
18.80896429644992,-0.040580479005483484
16.58301561844158,-0.7675770576855445
8.038999923737421,0.9829328861273364
10.613200701297103,-0.9277816086647104
10.009177421417988,-0.5516986058703522
3.3937183286757233,-0.2494629917522456
16.786129808897776,-0.8810921637317674
16.881117234666853,-0.9219765415409844
12.862390829374517,0.2917158425599899
9.730561080831562,-0.30104005973626896
0.9494072173856294,0.8130705502735278
19.073135360873387,0.2217213833186871
18.81381790978663,-0.03573040477383142
12.217685660210222,-0.3416621931285185
18.27738025152115,-0.5414624688139081
11.338930141011739,-0.94163022529126
10.505007432316084,-0.8820659401120208
11.765099483385358,-0.718241116596384
6.880376273624251,0.5623218533051774
11.41269117449842,-0.9142607632229066
19.541587502119537,0.638102715975464
9.558454567947665,-0.13327884182277902
12.35935678348346,-0.2055384090272502
14.90406660053475,0.7200654721941331
16.738895642586037,-0.8577786205181853
7.140091764781246,0.7558205968689995
3.0454746204320315,0.09597010094339842
15.570299145865382,0.13722971237347178
14.82692465353292,0.7714002174379117
7.359518325018158,0.8802235283247721
18.639353618217257,-0.20865775448154994
18.410028369832297,-0.4255119691661205
1.0304763106891102,0.8575441056496342
9.183573558561076,0.23887233534234742
1.0602967365901983,0.8725005101708861
8.09574088926707,0.9709182923291164
2.6629092415661026,0.4606109688036304
11.758497661504542,-0.7228189413461713
3.8598310395233892,-0.6580592579800834
2.893256315302122,0.24579167512091896
19.486608666253893,0.5948288701117788
1.8019628459002401,0.9733997924625074
15.184201003492554,0.5001415788215797
2.548061627409619,0.5592916217161908
19.67425833583545,0.7343458208729425
3.3705555723844416,-0.2269676299984851
18.908802392864608,0.059211816797286924
0.4681364426672907,0.4512240113177536
11.647437682753923,-0.7949547156671221
9.095119826040941,0.3237195904427332
11.951052975774942,-0.5772179319364406
12.309058411112371,-0.2544821665673436
13.571752520951009,0.8443666407719557
18.127465237223237,-0.6609550182008831
19.028495507346975,0.17798619114959624
16.183697262143852,-0.4579910596206091
13.813752923611961,0.948155952503725
12.266948275431437,-0.2949682966849408
1.254924804397115,0.950526005865073
10.191015983279472,-0.6934295552065828
18.506620744800415,-0.3362528031933653
12.18294234509456,-0.37410199588629306
1.7385253402559075,0.9859664359002516
18.12205607924526,-0.665004499190456
13.957528240752195,0.9839083118854475
2.6961312257207837,0.4308743241763934
7.068707876624407,0.70719474407414
6.478991669582516,0.19455755183743298
4.07624978071861,-0.8043954265920864
8.892770870037962,0.5072640538681386
1.2437324706161013,0.9469897012125009
6.242545984760959,-0.04062813699951741
11.630691560920285,-0.8050021270197132
2.6290592137033064,0.4903867236266072
9.557860279302767,-0.1326898315759338
8.06758080231151,0.9772742993673267
17.934599336116456,-0.792536112327626
9.629690365273373,-0.20348139779134491
4.737043635415164,-0.9996960893875219
6.650797915867363,0.3593885733364088
7.1124873817848755,0.7374601784938473
6.0432076271270985,-0.23768094615531193
8.812527811139656,0.5747103389649609
3.2357544831721174,-0.09402274439489684
12.91818843509288,0.3446048511611014
4.1175508163661885,-0.8282391984786459
18.456300036508683,-0.3831977922183183
8.765485542629449,0.6125577143622343
19.732226242242444,0.772437526850127
14.58930881929792,0.8995133944305014
1.1674781321651317,0.9197637598944006
5.120399994958412,-0.9179118363447077
16.41313104073015,-0.6481615981028956
11.430601437262368,-0.9068586007999385
19.585683965671965,0.6714235466341154
15.09495168001644,0.5753333005935054
15.778987068962318,-0.07096410422810503
10.9406744709063,-0.9984933835330574
7.893697473442125,0.9992114297100069
10.006538445308156,-0.5494956663469838
6.007607007101017,-0.2721034620856433
18.10128317882815,-0.6803739289130868
4.948889890325685,-0.9721637697059822
16.572569542382436,-0.760839818448516
3.3568245169949984,-0.21357394763747148
8.961092377929775,0.4472475600114738
14.428053803040994,0.9579898985751328
16.42071076756421,-0.6539149070977175
9.016446233742645,0.39707876612060183
7.761746532546936,0.9957493577768997
11.214840090450826,-0.9760574098490419
17.893004076434018,-0.8172091164765976
10.286645572690201,-0.7590597405127592
12.334688224702635,-0.22961528639661483
3.185895154468237,-0.044288010128628444
15.14463919038281,0.5339995997756621
19.68327911271668,0.7404389421281278
11.610979282572984,-0.8165397146014732
15.888702875984526,-0.17975718309402405
13.70643165867264,0.9086589861926996
16.736526330646143,-0.8565583419701166
3.288548002756937,-0.14642698180112942
0.0761993758272217,0.07612565725634497
0.5366577759327118,0.5112664708269771
17.33343466943066,-0.9985056904125578
19.98730890847534,0.9076928627248448
14.738512094862628,0.8245753375247297
19.56362941461966,0.6549175362887668
4.550454382433813,-0.9869172194598196
16.22026293793573,-0.4901829786065
17.05290843802795,-0.974603855509953
16.19365004047957,-0.46681581990937515
3.26816498242837,-0.12623463963665227
11.364321171840974,-0.9327797594547619
2.026761628014926,0.897836396234093
0.1584675378590128,0.1578051316954728
6.439453748324684,0.15563320923817614
12.200515528684948,-0.3577479197301295
11.179843768081765,-0.983070364868526
17.95551742954118,-0.7796072792646976
15.149767123985658,0.529657008290852
3.827592678267091,-0.633447133192876
12.33090929108847,-0.23329160421652795
11.79027490326943,-0.7004984542062312
10.630466041947974,-0.9340851174957622
6.158865235317514,-0.1240000815061668
19.099019483225998,0.2468841619375044
8.878995976039263,0.5190866284137081
16.786444176646633,-0.8812407987221139
15.219414919650937,0.46934455275194875
7.664754272306831,0.9821498616108998
15.314832393651018,0.38308232102272927
10.06908466884543,-0.6006442846594524
7.262426050191242,0.8300742078924208
4.587741207996794,-0.9922415195639018
19.910683749931778,0.8729062912259048
4.3772880350279975,-0.944377117099823
9.678504580621535,-0.25101300122929343
14.105335727269903,0.9994934296860225
2.606441238914632,0.5099712908788404
8.946094991944598,0.460610575419291
15.836725817700215,-0.12840703516754004
3.97140119766223,-0.7378021486215431
0.7869948839077257,0.7082349312172964
7.383265190320644,0.8912435919008099
13.78880519749227,0.939933206519182
14.418804611597857,0.9606015702774566
17.91997940191736,-0.8013666980506773
14.075397068985032,0.9980928479594171
17.12275603100501,-0.9878561029975843
13.247291727479894,0.6295089896012362
9.617011101296242,-0.19105137569722802
6.629529852202369,0.339461689486262
9.705629640081167,-0.27717405927111544
17.280168595089165,-0.9999990073591777
0.10527244998468133,0.10507811441915163
3.7018201664165007,-0.5313789455768166
16.78688977319147,-0.8814513302740578
18.35768760506537,-0.4722735428422424
16.731553373416162,-0.853981465532632
18.14983526615753,-0.6440040075559891
14.134733991286868,0.9999970403789318
15.244307021173524,0.44722132134377823
8.130127270780633,0.9621134719470956
12.000955038209204,-0.5357667606458503
18.362449561521757,-0.46807076778640433
6.082698999540337,-0.1991459211478889
16.821855070952363,-0.8974224331618346
19.444053597607798,0.560092684990484
17.689558648905887,-0.9168020196228518
5.529344939051204,-0.6844436811844943
10.441288870120896,-0.8502767677368692
12.178737104356737,-0.3779985645479977
4.218116872028563,-0.8803142482599582
15.225330816007626,0.46411254433261234
9.581442723743747,-0.15602468961886434
18.73372946785907,-0.11556764388761814
2.5863906637518586,0.5271149607047092
10.844487115186299,-0.9886080286223496
19.201480250130107,0.34470483322703166
5.168716535572537,-0.8976768263266232
6.760895897655734,0.459747272508383
17.161738814825306,-0.9931608783797229
9.113412320634431,0.30635889652107867
8.531385973880454,0.7792022304503403
2.3642817011993,0.701365198457201
17.502265214900213,-0.9751264241545912
11.896085860462989,-0.6212091581305599
3.8678806081057204,-0.6640989255941547
1.3378967116853668,0.9730012556822144
14.626727834914375,0.882539428304348
0.00713975573586989,0.0071396950765265305
5.977135131990345,-0.3012947158372156
19.043155410712313,0.19239237749934243
9.679882103287401,-0.25234618215852117
6.1109049329795395,-0.1714294093106161
10.035386918317535,-0.5733664846989149
4.632711980469971,-0.9968274667574482
7.637252094843774,0.9766059404480241
10.062722788640542,-0.5955457364801137
12.118009297996611,-0.43348940283572585
8.530810174917711,0.779562996269574
8.612840708728752,0.7256215466761898
18.89280828527928,0.04323887915300437
16.765228677736882,-0.8710153574731694
6.800870947666797,0.49487036335382945
16.026387452317074,-0.313070350660067
19.800373462366625,0.813890782578448
12.779610085773534,0.2116271036888752
19.89247002380131,0.8638757409901171
5.677554253210106,-0.5692810061892627
4.421766113853904,-0.9580655795723504
15.619192889815896,0.08865383630085229
9.80184176092717,-0.36819212947301705
7.491964706421053,0.9351844089402293
15.217569307389645,0.4709734559869248
8.443108255228427,0.8314262760141538
2.077927436046001,0.87414144133771
8.329710225672432,0.8889592726182111
7.373605413286672,0.8868211291308239
6.464441066586424,0.18026490291450686
6.068073751032996,-0.21345641469487373
5.5806514319637746,-0.6461536317198857
17.836314420190988,-0.8485514198766789
0.7653815620550564,0.6928122002784148
13.04646481420096,0.46186272827392627
0.7898815706994733,0.7102699115278613
14.69200482823153,0.8499858534199192
5.429248209411668,-0.753872993904771
9.941404749048463,-0.49394997867980567
1.353249529246836,0.9764298736673981
4.723078497918487,-0.9999428676514731
13.352284644735759,0.7074714601223264
4.5822546512545,-0.9915444711271917
0.6271856085538929,0.5868683219896508
19.85412103716171,0.8439287505077875
8.501519093061521,0.7975716795591844
11.626895061487124,-0.8072486767261444
6.541033359587525,0.2550003376566312
15.599543439155978,0.10820754362883037
10.631475871986432,-0.9344452013911622
13.917560933400265,0.9759833543635392
14.017677476073462,0.9928696237275605
0.10250483527422416,0.10232542238456163
4.290022878051872,-0.9121215823175798
2.0934468226666247,0.8664991541967583
6.722528873243958,0.42534546364377024
13.636349752162927,0.8771904876379012
15.174197661467378,0.508778741248982
11.634844521652273,-0.8025313571401586
18.485007899561545,-0.3565270546211403
12.299637723633419,-0.26358127391186886
4.677608255299852,-0.9993952115526311
10.535819481637887,-0.8961613240338553
15.565574458556426,0.14190815152199543
5.080287984914554,-0.9330850397010562
6.170397184769847,-0.11254914183023347
13.502083019636126,0.8050219132811187
10.05431694978654,-0.588772185793897
9.300698605361212,0.12376121926159908
9.791032637208552,-0.3581210362867464
8.714259486970654,0.6522268741552024
6.617585577950555,0.32820272031592235
19.6003459852176,0.682216628023048
15.067150101717155,0.5978474810309584
5.6175752192294715,-0.6175391063096992
6.348836725667201,0.06560426785777305
4.048711397087798,-0.7877321061201129
2.684740334266953,0.44112542519735204
4.769311435589525,-0.998380354444279
2.1157655867797476,0.8551432265564582
14.90216557865907,0.7213833010141347
17.42945139265732,-0.9886674603508783
0.32272202619898716,0.31714923572414017
2.7114373251168855,0.41701198566155817
16.95742185941999,-0.9488137620628506
12.993760133106136,0.4144965466693687
7.951557527085225,0.995243248446904
2.7948593693306267,0.339827319682075
0.24446137494042564,0.24203374935452934
13.288485992003435,0.6609735485034767
14.540784506766043,0.9196462238165694
10.169031604921956,-0.6774229845212485
9.218652641895567,0.20466878658387214
1.0590962583533625,0.8719133120971785
6.650214358506887,0.35884394344513315
14.584092538362679,0.9017801040100109
13.180793649510019,0.5764871767115503
11.067780581915237,-0.9973942579636462
1.4957234916836692,0.9971833579536287
3.0538627876496127,0.08761737332395649
2.3300952099416716,0.725318846985106
13.964682912214872,0.9851614727662195
2.871048429701757,0.26725590430712676
4.931903093981493,-0.9760033689353994
19.90943707934458,0.8722973775539002
18.43738537400636,-0.4005990417811828
7.805380367387094,0.9988191909012738
11.591803127489474,-0.8274590982052545
12.474140251158367,-0.09209966013055508
17.258608982265173,-0.999796983278037
14.424830435090128,0.9589093883624162
8.067268974637889,0.9773403526590442
8.825465689184334,0.5640747331559565
1.4763346532595234,0.9955418126326858
9.63151249643024,-0.20526506901761524
14.622730478933486,0.8844120826235613
10.831996259298267,-0.9866509201689768
18.67169499746623,-0.17692464908330427
16.28456952918572,-0.5451820506023963
2.154537133608978,0.8344067504494906
13.404391500616349,0.7433206776392028
0.8985647424607768,0.7824339327278147
13.357020451226678,0.7108105070337379
16.879062249561223,-0.9211788111537889
12.522254620799467,-0.04410168504079532
11.016549582114132,-0.9997800265744645
9.398698126629185,0.02607687784052121
9.911786583837808,-0.46798439629059413
12.089314416539235,-0.45916604084434975
3.204695394519763,-0.06306087054507992
1.5003540613552735,0.9975199693903144
6.5654735417498244,0.27855404342168355
5.919484669170756,-0.35573522858202117
6.573229409030656,0.28599448515542325
7.275017815395475,0.8370300529919382
9.916599241790696,-0.4722320828246097
13.781070306241451,0.9372647453553542
18.265883117913948,-0.5510923966609386
17.23651996767015,-0.999108039582783
11.396751076937417,-0.9206020929838586
4.19255449644629,-0.8679014094335784
16.51763869440979,-0.7240633432763364
9.681660512586046,-0.25406663687469233
10.57027374988788,-0.9109147738823965
16.586390290365507,-0.7697357013417573
19.727822799421578,0.7696334611731593
5.932077332812343,-0.3439383976577386
13.302222838239226,0.6712191179255209
14.780861857536786,0.7998837004225159
19.111738316294847,0.2591889824211878
1.9169922341748369,0.9406703278403588
19.319499220604598,0.4528357318962723
13.02684245804684,0.4443708542450892
11.191912219240185,-0.980787545174526
9.014265032798736,0.3990796924501978
19.52277451429067,0.6235055689139012
19.784637591201204,0.804647572379039
7.091714145923733,0.7232720275626966
10.556635516303123,-0.9052031728679306
13.777070414402143,0.9358628154303932
1.0869227615376564,0.8851995410287605
2.5817250335603315,0.531074033660202
0.017238510367900695,0.01723765659670237
19.265487682972747,0.4040424253367206
16.5502810642815,-0.7461881612980487
0.0246861301516077,0.02468362291939079
12.942554045720723,0.3673734642468403
4.337945638132936,-0.9307113661758764
4.525217648818902,-0.9825345249150039
16.69507063894961,-0.8344353269728142
11.066002508973828,-0.9975209577672746
12.068035786369016,-0.4779635486862523
9.716552249710729,-0.2876519756210452
9.367708196655698,0.057038790187580804
12.696605848228142,0.1298673879714735
18.544206040209755,-0.30062689006139776
17.43822207744133,-0.9873127770469224
4.792164481923256,-0.9968196219091275
13.586505445840718,0.8521785804102856
9.283733957386161,0.14057682725958628
12.281999870306091,-0.28055352286920326
2.9943864366270367,0.14667514100323928
7.665807985636128,0.9823475199154149
15.154696935778407,0.5254690639985917
7.987602442088986,0.9910860145791367
7.307715101395454,0.8544700116980964
8.082266682064429,0.9740559334978472
6.034659961069295,-0.24597488029812742
9.81403229926089,-0.37949864040780207
19.919838468444,0.8773361268732534
14.494074403679587,0.936981767853281
16.021097421772613,-0.30804189317428715
5.4105949679922904,-0.7659966903643555
16.55020042820327,-0.746134476604302
8.532334865517813,0.7786071404720158
16.748089203301006,-0.8624679714307327
13.842137178912616,0.9567934888276322
5.9090135910068415,-0.3655016791184288
13.062173376986678,0.4757379041269084
9.719354348433423,-0.29033451085895196
6.357417886389769,0.07416442185311403
12.63935535443061,0.07291996181170958
16.714371120392595,-0.844915862984474
6.957608048842321,0.6244465430398417
14.609574909311856,0.8904751687012141
13.451467534732373,0.7739763621499056
1.4684481815728523,0.994766999014403
15.168393897682147,0.5137665891327319
0.33823234988394013,0.33182011161014097
4.0508180069145805,-0.7890280667515407
1.4275748863503823,0.9897613290896787
18.87193163492424,0.022373846281311466
19.717749049063404,0.7631625706342104
6.248150762394364,-0.03502737821215109
2.1125675521113707,0.856796685737189
14.717223540333364,0.8364316308703569
9.066564050382732,0.3506020766702096
5.495280382000052,-0.7088771059081267
0.7213862684914396,0.6604262426487
17.192055009006083,-0.9962435116322813
2.8588435871046713,0.27899660627234407
1.8008882939298987,0.9736454244481072
10.168623751837881,-0.6771229140253503
8.423512655935681,0.8421539581488643
5.825367669059598,-0.44199154050852946
0.9158995323071606,0.7931107924697794
3.699423511569242,-0.5293471330365873
13.539770832825965,0.8268030830922071
17.79587169558422,-0.8692504986288321
16.77231106272693,-0.8744727459388674
4.835032463459026,-0.9924887101559479
6.735689344426694,0.4372189211779943
18.301988991404176,-0.5206114321443058
10.472708085234663,-0.8663914580038767
18.730115246007852,-0.11915688642909963
16.504783677249122,-0.7151372262993904
0.4563563978502594,0.4406803084951969
4.201665585976895,-0.8723911346327846
9.550294975254978,-0.12518769726588289
8.23235146434639,0.9292680646513294
16.6096052301355,-0.7843465132914993
18.01481747117982,-0.7411209400921308
13.041604907824741,0.4575467900982654
5.657752015812203,-0.5854486013249226
7.0355987375162865,0.6834026532709578
17.125086120643473,-0.9882154506268006
17.978393587856154,-0.7650779241604095
12.278359356630018,-0.28404596077599054
17.058355744741917,-0.9758092377173849
18.94980399429702,0.10008024700017974
6.091421864958093,-0.1905903081590033
12.755237004274093,0.18774556396179698
8.998463473733576,0.4135179737825639
10.395116510513702,-0.8250770480740133
13.34804451593911,0.7044684326637453
14.37339048786744,0.9722287191748135
7.885028818614746,0.9995180748765695
4.860108552639318,-0.9891092895271163
4.354516341043643,-0.936644119681512
10.88659882771667,-0.9940680485449622
13.33356219422311,0.6941163012119305
9.990421588393236,-0.5359593056279361
9.188258918602802,0.23432000659508972
13.978736512716505,0.9874761285553827
2.918779702898855,0.2209739074737119
9.03485788925966,0.38011448732401004
1.0193731081722168,0.8517797606966796
5.4114376061474,-0.7654547331686227
2.3633808240008847,0.7020070609379094
1.269452861630329,0.9549386059993219
4.809807455763339,-0.995258571928828
14.21001913668037,0.9973474523019041
14.429436952853303,0.9575922922819424
5.153361068022488,-0.9043371853222443
13.579592946856938,0.8485412772344778
8.153447746626739,0.9554941274649508
0.13138682301988114,0.13100913837751252
7.34863471689666,0.8750065807018799
5.567372673781916,-0.6562308141397472
15.439453859961693,0.265294551700087
5.945476876798628,-0.3313258304633314
17.443210616154193,-0.9865083777126944
5.385564590029741,-0.781845707885278
19.41057580703251,0.5320500247073124
11.115169495974193,-0.9928570130083441
19.712704051597903,0.759892762127108
3.8417425825149976,-0.6443323519637695
5.424887372106744,-0.7567309747555717
18.586984337571998,-0.2595648520844498
11.815627367706089,-0.6821823970022247
11.064010513118433,-0.9976591553454084
16.536485583982184,-0.7369333127278196
5.384365105908637,-0.7825929899809789
9.643884749977854,-0.21735785400903784
8.76281112000303,0.6146694539882229
11.891264166230695,-0.6249804179809615
15.516406567204493,0.19038735225050918
17.724286396994653,-0.9023837739798788
14.248651674757271,0.9937920109293817
4.956076355798816,-0.9704548745114969
6.330536250467493,0.04733325091975016
1.312721380113795,0.9668830809604232
3.250524625359903,-0.10871666525591925
8.389734926745238,0.8598843256621379
12.259147459695004,-0.30241298067730243
11.964005887889508,-0.5665925858307967
18.066911367647855,-0.705157006923057
18.83310001683754,-0.016455162010219904
1.7472402718941082,0.9844741098341484
17.206320850931924,-0.9973774612846832
14.215525310576636,0.9969315534833477
6.751638625659908,0.4515067720314366
16.595139850901987,-0.7752915599594097
4.348793029931715,-0.9346240147505455
8.588014482622013,0.7424789656283013
9.047722425416758,0.3681844452600889
13.852494687447688,0.9597537494260455
2.283084875542911,0.7568681379897143
5.696480743902881,-0.5536196944296048
8.036739230140629,0.9833462614115764
8.070228425276857,0.9767096352085769
10.914785200111282,-0.9967383362930776
8.207509552029617,0.9381571541837919
17.037605520670265,-0.9710630016184163
6.893253612903196,0.5729234454149962
12.291598069751243,-0.2713280211329653
6.141308418871119,-0.1414013925943409
3.6387790547938725,-0.47695447897644005
13.661684772601193,0.8890721040401814
3.4243899344199646,-0.2790429058021096
4.396569335034979,-0.9505421199313009
10.822924611535324,-0.9851330292328673
18.57353973086917,-0.27252480408822216
14.630243399874344,0.8808808243166487
5.109893219552917,-0.9220300194787711
11.169364485012528,-0.9849364546889616
17.074410796750257,-0.9791933402608245
19.21656959539052,0.35882959010440024
8.210450658739008,0.9371348584123567
9.136630646974382,0.2841764101535931
1.2597548749328702,0.9520153495972787
15.121691917585633,0.5532588759393641
10.724151375727969,-0.9633903855128374
6.153671344363582,-0.1291521913762156
5.92583162457368,-0.34979632263544996
11.855282355596906,-0.6526586788294982
11.088402691552526,-0.9956945367608279
3.1241451322850966,0.017446636100730276
3.2567482590667485,-0.11490126467307359
12.195997456570138,-0.36196331199094683
7.855077764107616,0.9999993992494258
0.3710699804247186,0.3626127967846838
16.196429074449252,-0.4692716654982658
3.031783598465556,0.10958850801343457
7.199123876812344,0.7931345686179683
3.5890614280703392,-0.4326849084270528
8.228250745856574,0.9307750775905212
9.679699487585102,-0.2521694722376662
2.747227786001989,0.3842218861987889
13.71124169093973,0.9106568431521647
1.5874113020161418,0.9998619744744899
0.8604043088880897,0.7581062872147688
17.607910170404825,-0.9463172522354782
3.4888286301908145,-0.34030005276399916
18.89223703716648,0.04266815826904877
14.752596373043952,0.816525607208521
5.9296284638532075,-0.34623683295428576
2.6126969100758157,0.50458027287548
3.515798175507192,-0.3655331456577493
7.894107582686837,0.9991950621306479
11.699301007590497,-0.7624360626583923
0.8362339686650389,0.7421241593682749
8.449812659084701,0.8276824160829258
12.650216246362406,0.08374742613946068
1.8657545022453847,0.9568143015474033
8.125963447870712,0.9632403919980534
11.904119371867356,-0.6148937608850673
18.333133012972173,-0.49377269697834686
18.49606006091474,-0.3461796215627304
5.647204426261892,-0.5939669083374917
8.041100132796403,0.982544354680714
8.218051845559122,0.9344552446577278
14.589997117902826,0.8992124684115195
14.037811670815579,0.9950683240386526
10.365266387757565,-0.8078460724564933
0.6011559007522682,0.5655961020295296
8.52944007704627,0.7804203892564412
2.9618158535715544,0.17880997507389293
13.365712392460063,0.7168973479198537
16.72937378752088,-0.8528453919598835
8.113642414617303,0.9664771292312604
15.28412019267124,0.4112665028049871
18.48736073653637,-0.35432784952044016
3.769058161656069,-0.5870949287041037
11.06581091797873,-0.9975344217200687
15.862886174662844,-0.15430392977681526
2.0382198860329948,0.8927321624561058
9.367551291339053,0.05719543935378825
15.090441715581067,0.5790162229065012
0.5295187921923294,0.5051180931911352
5.531493839387505,-0.682875412483119
11.17369750080955,-0.984177960213139
11.764999043414504,-0.7183109985319189
5.274050464850555,-0.8463713843665691
7.403798859594288,0.9003675867568349
1.7274840741566844,0.9877495691219262
7.0752355798279005,0.7117948531795572
10.850749031883291,-0.989531139995932
3.1430928090871735,-0.0015001549347053503
3.129545801689444,0.012046560515939097
4.561336239697756,-0.9886132104537393
7.517544462563002,0.9439368368219003
3.8621268010047105,-0.6597861529734588
16.85403510186637,-0.911152295688903
3.489480074382152,-0.34091254449558367
17.108664288127148,-0.9855686382360814
3.670272137913435,-0.5043935505089225
13.317447396356972,0.682426234106857
1.1582585368985665,0.9161062838766988
3.230969513476256,-0.0892579136889675
6.099854303080024,-0.18230576152114383
1.8059116907489448,0.9724874731737017
14.889591798212376,0.7300338427959104
6.660051694355904,0.3680085776339084
6.409043781922534,0.12552646397661216
11.7054806389579,-0.7584229159892243
5.128305221845775,-0.9147465170960849
16.685665174069527,-0.8292150884881561
3.6977768931679234,-0.5279494162081274
9.408017500088658,0.016759675986410504
9.681041762450715,-0.2534681413664045
9.681041106154623,-0.2534675065024378
6.450151137873976,0.16619114384630207
12.239370079609222,-0.3212039538425577
0.1680383756105508,0.16724867768604848
18.84247130273957,-0.007084559534350465
0.31216037006137176,0.30711531589151286
7.096122885237466,0.7263095018577661
10.910901836863058,-0.9964174292276655
4.150171322306207,-0.846075039213399
10.134244275410405,-0.6514289515830625
6.804219346768862,0.4977772314304342
14.752935261013807,0.8163299171765567
8.53932585816297,0.7742012198617039
17.003850379438447,-0.9624498459678537
12.0158672814489,-0.523116266351468
9.276667148197644,0.14756989302042764
16.721164452529568,-0.848530087064429
14.681147716733566,0.8556552309059694
19.790914624364746,0.8083587014092624
3.5677591781653195,-0.41338325003482473
11.78672799587451,-0.7030253069363621
8.235275736794785,0.9281838488667103
0.21948070898578198,0.2177228189031661
12.899895142861164,0.3273753620173781
5.704169366284915,-0.5472005428922219
13.686045750145066,0.899958857046644
12.263329075505023,-0.29842452831018473
14.356503422610967,0.9760420338987852
0.01706538278677172,0.01706455448130374
10.56866685320962,-0.9102506012884451
5.8832872922079815,-0.3893244058520268
1.4277832413753133,0.9897910465991618
18.796032898615938,-0.05349747189088835
8.045480079380582,0.9817201380137769
6.906722942858048,0.5839107242131987
11.733879451289154,-0.7396103051808424
12.948963424454039,0.37332707097080947
9.429312509383136,-0.0045345330737750905
3.8871034550418138,-0.6783472059597212
7.574039701964381,0.9610714841074837
3.6333517650323532,-0.47217728102900597
12.567954307930062,0.0015836929088828802
10.370408464605843,-0.8108660857952631
14.088520215008177,0.9988169813467791
2.0423788855274316,0.8908504528860736
1.8447196637216456,0.962717004308214
15.318783497352737,0.37942964971065274
17.88503781873565,-0.8217744205737194
13.46476656204355,0.7823288074025291
15.272189451020747,0.42211202651832347
6.599819883681535,0.3113702060646597
10.823210086063684,-0.9851820316821535
18.45535021756764,-0.38407493499066325
17.389366069107822,-0.9938893374415372
3.5216632548887628,-0.37098603341807235
16.50296336305048,-0.7138636715331748
15.617095282112237,0.09074298809854771
4.6773669797265,-0.9993867924157891
12.25357194318991,-0.3077227067753885
6.9772171009890105,0.6396415051424911
2.66498283255576,0.45876945608770014
17.070266280791145,-0.9783438881126595
9.718648221098272,-0.28965872747867744
13.607216420343988,0.8628320828387925
14.1701546270545,0.9994559556273386
0.09244939363969751,0.09231775743404635
1.405181908173081,0.9863172494703496
4.679252554938424,-0.9994510388880596
14.002466701153297,0.9909416314762244
7.195781455384804,0.791094452205673
6.530135477053152,0.24444779493331684
12.588796711897247,0.022424217793029153
14.442919029650426,0.9536208357808067
18.34544046422225,-0.4830331219775068
1.9100287245945302,0.9430103731872252
9.234309093049575,0.18931930428710858
16.197897714156078,-0.4705680468945171
17.95672845033891,-0.7788482833492874
7.5043156636505355,0.9394871984831504
9.534146906675169,-0.10915103895525836
5.038546626209288,-0.947280445020596
15.778547373729593,-0.07052551067858294
8.343062626327226,0.8827649947413314
9.163419053951309,0.25839354805217934
6.095461568415004,-0.1866231094601597
2.085943663620715,0.8702201443308478
8.755214394258173,0.6206438418822865
1.6493481169440938,0.9969163942074009
18.31926282269241,-0.505786207243808
16.558527969074504,-0.7516529785588922
11.442242797343738,-0.9018911861465957
9.899162708337574,-0.45679122114447956
6.978453149878343,0.6405911341344318
13.112529835591253,0.5194090236706225
2.688162738098856,0.4380514269863447
15.841829713139939,-0.1334669838079749
13.754188490659615,0.9275557497877629
15.745533318861188,-0.037561213126861906
16.692361031160623,-0.8329389848299952
19.701336633079293,0.7524544529938054
5.081383461818909,-0.9326904852523358
16.628107766048036,-0.7956891515911125
8.566485990854337,0.7567270751608564
10.628940319680423,-0.9335392707554898
18.89231955761883,0.04275060342460524
15.6625109509873,0.045436668488536086
15.936024497120991,-0.2260893802504655
9.512195410228726,-0.08730615406268513
15.627422320404182,0.08045389968604708
2.8215914296856925,0.3145677223890029
6.747771158791835,0.44805258823939353
3.3085251760072443,-0.16615829867682516
0.9836526219864616,0.8325264186737377
4.386255270589801,-0.9472881139875639
13.675288323937648,0.8952169082841889
19.00051810840377,0.15038944569532117
8.87142117283454,0.525546022762421
0.11223807880850423,0.11200257612000522
1.232220164736284,0.943228541312728
6.129449044777644,-0.1531313890297105
17.694020226930416,-0.9150112051411382
13.118941315971142,0.5248770855898132
9.29436470067791,0.13004390449721306
3.2804611672431117,-0.1384226096775082
2.5108918224803234,0.5897109040276313
8.365451894318587,0.8720258169666864
12.471546367164308,-0.0946822068535462
18.699005811888185,-0.14998204234681659
9.294850233825823,0.12956247907248067
7.545145049780144,0.952687835335968
17.320734833656488,-0.9991191690000379
13.84681071203164,0.9581419502044618
7.250518173000189,0.8233750514711425
3.5257389440756604,-0.3747677833464693
3.98490532668472,-0.7468501162921578
0.37282117339246135,0.3642442465252582
1.4170788820486413,0.9882087191137018
15.1242191802662,0.5511518778314611
8.918073148517582,0.48529874470256934
8.958597997793145,0.4494771653833428
6.491538331331521,0.2068488245523636
4.765439934181808,-0.9985931281558219
8.742572305416424,0.6305065505454371
8.716793454796715,0.6503039742803551
2.5963137166952555,0.518656596884384
2.096062571639523,0.8651904655761501
15.546395090054276,0.16086615808635596
18.134588759097852,-0.6555926209247381
11.297278791365937,-0.9548313862687162
11.745263915581255,-0.731900395202002
2.140548821617272,0.8420345111000519
17.789347055443844,-0.8724575721186213
5.327761703158352,-0.8165583445910796
14.492395593114091,0.9375669870908611
11.298790091102784,-0.9543812160867912
9.71861472773486,-0.2896266698135578
15.5547082311402,0.15265582137669473
18.143532582258906,-0.6488128770984559
16.102092419594122,-0.3840042529554353
18.260281842044346,-0.5557576794977183
3.4407259555349268,-0.2946921074958432
8.016503834236735,0.9868223112605297
2.057227576919418,0.8840067824458735
4.081259342143411,-0.807361472450625
13.680507603500375,0.8975305755121965
16.732011880850216,-0.8542199387478215
13.127917775203752,0.5324964015792037
19.999199167434842,0.9126181526073524
10.697493790429053,-0.9559019806966268
12.315413957056018,-0.2483307630462839
2.63516887152075,0.4850530072505955
4.554457890164134,-0.9875547852791934
12.067400522512472,-0.4785214550624011
11.415199069556131,-0.9132418750974808
6.464290033731861,0.18011634220976772
9.495648519484632,-0.0708112474411416
3.5656001949179905,-0.4114164105383342
6.55909761295784,0.2724248498987503
6.759463060638959,0.4584743703835581
16.311577948883993,-0.5676221030284201
9.610140275585275,-0.18430265381341643
8.999224382867723,0.4128250494502432
2.978469565552664,0.16240062235211722
12.767209456460806,0.19949138190910676
2.6922772487135727,0.43434899053614
14.535972182946345,0.9215255972700288
12.15016513937929,-0.40429278699478294
2.101051603343469,0.8626779915967389
14.502553328310071,0.9339857708153565
7.689783055370743,0.9865496738881717
7.997320993173913,0.9897444913925666
3.144087436568259,-0.0024947803905692695
1.5438398383382546,0.9996366958654906
1.6726412502434074,0.9948182870026779
11.267693883228384,-0.9632033690334466
1.3373510427646318,0.9728751705425539
7.272295311641659,0.8355373160326172
0.3023175629337316,0.2977334634821637
2.6977269613716715,0.42943376529351995
2.7332133632187983,0.39712241857325126
14.175416198399226,0.999268586338482
1.4212373032436898,0.9888368804925557
17.309382181221956,-0.9995311652376158
9.946561066845048,-0.49842676076874926
2.8880848386971714,0.2508011955846134
10.533841908540131,-0.8952820669340448
3.146247117200598,-0.004654446805081825
7.782202606261963,0.9974249914612928
18.39330128444596,-0.4405889592332558
5.287925356137384,-0.8389004819220784
15.482442789212243,0.223613691494705
9.62642327909739,-0.20028158266464757
3.2171318252630576,-0.0754673523190535
5.508668580132947,-0.6993707332866674
5.716412061979874,-0.5369126361276075
18.927809530935175,0.07817376785543499
12.41928471138895,-0.1465561271793567
10.757888002509821,-0.9718853505613068
1.2812585509722063,0.9583759471750192
3.750495420641642,-0.5719677706265683
13.590604447291874,0.8543162221775208
10.831125629105342,-0.9865087645505651
3.1693391265192994,-0.027742912885344157
2.2172771342663267,0.7982086319996106
7.246165411538215,0.8208970775549488
6.62916166347882,0.33911534085138134
4.499252305405513,-0.9773722335572792
17.907930169448854,-0.8085158818810242
8.408655647426455,0.8500721715359467
11.413661468630922,-0.9138672413123375
14.923762199872051,0.7062598005147405
2.019338750090154,0.9010801412448687
4.287882852917814,-0.9112422557489327
14.070828762637905,0.997800429860347
17.06994035084007,-0.9782763731865962
14.493089384375565,0.9373254575661791
15.90347859182227,-0.1942720664968198
15.186113569315152,0.4984844908705557
8.277821516973205,0.9115164601251725
6.851980570785134,0.5386173886258432
2.4320610969357492,0.6514784499409658
2.7588613193717815,0.373455576188306
6.7973484167069405,0.49180633695126064
12.929193946080517,0.3549151729312337
0.7260794171321661,0.6639429992827184
9.896405606585644,-0.4543368422324822
3.731840935075126,-0.5565673129486196
12.710660465817309,0.14378969715881246
13.68942779559561,0.9014281939746698
3.840561841770409,-0.6434289367465659
7.587280614793928,0.9646455921765343
11.545545954395068,-0.8525393311030139
16.45338101635113,-0.6782788330857602
18.826148517440227,-0.0234052666453535
9.419145717731878,0.005632213259728471
8.675982553484602,0.6807568786115115
14.30790640220069,0.9854593937038875
7.074442408622266,0.711237515859296
0.22977187023020207,0.22775539531422354
18.953743604213308,0.1039992907999754
19.80323056741335,0.8155474875663179
13.142322788553338,0.5446336012872091
14.783065552675678,0.7985592005344626
3.496774150394355,-0.3477605393513765
19.15621814971414,0.3018782709033884
14.458155086127547,0.9489241173361652
10.572061514657275,-0.9116509398278069
1.9477642031810727,0.9297850416043929
12.90262884047872,0.3299571910368958
17.590974568108507,-0.9516555375595985
3.754781664721605,-0.5754784093541593
8.332469747793954,0.887692066321041
15.431037383026542,0.2733999523993086
2.6060768640922416,0.5102846891143253
18.095925228115373,-0.6842907994972497
18.89395654324414,0.04438603446651943
11.215055233058461,-0.9760105909327201
7.6315740583359215,0.9753692171594381
14.329535006669545,0.9815542518906547
11.872858094403853,-0.6392422669405079
18.080577040438246,-0.6954018036774285
10.077245349982354,-0.6071488101307752
15.740555525756685,-0.03258648789791895
4.519608370392021,-0.9814752965396452
10.21464961948147,-0.7102629341532689
9.687344291306816,-0.25955977870926505
0.3697066556654427,0.36134192346543165
8.463540684899694,0.8199005435292263
4.484646070231242,-0.9741784801735254
2.40531414197223,0.6715350465478984
2.8804083234161815,0.2582248961397275
18.418641562471695,-0.41770174912533997
11.379173647330267,-0.9273235466451512
14.36611658427838,0.9739053156222277
15.157088613447689,0.523432693313044
11.264243939084185,-0.9641248891688237
12.099615901400039,-0.44999051057443784
10.731927107393206,-0.9654459337064619
12.043930781176515,-0.49899599086436874
18.799456828749964,-0.05007813797374688
9.172041282681656,0.25005463088423424
13.897442388746146,0.9714034126189072
5.060185316682892,-0.9401260628286943
13.334416577681607,0.6947310867284302
11.080657776902926,-0.9963825829782567
3.6400067754990517,-0.47803319735013466
19.174235146042847,0.3190047863025513
18.080023464475367,-0.6957995084905673
2.232749420032214,0.7887932511402835
0.5415646562399301,0.5154773810052072
2.560252872048754,0.5491441218193227
6.193206492336662,-0.08985744976275464
6.067219947767302,-0.21429046210079125
15.573571966800117,0.13398712560887113
2.9614280634593393,0.17919150196188774
7.930116945578403,0.9971031069098988
1.3027711875681791,0.9642957740859956
7.286694291556803,0.8433617127686931
11.834355519375855,-0.6683698772397677
19.680246865087597,0.7383974959802346
14.797040404499233,0.7900698069281404
15.58249311735912,0.1251412019073854
10.05489057250669,-0.5892357475879911
2.3806660184869166,0.6895928077337341
15.288798263362608,0.4069978859219372
11.342651886186129,-0.940370785125571
14.465620841380357,0.9465422154604822
5.899896148131434,-0.37397298318198113
8.077508551810755,0.975121703315442
11.645400477831107,-0.7961889738114497
19.788977796713127,0.8072169943705891
17.031547032107856,-0.969598279728782
12.318094777784712,-0.24573302898847865
13.910909756121955,0.9745128508259219
4.320731809959688,-0.9242777531494826
19.021634068986117,0.17123017273674726
12.535846500546782,-0.03051937403756362
17.271084865307383,-0.9999705494085958
0.2939492390830045,0.2897343195094968
14.513316795573017,0.9300858467766897
3.504590032055792,-0.3550778835966974
10.955708651881878,-0.9992054707808967
4.0400678713823135,-0.7823781795731511
6.295557209755223,0.012371586962623906
4.370273290486866,-0.9420470008308982
4.23709393418882,-0.8891577469485916
7.6543002627509615,0.9801298298556806
5.023854165502531,-0.951885580452288
2.0126349387300535,0.9039669970237856
2.091479628318156,0.8674794581562031
7.93299749544929,0.9968798707035282
1.7256962037588996,0.9880269828262314
13.008650233905787,0.4280008461240279
2.8354120235789293,0.3014191059982297
0.010177832244757656,0.010177656528330022
10.421216838149189,-0.8395415705202746
18.96396940918788,0.1141640303805247
7.3293325866935515,0.8654997903961258
4.056039543178171,-0.7922251841410914
2.8924649636645827,0.2465586731667576
16.903261618188157,-0.9303251114134288
15.393700805043032,0.3091151394287958
4.54037861965455,-0.9852426579433466
14.46043574759198,0.9482020913840727
6.7783169170754825,0.475147459746859
19.876563038957364,0.8557543595761206
8.766480116839057,0.6117712743485986
10.450025998738187,-0.8548429194140542
16.49616567986565,-0.7090869014569902
5.519872772826034,-0.6913187051817209
17.866994225577525,-0.8319215663604674
18.848524236745632,-0.0010316846101108472
17.155288516192385,-0.9923871253482235
10.778042832714618,-0.9764331850421685
19.750796186894355,0.7840972682587413
19.582244510651257,0.6688706901391409
1.0436836237939962,0.8642630969995901
12.035508849622719,-0.5062766901063103
8.65774910666127,0.6939991517918555
0.5517722532222802,0.5241972966219266
13.001792094902251,0.4217925920023575
16.357482279173688,-0.6048034283745235
9.093317376706134,0.3254244566323152
2.47480565914191,0.618464362663266
4.938587709525328,-0.9745259626693759
12.252239278045586,-0.30899043215381505
12.451389961049342,-0.11472746947108267
19.072230552339494,0.2208390047764763
0.37166398217737706,0.3631663067086922
7.708703846334759,0.989465729483811
4.27745957894925,-0.9068997910087475
3.0547742202374417,0.08670940965438
18.877217650284454,0.02765820122078715
18.40451589689528,-0.43049400662619186
7.216393003441956,0.8035334833690647
17.974213195855885,-0.7677631432394882
1.5051743610626978,0.9978476513509671
14.744304681160152,0.8212843537253397
7.3148933121861255,0.8581770514349727
12.261617492079814,-0.3000576824989372
6.286903009163285,0.003717693419786983
9.694462862209281,-0.2664277406306513
0.06642693866634186,0.06637809754273932
8.521574450362522,0.785314220789329
16.90419625552131,-0.9306674700433714
0.0882932831058536,0.08817860976523494
17.58822517599794,-0.9524964629370262
10.839379217831748,-0.9878263302993551
13.747356276117259,0.924981026238521
10.378127616909133,-0.8153593761412122
12.62038159127734,0.05398472074056669
0.017378279490638526,0.01737740478379483
5.522380435776242,-0.6895046216768856
11.686922465634613,-0.7703871488849015
12.517604934404957,-0.048746354043796326
0.2053392996573744,0.20389934323724118
14.367045987847407,0.9736939625183992
14.935299446102634,0.6980451526232244
9.914965450827818,-0.47079130853756845
16.796773785120656,-0.8860761689463981
4.427365443021292,-0.9596550346864686
9.809165112960095,-0.37499107986723723
4.811781748110078,-0.9950646039025206
4.6463452991014265,-0.9978199086751437
0.30345570519588305,0.29881979682549237
6.57442686060838,0.28714171537724775
8.1700318988545,0.9504704652239643
16.5708056590308,-0.7596939814652696
16.76551262545373,-0.871154813316676
13.63096241856557,0.8745910826926049
18.88659431513562,0.03702992570335013
18.541922380217198,-0.30280412632257514
0.25062217630909656,0.2480067456845571
11.112784674791437,-0.9931387231374278
0.8060069609425802,0.7215282133732661
5.920646370329806,-0.35464927824089876
12.612173982780401,0.04578735458267046
16.35079190293964,-0.59946188533216
15.802550581133064,-0.09444633460184594
6.610051766823384,0.32107698048399785
17.855553467079556,-0.8382153825068832
15.402995461234035,0.300262467586798
0.10913721195713766,0.10892068664746733
16.02550090506524,-0.31222824727233206
12.316812326491245,-0.24697595476141065
8.160882028046043,0.9532745551338436
8.468758118268907,0.8169023857882431
8.342939235776736,0.8828229587301678
18.54228008524261,-0.30246319517743847
9.914383928557296,-0.4702781840770693
5.051633471409771,-0.943006348936258
8.226001886753325,0.9315948889119933
10.817892167128962,-0.9842560185250208
1.9558732806555024,0.9267695292035525
17.6474382325604,-0.9328043565030112
6.919197278405564,0.5939919198761401
19.799834739234445,0.8135776567087172
2.076902980742197,0.8746385312163398
1.2897171684174435,0.9607566472410883
15.981799331975946,-0.2704265519615123
0.006301128975356729,0.006301087278530975
8.267677552969534,0.9156413345394314
16.031571633803207,-0.31798969397961063
8.617829358884897,0.722179871488791
18.66691903492802,-0.18162323226872207
5.0101101414260185,-0.956007450921513
2.7735556019624363,0.3597846260124436
0.672798828217902,0.6231773341422288
14.3327731233768,0.9809300314815605
7.011495233459939,0.6656092835232484
19.020440551821007,0.17005416088523534
11.278035122272401,-0.960372463491552
16.20213957435127,-0.4743066656128244
5.447179098392619,-0.741971481230388
4.107892933404873,-0.8227886225414738
14.844257015077067,0.7602554506250779
17.560112724654616,-0.9606806135036412
13.020799946553613,0.43894963362587514
0.43937348128925136,0.42537253766140526
11.086477586156649,-0.9958711395330945
12.370421162120948,-0.19469790539179538
11.112398791825784,-0.9931837751947306
18.233623824485797,-0.5777195836657706
1.869641179468584,0.9556772210424023
13.664069386286322,0.8901611730939921
13.162096984365032,0.5611101488098474
10.982984306152934,-0.9999207472308868
5.972076629227445,-0.3061142799752064
2.216185373647288,0.7988658121138328
8.506305609837398,0.7946752114464365
4.142018309367499,-0.8417008913691014
13.917620671794399,0.9759963663390961
13.637786470147661,0.8778794114776212
8.005910855273301,0.9884809388364494
0.6088739330523518,0.571944118548341
6.964234984788238,0.6296088781312528
14.862200384567565,0.7484772440347728
4.539577916806676,-0.9851052911148994
8.89937868284478,0.5015584694597299
16.257090561908008,-0.5219430266812113
2.7121744028807537,0.4163419417373994
4.307760625786621,-0.9192487689496193
10.121523103266927,-0.6417248268523595
8.565364186690378,0.7574599569411175
5.225545698989018,-0.8711991236174856
8.174035546087676,0.9492184577549424
13.553891847271329,0.8346633372352995
19.828527511237212,0.8299240836891651
9.731555868153466,-0.3019885512496698
15.489088423974561,0.21713144828034678
16.557210448092288,-0.75078334388046
16.99177527072132,-0.9591018561854812
15.53434965003692,0.1727427634731532
1.9733784744544525,0.9200523888799216
6.7242563943049705,0.4269082884141158
17.043770282081425,-0.9725168297486882
10.406794071607479,-0.8316187010628134
5.340357168206015,-0.8092228711091901
11.676269577463295,-0.7771353373977585
1.24026293932481,0.9458693684699101
8.546506314472243,0.7696365057300569
4.994387490516045,-0.9605012198672979
17.909267645487247,-0.8077280886105611
19.965355117929455,0.8982622892540724
17.517707088252187,-0.9715876203537982
0.9761475910912876,0.8283453344575954
10.501284602931948,-0.8803059100966757
0.003686863411909158,0.003686855059349237
10.198052531796762,-0.6984823516435298
18.372264874011183,-0.4593746570266788
2.796423423382257,0.33835593079839865
5.445938151532104,-0.7428028795133318
9.201168379467521,0.22175077495342202
18.985533111231486,0.13555854516048782
12.737182730868701,0.16998270284907308
15.680529053609892,0.027430773138486308
18.287608665375778,-0.5328350125374492
16.04005978544344,-0.3260257091188543
2.622271606180757,0.4962908152834159
3.699651411644931,-0.5295404709282805
16.08972352679212,-0.37255458405543157
14.958057379085785,0.681569896933583
2.556874809032801,0.5519641239496507
10.548691984267153,-0.9017988145832583
1.8650430236808546,0.957020886058645
6.220431784100155,-0.06271234391074763
13.352015219391504,0.7072810202634483
7.352731510173833,0.8769825350229331
12.293595951852447,-0.26940454547986115
19.12355223615408,0.2705808282375339
14.512497895764088,0.9303863513728097
17.904952734270005,-0.8102644397517168
1.1203252252926066,0.9002420895225985
7.665492495488695,0.9822884538331939
3.9767199742399706,-0.7413819604978016
18.34132416551548,-0.48663325927977463
17.228368012652595,-0.9987306128753928
3.679092956552581,-0.5119903757515695
14.079639922980107,0.9983457773667201
6.270145476375449,-0.01303946126458719
11.017128869933918,-0.9997677089831783
9.081711783224538,0.33637617316816293
6.232875833386502,-0.05028825390381997
5.369116568836015,-0.7919943687013419
17.617089183083298,-0.9433104107245115
17.908818871707307,-0.8079925841802855
3.989865593495434,-0.7501394547172301
10.654420667945006,-0.9423693210345082
16.27356416285725,-0.535923228307685
12.018693915291657,-0.5207051490345386
2.0951781974252537,0.8656335907686724
0.17202014599811521,0.17117302761983882
16.85630698884998,-0.9120861193849962
11.621437030015521,-0.8104580295025101
17.771122551958182,-0.8812183275262264
0.903785019994654,0.7856740990570426
3.5197218712536427,-0.36918249195146624
7.4080578917067434,0.902212648215454
13.760499187634563,0.9298954758385153
14.364520802771516,0.9742662455491585
3.4001898558460297,-0.25572464970900033
2.4595522491217636,0.6303782768562015
10.524381202509932,-0.8910273219128827
18.37271144218151,-0.45897795036018946
7.256168922166479,0.8265686754428857
0.6856628427203493,0.6331861905209111
3.326666083928911,-0.1840187103742699
17.75550192453584,-0.8884945378063497
11.219376172973615,-0.9750607143447877
19.18752264150357,0.33156951986656974
16.848059548094522,-0.90867369796399
10.003740805557884,-0.5471561005986635
18.410381067868272,-0.4251927676327496
3.207832275576721,-0.06619119281895373
11.005555997676296,-0.9999501831452451
17.813030109298797,-0.8606403219637884
10.738530073711694,-0.9671456306491668
14.81549883605443,0.7786205292876667
14.657157855635056,0.867823694055772
14.69392714804638,0.8489715948849674
11.36662756572054,-0.9319459468814612
16.46759155510668,-0.6886519666687235
15.030119327378834,0.627115070824058
15.171813968847303,0.5108294084523218
8.251914130694928,0.921864148560076
17.64742310159467,-0.9328098093416943
0.9457698429299488,0.810947623583659
3.772528442954235,-0.5899006434228405
11.905847891988802,-0.6135297148028342
15.405341985876808,0.29802339492860486
1.914868971523478,0.9413886763763075
2.8080850563337023,0.3273593637315103
11.894422530489805,-0.62251175808443
1.8853573098058352,0.9509323019777397
3.0893759284120192,0.05219299951049058
5.760326296225222,-0.49935920827103847
15.276068625165962,0.4185922185821471
12.173297703762548,-0.3830287784848465
1.9766997028967181,0.9187460750480322
9.044980602649558,0.3707322754507734
14.405918821865644,0.964103058248515
10.064503383083016,-0.5969751812555678
9.741957758024341,-0.31188827687442044
13.892819510116388,0.9702954031259083
13.473077696042079,0.7874784483083915
16.821514615744768,-0.8972721817561735
11.848950218317224,-0.6574431191986128
12.520866125857996,-0.045488786084530906
13.87804604326233,0.9666156047375877
17.393170021345604,-0.9934622632548967
4.956073467017554,-0.9704555715203614
0.573822408913014,0.5428461884629877
13.096781325825663,0.5058876633144443
2.312374785959981,0.7374033032782196
2.1019228688215352,0.8622370185876385
4.9805553935229,-0.9642583512317069
10.133289053154622,-0.6507039181594438
11.149531556169146,-0.9881719705945141
7.009009559559127,0.6637521697586914
16.24578698127094,-0.5122681556186323
14.568401260642258,0.9084505056252059
13.31642799293675,0.6816807421677564
0.9879934614132435,0.834923328959766
7.174419468278388,0.7778479513681957
10.79832893764869,-0.98061012322015
16.550750718140126,-0.7465007440515724
11.828200308287753,-0.6729356122602596
3.3713803722198055,-0.22777082716377908
12.893635574167465,0.3214543557959105
8.650723825873193,0.6990400165175736
9.089098183479773,0.3294110825433703
12.378492136796462,-0.18677512750766903
12.823784032717853,0.2545800481176581
3.7633888095977297,-0.5824960751702265
13.817621989121005,0.9493784626729272
17.689895712204514,-0.916667364003832
11.765037239646354,-0.7182844240434068
1.278638942229875,0.9576247370941894
7.833147680773964,0.9997829810470112
3.3175314323867444,-0.175032501132094
12.345651583338777,-0.21893126714623282
18.252480362153374,-0.5622264173333656
11.083553846242964,-0.9961322943931109
4.02217853097071,-0.7711120390422803
14.244200290503759,0.9942773974379624
10.989150201296297,-0.9999793656287741
4.280177999714951,-0.9080418354305507
6.469644090919702,0.18538022871578938
8.847660783608928,0.5456102892794982
4.588433570054924,-0.992327359817364
16.95067752039575,-0.9466620936049408
17.06806582156747,-0.9778860554753758
19.869727033393673,0.8521975635930941
0.4954176276792488,0.47539910912455025
10.534856078006998,-0.895733418676463
1.9349598925853218,0.9344219989640081
4.905449730075482,-0.9814215864185304
9.397674754910405,0.02709988771833658
1.0479136535646116,0.8663832328878135
10.809813430333664,-0.9827960090809392
5.955810024946011,-0.32155882091028687
15.698578381503603,0.009384748681946761
3.6318851481146086,-0.4708839455659471
11.058716796792343,-0.9980071740087323
8.427196669039196,0.8401616910622751
6.918605433921307,0.5935156941447174
12.376628759220337,-0.1886053893397175
11.322213026254717,-0.9471261905465299
2.697827866592153,0.4293426357686936
10.19857496077088,-0.6988561207333681
17.243632838904354,-0.9993831189462369
8.570749411752267,0.7539330760679018
18.170276533852295,-0.628232532330686
16.328628237452058,-0.5815762363879751
10.842323693561685,-0.9882800922426611
9.849312229939304,-0.4118964382161728
11.95318191738937,-0.5754781524271078
4.067802593287473,-0.7993483620139151
5.0814116254370845,-0.9326803268912452
12.866402937391989,0.29555108587964585
5.021645433338316,-0.9525601320583023
10.976342604118667,-0.999815076875632
6.089190996178811,-0.19277980829102312
18.67903322355855,-0.16969748909910182
7.729485056735312,0.992260305596619
19.98969888657627,0.908693188243822
16.015491764342713,-0.30270401128835805
15.599676931675702,0.10807483396998514
13.571942673880738,0.8444685029395705
13.97819381015712,0.9873903617790992
2.037004542881742,0.8932791217020475
4.0473616615686385,-0.786899927509846
12.359514710154198,-0.20538385167850812
3.5535431003467943,-0.40039736398185216
13.88666231749501,0.9687874524603911
9.380068859616497,0.0446942077766695
8.190454556807222,0.9439250337410454
9.04279052609245,0.37276539594942987
15.28523044172697,0.41025424070696503
18.311959262830534,-0.512073142110584
9.818394113038346,-0.383530534054146
19.23979952883719,0.3804137184372489
