-0.16818779017777646
-0.3465417440119116
-0.4506571834468127
-0.8057745590804829
-0.8305544920441206
-0.865075351332847
-0.9969061141865868
-1.0106498692350778
-1.0143610099340925
-1.0119897365831776
-1.0047149195237886
-0.9683842515942418
-0.9393872590305175
-0.7338575761800401
-0.6924815100519882
-0.5965021668697582
-0.4661157463813785
-0.24202871831386438
-0.24019667491012991
-0.1582880340498171
0.04971394110283538
0.09023583197427563
0.11632390302679664
0.5383910986023004
0.7932022132219396
0.835841833241288
0.9229551240368316
0.9639075034991169
0.9703980584850757
0.9626536467538434
0.918652624425074
0.8904721142517713
0.8573091645920845
0.8352847507472873
0.8216184905212855
0.7234172556036697
0.7188291390537694
0.6004936735506102
0.5569860796792016
0.504290935621016
0.4000867615933292
0.3760555815990389
0.23201051037056442
0.20211589290785856
-0.15490869067631308
-0.1904278592661745
-0.287064764634547
-0.3306046305641921
-0.3753051212779871
-0.6347181962838413
-0.6407295556697196
-0.653634903546592
-0.7453448971075279
-0.7759673522688456
-0.9398404082580357
-0.9546236728938962
-0.9572898136386179
-1.009701725294351
-1.0265971635292943
-1.012194875311928
-0.9278265576160485
-0.3607138207277905
-0.2758937585699396
-0.1873232284272271
-0.09312192440416629
-0.07870649286469081
-0.01910153572427431
0.09847969601114048
0.20324139518135842
0.5511489645821663
0.5924852781710538
0.6184680292608707
0.6778731861572226
0.7219872540876032
0.8955792984056697
0.9231385941239777
0.9292083924488839
0.9446812772643419
0.938639743464885
0.9312778002155968
0.9160044711927069
0.9080957913198744
0.8360361254816665
0.8270075353456401
0.7372175911606952
0.5864021479886327
0.5391522460081486
0.42379458726573943
0.40810540651980554
0.28399793090439585
-0.19865973221151256
-0.2560751134707383
-0.28725798845081457
-0.29881153069122884
-0.6296645447070878
-0.8135058576202454
-0.8629452640729417
-0.8985588799541244
-0.9447898196396061
-0.951091016585904
-0.9586757180345469
-0.980313706683117
-1.0005999633951235
-1.0077047477830543
-1.0148004435436366
-1.0214859596510106
-1.0393869234679285
-1.039430207077099
-1.0321589196586496
-1.0273095966906591
-1.0187737571823747
-0.7447588430898777
-0.6879318173736956
-0.5641037096458839
-0.5024034352161407
-0.42740074614694057
-0.4023673747210398
-0.38886769464753407
-0.3317670820063009
-0.2937050957302984
-0.26810598154549414
-0.1823515395999616
-0.16118534186513667
-0.15931494319895412
-0.1055429315806409
-0.09802110139744913
-0.05283606031322157
0.0706536021750333
0.1783748040711015
0.22165187723549584
0.29829784394433395
0.34685830068616763
0.46472621898230193
0.5163235350461959
0.5451822325524912
0.6534750693247524
0.8421154052067337
0.8467873388683713
0.8577984762814357
0.9556282619101591
0.9586613102437224
0.8296357305657359
0.7622287791343528
0.744287865394126
0.7154811403947527
0.6609335088869919
0.2836785880462523
0.23815055885173264
0.03005157557907822
-0.24992944869167202
-0.29457036624855126
-0.6090013743850343
-0.700247244384164
-0.7403996622876405
-0.8596280307682121
-0.8868548636183283
-0.9702899299740607
-0.9984612378701934
-1.0419238034227085
-0.9964009858441677
-0.992963235504608
-0.8934879020181924
-0.8377048790005548
-0.7444278774670042
-0.6782180294769526
-0.6689631607179783
-0.6501867945220622
-0.6300480026050178
-0.5382940927050629
-0.25927888306795843
-0.21120721765589107
-0.09954595404601613
0.38553894075744355
0.42262890743102977
0.4397777542378307
0.5200560646817167
0.5380945070245353
0.6764096929980699
0.6842215368531526
0.7116498790825709
0.749462656093476
0.8597475497473859
0.8889429546110966
0.9504560744241071
0.9567866667478983
0.9259463163322917
0.9020491719283309
0.88879972828857
0.878147337594559
0.8267221121226989
0.7121986026735083
0.6184112545511166
0.5484216579998612
0.4741995973447057
0.3466828412197378
0.3449458515603783
0.24625903119353554
0.20205585676062665
0.122742105217761
0.10909262719173604
0.03670378594417965
0.03357129762512279
0.002837726669002519
-0.18705429413992541
-0.5204402009479401
-0.5254024140370908
-0.5374670169094035
-0.563995314449685
-0.7006627917564608
-0.7949196371414607
-0.9466726157511166
-0.9535560439867601
-0.9586857597796163
-0.9711103421050865
-0.972973160792449
-1.0019093507933463
-1.0164593261604327
-1.0431050330919192
-1.018501800207088
-1.0025181947403559
-0.9935637164916312
-0.9595494998465146
-0.9270733305067724
-0.8835819801894317
-0.8021055248870027
-0.7783003273603892
-0.7306366508494893
-0.7260598425112545
-0.6193956396416682
-0.361957109150747
-0.30666802186960307
-0.28234399632137214
-0.1444054745365932
-0.1099747877050591
-0.035890198862717944
0.021235814641809757
0.04816731025085136
0.18449050517265578
0.4992194915790977
0.5915035457043273
0.7078447478143532
0.7257963295708477
0.8739658687449936
0.8747137691334537
0.9174418303067337
0.9415503584883206
0.9508031364615711
0.9553206274470958
0.9497422993215775
0.943905395780595
0.7827549604626374
0.7609409059829393
0.5957202309763165
0.469712832780364
0.35175985197993687
0.33786376499602255
0.14926209112840502
0.13444345212788167
0.10530943001593715
0.04292183495116887
-0.11650751101131912
-0.3592841196613253
-0.5885298858239085
-0.8802327904202315
-0.9530665760992905
-1.040380093966567
-1.0028311116783861
-0.933069556284541
-0.8408232263224846
-0.7783261611577
-0.7130797455814881
-0.6422050034555923
-0.4916235460140326
-0.20954677217970433
-0.13604421805235006
0.19450900249775008
0.3336285052385458
0.43682518174278256
0.491467937557278
0.49199853716503456
0.5735351706070752
0.5897122417423062
0.6155931936371108
0.6760401135013675
0.7622169129178692
0.875653381617897
0.9342184769296633
0.9407219227849133
0.9459134574004489
0.9561503649159303
0.9505880860871935
0.9060367053761215
0.8987232565059878
0.8915955377483822
0.7573404022191376
0.7428255758831366
0.7278623158768492
0.4813218013218158
0.4095774330024388
0.3452062676861918
0.3078574623045951
0.03272586217243861
-0.3083327980091519
-0.32405134697357457
-0.34988130949520585
-0.6870677029766405
-0.7424671023142014
-0.7562699741153033
-0.9738568358411009
-1.036427173972472
-1.0425832926827798
-1.04346342061717
-1.020033577916198
-1.019347261688633
-1.0119557301930893
-0.8054659771510267
-0.737941497506092
-0.6928049731218067
-0.5277862162369947
-0.49052854616847763
-0.4848981901624787
-0.3931863348019437
-0.15668126126228354
0.2194494020114759
0.3014168952610835
0.3636874487295595
0.3859409327064594
0.4505544115084852
0.4614387222367329
0.7732619893166754
0.7937264855064055
0.8428890327717886
0.8452020567058182
0.8652636705549474
0.9033028544997234
0.9530287710914033
0.9549799318378731
0.9328159567905943
0.9313063309440178
0.9240168226121044
0.9236997577130273
0.9173858323722396
0.9127498586803862
0.8985836188474375
0.6227168827493724
0.47713235787416064
0.3050161400326555
0.21284384724695543
0.19275046981881688
0.054742021159764585
-0.016727366586746086
-0.02677766550302197
-0.3848309728039687
-0.5678273606379243
-0.7618401990209568
-0.8081830051572058
-0.8102043698463185
-0.9309721900983287
-0.9525015249848382
-1.006066124015456
-1.0424211275738637
-1.0419401918445514
-1.036185007966358
-1.0337927637279745
-0.9817552301532457
-0.9815373639969539
-0.9718200185902822
-0.9665859135358374
-0.9643938043502555
-0.9040877209011635
-0.8252678700869039
-0.8165705476802924
-0.6435679309301041
-0.6196820203017407
-0.6160810556145715
-0.5989570948880363
-0.3782345980895913
-0.3081142142068512
-0.2623896327964862
-0.11832753625582751
0.013524002892655353
0.03233227038122429
0.37647963235813486
0.44857782437421273
0.5777158650112051
0.6354386204495243
0.6586113484774873
0.7884102480867615
0.8550029161932052
0.909599186486727
0.910356391150439
0.912407620703186
0.9547703577781559
0.9545507620420273
0.932914800513144
0.9268847383561142
0.8500235407218789
0.6410270739645184
0.6327395455982856
0.5934226053034476
0.590511982762484
0.5723656114038901
0.5175308113887289
0.48966036709477756
0.23609603860283307
0.14265286535441515
-0.07740630883935365
-0.5086135487063513
-0.5252152535424369
-0.739812753655764
-0.8293425696061815
-0.8980406151801863
-0.938117788278211
-0.9527544183716734
-1.0331598514911622
-1.0218517706801091
-0.9806021678916435
-0.9377921470524613
-0.6928164659445021
-0.21341397463943954
-0.02951037779397543
0.13231674864231244
0.17359388495992645
0.20597725489225724
0.31250913374221645
0.3195456881559531
0.44941923729932814
0.4909286219614019
0.5449910021042308
0.6027985376810283
0.6061494673282095
0.6580124287799319
0.6664729935134388
0.8436991320937299
0.8827539485108516
0.886270648472955
0.916142695606754
0.930264040145209
0.939490300694206
0.9552135268184478
0.9567443394952428
0.9557236611392799
0.9450232366401355
0.8714994590722959
0.8107225445507081
0.2759647134556655
0.0390358911120598
-0.001721741686470185
-0.11411359816579453
-0.14415857002519766
-0.17909303597567328
-0.23856537592693713
-0.36350891950189596
-0.5597426952102662
-0.623791866667915
-0.7091521394777893
-0.7537893279828644
-0.7568765703716107
-0.8116397955352163
-0.8344399644940482
-0.8580141480481849
-0.8944500615094569
-1.0009151591917478
-1.033824366366642
-1.0208854945015626
-0.9709934573489393
-0.8517143273899889
-0.786906813008456
-0.7179260922322075
-0.5093072381185593
-0.3717055175210179
-0.24335567261715663
-0.24150847814944368
-0.07631646810245327
-0.06689511029492991
0.010364234178348523
0.32395431591343915
0.3443220317539401
0.41099364749274797
0.4469963091073018
0.6328125271403092
0.6583256953721509
0.6864187563388024
0.7350915526642793
0.804707609968268
0.8073637761143503
0.8767766027769522
0.9319939225253798
0.9500827004951466
0.9189264132257127
0.9168368921483001
0.9017247542508405
0.8500742802206367
0.7759582576857103
0.5019197581617562
0.30057891548895405
0.24695231871372544
-0.025904346893820793
-0.03721275732388654
