-0.16970935678951826
-0.3479726559744117
-0.45203251865902416
-0.806922573970877
-0.8316820074381055
-0.8661721167797835
-0.9978245917214231
-1.0115226944519087
-1.015210856087988
-1.012767554750758
-1.0054626309074897
-0.9690531584350024
-0.9400146149038582
-0.7342994778630685
-0.6928949813980603
-0.5968548209457257
-0.4663935119692683
-0.2421894114792367
-0.24035644813726573
-0.15840705596875207
0.04969664751346924
0.09023834027615238
0.11633919619601155
0.5386268685935356
0.7936096384726834
0.8362865671631269
0.9234993440199335
0.9645366373655327
0.97105620606862
0.9634109193045904
0.9194948728825847
0.8913494665972939
0.85822090409315
0.8362167131474009
0.8225622249468186
0.7244340077013898
0.7198489408267735
0.6015851759669802
0.558101408018708
0.5054338176485893
0.4012808936140133
0.3772610468679771
0.23328114345373563
0.2033995827106992
-0.1534749804553333
-0.18897939225297022
-0.28557586082408054
-0.32909728568857843
-0.37377863636203923
-0.6330731479196786
-0.6390815237744738
-0.651980413720231
-0.7436420065087691
-0.7742470520742619
-0.9380055745770274
-0.9527750280043188
-0.9554385544075362
-1.0077849276866768
-1.0246426487060223
-1.0101234599820725
-0.9256640601552463
-0.35829113155223746
-0.2734425732606632
-0.1848432099252674
-0.09061196231153076
-0.07619199592075553
-0.01656838078804234
0.10104942904684006
0.20584381114305697
0.5538665301385389
0.5952180176111604
0.6212105944751657
0.6806392565280163
0.7247719770697364
0.8984589011214532
0.9260416577770676
0.9321175834734223
0.9476090944091381
0.9416756614610569
0.9343217511155204
0.9190624899029731
0.9111601750244342
0.839144707836628
0.8301206280697869
0.7403693267274184
0.5896048135914103
0.5423688526286123
0.42704271991540277
0.41135760821684736
0.28728095510199275
-0.19526869344027936
-0.2526715779342438
-0.28384763677149527
-0.2953986463286704
-0.6261751719437998
-0.8099657792103264
-0.8593890750205813
-0.8949898932232386
-0.9412018873090153
-0.9475002080500141
-0.9550813216428176
-0.9767081214189675
-0.9969819745888321
-1.0040817081095588
-1.0111717852913058
-1.017851237862508
-1.035719167045764
-1.035760516634195
-1.0284677847984134
-1.0236122009504036
-1.0150679076065336
-0.7409534668529575
-0.6841138069813661
-0.5602609913401178
-0.4985494324503012
-0.4235336868744425
-0.3984960911621758
-0.3849941574036783
-0.327884181689095
-0.2898160889744552
-0.2642129205159172
-0.1784451555026358
-0.15727572090468
-0.15540503704669523
-0.10162487837918424
-0.09410191575914714
-0.048910102390990064
0.07459789538684222
0.1823350575117041
0.22561858067827154
0.30227608483517404
0.350843960928566
0.46873043553749794
0.520336219493908
0.5491997761978494
0.6575119209169297
0.8461940315495197
0.8508672721291753
0.8618815881933881
0.9597583526641703
0.9627982084389153
0.8338368311137508
0.7664439377873046
0.7485063451159352
0.7197046833204459
0.6651659112192183
0.28795900475146496
0.24243593846229353
0.03435859481799254
-0.24559457046788263
-0.29023104471852246
-0.6046292467616353
-0.6958645290654722
-0.7360119967188262
-0.8552239540483478
-0.8824464849945791
-0.9658656927449388
-0.99402979840353
-1.0374667436204232
-0.9919209114136541
-0.9884822805103664
-0.8889887622742426
-0.8331983563852389
-0.7399109451765004
-0.6736946298393756
-0.6644389016815766
-0.6456608208813458
-0.6255202301439237
-0.5337585668648683
-0.2547226462747175
-0.20664768173411277
-0.09497893093182834
0.3901378399609521
0.4272303543702401
0.4443803927346186
0.5246644229472063
0.5427041890283094
0.6810302234147962
0.6888427291454707
0.7162734526749616
0.7540896853416537
0.8643865684851402
0.89358606422914
0.9551130499113943
0.9614482073601125
0.9306223938367326
0.9067294202235563
0.8934818869728584
0.8828308987246316
0.8314113781132563
0.7168973900664729
0.6231162746248764
0.5531308129713793
0.4789128037647309
0.3514024404867496
0.3496655340294829
0.25098330814300335
0.20678211931111817
0.12747184300814432
0.11382295340284923
0.04143719435949123
0.03830483812653364
0.007572558270937682
-0.182311612414498
-0.5156835548651675
-0.5206455504953853
-0.5327096226086414
-0.5592367421136833
-0.6958978291320855
-0.7901497751880903
-0.9418928882049091
-0.9487757483167999
-0.9539050281039951
-0.9663285025912971
-0.9681911480174544
-0.997124307206471
-1.0116723705615174
-1.0383098702726081
-1.0137000883275338
-0.9977145107422881
-0.9887591025128437
-0.9547419715816297
-0.9222635529320486
-0.87876964782532
-0.7972892211440907
-0.7734829955947667
-0.7258173883799062
-0.7212404024022366
-0.6145723568444531
-0.3571260301501098
-0.3018354336453651
-0.2775107566839554
-0.1395686558143818
-0.10513709984256642
-0.031050664275653207
0.02607675675626333
0.05300891244954525
0.18933543465495706
0.5040723391279186
0.5963589181406748
0.7127036078985205
0.7306557738522176
0.8788311388039168
0.8795790768032773
0.9223096389242883
0.9464202361384233
0.9556742747819107
0.9601928698322308
0.9546175169707
0.9487813785032493
0.7876384398826333
0.7658249964712462
0.6006081177763348
0.47460304924223284
0.35665200427553595
0.34275613387626364
0.15415722673494434
0.1393387941344888
0.1102051741571135
0.047818425637185365
-0.11160882497453675
-0.35438232867138864
-0.5836250931727787
-0.8753235140507589
-0.9481557868894032
-1.0354646210984562
-0.997913950192849
-0.9281509367516567
-0.8359033361866325
-0.7734055885638814
-0.708158550317451
-0.6372832048564099
-0.48670063600683505
-0.204622150525766
-0.13111920011101633
0.19943565798163548
0.33855580858718837
0.44175296129277725
0.4963959702263526
0.49692657230075765
0.5784635881602566
0.5946407362418002
0.6205218122635107
0.6809690284513958
0.7671462748802593
0.880583432187403
0.9391490358268861
0.9456525636271095
0.9508441752368515
0.9610814048738879
0.9555193294251082
0.9109683139429803
0.9036548995449902
0.8965272116462026
0.7622724246491316
0.7477576221911206
0.7327943851622313
0.4862540968332607
0.4145097593868004
0.35013861257442824
0.3127898143621466
0.03765819819694444
-0.30340063406293605
-0.3191191952370727
-0.34494917874212777
-0.6821359797323518
-0.7375354800566277
-0.7513383793283059
-0.9689259120172609
-1.0314967756921027
-1.0376530559036985
-1.0385333661497824
-1.015103999238375
-1.014417691174348
-1.0070262419095894
-0.8005377883727514
-0.7330136208092739
-0.6878772941680685
-0.5228592158693557
-0.48560169290443783
-0.4799713590016341
-0.38825986019039915
-0.15175569639472622
0.22437344253353783
0.30634057233338224
0.36861083750725926
0.39086421544664857
0.4554773758541188
0.46636163123525737
0.7781829424863651
0.7986472648572072
0.8478093425380916
0.8501223420367247
0.8701837320183192
0.9082224071938952
0.957947072406344
0.9598980772600771
0.9377326971072577
0.9362230341473358
0.9289333600932054
0.9286162884161372
0.9223022340881992
0.9176661719177014
0.9034996861202403
0.6276301407669591
0.48204455667949053
0.3099271993559861
0.21775432300344705
0.19766081981976924
0.05965151492498783
-0.011818314811454098
-0.021868675989865194
-0.3799242813287319
-0.562921981059532
-0.7569364551898011
-0.8032797198958701
-0.8053011054830733
-0.9260703873369276
-0.947600053778227
-1.0011657098365168
-1.0375229641021007
-1.0370420898214774
-1.0312873501926434
-1.0288952338146722
-0.9768592047454958
-0.9766413430537519
-0.966924189767711
-0.9616901831168895
-0.9594981142086048
-0.8991929875579301
-0.8203741365867341
-0.8116769141007799
-0.6386760432693638
-0.6147903488543452
-0.6111894163949492
-0.5940656076890538
-0.373344937147068
-0.30322509947378395
-0.25750086911180753
-0.11343986291775744
0.018410683629418508
0.037218808888860824
0.381363453688752
0.45346102468843186
0.5825978664755853
0.6403200346801312
0.6634925147515689
0.7932898282006295
0.8598814512587072
0.9144765686426186
0.9152337535555513
0.9172849287863126
0.9596457728654314
0.9594252309975814
0.9377880301333381
0.9317577576103129
0.8548947866189857
0.6458954933664436
0.6376078736344593
0.5982905117696811
0.595379858736553
0.5772332992920225
0.5223979497728517
0.49452723554782974
0.2409606391074275
0.14751668170531584
-0.07254430134773829
-0.5037552394661228
-0.5203570997640197
-0.7349568114317512
-0.8244877358018541
-0.8931867819142612
-0.9332646436137497
-0.9479015555732782
-1.0283117568044378
-1.017004216448268
-0.9757558528716884
-0.932946730655562
-0.6879744015862369
-0.20857640719306475
-0.02467436165003961
0.13715139784207497
0.17842818051681802
0.21081127069553013
0.31734220997009915
0.3243787010409369
0.45425104140076467
0.4957600196292505
0.5498218508425861
0.607628768909902
0.6109796616135174
0.6628420319940334
0.6713024964617543
0.8485261026806894
0.8875801386133347
0.8910967594826185
0.9209680368869059
0.935088917578298
0.9443148039452792
0.9600369341961902
0.9615672781224534
0.9605462258911697
0.9498448959440673
0.8763189197332503
0.8155409069537569
0.2807772468516837
0.043846407678479735
0.003088435630486705
-0.10930435451211412
-0.139349576592601
-0.17428433438789392
-0.23375717444228855
-0.3587017902748428
-0.5549373589664791
-0.6189871635990103
-0.7043483386537803
-0.7489860348937684
-0.7520733135373944
-0.8068372117144623
-0.8296376807608395
-0.8532121901449
-0.8896486463587202
-0.9961158854785839
-1.0290263642837285
-1.0160903311845173
-0.9661996859748435
-0.8469225619127698
-0.7821158827140599
-0.7131359553293714
-0.5045191662343298
-0.36691865487917213
-0.2385698804668285
-0.23672270113297222
-0.07153202628332822
-0.0621107439561896
0.015147981972803752
0.328735491623789
0.34910303243994956
0.4157740635287607
0.45177640062594404
0.6375907952602132
0.6631036850892646
0.6911964280738367
0.7398686386605697
0.8094837493578111
0.8121398758960146
0.881551515850475
0.9367674302587955
0.9548553768963236
0.9236960088645872
0.921606429219991
0.9064939059509571
0.854842404309941
0.7807252644226654
0.5066838157822202
0.3053412473296061
0.2517142190655939
-0.021144554061529926
-0.03245305027237222
