-0.16865375543617916
-0.3466653667652227
-0.4505709549348926
-0.8048303453165622
-0.8295329427416753
-0.863937809829167
-0.9950964174748088
-1.0086681727437445
-1.0122927562778765
-1.0096502539544812
-1.0022621059766288
-0.9656349084001657
-0.9364816341453185
-0.7302550200701473
-0.6887722024350023
-0.5925645805642061
-0.46189721682902546
-0.23737133016342907
-0.23553583989858654
-0.15347453577843836
0.05490832051552241
0.09550431618976282
0.1216402260748089
0.5445316701455322
0.7999835823592842
0.8427623743692434
0.9302466033092474
0.9715153944277107
0.9781140225887025
0.9707386938076467
0.9270538957591434
0.8990039733275567
0.8659689198330894
0.8440197095041833
0.8303972223841755
0.7324674336545471
0.7278906520805639
0.609821630000181
0.5664025527492274
0.5138097612179652
0.40979592624209027
0.38580683075608047
0.24200370743542904
0.21215755664055172
-0.14431035393954736
-0.17977478490570575
-0.2762617147151704
-0.31973319312160364
-0.3643627096419916
-0.6233362530758736
-0.6293365546787786
-0.6422179681201929
-0.7337485966696771
-0.7643065426319346
-0.9277553076885342
-0.9424874198411749
-0.9451438781341066
-0.9973130898708076
-1.0140688781833977
-0.9992338641690427
-0.9145284958486503
-0.3464533772067205
-0.2615279538712833
-0.17285082362724874
-0.07853882187712055
-0.06410662622963555
-0.004432697425775567
0.11328374143580301
0.21816624024456407
0.5664993467921775
0.6078917280134699
0.6339107844927818
0.693402787973052
0.7375857704304779
0.911528321274299
0.9391742769953512
0.945266707974701
0.960808390453507
0.9551660933106774
0.9478338140221583
0.9326124337090201
0.9247272576658967
0.8528307958708781
0.8438188596424563
0.7541715936370226
0.6035441820051469
0.556345746995405
0.44110447079499027
0.42543031106248147
0.30143661458971394
-0.1808223618236983
-0.23819162102791858
-0.26934933988498244
-0.2808935348937393
-0.6114642731513917
-0.7951184763394066
-0.8444984353131384
-0.8800648292920653
-0.9262258634372279
-0.9325164479021084
-0.9400879111115863
-0.9616846161749236
-0.9819251082302378
-0.9890112569241316
-0.9960862225015161
-1.0027493668875187
-1.0205284507772883
-1.0205645990529397
-1.0132141962249301
-1.0083417752367756
-0.9997747476057373
-0.7253926810284941
-0.6685190511981703
-0.5445998043913084
-0.48285790630138425
-0.40780705790948446
-0.3827581052296589
-0.3692501124840596
-0.3121149645639213
-0.2740304551606293
-0.2484163871871492
-0.16261280490779154
-0.14143466855357578
-0.13956321800801985
-0.08576115758784475
-0.07823515065423309
-0.033025131565175246
0.09053215544240166
0.19831222097996415
0.24161308238887744
0.31830159991447643
0.3668894193890352
0.4848257727801268
0.5364543176907562
0.5653309353589722
0.6736949766532456
0.8624893656382343
0.8671661187156247
0.878188977753446
0.9761919980804639
0.9792501481127763
0.8504612978066057
0.7831061795383795
0.7651775106688281
0.736389453742751
0.6818744866562302
0.3047965872718034
0.25928685489699793
0.05126764933524541
-0.22861067220691936
-0.27323520980699484
-0.5875452838633565
-0.6787521254650829
-0.7188862959737059
-0.8380541714848301
-0.8652651474180816
-0.9486417596502877
-0.9767865209820646
-1.0201546561480477
-0.9745470164977562
-0.9711060208630724
-0.871563669443336
-0.8157534384950641
-0.7224380752912076
-0.6562043944068864
-0.6469463586990997
-0.6281636740807466
-0.6080182534322355
-0.5162357723782581
-0.2371442462313926
-0.18906042452103036
-0.07737157334538983
0.407830764953746
0.4449301178213799
0.4620833544495122
0.542382736807206
0.5604260557947705
0.6987812061874354
0.7065954882592569
0.734032602657439
0.7718581093435061
0.8821871672634586
0.9113976405965983
0.972961831840519
0.9793092377523955
0.9485224242473204
0.9246406392052126
0.9113982306182323
0.9007510044029471
0.8493467864218831
0.734858336403999
0.6410939366173324
0.5711195638241153
0.49691241914304246
0.3694191980384783
0.3676825146749418
0.2690126077964152
0.22481674263967566
0.14551578357973433
0.13186847150495515
0.05949097549222437
0.056358973358159356
0.02563015467148229
-0.16423297299635137
-0.49756748956210134
-0.5025289024559834
-0.5145915522760263
-0.541115515011896
-0.677759479329507
-0.7719982992367629
-0.9237149850274671
-0.9305963234810379
-0.9357244354886298
-0.9481449428454477
-0.9500071242324739
-0.978932166444446
-0.9934751094723848
-1.020090633515686
-0.9954633196593865
-0.9794724634124508
-0.9705145660756131
-0.9364896355301666
-0.9040051975182989
-0.8605044561613523
-0.7790134039700876
-0.7552044281975364
-0.7075336561717042
-0.7029561950131696
-0.5962778712572859
-0.3388106973195868
-0.2835160660417443
-0.2591896476843447
-0.12123798008884928
-0.08680410123358077
-0.012712730457482382
0.0444184517048052
0.07135237113426993
0.20768778268286947
0.5224458333924767
0.614739152824823
0.731093150879006
0.7490468757416954
0.8972377819308965
0.8979858202348193
0.9407230512494354
0.9648391642612295
0.9740965630622527
0.9786181004434218
0.9730506746321305
0.967216574065132
0.8060935920778171
0.7842817743077621
0.6190749909831894
0.49307611387333894
0.3751302112834022
0.36123491607986413
0.1726433539848306
0.1578254691211225
0.12869291622568618
0.06630841366331847
-0.09311328016967121
-0.33587855648793585
-0.5651133761809433
-0.8567999492816133
-0.9296282309934676
-1.0169247352650599
-0.9793696310977209
-0.9096027962569728
-0.8173518713276522
-0.7548523406679116
-0.6896036773016347
-0.6187267588791122
-0.468141297349713
-0.18605837180486737
-0.11255439650314797
0.2180046807347635
0.3571264918211058
0.46032486100169345
0.5149685149379469
0.5154991232919939
0.5970371112279229
0.6132144545226835
0.6390958451673711
0.6995438109072181
0.7857221834087468
0.8991610615287915
0.957727920594097
0.9642316492005132
0.9694234490098177
0.979661460210006
0.9740998722454695
0.9295497151512758
0.9222363802307255
0.9151087631876802
0.7808547488944215
0.7663399965737215
0.7513768072519289
0.5048369326187112
0.4330926291952951
0.3687214898004753
0.33137268685521765
0.056240858116715024
-0.2848186446758598
-0.30053724858010555
-0.3263673048871619
-0.6635554376751732
-0.7189552552825527
-0.7327582403463831
-0.9503478240223143
-1.012920258221995
-1.0190770171243018
-1.0199578659775757
-0.9965298973165444
-0.9958436131621758
-0.988452404600481
-0.7819677281193775
-0.7144444617243524
-0.6693087051523069
-0.5042925782788561
-0.46703547744885154
-0.46140520694899323
-0.36969473002566866
-0.1331931669183164
0.24293163179835742
0.32489772941580186
0.3871671764780027
0.4094202536429083
0.4740325113455308
0.484916609870226
0.7967323887439983
0.8171962203313784
0.8663569727687
0.8686699033316787
0.8887306618634166
0.9267679027092888
0.9764890439767304
0.9784396101953665
0.9562702798081614
0.9547605125862628
0.9474703730165637
0.9471532823016116
0.9408388657004496
0.9362025550542731
0.9220353786185254
0.6461579553676883
0.5005694052698
0.32844885945674795
0.2362743510294315
0.21618049621502236
0.07816879782098321
0.006697732993101158
-0.0033528021467737062
-0.3614148244869338
-0.5444161845007518
-0.738435219700919
-0.7847797625515198
-0.7868012063815388
-0.9075745606234746
-0.9291051505710676
-0.9826737501767175
-1.019037268844518
-1.0185565655359046
-1.0128030618777673
-1.0104113011988443
-0.9583794566367284
-0.9581616073598308
-0.9484449883020291
-0.9432112552711398
-0.9410192983554403
-0.8807168317863775
-0.8019007599047537
-0.7932038151146116
-0.6202077954551921
-0.5963227016752078
-0.5927218587413254
-0.5755984723251328
-0.35488287379075173
-0.28476455272468415
-0.23904129699956003
-0.09498331758504547
0.036864474052027224
0.05567220460267906
0.3998093106501154
0.4719051591269186
0.601038676119444
0.6587592159583615
0.6819310085033515
0.8117239244803124
0.8783126507818777
0.9329045729050486
0.9336617030834219
0.935712727774525
0.9780683265472758
0.9778451635033447
0.956204529615332
0.9501736744167242
0.8733057920989236
0.664298672789947
0.6560108001207965
0.6166922712107947
0.6137815337671598
0.5956344536558486
0.5407975830336447
0.5129261216320092
0.2593532482048461
0.16590712081111775
-0.05415886733106518
-0.485380036095363
-0.5019823263881639
-0.7165881544859917
-0.8061221440018888
-0.8748239567235925
-0.9149037223763157
-0.9295414136571816
-1.0099647958659412
-0.9986587492926727
-0.9574138106346191
-0.914607171864396
-0.6696441054084104
-0.19025853461577263
-0.006360774198417544
0.15546120967975674
0.19673701560265355
0.22911933312088495
0.3356476774243309
0.3426839935552302
0.47255299560056996
0.5140608514157263
0.5681211667283373
0.62592637955015
0.6292771702359502
0.6811379084245311
0.6895980960210097
0.8668147098260568
0.9058665908116159
0.9093829933063572
0.9392521455299447
0.953371745595902
0.9625965989084173
0.9783157037194312
0.9798447535774463
0.9788226692137543
0.9681188397161871
0.8945867943409881
0.8338057500903083
0.299026002294131
0.06208959748418939
0.02133068927745181
-0.0910646772603832
-0.12111058980103218
-0.15604615290673446
-0.21552037291944104
-0.34046794741726477
-0.5367084632650581
-0.6007600148806278
-0.686123679254205
-0.7307627763228406
-0.7338501549921107
-0.7886159099670391
-0.8114172069238816
-0.8349926152317309
-0.8714305688149724
-0.9779037156271736
-1.0108177023961025
-0.9978895000343211
-0.9480026943134034
-0.8287311030412723
-0.7639267274249629
-0.6949489883170774
-0.4863378946415671
-0.3487407183231975
-0.22039489621198335
-0.21854775861524045
-0.05336076600965197
-0.04393969184157583
0.03331732828333121
0.34689774492431985
0.36726480308981163
0.4339342219469725
0.4699356641618858
0.6557450307254626
0.6812571528654385
0.7093490190264805
0.7580196144732947
0.8276321149922694
0.8302881323164089
0.8996965000960889
0.9549085395658784
0.9729941940155306
0.941826331821739
0.9397365907017705
0.9246230049296797
0.8729686701057017
0.7988484496611962
0.5247988704977844
0.3234515443357045
0.2698233265407282
-0.0030412565126541023
-0.014349989197177367
