-0.1632960489861292
-0.3409515076809822
-0.44463880784779936
-0.798006115765656
-0.8226283458504746
-0.8569126890982306
-0.9873732979096316
-1.0007665674881923
-1.0043013512829226
-1.0013775558989138
-0.9938719165927504
-0.9569374336907767
-0.9276222869864544
-0.7206744937485211
-0.6790813118106562
-0.5826377777924863
-0.45168024993622274
-0.22670148625225892
-0.224862440884468
-0.14264370844735416
0.06613167085979131
0.10680399574661437
0.13298917345748465
0.5567286398258524
0.8128387615278391
0.8557603884947471
0.9436251190094491
0.9852182563978846
0.991927622143065
0.984930305194662
0.9415691782665243
0.9136528658637733
0.8807486392348052
0.8588763423422586
0.8452986191055759
0.7476463478452716
0.7430811520839291
0.6252844091326994
0.5819557619311979
0.5294675200426251
0.4256480668108466
0.4017019422223446
0.2581458114619139
0.2283491275299257
-0.12755086000417715
-0.16295947003482222
-0.2592934763766127
-0.3026952327633699
-0.3472523964693802
-0.6057780108652469
-0.6117670464540281
-0.6246240752443624
-0.7159719863233731
-0.7464642265037127
-0.9094809470675249
-0.924160985287359
-0.9268075870259167
-0.9787297670675935
-0.9953434405448752
-0.9800681858662049
-0.8950200368811058
-0.3259667222484253
-0.24093425236868068
-0.15214882556423368
-0.0577243735657927
-0.04327514921150885
0.016468837676557924
0.13432260322411443
0.2393277841403635
0.5880929773413958
0.6295422799019547
0.6555981934502721
0.7151783596516703
0.759431297493948
0.9337296016282941
0.9614635027039558
0.9675789012693743
0.9831903976071146
0.9779531785779155
0.9706509935814173
0.9554823143857206
0.9476209820920566
0.8758900761195817
0.8668950329519471
0.7773924878004402
0.6269557829729531
0.5798095439367363
0.4646862937005088
0.4490273665825974
0.32514904832747926
-0.15670568894811218
-0.21402818873254797
-0.2451604042566724
-0.2566951230974925
-0.5869797110098148
-0.7704442561283126
-0.819763961227988
-0.8552824938494177
-0.9013726776051253
-0.9076525063337001
-0.915210552672566
-0.9367654175685572
-0.9569595288205434
-0.9640267911756073
-0.9710807479270918
-0.9777212200875492
-0.9953767905949227
-0.9954057080992254
-0.9879751330658968
-0.9830793060054882
-0.9744806746484727
-0.699726592233662
-0.6428057447432547
-0.5187941614157622
-0.45701009384178226
-0.3819104554179528
-0.35684571761469136
-0.34332930346903223
-0.28615916883384324
-0.24805184212762568
-0.22242262515808134
-0.1365692616519897
-0.1153790311093674
-0.11350651498021004
-0.059674014445783775
-0.0521437763962284
-0.006908454317605691
0.11671733590654007
0.2245570285791117
0.26788198641941546
0.34461360551092485
0.3932291415347607
0.5112348137372229
0.5628949901950916
0.5917897589489702
0.7002259211781422
0.8891763396918542
0.8938579738776292
0.9048927045520053
1.0030711708153965
1.0061547420506767
0.8776056228908304
0.8103029922456113
0.7923867227045751
0.7636175692219913
0.7091356780726291
0.3322370230217217
0.28674581650310327
0.07880738567007313
-0.2009669536293017
-0.2455749076343511
-0.5597625479610545
-0.6509298786794451
-0.691045576469598
-0.8101522132389941
-0.8373471370821945
-0.9206645768830236
-0.9487824660590707
-0.9920550159788165
-0.9463615216122895
-0.942917241267316
-0.843307059591096
-0.7874692918457095
-0.694115104237242
-0.6278573035557236
-0.6185960628093581
-0.599806983799531
-0.5796548547546733
-0.4878434595940623
-0.20867470437448754
-0.16057858150063387
-0.048861814533489305
0.4364593556290895
0.473568204976213
0.49072588296834607
0.5710465843224936
0.5890948370573882
0.7274904186619479
0.7353071673602742
0.7627531560716505
0.8005915404681162
0.9109652744243245
0.940190990162701
1.0018068396193782
1.008171251323137
0.9774385832507744
0.9535723311144273
0.9403370369059856
0.9296950333366887
0.8783120588602554
0.7638590599425464
0.6701178632700143
0.6001588825190746
0.5259668181024364
0.3984973899993561
0.3967610162787838
0.29810820728930626
0.25391973083408004
0.17463170286851237
0.16098658016298603
0.08862055180209637
0.08548904108968677
0.05476502581773237
-0.13506889940578745
-0.4683514831740391
-0.47331208750723497
-0.4853727638685723
-0.5118923465650715
-0.6485125539430272
-0.7427331630490616
-0.894413187717259
-0.9012924153899455
-0.9064189075129878
-0.9188352990586989
-0.920696836766152
-0.9496106199707098
-0.9641464608659167
-0.9907315058665652
-0.9660798790091264
-0.9500817029139355
-0.9411203540535593
-0.9070846085387629
-0.8745918244599766
-0.8310816048291753
-0.7495758216251703
-0.7257630331924039
-0.6780851013698106
-0.6735069814999296
-0.5668144104172184
-0.30931834272954
-0.2540181200354173
-0.22968928851123074
-0.09172436447353052
-0.05728726704999666
0.016810941628418175
0.07394733470123384
0.10088369764264297
0.2372314238334956
0.5520187630715874
0.6443214163782769
0.7606883025164934
0.7786441856128945
0.9268566044827826
0.9276047816103244
0.9703512418607977
0.9944749873010938
1.0037370352134898
1.0082626432958586
1.002706183030656
0.9968749011381436
0.835779512795587
0.8139699419865319
0.6487771094759707
0.5227867855335697
0.40484798512770126
0.3909534842263051
0.20237206308367856
0.18755493429793071
0.15842385430246225
0.09604245156200594
-0.06337157468840111
-0.306125503445066
-0.5353493719220728
-0.8270196286530499
-0.8998424187076824
-0.9871219771523836
-0.9495607891663322
-0.8797887150978344
-0.7875332367432456
-0.7250312657459734
-0.6597803794723941
-0.5889013107745683
-0.43831189859761804
-0.1562229204083798
-0.08271755035843881
0.24784725643201383
0.3869713156951572
0.4901713287777504
0.5448158531052258
0.5453464699286524
0.6268857677470581
0.6430633737979685
0.6689451876987678
0.7293941605932985
0.8155740425242957
0.9290152163604191
0.987583738457665
0.9940877318010939
0.9992797793424841
1.0095188146154668
1.0039578605043684
0.9594088054192417
0.9520955712302256
0.9449680437407297
0.8107149822094594
0.796200289200203
0.7812371558049106
0.5346977125635939
0.46295342025226993
0.3985822598960111
0.3612334326346676
0.08610118318623937
-0.2549594053449536
-0.27067807596796845
-0.29650824558863154
-0.6336984043005435
-0.6890986968058809
-0.7029018099543494
-0.9204944274066945
-0.9830691613444533
-0.9892266185837839
-0.9901082520005436
-0.9666823151426038
-0.9659960656765094
-0.9586052062351593
-0.7521259898905205
-0.6846040221977115
-0.639469086527796
-0.4744557663739281
-0.4371992720803982
-0.43156909266232674
-0.3398600831332754
-0.1033622498961513
0.27275633624799295
0.35472095824926575
0.41698923617439804
0.4392418836063273
0.5038528518575498
0.5147367263672854
0.8265446115290842
0.8470077434805646
0.89616660716995
0.8984794395028127
0.9185392983260933
0.9565744960057804
1.0062906202857445
1.0082405622838149
0.9860656126546354
0.9845556971729603
0.9772648956754805
0.9769477778912086
0.9706328462024623
0.9659961822862937
0.9518280240117294
0.6759394083773271
0.5303466474059727
0.3582215764818073
0.2660447524159355
0.2459503987482235
0.10793530519859292
0.03646248871335245
0.026411706870524982
-0.3316594130676913
-0.514665960242295
-0.7086914571866936
-0.7550378104395801
-0.7570593367627961
-0.8778384582330195
-0.8993703558264254
-0.9529431228915028
-0.989315508381576
-0.9888350470305585
-0.9830832924412576
-0.9806920351053509
-0.9286661113051189
-0.9284482795925392
-0.9187324163423799
-0.9134990704122904
-0.9113072719354693
-0.8510085684184358
-0.7721964274719761
-0.7634998754482286
-0.5905107164494449
-0.5666264720115761
-0.5630257556716567
-0.5459029663902476
-0.3251945391386295
-0.25507836213743545
-0.2093564842199592
-0.0653027833564887
0.0665411144098993
0.08534828709606913
0.4294747395034475
0.5015681540748346
0.6306969735048747
0.6884152128021768
0.7115860340456734
0.84137273791711
0.9079573724836307
0.9625447815630762
0.9633018344363684
0.9653526465113015
1.0077008374850558
1.0074739729539945
0.9858284914459966
0.9797968135118704
0.9029219968095182
0.6939038291301599
0.6856155994059459
0.6462954230747096
0.6433845664770834
0.6252367513957822
0.5703977336329256
0.5425252175616037
0.2889434844493361
0.19549429442497473
-0.024578757275581876
-0.45581436263395103
-0.47241725965135917
-0.6870317176699103
-0.7765700316600183
-0.8452757475176238
-0.8853581991908324
-0.8999969898885023
-0.9804389654353636
-0.9691350258444201
-0.9278949179085123
-0.8850917818376368
-0.6401417787628461
-0.16077372757336306
0.023117990468767655
0.1849346506081219
0.22620907930642153
0.25859030737768257
0.36511499283660864
0.3721510623093258
0.5020153575332589
0.5435216308413824
0.5975798088852237
0.6553826175108133
0.6587332643644477
0.7105917013847508
0.719051498633303
0.8962582544226053
0.9353070974299383
0.9388231920695346
0.9686893483282554
0.9828071430589996
0.9920305400559045
1.007745379908054
1.0092726055460215
1.0082490662187567
0.9975417132266452
0.9240011126803735
0.863215795350555
0.3284133720554346
0.09146912299046
0.05070889537648135
-0.06169010225867251
-0.09173698790582537
-0.12667368597897277
-0.18614985083066693
-0.31110159506674734
-0.5073490829588866
-0.5714030965640451
-0.6567702690516554
-0.7014113402435121
-0.7044988598738213
-0.7592672315275264
-0.7820696952039776
-0.8056463703008752
-0.8420864340084526
-0.9485679059281635
-0.9814868360117287
-0.9685696682237541
-0.9186882727372626
-0.7994244775929487
-0.7346233478536704
-0.6656486921250153
-0.45704562343355715
-0.31945314618737897
-0.19111148382786636
-0.18926440503784114
-0.02408260060433385
-0.014661819724260765
0.06259279699680534
0.376163220037659
0.39652959818724814
0.46319674554735507
0.49919692695429085
0.6849992094863173
0.7105102500412402
0.7386008808624352
0.7872692007779857
0.8568780239031327
0.859533887359796
0.9289376451211184
0.984144225421085
1.0022266505714548
0.9710468217343589
0.9689568531291779
0.9538417705136357
0.9021834443502526
0.82805888410195
0.5539978510393118
0.3526438225412831
0.29901392902779145
0.02614116146710751
0.014832095661714246
