-0.1695878887134643
-0.3477003206872942
-0.45166770534004846
-0.8061796813050387
-0.8309050383101889
-0.8653440386707265
-0.9967003675001372
-1.0103226951903985
-1.0139727249167976
-1.0114099413722983
-1.0040550951611382
-0.9675150079247753
-0.9384076298326522
-0.7323855639114095
-0.6909340593270376
-0.5947933809753657
-0.4642083734060921
-0.23981106474268793
-0.23797658401205043
-0.15595998743190825
0.05231137215399215
0.09288568221558141
0.11900759407789367
0.5416580097324128
0.7969227322134165
0.8396608907637365
0.9270368545252353
0.968213335336873
0.9747804423655243
0.967297495890843
0.9235205294638675
0.8954325548095557
0.8623602386847032
0.8403891201716829
0.826753881943713
0.7287450340529255
0.7241649516327717
0.6060183497712821
0.562573503879494
0.5099509186251705
0.4058816857744861
0.38188034300535906
0.23800681811429128
0.20814656643897292
-0.1484832595921786
-0.18396360757028551
-0.2804941447380638
-0.3239855059625781
-0.36863565620019995
-0.6277369556666607
-0.6337404708242446
-0.646628839875749
-0.7382115900117142
-0.7687882800264935
-0.9323603078163002
-0.9471072781234913
-0.9497665488013628
-1.0020062498670392
-1.0188025929021027
-1.0040932215994627
-0.919485694449366
-0.35168984425503985
-0.2667949869119711
-0.1781487805245271
-0.08386888968942265
-0.06944155678850278
-0.009787634127347268
0.10788958793370253
0.21273705083117453
0.5609467520146856
0.6023228753190499
0.6283314045329426
0.687798226237064
0.7319612270699067
0.9058021576411099
0.9334229906488224
0.9395088605617892
0.9550305993632419
0.9492725778033726
0.9419317006494543
0.9266952636253284
0.9188032753676452
0.8468595129623574
0.8378427501622573
0.7481541348120082
0.5974722330031474
0.5502588838139195
0.4349838829948144
0.4193053706550691
0.2952787053005388
-0.18709578643614225
-0.24447840814886165
-0.27564341517749963
-0.28719031823034363
-0.6178428329598888
-0.8015512390970869
-0.8509484185619132
-0.8865284913847952
-0.932709774866144
-0.9390034333853762
-0.9465787312248642
-0.9681873945363502
-0.9884411426820064
-0.9955326893053454
-1.0026136594618476
-1.0092832838691046
-1.0270976699150718
-1.027135884884981
-1.019808396976617
-1.014942665993955
-1.0063846714880809
-0.7321089394067855
-0.6752488063651776
-0.5513559534726881
-0.48962610942495843
-0.41458920763124973
-0.38954476713878256
-0.37603918165968303
-0.31891403476076263
-0.2808360477544145
-0.2552263101798764
-0.1694369581196804
-0.1482622789659607
-0.14639113302451276
-0.09259777413070176
-0.08507297669498161
-0.03987019067976415
0.08366751397864441
0.1914305343388734
0.23472450743669288
0.3114007037050672
0.3599805999327699
0.4778971372352453
0.529516639611488
0.5583880683980197
0.6667314922354949
0.8554812758608326
0.8601566335235888
0.8711760986860424
0.9691289617389065
0.9721798441478074
0.8433224563252867
0.77595233190834
0.758020118070079
0.7292266566370079
0.6747022330847812
0.29757308669413335
0.2520580575946071
0.04401575757638837
-0.23589229413457705
-0.2805215732905321
-0.5948666537955631
-0.6860847925622153
-0.7262242449161004
-0.8454096303458336
-0.8726251960650497
-0.9560187276308255
-0.9841711726529732
-1.0275666393181284
-0.9819835493006306
-0.9785434929181124
-0.8790205374994683
-0.8232181807644555
-0.7299139195858536
-0.6636871359306078
-0.6544300167299762
-0.6356491606428817
-0.6155056583214811
-0.5237314455611806
-0.24466200422602946
-0.19658170026652827
-0.08490083219286701
0.4002675227832333
0.4373641597984982
0.45451612625876187
0.534809411649678
0.552851319639313
0.6911949070317281
0.6990084836614899
0.7264430600466549
0.7642648837476362
0.8745811642812062
0.9037872782063688
0.9653366946608695
0.9716792366424141
0.9408769363288232
0.9169907084250709
0.9037462649034237
0.8930975448415848
0.8416872504691139
0.7271886599680787
0.6334176229726748
0.5634388472412065
0.4892273887483988
0.3617273613718686
0.3599905894302449
0.26131579139789224
0.2171178125461144
0.13781315423268206
0.12416521583063625
0.05178443916691267
0.048652296446650485
0.017922103592188203
-0.171949378516595
-0.5052987531343132
-0.5102603973668347
-0.5223236118175344
-0.5488488277418803
-0.6854995893815492
-0.7797436199211247
-0.931470795990296
-0.9383527384471929
-0.9434813139889395
-0.9559029991020576
-0.9577653646814687
-0.9866936287558855
-1.0012386041570625
-1.0278628505376783
-1.003242494876433
-0.987253733593561
-0.9782968241071628
-0.9442749889392537
-0.9117929397352861
-0.8682949113126026
-0.7868080756760516
-0.7630001912565523
-0.7153314687180383
-0.7107541961175319
-0.6040799507988813
-0.3466210485992619
-0.2913280181418473
-0.26700229068412734
-0.12905441858457917
-0.09462146128023985
-0.02053204839764805
0.03659764168659882
0.06353086143513148
0.1998627466562454
0.5146124096245935
0.6069030556995688
0.7232533621617726
0.7412064688012024
0.8893912121911136
0.8901392107226047
0.9328737974970867
0.9569877236107758
0.9662437902430001
0.970764161147916
0.9651935928862714
0.9593586845016756
0.7982277929566036
0.7764153309887859
0.6112045475432408
0.4852032175565103
0.36725527793122953
0.35335975489118
0.16476528367239737
0.1499471818895648
0.12081420640844151
0.058428814440600316
-0.10099507965675592
-0.343763613012826
-0.5730015769970901
-0.8646928370855331
-0.9375226970497819
-1.0248240744385144
-0.9872707211990743
-0.9175053949724965
-0.825255781856333
-0.7627569545381399
-0.697508932047773
-0.6266326337604158
-0.4760483121656096
-0.1939671348307464
-0.12046356274765023
0.21009385618975934
0.3492150155362951
0.45241290766591485
0.5070563088246618
0.5075869147183224
0.5891245219460272
0.6053017888260509
0.6311830563439654
0.6916307289092598
0.7778086614528282
0.8912468687059305
0.9498132399131931
0.9563168906551951
0.9615086175397134
0.9717463265239931
0.9661845507105193
0.9216340647236758
0.9143206995248865
0.907193055521596
0.7729387503978156
0.7584239795409193
0.7434607726494002
0.4969207528019453
0.4251764406842907
0.3608053025114625
0.3234565038113117
0.04832477622528201
-0.29273443966956797
-0.3084530256204544
-0.33428305138714687
-0.6714706317494185
-0.7268703187821602
-0.7406732685825629
-0.9582620130043841
-1.0208338076659285
-1.0269903719878886
-1.0278710020633819
-1.0044424661062419
-1.0037561722586081
-0.996364866125387
-0.7898786609989269
-0.7223550304219178
-0.6772190435580757
-0.5122021288097328
-0.4749448576278522
-0.46931456154417267
-0.3776036723577475
-0.14110106066426858
0.2350254863930126
0.3169919995515584
0.37926177591425553
0.40151497413220616
0.4661275951084475
0.4770117567507333
0.7888297608192173
0.8092937897228477
0.8584550749053079
0.8607680331779347
0.8808290455192956
0.9188668628222904
0.968589419991909
0.9705401624173874
0.9483724185928644
0.946862693239319
0.9395727406018617
0.9392556575316068
0.9329413863997371
0.9283051755255392
0.9141382763960061
0.6382640153371278
0.49267665539226696
0.32055738878901097
0.22838353506299003
0.20828982129720697
0.07027908293837398
-0.0011914865340919532
-0.011241951905805667
-0.36930140102834313
-0.552301293555224
-0.7463185003859245
-0.7926625309231673
-0.7946839514084519
-0.9154556734689268
-0.9369858933096369
-0.9905533133153079
-1.026914321886282
-1.0264335500760478
-1.0206795512224236
-1.0182876480342695
-0.9662541270557494
-0.9660362728053936
-0.9563194397339959
-0.9510855970910242
-0.9488935953113085
-0.888590063150175
-0.8097728780664001
-0.8010758220448502
-0.6280778593390118
-0.6041925249982404
-0.6005916462086546
-0.583468090662759
-0.3627504608564526
-0.29263153244371864
-0.24690788641965952
-0.10284869495320556
0.02900019981745057
0.04780808841537037
0.3919482129160567
0.46404475103166537
0.5931795991125492
0.6509007908500078
0.6740728586347139
0.8038675350106855
0.8704574208930125
0.9250506220441898
0.9258077741318085
0.9278588590811215
0.970216557390116
0.9699944434793337
0.9483551836264734
0.9423245616335771
0.865458644936259
0.6564546576027784
0.6481668861550782
0.6088488242752663
0.6059381206109951
0.5877912488593796
0.5329549869448129
0.5050838245418677
0.25151346291360405
0.15806820383480566
-0.06199578159184314
-0.4932128569313747
-0.509814975183455
-0.7244183561531062
-0.8139511193675937
-0.8826518252458903
-0.9227308291905338
-0.9373682086934327
-1.0177863178826514
-1.0064796737487034
-0.9652333650316385
-0.9224257328314523
-0.6774589612432972
-0.19806842113991685
-0.014168946778158593
0.1476545472275887
0.1889307438170078
0.22131337037130488
0.3278427525619568
0.33487913866163344
0.46474947588651855
0.5062577806140807
0.5603187022125448
0.6181245970448062
0.6214754285323488
0.6733368195095317
0.6817971178391719
0.8590165281868049
0.8980692710073139
0.9015857608369433
0.9314557629842155
0.9455758752079287
0.9548011416661191
0.9705214564222752
0.9720510238053035
0.9710293522114825
0.9603265223273818
0.8867969040843378
0.8260170721392431
0.2912437577468882
0.054309578548532314
0.013551044694041593
-0.09884329159635968
-0.12888892803730734
-0.16382416911782896
-0.22329783731828529
-0.3482442287229349
-0.5444827663502017
-0.6085336194046194
-0.6938962883861013
-0.738534825314463
-0.7416221639871933
-0.7963871764992185
-0.8191881424070971
-0.8427631912712081
-0.8792005461177353
-0.9856713307041728
-1.0185839148066493
-1.005652581343954
-0.9557642404302878
-0.836490436930076
-0.7716851402570464
-0.7027065261993477
-0.49409315531101994
-0.3564946455474121
-0.22814764302604243
-0.22630048874170933
-0.06111202388302372
-0.05169086648801808
0.025566835656777434
0.3391500882275923
0.35951733936553043
0.42618740282098166
0.462189202824741
0.6480005796860252
0.6735130087582609
0.7016052254845505
0.7502764666837918
0.8198900107804283
0.8225460717694557
0.8919557477946756
0.9471693364929731
0.9652559073721865
0.9340914411683142
0.9320017646063011
0.9168886036232786
0.8652354015040586
0.7911164126599725
0.5170700840413845
0.31572465997518134
0.26209691774402466
-0.010765342561698404
-0.02207398070682573
