-0.16239327484444263
-0.33999781324223605
-0.44365390476283006
-0.7968936812560533
-0.8215044230994925
-0.8557715382495951
-0.9861323828146624
-0.9995001447205285
-1.0030220956139058
-1.0000581041828205
-0.9925356767640247
-0.9555572896188856
-0.9262190168407459
-0.7191682083074432
-0.6775592640955498
-0.5810820392667934
-0.4500830770837813
-0.22503965374149956
-0.22320010083843317
-0.14095889425883998
0.06787251477096964
0.10855573408249333
0.13474794358996717
0.5586084238856592
0.8148124465856317
0.8577544476374723
0.9456734482448779
0.9873128408976857
0.994037997879094
0.9870945813836594
0.9437796014537072
0.9158823370138487
0.8829967608400505
0.861135428263677
0.847564086184374
0.7499513736342346
0.7453878293048267
0.6276298952792455
0.5843141367671444
0.5318407956009773
0.42804904514736936
0.40410904447213997
0.26058811208805804
0.2307984773126646
-0.12502058568049026
-0.16042124224503346
-0.25673346028919936
-0.3001252830360077
-0.34467213843981787
-0.6031339387019952
-0.609121369356612
-0.6219749243702164
-0.7132968065158705
-0.7437796868405555
-0.9067348651818038
-0.9214074861111565
-0.9240526839129236
-0.9759396783529746
-0.9925331106121035
-0.9771951562066711
-0.8920981910448684
-0.3229055833350027
-0.23785787143575868
-0.1490570248519356
-0.054616561889435866
-0.04016491296364665
0.019589048836934166
0.1374623667768336
0.24248501471756922
0.5913117246858136
0.6327691309740275
0.6588302917281568
0.718423009240307
0.7626859062084971
0.9370348555553671
0.9647812762630199
0.9708999444038663
0.9865213791182595
0.9813418236629877
0.9740439225436804
0.958882745240902
0.9510248070414199
0.8793174672734151
0.870324828742956
0.7808428836692455
0.6304333242790423
0.5832945147944538
0.46818806418661474
0.4525313052413744
0.32866940953704665
-0.1531277910387386
-0.21044363553187856
-0.2415722211653576
-0.2531055912647524
-0.5833494519556768
-0.7667870039429245
-0.8160981334818846
-0.8516098543221085
-0.8976899544715444
-0.9039682524214906
-0.9115243892453987
-0.933073299380747
-0.9532608096640172
-0.9603253841006251
-0.9673763508642322
-0.9740135963062527
-0.9916515884471552
-0.9916794768765688
-0.984237491866442
-0.9793383337050607
-0.9707352045840941
-0.6959281785725988
-0.6390006113803323
-0.514975887399895
-0.4531858186035929
-0.3780792367958049
-0.3530122525924507
-0.33949463998810153
-0.2823195263623805
-0.24420895251181976
-0.2185775796821253
-0.13271713180363398
-0.11152518013915111
-0.10965251236704215
-0.055815679911655564
-0.048284839734309255
-0.0030459168046312914
0.12058962203501766
0.22843780014227388
0.2717661870947808
0.348503939865618
0.3971234201553291
0.5151389568962815
0.566803634723949
0.5957009864883287
0.7041474119380774
0.8931200341834098
0.8978023629702058
0.9088387830245075
1.0070422157780574
1.010129404504979
0.8816143993156924
0.814319237639962
0.7964047325151516
0.7676382689773321
0.713161084499254
0.3362879355523041
0.2907993652079645
0.08287242833981671
-0.19688711474104184
-0.24149270898321226
-0.5556629276905464
-0.6468246362710522
-0.6869377055213248
-0.806035628470056
-0.8332282682266818
-0.9165372882813585
-0.944651353786895
-0.9879103028461088
-0.942204592287234
-0.9387598445658455
-0.8391400114629365
-0.7832983255845747
-0.6899386137828473
-0.6236773811900223
-0.614415684412067
-0.5956256955714605
-0.5754726120181974
-0.48365710280513324
-0.20447735910229234
-0.15637948597735035
-0.044658747069075626
0.44067933064070625
0.4777895311437371
0.4949478410508227
0.5752715756532152
0.5933205303555967
0.731721864436903
0.7395389640806527
0.7669862154054969
0.8048264320037462
0.9152065222905994
0.9444344066432045
1.0060576057139152
1.0124244368755886
0.981699472135155
0.9578354298594628
0.9446011478073033
0.9339598872576893
0.8825799350562011
0.7681319796522226
0.6743940839759165
0.604437292960683
0.5302473739115252
0.40278133065003763
0.4010450009796789
0.3023946243485898
0.25820719900951083
0.17892101061148524
0.16527619936278737
0.09291180236956062
0.08978036156570482
0.059057029615930845
-0.13077274137602082
-0.46404793754973833
-0.46900842686466565
-0.48106882250051103
-0.507587782135517
-0.6442046101163096
-0.7384226287957035
-0.8900974386503532
-0.8969763660825492
-0.9021026277912663
-0.9145184339005126
-0.916379880050627
-0.9452920617761993
-0.9598268924738641
-0.9864076022557996
-0.9617525173109368
-0.9457533001172383
-0.9367914603514015
-0.9027541766514712
-0.8702602055471761
-0.8267486378772768
-0.7452407596019566
-0.7214274289327348
-0.6737484788520433
-0.6691702653015249
-0.5624756680147267
-0.3049754913038257
-0.24967447346987848
-0.2253452987784517
-0.08737848962079839
-0.052940934511177304
0.02115824651904033
0.07829538057558388
0.10523209097790434
0.24158156824948188
0.5563730719616973
0.6486770523644233
0.7650457708787867
0.7830019608171034
0.9312174380824071
0.9319656349453508
0.9747134072165822
0.9988382376409778
1.0081009464287758
1.012627133154191
1.0070722315692984
1.0012413503197921
0.8401498837887605
0.8183406323065726
0.6531497823092329
0.5271606737361472
0.4092228824578689
0.39532849441265977
0.20674851404735936
0.1919314926759505
0.16280062192983114
0.10041965955914951
-0.05899327747485561
-0.3017455944377235
-0.5309679076533274
-0.8226358477052792
-0.8954578581985789
-0.9827350118271325
-0.9451729608005467
-0.8754001436807717
-0.7831440196952364
-0.7206417027509283
-0.6553905014004469
-0.5845111279670856
-0.43392115604112524
-0.1518313206899149
-0.07832575320450952
0.2522398641980297
0.3913642412863245
0.49456448665380615
0.5492091339229594
0.5497397519425068
0.6312792347115918
0.6474568778518915
0.6733387514892231
0.7337878664850458
0.8199679612501698
0.9334094583866953
0.9919782142474286
0.9984822447563151
1.0036743270614905
1.0139135058636173
1.0083526404059946
0.963803738916441
0.9564905187170424
0.9493630036549938
0.8151100734075143
0.8005953884704292
0.7856322626653246
0.5390928757134686
0.4673485836977454
0.40297741924689245
0.3656285878945523
0.09049627412081306
-0.2505644743928323
-0.26628315477141545
-0.2921133409493387
-0.6293037941963683
-0.684704155492147
-0.6985072871833152
-0.9161003428973927
-0.9786754082775311
-0.9848329660742411
-0.9857147124245715
-0.9622890678652404
-0.9616028233875925
-0.9542120141493232
-0.7477335823468956
-0.680211801120989
-0.6350769832937131
-0.47006406593721756
-0.4328076586676595
-0.42717749231711843
-0.33546869329481876
-0.09897139497163122
0.27714630062161905
0.3591107111620913
0.4213788215611652
0.4436314074197564
0.5082421909248859
0.5191260333403939
0.8309327878384464
0.8513958195984509
0.9005544128249966
0.9028672310922186
0.9229269610883102
0.9609618662293408
1.010677272277934
1.0126271249215764
0.9904513710032087
0.9889414343027872
0.9816505380721737
0.9813334164138596
0.9750184110086081
0.9703816965349986
0.9562133977493892
0.6803231806196025
0.534729817228075
0.362604098984067
0.27042694368571674
0.25033251866304657
0.11231693949346543
0.04084387247375894
0.030793055346291117
-0.3272793656819991
-0.5102866546223191
-0.7043130755301367
-0.7506596876393398
-0.7526812257575334
-0.8734611718064337
-0.8949932563555133
-0.9485666192305907
-0.9849402723060763
-0.9844598455434609
-0.9787083409854572
-0.9763171556022846
-0.9242920781504707
-0.9240742489485766
-0.9143584937350437
-0.9091252031376511
-0.9069334273082429
-0.84663526167747
-0.7678236825979879
-0.7591271867132919
-0.586139008300289
-0.5622548852546378
-0.5586541870081011
-0.5415314830716954
-0.32082408074411184
-0.2507082101650298
-0.20498652915681892
-0.06093343975192665
0.07090990154453006
0.08971699450772237
0.43384192447618813
0.5059349912464002
0.6350631394139047
0.6927810499786111
0.7159517324304208
0.8457375486529647
0.9123215985638377
0.9669083627997213
0.9676654046274267
0.969716186323128
1.0120633188644486
1.0118359254731406
0.990189751358907
0.984157955877215
0.9072821484445943
0.6982624023084356
0.6899741215734654
0.6506537098837349
0.6477428362632448
0.629594916181031
0.5747555916699499
0.5468829249254563
0.2932999261112694
0.1998502985643989
-0.02022376221085203
-0.4514614298720556
-0.4680644135599517
-0.6826801043475769
-0.7722190360721262
-0.8409253094725658
-0.8810081448272225
-0.8956470925691662
-0.9760917239958107
-0.9647880853609931
-0.9235486674290134
-0.8807460316680187
-0.6357978944811036
-0.15643234561437924
0.027458509411625046
0.18927440918203597
0.23054864117763174
0.26292971364842327
0.36945387653391126
0.37648991077783767
0.5063535337553925
0.5478595810447136
0.6019174538376264
0.6597199190899533
0.6630705454011553
0.7149286537639616
0.7233883952623312
0.9005937431213946
0.9396421522455057
0.9431582029174023
0.9730239312949324
0.9871414681899422
0.9963646571980533
1.0120788879372262
1.0136058530445993
1.0125821059234177
1.0018742497168425
0.9283324273558011
0.8675464997663089
0.33274083811388877
0.09579546880296931
0.055035052763888384
-0.05736446342867421
-0.0874114880449966
-0.1223483482024993
-0.18182479079569167
-0.30677713050850125
-0.5030256140676977
-0.567079979264504
-0.652447652737446
-0.6970890058484882
-0.7001765456090447
-0.7549452909428473
-0.7777479212348071
-0.8013247772376433
-0.8377651422846878
-0.9442478030792459
-0.977167439094137
-0.9642518470925441
-0.9143712242073818
-0.7951085423739457
-0.7303078761542036
-0.661333660739118
-0.45273173802977584
-0.3151399318170035
-0.18679886347373373
-0.18495179308135
-0.01977072952144774
-0.010349990522986317
0.0669042829915709
0.3804732789492704
0.4008395599930634
0.46750638298522507
0.5035063843499636
0.689307655291067
0.7148185413973005
0.7429089958139578
0.7915769907875929
0.8611852887880403
0.8638411302727469
0.9332442297337447
0.9884500304782836
1.006531994493926
0.9753504568600414
0.9732604557708158
0.9581451594116578
0.9064862633006731
0.8323610833464883
0.5582984147199859
0.3569434291627272
0.3033132963655942
0.03043936010314877
0.019130246730035584
