-0.1675897289174746
-0.34551620671961236
-0.4493696149627202
-0.803415745294479
-0.8280991286180424
-0.8624751804506632
-0.9934668921802341
-1.0069959655186227
-1.0105990740948116
-1.0078892988655914
-1.0004730504199957
-0.9637723542464323
-0.9345803592457673
-0.728181209022673
-0.6866719837422522
-0.5904079099576602
-0.4596711055496971
-0.2350368236886521
-0.2332004824453146
-0.1511014938756412
0.057375332252008665
0.09798960267696283
0.12413730854206528
0.5472318236697314
0.8028413950387369
0.8456544045308657
0.933229794027714
0.9745763006971004
0.9812014641108334
0.9739167222377881
0.9303094968016817
0.9022915980759953
0.8692879023633658
0.847357127873747
0.8337453706515605
0.7358821056764352
0.7313081014445907
0.6133043522821058
0.5699069546334388
0.5173392283249427
0.41337199703701677
0.38939320426386026
0.2456493019562379
0.2158150121592622
-0.1405167143740607
-0.1759677589599165
-0.2724180154974399
-0.3158727731652085
-0.3604849377785359
-0.6193510517476557
-0.6253486512357657
-0.6382242160826165
-0.7297110194751094
-0.7602532054092341
-0.9235983366972308
-0.9383179574354958
-0.9409720513408832
-0.9930820038969651
-1.009803699901919
-0.9948630704640071
-0.9100754628126997
-0.34176563514825287
-0.25681452513698466
-0.16811140791272097
-0.07377242208769874
-0.05933614012143289
0.00035460036342623014
0.11810399361416447
0.2230159329974918
0.5714527326405437
0.6128587743450263
0.6388866761533241
0.6983998379519833
0.7425996092626973
0.916627540590849
0.9442946036074262
0.9503925469457137
0.9659509852494617
0.9604059120298741
0.9530808559080185
0.9378721248523344
0.9299926717773165
0.8581359469820903
0.8491280654900615
0.7595155361878592
0.6089338997523356
0.5617479934333578
0.4465350474211867
0.4308645440478787
0.3068985425290241
-0.1752633997384548
-0.2326214345382895
-0.2637730314086703
-0.2753149516930018
-0.6058169996632433
-0.7894256746719231
-0.8387911693270144
-0.8743460738425788
-0.9204900997681352
-0.9267781022222769
-0.9343463445891041
-0.9559330055171594
-0.9761623633785932
-0.9832439782000162
-0.9903139003715216
-0.9969716020253631
-1.014721034934962
-1.0147554473627953
-1.0073857980172358
-1.0025077580370447
-0.9939331434253235
-0.7194617672803518
-0.6625768017853666
-0.538635387414223
-0.4768833654996189
-0.40182080382362584
-0.37676806151704806
-0.36325804699523156
-0.306114499592369
-0.26802451228449026
-0.24240680738454443
-0.1565912737505156
-0.13541023384770157
-0.13353852747885914
-0.07972915904681256
-0.07220213631285946
-0.02698604251230055
0.09658769071273199
0.20438207155825855
0.2476887180633032
0.3243875834782605
0.3729820571981606
0.4909350528382267
0.5425711919596479
0.5714521674094503
0.679833523817918
0.8686653733162603
0.8733432982852142
0.8843690075522146
0.9824141504512054
0.9854784038607798
0.8567471110599585
0.7894045947537358
0.7714789028940341
0.7426953845839327
0.6881883588660054
0.3111534954379781
0.2656482110858636
0.0576483994439526
-0.22220495592941755
-0.2668255117870008
-0.5811061892045546
-0.6723035440908924
-0.7124332792190183
-0.8315864509956437
-0.858793572728513
-0.9421559772720446
-0.9702942864001682
-1.0136394707188698
-0.9680112164342399
-0.9645694321021187
-0.8650107937835871
-0.8091939508701661
-0.7158692653563926
-0.6496297929334578
-0.640370987644797
-0.6215867676301975
-0.6014397361865491
-0.5096503123698731
-0.23054024209900742
-0.18245346663466427
-0.07075791230314393
0.41447296029315267
0.45157459351092355
0.46872889662664863
0.5490333982446065
0.5670779019594991
0.7054427610311849
0.7132576354123796
0.740696880795896
0.7785254798083819
0.8888652658569931
0.9180793993978837
0.9796559955932878
0.9860074852283798
0.9552336741817457
0.9313556192417505
0.918114919121317
0.9074689470890909
0.8560698306132358
0.7415898940530326
0.6478310664707407
0.5778603900875375
0.5036568669642929
0.3761693598451981
0.3744327508440471
0.27576695012896413
0.23157285942406447
0.1522750058774245
0.13862821960031602
0.06625347766127929
0.06312159354748384
0.0323939284547307
-0.15746218585830085
-0.4907842297964867
-0.4957454484964562
-0.507807624345893
-0.5343305351144559
-0.6709687936042735
-0.7652032396666995
-0.9169111200632316
-0.9237919515345641
-0.9289196744662717
-0.9413391932547316
-0.9432012200373574
-0.9721235579522456
-0.9866647951079471
-1.013272998217985
-0.9886398443283778
-0.972647229809411
-0.9636885033907319
-0.9296609749875677
-0.8971745321492732
-0.8536715139715246
-0.7721769231201709
-0.7483670314653884
-0.7006945394909565
-0.6961169200938822
-0.589435173745991
-0.3319610585223771
-0.2766650839534465
-0.25233808584884077
-0.11438323343679192
-0.07994858131930103
-0.00585556771872104
0.05127686639378469
0.07821137289512656
0.21454974317369507
0.5293148311111001
0.6216103933249365
0.7379674882756893
0.7559217317548408
0.9041178075624896
0.904865879227705
0.9476053281959509
0.9717232754765104
0.9809817916051534
0.985504307321039
0.9799395170058706
0.9741060939093349
0.8129897445779218
0.7911784669517389
0.6259750374141767
0.49997821664980135
0.38203402166150213
0.36813891744066457
0.17954979375872918
0.164732090704374
0.13559989199170522
0.0732161348482712
-0.08620371504936492
-0.3289662621659289
-0.558198447606803
-0.8498810950603698
-0.922708055230873
-1.0100004804437497
-0.9724439113109843
-0.9026758145983088
-0.8104237927238963
-0.7479236740639891
-0.6826744750130056
-0.6117970383350546
-0.46121062441462385
-0.17912623909504097
-0.10562192727219427
0.22493853308041298
0.3640608872663902
0.46725965375091033
0.5219035181185406
0.5224341285204673
0.6039724332510656
0.6201498401105404
0.646031333160455
0.7064795426477987
0.7926582806684371
0.9060977153524794
0.964664978291964
0.9711687712659091
0.9763606313311202
0.9865988918982225
0.9810374585733641
0.9364875711860577
0.9291742609983341
0.9220466659590921
0.7877928872465545
0.7732781497510623
0.7583149744422545
0.5117752114884311
0.44003091277690587
0.3756597701168519
0.3383109623362876
0.0631790396750316
-0.2778807150834598
-0.2935993345908705
-0.31942941741605646
-0.6566180266892638
-0.7120179563899722
-0.7258209717035758
-0.9434112733542224
-1.0059842530503096
-1.0121411777379568
-1.0130222129103956
-0.9895947270320613
-0.988908451123044
-0.9815173255517741
-0.775033947999661
-0.7075109907759691
-0.6623754296643217
-0.4973599712652488
-0.4601030149272597
-0.4544727661262967
-0.36276263882102877
-0.1262619646369072
0.24986135280335142
0.33182709848529646
0.3940962666832303
0.4163492413424349
0.480961191451674
0.49184523653611706
0.8036591319079475
0.8241227965223686
0.8732830981720446
0.8755960052894672
0.8956565490745514
0.9336933022198639
0.9834132457871048
0.9853636629720269
0.9631929908531117
0.9616831882275955
0.9543928905914264
0.9540757934123368
0.9477612538076629
0.9431248587992171
0.92895744789233
0.6530773514146829
0.5074877954102108
0.3353661685352179
0.24319110686183595
0.22309713285991853
0.08508462325950952
0.013613139890182794
0.0035625458021412513
-0.35450165050015126
-0.5375042501564297
-0.7315248297111323
-0.7778698052674702
-0.779891268814459
-0.9006660015429542
-0.9221969040561426
-0.9757664998329487
-1.0121321381132302
-1.0116514926468243
-1.0058984071232664
-1.0035067667752662
-0.9514763376871661
-0.9512584926094594
-0.9415420542469654
-0.9363084137629037
-0.9341164947263447
-0.8738149278306653
-0.7949997957860206
-0.786302944902782
-0.6133085656053653
-0.5894236749054694
-0.5858228622406534
-0.5686996186018355
-0.3479857347915427
-0.27786792640664937
-0.2321450001413311
-0.08808804382533494
0.043758816678294316
0.06256641382636424
0.40670097218798557
0.4787962386079941
0.6079286321825174
0.66564862184025
0.6888201820940079
0.8186116123944484
0.8851993601027511
0.9397902028525339
0.9405473145418789
0.9425982883816211
0.9849521154073325
0.9847280670488535
0.9630862736990287
0.9570552217152556
0.8801856807822718
0.6711759187702935
0.6628879606942609
0.6235690377231147
0.6206582717779169
0.6025110158620076
0.5476736316422675
0.5198019179617497
0.2662269252526411
0.17278006525016268
-0.04728761258087276
-0.47851223484519345
-0.495114670280298
-0.7097225628724707
-0.7992575869260753
-0.8679603333974082
-0.9080407416328361
-0.9226786959306578
-1.0031065263673142
-0.9918009838733916
-0.9505572009356108
-0.9077514001705037
-0.6627914591130005
-0.18341007996491124
0.0004862347618357927
0.16230694487932912
0.20358242128521084
0.23596447814014315
0.3424919470182483
0.34952820413287183
0.47939608000449707
0.5209035571808982
0.5749633611184132
0.6327679986969164
0.6361187549684617
0.6879789425631601
0.696439036762065
0.873653291849832
0.9127044459359828
0.9162207747698434
0.9460892101438781
0.9602083782430781
0.969432883098937
0.9851509674182664
0.9866795807873043
0.9856571482876092
0.9749524757046465
0.9014183832750835
0.8406363165688877
0.30585114294612314
0.06891286112555646
0.028153637203545558
-0.08424259820572408
-0.11428874359776406
-0.1492245782862547
-0.20869926367394895
-0.3336478359390439
-0.5298900201189853
-0.5939421608632542
-0.6793066646942195
-0.723946234152213
-0.7270336465521777
-0.7818000276751742
-0.8046016038180793
-0.8281773152580245
-0.864615773777108
-0.9710909127282069
-1.0040060824025505
-0.99108052056193
-0.9411950094913386
-0.8219252838132345
-0.7571216849298494
-0.6881446836708288
-0.47953551037037134
-0.34193945854192437
-0.2135946318634632
-0.21174750833924305
-0.046561757271627806
-0.0371407532879483
0.04011569169727694
0.3536937168406761
0.3740606122759419
0.44072948755537217
0.4767306280539624
0.6625382993773898
0.6880501626887602
0.7161417332267582
0.764811784127036
0.8344234046252081
0.837079385127972
0.9064866497024376
0.9616973827569907
0.9797822644126131
0.9486115385076422
0.946521742948548
0.9314077989690963
0.8797525089826131
0.805631249983296
0.531578929788489
0.330229999685675
0.2766013808727128
0.003734839172746092
-0.007573973231544755
