-0.1605817312420443
-0.33808731310610624
-0.44168275524695677
-0.7946746973933494
-0.8192631143374995
-0.8534967505865751
-0.9836637302514776
-0.9969819261884965
-1.0004789406807304
-0.9974368428313094
-0.9898817942754741
-0.9528180977320072
-0.923434889977939
-0.7161839252788037
-0.6745443564086272
-0.5780016743689413
-0.44692221205171384
-0.22175316954865384
-0.21991263063814276
-0.13762776301746846
0.0713124936964492
0.11201687693874171
0.13822274661339173
0.5623183031519864
0.8187047225419474
0.8616862977088249
0.9497107090974527
0.9914399426937359
0.9981957702878028
0.9913570404384414
0.9481316860789577
0.9202714155667716
0.8874220609926059
0.8655820223971027
0.8520230732220275
0.7544871872344797
0.7499268501054894
0.6322442851813601
0.5889535569553724
0.5365091533500775
0.432771201897799
0.40884309382822187
0.265390515949163
0.23561457037693195
-0.12004734267348585
-0.1554325543942417
-0.251702461938786
-0.2950749947437389
-0.33960183272461864
-0.5979397154942251
-0.6039240296396964
-0.6167708391751622
-0.7080421778318607
-0.7385068831055989
-0.9013425594744952
-0.916000777739875
-0.9186432494242676
-0.9704619219940338
-0.9870160510369155
-0.9715563513037125
-0.8863646001341208
-0.3169015341132272
-0.23182422806607073
-0.14299344229003128
-0.0485218923873801
-0.03406553591459543
0.025707793147247655
0.14361907384176859
0.24867563547940205
0.5976217845067583
0.6390949246389308
0.665166273126249
0.7247833596454678
0.7690655927224868
0.9435128715854803
0.971283599478029
0.9774086155743662
0.9930493458526546
0.987981744786771
0.9806921608145108
0.9655455484221553
0.9576941998441534
0.8860326136786956
0.8770446437230924
0.7876026933875309
0.6372458362598001
0.5901214510470029
0.4750476164010168
0.45939506689048937
0.33556505497621686
-0.1461204407570571
-0.20342336436714642
-0.23454490277191642
-0.2460756543665042
-0.5762404456932774
-0.7596255924278009
-0.8089200731604899
-0.8444185694524572
-0.8904790930779335
-0.8967544191443856
-0.9043068487994838
-0.9258441982543506
-0.9460188933068466
-0.9530782493766647
-0.9601234113331881
-0.9667543923782267
-0.9843582576712931
-0.9843841482447921
-0.9769200118118299
-0.972014386629176
-0.9634025255237437
-0.6884927148485867
-0.6315521020748524
-0.5075018669516144
-0.4457001474494814
-0.37058008584312285
-0.34550874050892005
-0.33198880123345464
-0.27480402146756927
-0.23668714366070256
-0.21105158547831096
-0.12517738411826587
-0.10398209109825204
-0.10210912892922831
-0.048263886561901434
-0.040731877424998605
0.004514036127603833
0.12816850072873795
0.23603315226888055
0.2793681964190013
0.3561178569645682
0.40474499455149887
0.5227796820427404
0.5744530987026643
0.6033554650489469
0.7118218152056985
0.9008375430373159
0.905521220297927
0.9165609200541877
1.0148128217988224
1.017907033376206
0.8894582555341887
0.8221775937546927
0.8042665139806784
0.7755052725680482
0.7210372253845398
0.34421359262833245
0.29873014000492015
0.0908255168593356
-0.18890530173362396
-0.23350631487845877
-0.5476427123716782
-0.6387935065088958
-0.6789014728897669
-0.7979824794285585
-0.8251706850201996
-0.9084633595832237
-0.9365700020948566
-0.9798025474709783
-0.9340731213635971
-0.9306274663155256
-0.8309888967305196
-0.7751396045212189
-0.6817691685282147
-0.615501273524824
-0.6062386914475943
-0.5874469363424498
-0.5672919997918062
-0.4754685039285808
-0.19626742820840276
-0.1481661573136957
-0.03643770766439768
0.4489331926340993
0.4860460161272537
0.5032055527663638
0.583535175789045
0.6015854932144984
0.7399979945155994
0.7478157754451978
0.7752654778647469
0.8131092512901434
0.9235016810140143
0.9527337752544351
1.0143712419598314
1.020742769949813
0.9900327594472867
0.9661730070954963
0.9529406899048206
0.9423008717511665
0.8909267865720103
0.7764886219203156
0.6827571343085537
0.6128045941146347
0.5386188397515066
0.41115936728857816
0.4094231231302717
0.3107774682874634
0.2665920834132662
0.1873094660469184
0.17366525940843278
0.10130402927731524
0.09817272418205039
0.06745071871749525
-0.12237098797285478
-0.4556318432286573
-0.4605921092690425
-0.4726519599580346
-0.4991697101009983
-0.6357799779818755
-0.7299929681302502
-0.8816576550450194
-0.8885359996555878
-0.8936618140881698
-0.9060764837593038
-0.9079377521801352
-0.9368468251500858
-0.9513796948780834
-0.9779519892765373
-0.9532901916470292
-0.9372889535270688
-0.9283261608423644
-0.8942858913069064
-0.8617896160235333
-0.8182754316315002
-0.7367634865597943
-0.7129491033444502
-0.6652681767057591
-0.6606897813103951
-0.5539912509388828
-0.29648309822184993
-0.24118053695551764
-0.21685069614904756
-0.07888022783455166
-0.04444178432555628
0.029659284100546815
0.08679785644913879
0.11373524129189433
0.25008811749401144
0.5648877045608869
0.657194260863987
0.7735665360052835
0.791523321518264
0.939744735024193
0.9404929701925631
0.9832432890207565
1.0073702253220957
1.0166342168150693
1.0211615266348693
1.0156096502870073
1.0097795466386457
0.8486956917527984
0.8268870600243857
0.6617000576702551
0.5357133078335131
0.4177774750002497
0.4038833059769481
0.2153061217227632
0.200489308807642
0.1713588441454672
0.10897873638294509
-0.050432086878185234
-0.2931812760110515
-0.5224005712012828
-0.814064015896939
-0.8868845137766649
-0.9741570015412895
-0.9365932761656397
-0.8668190175569834
-0.7745616411395458
-0.7120586531361641
-0.6468068406272821
-0.575926876114235
-0.42533581852833097
-0.143244320841964
-0.06973837049643306
0.26082881863191837
0.3999538118604074
0.5031545074907585
0.5577993930519547
0.5583300133898154
0.6398698546112306
0.6560475696298055
0.6819295590315153
0.7423789493891242
0.8285594565246789
0.9420015798927948
1.0005707883680348
1.0070748908170017
1.0122670404073149
1.0225064969344733
1.0169458029408236
0.9723971982916084
0.9650840051073318
0.9579565140395476
0.8237038368691104
0.8091891674495104
0.7942260562260606
0.5476867764251002
0.47594248444675913
0.4115713115828959
0.3742224720252294
0.09909003151255827
-0.24197102987204527
-0.2576897292988096
-0.2835199478009027
-0.6207109754529654
-0.676111470801683
-0.6899146386228716
-0.9075085478961438
-0.9700842584735396
-0.9762420119824039
-0.9771239781158372
-0.9536989023374312
-0.9530126675659805
-0.9456219560083201
-0.739145050441647
-0.671623631908546
-0.6264890432853845
-0.461476909323035
-0.42422067129624885
-0.4185905303589743
-0.3268821407141144
-0.0903858825849097
0.28573008141472866
0.36769408081565796
0.42996186550305415
0.4522143316493452
0.5168247559710526
0.5277085359895751
0.839513092378089
0.859975929366008
0.9091339968196541
0.9114467877438786
0.931506267306608
0.9695406037749879
1.019254613676922
1.021204292631085
0.9990269753477059
0.9975169974033823
0.9902259170358583
0.9899087878474159
0.9835936391567258
0.978956826413046
0.9647882545128288
0.6888949246215968
0.5433003903740455
0.3711734140308482
0.2789956149739524
0.25890105127188734
0.12088452829959975
0.04941097437041311
0.03936008866808074
-0.31871486095986984
-0.5017235914517454
-0.695751807966896
-0.7420989231257037
-0.7441204841656679
-0.8649020326485793
-0.8864344805125517
-0.9400090012308481
-0.976385117584221
-0.9759047580360849
-0.970153739354602
-0.9677626937942119
-0.9157392610069833
-0.9155214366839484
-0.905805891411116
-0.9005727083381281
-0.8983809765179331
-0.8380838561224231
-0.7592733688714369
-0.7505769820766357
-0.5775907091361037
-0.5537068219782575
-0.5501061588905262
-0.53298362079524
-0.3122782100738883
-0.242162934922741
-0.19644163654034935
-0.05238973529188366
0.07945252470477834
0.09825946275535635
0.442381434436227
0.5144738253904344
0.643600669225669
0.7013179410313158
0.724488353797958
0.8542724452419993
0.9208553591218522
0.9754408703817566
0.97619789074716
0.978248613414022
1.0205936893583227
1.0203652683648432
0.998717748486225
0.9926857246049382
0.9158079921495526
0.706785179037468
0.6984967991878719
0.6591759301935363
0.6562650234974199
0.6381168993972466
0.5832769788714551
0.5554040193678597
0.3018185612929574
0.20836808364226697
-0.011707937753786847
-0.4429496124225641
-0.4595527645085863
-0.6741708505235721
-0.7637109824808519
-0.8324183391621084
-0.8725019199915522
-0.8871411728627829
-0.9675909645111037
-0.9562879106142315
-0.9150498333126447
-0.8722481696179363
-0.6273036577065014
-0.14794297063308393
0.0359462076348081
0.19776063008338987
0.2390344799054267
0.2714152500602751
0.37793839763924064
0.3849743634372836
0.5148366803108347
0.5563422884697877
0.6103995681930912
0.668201366308646
0.6715519527081579
0.7234094225257547
0.7318690557077178
0.9090716681185684
0.9481192342583684
0.951635199506207
0.9815000965613659
0.9956171325124427
1.004839917423415
1.0205529647303657
1.022079423658939
1.0210552728199722
1.01034643893073
0.9368022427399207
0.8760151294956563
0.3412031761561223
0.10425563036651761
0.06349484824455393
-0.04890567543003774
-0.0789529700432392
-0.113890145107004
-0.17336712731126885
-0.29832062394756237
-0.4945710419391661
-0.5586260902254909
-0.643994737036851
-0.6886366378738098
-0.6917242167443552
-0.7464936880812232
-0.7692966420814397
-0.7928738495565677
-0.8293148000594878
-0.9357997706517142
-0.968720778179248
-0.955808247677174
-0.9059291258303938
-0.7866686069764778
-0.7218688412981276
-0.6528954813387474
-0.44429578507963013
-0.30670528257070817
-0.1783653682994134
-0.17651831422220693
-0.011338690052213652
-0.0019180324224898036
0.07533557430120359
0.3889017976851944
0.4092678900694704
0.4759340828717518
0.5119337344462266
0.6977330400452886
0.723243626085195
0.7513337377792582
0.8000011014487471
0.8696083792259333
0.8722641780230703
0.9416659985249601
0.9968702847342796
1.0149513528489098
0.9837664953355858
0.9816764311358407
0.9665607195122128
0.914900716098299
0.8407743321704654
0.5667084859486644
0.36535164100531947
0.31172104332522566
0.03884483649664823
0.027535630708495455
