-0.15935766646793753
-0.3367982668453697
-0.4403538827208913
-0.7931830834427069
-0.8177568409110182
-0.8519684935911364
-0.9820081765040054
-0.9952938269277947
-0.9987744680622438
-0.9956810857769705
-0.9881046185624458
-0.9509849096755539
-0.9215721990562082
-0.7141898225196489
-0.6725301477723928
-0.5759444919669648
-0.44481218104266934
-0.2195606715672493
-0.21771948537033148
-0.13540595567618155
0.07360575449641639
0.11432403062136182
0.14053886735258378
0.5647887315745234
0.8212948721882644
0.8643024221901017
0.9523960196452185
0.9941842186671285
1.0009601760530684
0.994190153242713
0.95102361986506
0.9231876280123733
0.8903620450402182
0.8685359812259992
0.8549851652182611
0.7574996982026561
0.7529414658459448
0.6353083626090834
0.5920340605825426
0.5396086472379049
0.4359060010759545
0.4119856974133115
0.2685779761821394
0.23881101388299106
-0.11674777412112397
-0.15212285076455584
-0.24836499382328567
-0.29172486847864676
-0.3362385709749282
-0.5944951396819854
-0.6004774088090086
-0.6133197920404244
-0.704557964790241
-0.7350107439182805
-0.8977680059823353
-0.9124167736556619
-0.9150574565464474
-0.9668312986388499
-0.9833596384365204
-0.9678200549605346
-0.8825661103479442
-0.31292558790068975
-0.22782886448790407
-0.13897843501426946
-0.04448648841592111
-0.030027043243078647
0.029758992986747286
0.14769518157876685
0.2527739943936123
0.6017985082398105
0.6432819713959685
0.6693600040790462
0.7289930791369024
0.7732879986369534
0.9477997911808772
0.9755864668576893
0.9817156478006551
0.9973690377423938
0.9923748886605037
0.9850907614468052
0.9699537048708088
0.9621066796398087
0.8904751116338213
0.8814902046448811
0.7920744940828744
0.6417522137724854
0.5946372919903968
0.47958485588612404
0.46393506808007523
0.34012597429412134
-0.14148623514405673
-0.1987806817739127
-0.22989759671915833
-0.24142663039770984
-0.571539547015281
-0.7548903125941849
-0.8041738706813699
-0.839663690860416
-0.8857113711007283
-0.8919847474329462
-0.8995347449629176
-0.921064509921276
-0.9412307974233621
-0.9482867299372848
-0.9553280835997613
-0.9619549548342434
-0.9795364309463791
-0.9795610108124879
-0.9720823417930206
-0.9671724738819621
-0.9585548841077478
-0.6835776411657366
-0.6266284698154095
-0.5025614980789874
-0.4407521351258509
-0.3656232300970218
-0.3405490236440237
-0.3270275579568171
-0.2698364367251077
-0.23171542321291289
-0.2060771192340644
-0.12019389492023203
-0.09899640980917761
-0.09712325450153844
-0.0432724948264015
-0.035739718795837275
0.009510780940520481
0.13317766174053247
0.24105312062610154
0.28439253220796706
0.36115000480494497
0.4097821659309248
0.5278294171868093
0.5795085669149935
0.6084142230521895
0.7168936447037565
0.9059376516770795
0.9106222135943159
0.9216640649754149
1.0199477644142223
1.0230465832705975
0.8946412532209573
0.8273701039363176
0.8094612713244654
0.7807034558265668
0.726241403057281
0.34945025476809816
0.3039701595559734
0.09608017501504242
-0.18363179930476992
-0.22822980709139234
-0.5423440167216402
-0.6334876506228135
-0.6735922693539711
-0.7926621781799774
-0.8198474748176031
-0.9031294262221765
-0.9312311990190896
-0.9744464227773812
-0.928701438576778
-0.9252551882964033
-0.8256043270514262
-0.7697500448799592
-0.6763725735280195
-0.6101003078067081
-0.6008371449498808
-0.5820442311289016
-0.5618880789636013
-0.47005934365170177
-0.1908442735969575
-0.14274077368342802
-0.031007265605212414
0.45438516704009857
0.49149971126926073
0.5086600526698585
0.5889935386157549
0.6070447500147594
0.7454645772286012
0.7532828050945444
0.7807341154779956
0.8185802222473672
0.9289807468585689
0.9582156028555556
1.0198624293518528
1.0262370385290394
0.9955368382031428
0.9716799000920331
0.9584488718727586
0.9478099999468305
0.8964397635959945
0.7820080217683151
0.6882807378972234
0.6183309862713547
0.5441479639676138
0.41669280198155123
0.41495661391952243
0.31631405658793177
0.27213001026503014
0.19284973550431123
0.17920592549133585
0.10684677282671497
0.10371555675644521
0.07299442146752014
-0.11682199504225549
-0.45007344270109156
-0.4550335622745495
-0.46709305548133107
-0.4936100122043321
-0.6302159767046773
-0.7244256681808396
-0.8760837145634252
-0.8829616768508963
-0.8880871978764809
-0.900501122060194
-0.9023622738931621
-0.9312693075660737
-0.9458008909294894
-0.972367664991116
-0.9477014639882989
-0.9316989001897856
-0.9227354824142118
-0.8886932542488324
-0.8561954674878153
-0.8126795666023876
-0.7311649538393372
-0.7073498801883721
-0.6596676569946827
-0.6550891423154025
-0.5483880319823323
-0.29087464732899476
-0.23557107363961102
-0.2112407958919073
-0.07326792734363738
-0.0388289010885329
0.03527340537355323
0.09241292116644985
0.11935074840611731
0.25570585411799096
0.5705107433646058
0.6628189892817293
0.7791935973114912
0.7971507734763331
0.9453760806762105
0.9461243409696558
0.9888763301150619
1.0130046476773322
1.0222694805023291
1.0267975269620104
1.0212476348599797
1.0154180412350997
0.8543391786979955
0.8325309534485879
0.6673464746282004
0.5413612717788087
0.42342672338426013
0.40953269800469516
0.22095734753929233
0.20614067133579794
0.1770104729945652
0.11463092570483868
-0.04477851130848641
-0.28752564920338314
-0.5167429652251613
-0.8084034620771194
-0.8812229680990288
-0.9684923965206149
-0.9309275733795458
-0.8611523697219222
-0.7688941722419989
-0.706390744326754
-0.6411385311856388
-0.5702581792142822
-0.41966641000193156
-0.1375738227945826
-0.06406762153809625
0.2665005975233884
0.405625994439108
0.5088269850470979
0.5634720267074049
0.5640026485638915
0.6455427245809737
0.66172048667895
0.6876025519028298
0.7480521226028642
0.834232899777696
0.9476754331288423
1.006244937811482
1.0127490873285936
1.0179412809377797
1.0281809191111726
1.0226203372163614
0.9780719264960643
0.9707587509481114
0.9636312755420062
0.8293787633195926
0.814864103987505
0.799901002237547
0.5533617914487271
0.48161749917124763
0.41724632050820654
0.37989747540869423
0.10476495062760213
-0.23629631739352153
-0.2520150293825213
-0.2778452691995666
-0.6150366752579158
-0.6704372588562318
-0.6842404504598497
-0.9018349213541659
-0.9644110562628786
-0.9705689384652403
-0.9714510491104573
-0.9480263472751336
-0.9473401188845256
-0.9399494715411952
-0.7334735691540585
-0.6659523889810695
-0.6208179509843631
-0.45580633181795455
-0.4185502050012954
-0.4129200807630337
-0.32121196011420733
-0.08471638544192855
0.2913984409220516
0.37336217022524987
0.43562974094047213
0.4578821284440897
0.5224923168097333
0.5333760558385796
0.8451791683137695
0.8656418773634873
0.9147995994612813
0.9171123724253092
0.937171687492032
0.9752056504347824
1.0249187433189975
1.0268683081925787
1.0046899640991844
1.003179959066545
0.9958887577612071
0.9955716236271213
0.9892563808294534
0.9846195035441337
0.9704507522688479
0.6945553780529948
0.5489600748650147
0.37683227229987837
0.2846540504775557
0.26455939570319664
0.12654225292925958
0.05506837924597502
0.04501744851058006
-0.31305916162391506
-0.4960688387499586
-0.6900982343826609
-0.7364456798747829
-0.7384672559665598
-0.8592498566973452
-0.880782543132449
-0.9343578241456472
-0.9707355579846004
-0.9702552425717897
-0.9645045429329026
-0.9621135891846022
-0.9100912363308266
-0.9098734152113738
-0.9001580077908293
-0.8949248953209787
-0.8927331923982906
-0.8324367583273274
-0.7536269879909694
-0.7449306728263734
-0.5719456510439197
-0.548061918772284
-0.5444612787701493
-0.5273388495676233
-0.30663474654630024
-0.2365198623543119
-0.1907988152042678
-0.04674769409750183
0.0850938559226011
0.10390069225850254
0.44802072155710393
0.5201126687801247
0.6492386562122111
0.7069555086205
0.7301257443171211
0.8599087033088023
0.9264908712984581
0.9810755598878527
0.9818325661617084
0.983883250071889
1.026226975716198
1.0259978800327256
1.0043494765719232
0.9983173027316888
0.921438306379027
0.7124134796181071
0.7041250346942007
0.664803865453928
0.6618929370418327
0.643744678992614
0.588904367150619
0.5610312154348673
0.3074441427271037
0.21399310694078447
-0.006084201697315387
-0.4373285071454326
-0.45393176979194244
-0.6685514283716167
-0.7580923483284893
-0.8268004162245924
-0.8668844864857664
-0.8815239396854867
-0.9619771191941052
-0.9506744491959959
-0.9094372520591242
-0.8666362265546239
-0.6216940947368708
-0.1423365995497994
0.041551477889188754
0.20336493044476495
0.24463852936201427
0.277019101040306
0.3835415820503439
0.3905775029123262
0.5204389623036223
0.5619442821653264
0.6160011725275927
0.673802532655916
0.6771530928526973
0.7290101434541966
0.7374697055245681
0.9146705220686545
0.9537175347762274
0.9572334439418738
0.9870977952214673
1.001214502295542
1.0104370219109429
1.0261492922781479
1.0276754188935069
1.0266510030084586
1.0159415272579175
0.9423957726191727
0.8816078809792344
0.3467917970871291
0.1098428224224718
0.06908179996446007
-0.04331938512906079
-0.07336685699701503
-0.10830423879880618
-0.16778157526118942
-0.29273583142476817
-0.48898751938185586
-0.5530430161198663
-0.6384123019324753
-0.6830545623539258
-0.6861421669003483
-0.7409121148612736
-0.7637152813772591
-0.7872927195953155
-0.8237340544522038
-0.930220541434097
-0.9631424493633026
-0.9502319287415991
-0.9003537923283792
-0.7810946934720345
-0.7162955189993432
-0.6473227206466459
-0.4387244860511911
-0.3011348394226972
-0.17279568279826618
-0.17094863943195146
-0.005769960219219893
0.003650643992068426
0.0809038129687746
0.3944682161643383
0.4148341846941308
0.48149996377845083
0.517499385716598
0.7032974010746397
0.7288077901219993
0.7568976768198429
0.8055646260403704
0.8751712340447412
0.8778270048176511
0.9472279856879211
1.0024312776112743
1.0205117575709002
0.9893247205729743
0.9872346149415027
0.9721186306989378
0.9204579003466425
0.8463307260168803
0.5722627937228859
0.3709047281045732
0.3172738252319058
0.04439612779226156
0.0330868613342877
