-0.15818157419210455
-0.33543071631581445
-0.43887233820752874
-0.7912820849712459
-0.8158229257686672
-0.8499870479974846
-0.9798003850947558
-0.9930431411441752
-0.9965047258478323
-0.9933630643266868
-0.9857717318453008
-0.948628560909966
-0.9192127430369766
-0.7118981165812353
-0.6702609582039084
-0.5737345413584922
-0.44269608825428974
-0.2176379404170039
-0.2157984996172808
-0.13356582500249675
0.07521388938439516
0.11588201294921481
0.14206360752435804
0.5656347988311878
0.8214772196636538
0.8643252169006931
0.9519671787571935
0.9933402170729604
0.9999681444157765
0.9926689778712042
0.9490204001919691
0.920977716735457
0.8879454169165671
0.8659958318829651
0.8523724491094485
0.7544260313154052
0.7498481421852633
0.631743607113492
0.5883087240610795
0.535695175689302
0.43163569114049277
0.4076352681331411
0.2637583796167921
0.23389568579515488
-0.12280435734375536
-0.15829579261480878
-0.25486054374017925
-0.29836937276272957
-0.3430388886439655
-0.602288250041432
-0.6082961167434209
-0.6211940103406765
-0.7128527475987093
-0.7434587606823367
-0.9072501429159031
-0.922026687662003
-0.9246916327072449
-0.9770815467589525
-0.9939713284072205
-0.9795845375744846
-0.8952636442742186
-0.3284655499446652
-0.24369684745221448
-0.15518183210182812
-0.06104200836405644
-0.046636231178140974
0.012928046164554511
0.1304250092161244
0.23510627792302397
0.5826906061559858
0.6239795565148331
0.64993103003492
0.709259408564776
0.7533105652869886
0.9265546793255617
0.9540205415556675
0.9600654415879829
0.97546136565127
0.9689341784625705
0.961533409399492
0.9461911458424347
0.9382508806513224
0.865964978040248
0.8569126128288692
0.766913638205252
0.615807752462047
0.5684753057885819
0.452926037446494
0.4372116195870142
0.3129091503054022
-0.17048735798755674
-0.22799403776599525
-0.25922723745075915
-0.2707995744075334
-0.6022452193712837
-0.7865071914426447
-0.8360851063969522
-0.8718104596637914
-0.9182096413152641
-0.9245366781636801
-0.9321537242226372
-0.9538933784891691
-0.974293762625123
-0.981445454556384
-0.9885936273583692
-0.9953361295290541
-1.0135540994439425
-1.0136162897801781
-1.0065572688247935
-1.0017708382089388
-0.993320587995654
-0.7203735855652825
-0.6636904496420121
-0.5401494623072403
-0.47858289024613765
-0.4037369522507159
-0.3787547731400284
-0.3652825007552221
-0.3082964770054614
-0.2703098554978326
-0.24476105643658033
-0.15917353680902346
-0.13804826178615284
-0.1361814756759071
-0.08251314209139585
-0.07500579661915652
-0.029907755240374836
0.09334308204504117
0.20085241840643542
0.24404280032431933
0.3205321369230095
0.36899079921143163
0.4866003859241018
0.5380780123104489
0.5668675087775286
0.6748815783099059
0.8628972887184087
0.867549191397829
0.87851148292847
0.9755977500577708
0.9785195945321391
0.8483990277438074
0.7807405720205562
0.7627395954335536
0.7338408169993491
0.6791306933824033
0.30096234484542933
0.2553366075352047
0.046803988286421974
-0.23375426404118407
-0.2784893012676229
-0.5936336485284216
-0.6851169438665815
-0.7253816252361086
-0.8449880556856699
-0.8723155208414147
-0.9561272320636615
-0.9844726162711127
-1.0285704408182181
-0.9836408072014393
-0.9802261979786037
-0.8812364270783374
-0.8256548363609256
-0.7326662379666039
-0.6666382283742899
-0.6574076793464659
-0.6386799448418259
-0.6185923328785385
-0.5270609176456748
-0.24865569982271282
-0.2006833913737467
-0.08924993605426229
0.39482684813713104
0.431833408354029
0.44894309525481435
0.5290320671833945
0.547026365458841
0.6849750481033581
0.6927642527916903
0.7201108731743642
0.7578042977052509
0.8676679075426745
0.8967169320054965
0.957723407834181
0.9638835077375385
0.9324873378709082
0.9084269332115635
0.8951021230422191
0.8843941664999301
0.8327407949282833
0.7178286856720766
0.623781421008753
0.5536168668653754
0.4792213648932244
0.3514267421654903
0.34968610146888973
0.25079625061483635
0.2065044568595833
0.127034299465708
0.11335817258302336
0.040828940242749946
0.037690405169696836
0.006897596138505137
-0.18335991818585845
-0.5174199690340988
-0.5223929376960469
-0.5344838265740771
-0.5610706426717601
-0.6980598842889667
-0.7925685564784618
-0.9448430535457096
-0.9517571300005352
-0.9569104138159312
-0.9693950649310844
-0.9712673023035164
-1.0003693240363776
-1.0150249782702818
-1.0421340787235358
-1.0179126871172541
-1.0020462972934414
-0.9931474652740129
-0.9593092052042913
-0.926970518671416
-0.8836371495526633
-0.80241027410027
-0.778670501298812
-0.7311306352114731
-0.7265652807124127
-0.6201514873640679
-0.36323738039104847
-0.30805251147698437
-0.2837737526051124
-0.14608708468126785
-0.1117183817126024
-0.03776659919308953
0.019257161151587432
0.04614038944722996
0.18221713910947895
0.4963370343646548
0.5884195898887016
0.7044761462059642
0.7223793002972598
0.8700533243773455
0.8707979479453885
0.9133057340755402
0.9372283529473316
0.9463661473019894
0.9507818371732342
0.944923819447747
0.9390136796865355
0.7771140760205353
0.7552362085727543
0.589608630765486
0.4633419233927607
0.34516737430974087
0.3312461347783922
0.1423163131733397
0.12747266397300155
0.09828969280771849
0.03579807965799671
-0.12389468469078467
-0.36707869765400014
-0.5967403747566378
-0.8891132689854951
-0.9621888138534593
-1.0503148921092138
-1.0130881384384793
-0.9436205249419894
-0.851644172140255
-0.7892981561526211
-0.7241936460062042
-0.6534604479128914
-0.5031513627857961
-0.22152938556988364
-0.14813946402832184
0.18191073631857418
0.32081058114352506
0.42383630609876827
0.4783844298418269
0.47891409334180957
0.5603020957658924
0.5764483712403888
0.602278968962398
0.662602073178263
0.7485811871787099
0.861680627755206
0.9199621027687711
0.9264161433116948
0.9315601471754127
0.9415846184122603
0.9358742472374248
0.8910171435456907
0.8836712406464328
0.8765137906207083
0.7418585411587327
0.7273097711162534
0.7123125903810538
0.4653075467165092
0.39344750120634525
0.3289767703274876
0.29157166286341424
0.01604600062636722
-0.32548827953475773
-0.34122927879839643
-0.3670963477532126
-0.7048120430676837
-0.7603128573544812
-0.7741421127118147
-0.992269565243316
-1.0551793401192069
-1.0614305603528928
-1.062413911575243
-1.0392361634110212
-1.0385539819974274
-1.0312037782541985
-0.8253042375614951
-0.7579076264062172
-0.7128499237389458
-0.5480902265601333
-0.5108866090367987
-0.505264315002626
-0.41368045080957905
-0.17748617925028098
0.19816494433826953
0.2800243891108184
0.3422107389057572
0.36443357200520116
0.42895601077406437
0.43982464408849975
0.7511189869137287
0.7715386005223118
0.8205814318592461
0.8228882859353416
0.8428936407123228
0.8808067027360155
0.9302318934705545
0.9321464693671978
0.9096606919539683
0.9081427499719654
0.9008162169522345
0.9004976415320878
0.894155026577755
0.8894994344070147
0.8752789141711038
0.5988167222463521
0.45301810052313085
0.28067713123929927
0.18839182282368305
0.16827426826738393
0.030102814595793906
-0.041449652125854
-0.051511597693105815
-0.409985573552419
-0.5932146596871756
-0.7875107941538758
-0.8339317405281969
-0.835956653399155
-0.9569699450038844
-0.97855424881492
-1.0322924119877805
-1.069008933200712
-1.0685377219290562
-1.062852621171419
-1.060480476494955
-1.0086771307001563
-1.0084599532719405
-0.9987722115635036
-0.993553243816674
-0.9913673254556619
-0.931207468763382
-0.8525387513977168
-0.8438564414171551
-0.6711135595969775
-0.6472594840316315
-0.6436632584588521
-0.6265616313212173
-0.40610477357388647
-0.33606291452247705
-0.2903885836829988
-0.1464815054006301
-0.014769734425747083
0.004018608719875624
0.3477900754994393
0.41980357370158794
0.5487793356927797
0.6064231736000419
0.6295626895627091
0.759150647607396
0.825605725469042
0.8800514375228675
0.8808060739613095
0.8828502418324071
0.9249685970614725
0.9246280639420658
0.9028348575117937
0.896778233378694
0.8196945662374389
0.6103486289519816
0.6020499047206382
0.5626813850264172
0.5597670367809799
0.5415976989577514
0.4866959473703085
0.45879269383583304
0.20495471152964137
0.11141773365847653
-0.10885629511031442
-0.5404964830688884
-0.5571162094713811
-0.7719685932649779
-0.8616251377226782
-0.9304370121211952
-0.9705922203921902
-0.9852607219245487
-1.0661993156855687
-1.0549509818679548
-1.0138378697638628
-0.9711263954017972
-0.726515233084731
-0.24759456011511438
-0.06385537626520309
0.09782760591577025
0.13906755962307887
0.17142154713898283
0.27785494346694534
0.284884869573716
0.4146321931917254
0.45609924796858947
0.510104545121409
0.5678479855015869
0.5711950845218502
0.6229968192360913
0.6314470091001885
0.8084121775870281
0.847386965575907
0.8508955660051133
0.8806888876031331
0.8947628772676836
0.9039509836406524
0.919562703879474
0.9210459274653414
0.9199873373240581
0.9091952630958933
0.8354498886934095
0.7745627747966026
0.23922525858918603
0.0020977987284564042
-0.03869315372493519
-0.15117657501580095
-0.1812460526630693
-0.21620908314157702
-0.27573032690434085
-0.4007785378986992
-0.597186778503058
-0.6612973978375796
-0.7467450871153749
-0.7914313954247746
-0.7945221432124854
-0.8493503922264327
-0.872179525101049
-0.895785136848497
-0.9322733552786883
-1.0389442638075677
-1.0719752733095358
-1.0593072423401901
-1.0095474857379583
-0.8904584003675512
-0.8257298162114193
-0.7568239709359584
-0.5483995310023363
-0.4109113489227161
-0.2826618304774134
-0.2808160531306732
-0.11574893748269033
-0.10633463236873827
-0.029133052263277177
0.28421740592492956
0.30456884904006
0.37118613741446416
0.40715866367912545
0.5928058145917721
0.6182932069298709
0.6463568396324949
0.6949754610774279
0.7645040573898103
0.7671565664087431
0.8364599089152461
0.8915477915436815
0.9095601092474188
0.8781211526489849
0.8760262679126398
0.860878846309572
0.8091343632970897
0.7349162461020285
0.4606088782052806
0.25911108268791183
0.20544528638694237
-0.06760260433229091
-0.07891878989685192
