-0.16252753989227642
-0.34013957419494595
-0.4438002598891344
-0.7970588099764921
-0.8216712429660626
-0.8559408942037626
-0.9863164246096854
-0.9996879413526294
-1.0032117812979693
-1.0002537068542872
-0.9927337506886026
-0.9557618263282142
-0.9264269577311143
-0.7193913129824854
-0.6777846889420066
-0.5813124233022101
-0.45031956008804686
-0.22528565429575487
-0.22344617609865766
-0.14120827756287926
0.06761488432697106
0.10829650007392987
0.13448767456384317
0.5583303429032791
0.8145205446478873
0.8574595469400511
0.9453705598539949
0.9870031445245012
0.9937259773180396
0.9867746276817719
0.9434528558261323
0.9155527879161451
0.8826644667846267
0.8608015204931426
0.84722923924377
0.7496107045148706
0.7450469171314059
0.6272832713103569
0.5839656158813168
0.5314900816774102
0.42769425403393707
0.40375335206626917
0.2602272393425935
0.23043656710650073
-0.12539440590755016
-0.16079623301284562
-0.25711165771542294
-0.3005049424275612
-0.34505331493530317
-0.6035245068800116
-0.6095121737359436
-0.6223662399919678
-0.7136919528603971
-0.7441762106887354
-0.9071404462587637
-0.9218141587945224
-0.9244595632142981
-0.9763517359267729
-0.9929481470830751
-0.9776194201553611
-0.8925296392060621
-0.32335753093128417
-0.23831206215210174
-0.14951348484638374
-0.055075378162256536
-0.040624086052081496
0.019128407776487204
0.13699884826381728
0.24201892565078353
0.5908365824585765
0.6322927961582081
0.6583531847053278
0.7179440551000809
0.7622054864314793
0.9365469825780629
0.9642915608378795
0.9704097478128574
0.9860297199502148
0.9808416784743368
0.9735431469221647
0.9583808656105114
0.9505224279225518
0.8788116200599491
0.8698186276539277
0.7803336509960324
0.629920096786733
0.5827801939437945
0.4676712710462996
0.4520141930256369
0.32814988052573785
-0.15365578732251445
-0.21097261122681837
-0.2421017310449763
-0.25363529962884335
-0.5838851538436451
-0.7673266782048258
-0.8166390697429722
-0.8521517930202401
-0.8982333770953671
-0.9045119003180145
-0.9120683181502642
-0.9336181046009058
-0.9538065862965954
-0.9608715562928585
-0.967922963069236
-0.9745606833617272
-0.9922012623699054
-0.9922293022399682
-0.9847889963436901
-0.9798903283933197
-0.9712878611715619
-0.6964886264290504
-0.6395620481184104
-0.5155392579359485
-0.45375007228813696
-0.3786445122784759
-0.353577858658461
-0.34006042242093715
-0.28288604151021995
-0.24477594551376242
-0.21914488994330183
-0.13328548461027354
-0.1120937862282872
-0.11022114077214848
-0.05638494580773034
-0.04885419424026432
-0.003615801216303921
0.12001830300527913
0.22786523238605533
0.2711931147065011
0.3479299648382333
0.39654886468546285
0.5145629497504549
0.5662269651519121
0.5951239367978514
0.703568851901972
0.8925382066259797
0.8972204331946942
0.9082566046384076
1.0064563633035086
1.0095430196777304
0.8810229942546355
0.8137267334412632
0.7958119686640317
0.7670451092725511
0.7125672321583754
0.3356903297222156
0.2902013714375123
0.08227274311371247
-0.19748897738257026
-0.24209491888796697
-0.5562677013637548
-0.6474302372986752
-0.6875436933650986
-0.8066428986401348
-0.833835874522988
-0.9171461336274132
-0.945260761824116
-0.9885217123845481
-0.9428177995581998
-0.9393731206158139
-0.8397547078142048
-0.7839135985270089
-0.6905546996635405
-0.6242939721093983
-0.61503234244086
-0.5962424874905632
-0.5760895444023423
-0.48427464061135583
-0.2050965139679085
-0.1569988984088821
-0.04527874400899796
0.4400568455986183
0.47716684726669295
0.49432506418171873
0.5746483524139873
0.5926972038154731
0.7310976913678023
0.7389147393667745
0.7663618048866986
0.8042017518600298
0.9145809067562503
0.9438084719781188
1.0054305894888236
1.0117970646063141
0.9810709662546601
0.9572065987792914
0.9439721677798151
0.9333307978886151
0.8819504009341212
0.7675017033354605
0.673763321890665
0.6038062086381463
0.5296159738809786
0.4021494325132162
0.40041309636052164
0.301762361788837
0.25757478176984044
0.17828832266523076
0.1646434655832644
0.09227882852179084
0.089147377430358
0.058423944924521264
-0.13140643739386937
-0.4646827207060052
-0.4696432269466909
-0.4817036638932917
-0.5082227152162206
-0.6448400404989817
-0.7390584403774195
-0.8907340176265441
-0.8976129892410765
-0.9027392848567529
-0.9151551771167498
-0.9170166367401151
-0.9459290541335292
-0.9604640334881186
-0.9870453812239882
-0.9623908051568555
-0.946391741166691
-0.9374299736403388
-0.9033929162928247
-0.8708991198657331
-0.827387750566902
-0.7458801805920461
-0.7220669297156237
-0.674388129476611
-0.6698099297116531
-0.5631156305903923
-0.3056160585403147
-0.25031515771444957
-0.2259860335214626
-0.08801950176651357
-0.053582014007099596
0.0205170239380393
0.0776540489562449
0.10459070822850977
0.24093992782288548
0.5557308187213214
0.6480346038389059
0.7644030527156274
0.7823591975016424
0.930574224720142
0.9313224186790034
0.9740699978854273
0.9981946686539819
1.007457280193869
1.0119833817719845
1.0064282508278788
1.0005973106240373
0.8395052670043683
0.817695968533992
0.6525048268156166
0.5265155394054689
0.40857759963845997
0.39468319498699206
0.20610300261877768
0.19128596544196125
0.16215506390601636
0.09977403673758449
-0.059639060567401134
-0.30239161469324066
-0.5316141567511504
-0.8232824376756829
-0.8961045628707186
-0.9833820703278267
-0.9458201462799777
-0.8760474384832029
-0.7837914094859222
-0.7212891434382744
-0.6560379884422863
-0.5851586598415176
-0.43456877026430296
-0.15247906101230937
-0.0789735225712622
0.2515919755881137
0.39071630592596013
0.49391651712667334
0.5485611463128013
0.5490917641564174
0.6306312197224992
0.6468088574077092
0.6726907222591031
0.7331398163553786
0.8193198798192763
0.932761329412515
0.9913300509013316
0.9978340759459934
1.0030261531401945
1.0132653108424523
1.0077044323539723
0.9631555082934133
0.9558422860387401
0.9487147691510222
0.8144618196267016
0.7999471335053913
0.7849840065869935
0.5384446114025541
0.46670031935619594
0.40232915551903226
0.36498032477503894
0.08984802051207347
-0.2512127044035818
-0.26693138334391175
-0.2927615670809263
-0.6299519769214502
-0.6853523280818449
-0.6991554570410912
-0.9167484481946557
-0.9793234647575672
-0.9854810077443317
-0.9863627374623649
-0.9629370498564053
-0.9622508046441305
-0.954859988012703
-0.74838144068077
-0.6808596319976301
-0.6357247968182552
-0.4707118201517674
-0.43345540006855443
-0.42782523179391935
-0.3361164017763141
-0.09961902469323489
0.27649880201920596
0.3584632436932226
0.42073137875714184
0.44298397368113734
0.5075947843862192
0.518478631526908
0.830285552488214
0.8507485989988081
0.8999072320438186
0.9022200523818262
0.9222798013442154
0.9603147495534263
1.0100302613406553
1.011980127139044
0.9898044916272188
0.9882945580505788
0.981003675766376
0.9806865546783898
0.9743715601255128
0.9697348530948475
0.9555665749949083
0.6796765936306406
0.5340833189238714
0.36195769597392957
0.2697805894371845
0.24968617491884793
0.11167066723837701
0.040197637100257595
0.030146825167093553
-0.32792540432672906
-0.5109325840718889
-0.7049588689639417
-0.7513054429672822
-0.7533269793491556
-0.8741068040133791
-0.8956388610411359
-0.9492121362085326
-0.9855856026867693
-0.9851051708325185
-0.979353629468321
-0.9769624334932562
-0.924937231453891
-0.9247194018824095
-0.9150036307652681
-0.909770332022589
-0.9075785528593537
-0.8472803080487677
-0.7684686462595411
-0.7597721421108933
-0.5867838193509611
-0.5628996784358252
-0.5592989775258611
-0.5421762610262888
-0.32146870782555437
-0.2513527921399306
-0.20563108214592118
-0.06157790273208382
0.07026552047865837
0.08907262517733705
0.43319777925340297
0.5052908972208817
0.6344191441999184
0.6921371031548351
0.7153078060370969
0.8450937529234345
0.9116778888967246
0.966264748054685
0.9670217915083187
0.9690725776758919
1.0114198660200167
1.0111925504775994
0.9895464783157629
0.9835147001371896
0.9066390385409168
0.6976195247544874
0.6893312515283199
0.6500108744834424
0.6471000033687234
0.6289520987426767
0.5741128193850165
0.5462401748196468
0.29265736231687856
0.19920779917328094
-0.020866113066406428
-0.45210347715767435
-0.4687064480877343
-0.6833219574127334
-0.7728607982073552
-0.8415669895380654
-0.881649768415236
-0.8962886930404421
-0.9767329335251431
-0.9654292505900472
-0.9241897310905958
-0.8813870216848264
-0.6364386098426145
-0.15707269263915755
0.02681828942088091
0.18863430111582924
0.22990856206559557
0.26228965744040383
0.3688138972474342
0.3758499366769522
0.505713658607503
0.5472197391662205
0.6012776568912912
0.6590801726872761
0.6624308020222709
0.7142889587626021
0.722748708467252
0.8999542635698551
0.9390027365603743
0.9425187937041934
0.9723845850646325
0.9865021599123308
0.9957253795357982
1.0114396999346416
1.0129667033913567
1.0119429868568286
1.0012352047219288
0.9276935622083163
0.8669077244471567
0.3321025394704671
0.09515733505597244
0.054396946752423486
-0.05800249311026943
-0.08804949727081006
-0.12298633357005695
-0.18246273528066614
-0.3074149873413861
-0.503663324341923
-0.5677176377856988
-0.6530852375154073
-0.6977265491289684
-0.7008140859264256
-0.7555827762558808
-0.7783853820226476
-0.8019622113967937
-0.8384025320877784
-0.9448850178843828
-0.9778045499888427
-0.9648887260375185
-0.9150079894284362
-0.7957451437200024
-0.7309444092720172
-0.6619701290445236
-0.4533680376512048
-0.31577613266502813
-0.18743497688498387
-0.1855879052565016
-0.020406732643037932
-0.010985987479775371
0.06626833655336718
0.3798375425717858
0.40020383790914643
0.4668707086469124
0.5028707365131074
0.688672156356132
0.7141830651965587
0.7422735455792161
0.790941588382921
0.8605499636794862
0.8632058083983709
0.9326090047583578
0.9878149202501001
1.0058969521427803
0.9747156660363384
0.9726256697286217
0.9575104048315866
0.9058515926143826
0.8317265038781684
0.5576640759993973
0.35630923131697084
0.30267913374131444
0.029805369506495684
0.018496263135135554
