-0.16838846299009633
-0.3467348992917812
-0.45084572968277437
-0.8059442486153345
-0.8307224806030871
-0.865240788182162
-0.997056751250196
-1.0107967151463213
-1.0145059473150415
-1.0121286905093665
-1.0048513719054968
-0.9685141546241408
-0.9395137078773351
-0.7339685998155893
-0.6925901677746341
-0.5966057624069905
-0.4662131064305604
-0.2421163258942277
-0.24028420583484345
-0.1583721689468381
0.04963828671138265
0.09016182883561205
0.11625096608382735
0.5383365584083984
0.7931620087527671
0.8358047459936787
0.922926351422334
0.9638858302627827
0.9703788115307287
0.9626426911605118
0.918648779071821
0.8904712067874125
0.8573111353750393
0.8352884143678102
0.8216231396182506
0.7234280181084183
0.7188401569240481
0.6005106960024013
0.5570050977309323
0.5043122616800301
0.40011238105839114
0.3760821505798361
0.23204253979848474
0.2021490164853099
-0.15486299267995948
-0.19038092412014215
-0.2870144391982211
-0.33055275888563945
-0.3752516446767688
-0.6346547763440278
-0.6406658854809951
-0.6535706916818618
-0.7452766252554354
-0.7758976199487033
-0.9397610665485492
-0.9545431722693017
-0.9572090936379202
-1.0096155054353866
-1.0265077782004275
-1.0120956775611674
-0.9277197132111252
-0.3605851262721311
-0.27576267059533227
-0.18718971852704558
-0.09298589920742437
-0.07857008672637722
-0.018963562232729922
0.0986207423343961
0.2033851872349098
0.5513024313712694
0.592640019951906
0.6186235966684316
0.6780307286619448
0.7221463639764009
0.8957463815687818
0.9233076489673104
0.9293779622505982
0.94485241246834
0.9388199644194758
0.9314586963654461
0.9161865498067202
0.9082784049462154
0.836222454334188
0.8271942433370486
0.7374075475110204
0.5865963857475317
0.5393476557458917
0.423992647353553
0.4083038086921549
0.28419892436112654
-0.19844965731302894
-0.255863987841705
-0.287046289714714
-0.298599619004186
-0.6294462015884814
-0.8132832507740565
-0.8627213024842146
-0.8983338421983034
-0.9445631887146526
-0.9508641437938291
-0.9584485435302177
-0.9800855912720219
-1.000370804923143
-1.007475164561862
-1.0145703878301249
-1.021255394024549
-1.0391535797564735
-1.0391967007199907
-1.0319236098723303
-1.027073760372816
-1.0185372099048293
-0.7445139254074945
-0.6876858370921752
-0.5638556512730071
-0.5021544277378396
-0.4271506405124702
-0.40211691378845743
-0.3886170441606375
-0.3315156440013467
-0.293453144116768
-0.26785368892852063
-0.18209812637846806
-0.16093165638931672
-0.15906123373546863
-0.10528853686175575
-0.09776661142803039
-0.05258100071795334
0.07091020398846787
0.17863274834636325
0.2219103640433387
0.2985573012135102
0.3471183820307644
0.4649878611958772
0.5165858895449228
0.5454449957891948
0.6537394566882229
0.8423833066074018
0.8470553502068257
0.8580667550080391
0.9559004925634427
0.9589341135590155
0.8299139349061199
0.7625081661465796
0.7445675318010501
0.7157612327599526
0.6612143465821215
0.2839634652155183
0.23843585356173755
0.030338690901692784
-0.24963998945070517
-0.29428053316406855
-0.6087087810664116
-0.6999537602201858
-0.7401057616077685
-0.8593327492319502
-0.8865592201098916
-0.9699929520701861
-0.998163653937918
-1.0416240636363812
-0.996099309400429
-0.992661484961056
-0.8931846211979243
-0.83740097688688
-0.7441230993312062
-0.6779127070761493
-0.6686577659932762
-0.6498812555021232
-0.6297423122020228
-0.537987749796344
-0.25897079712706617
-0.2108988540537726
-0.099236960299532
0.38585061741368154
0.4229407985314516
0.4400897456327541
0.5203685375194299
0.5384070912846788
0.6767231904129388
0.6845350899817175
0.7119636326591479
0.7497767005555318
0.8600626034694927
0.8892583527076485
0.9507726398012971
0.9571036164477718
0.9262644898926664
0.9023676966416949
0.8891184138462853
0.8784661412314785
0.8270413960896156
0.7125186883407162
0.6187318650306387
0.5487426166614657
0.4745208971695662
0.3470046793886449
0.34526769673590596
0.24658126328558033
0.20237825607036064
0.12306479720074057
0.10941536873026178
0.03702678706275567
0.033894309867980636
0.003160847648812158
-0.18673051199744162
-0.5201152425795741
-0.5250774373509146
-0.5371419955142035
-0.5636701938207276
-0.7003371328118354
-0.7945935654562243
-0.9463457128807381
-0.953229093248636
-0.958358772305252
-0.9707832612874845
-0.9726460653762482
-1.001582000002818
-1.016131814260043
-1.042776829589562
-1.0181730447748598
-1.0021892730948476
-0.9932347164640893
-0.9592202541851341
-0.9267438952517165
-0.8832523295830433
-0.8017755395009033
-0.7779702553099009
-0.7303064160321355
-0.7257295927178042
-0.6190650658728751
-0.36162587800555684
-0.30633666345296645
-0.28201258297021686
-0.14407375934055244
-0.1096429992051866
-0.035558254603273914
0.021567877622623632
0.048499428909719394
0.1848229045039266
0.49955255895553796
0.5918368261431902
0.7081783225916655
0.726129953655213
0.8742999846006972
0.8750478881644262
0.9177761604910645
0.941884863379716
0.9511377478120551
0.9556553320379373
0.9500772552085384
0.9442404162942969
0.7830906144074594
0.7612766115751582
0.5960562574911754
0.47004905628847843
0.3520962392144039
0.3382001705505687
0.1495987307490977
0.1347801092131457
0.10564612112914723
0.04325859770317912
-0.11617057090601841
-0.3589469166497463
-0.5881924285235611
-0.8798949529911886
-0.9527286103192774
-1.040041730439045
-1.0024926045744722
-0.9327309251143279
-0.840484486952487
-0.7779873636356764
-0.712740894977209
-0.6418661013928724
-0.49128454908881347
-0.20920762894486794
-0.1357050408986406
0.19484832004088676
0.33396787845054765
0.43716459593135826
0.4918073735495415
0.49233797336986057
0.5738746397880803
0.5900517175639177
0.6159326801752494
0.6763796256448381
0.7625564637547261
0.8759929922605467
0.9345581319352847
0.9410615849647784
0.9462531263279675
0.9564900621574645
0.9509278012917108
0.9063764530841261
0.8990630073040625
0.8919352913168255
0.7576801874747807
0.743165363350056
0.7282021054794179
0.48166161275862474
0.4099172477423863
0.3455460845929499
0.3081972801605524
0.033065681122946146
-0.30799299053650586
-0.32371154038521666
-0.3495415044357023
-0.6867279287913197
-0.7421273359638829
-0.7559302099037116
-0.973517124508689
-1.036087504576952
-1.0422436362313858
-1.0431237788032963
-1.0196939744092322
-1.0190076588401058
-1.0116161339789516
-0.8051264861678794
-0.7376020318798131
-0.6924655235758033
-0.5274468219430213
-0.4901891638649194
-0.48455880966091786
-0.3928469833812136
-0.1563419841384388
0.21978855439345313
0.30175601786252554
0.3640265476994262
0.3862800229824597
0.45089347567371896
0.46177778186218305
0.7736008883652725
0.7940653702713016
0.8432278789389115
0.8455409008640982
0.8656024963073822
0.9036416384119074
0.9533674520351789
0.9553185999488836
0.933154509188412
0.9316448802843745
0.924355358299323
0.9240382928418137
0.9177243568735634
0.9130883758914423
0.8989221157905075
0.623055148057193
0.47747053578309906
0.305354223886223
0.21318188291920961
0.1930884951072029
0.05507997573761974
-0.016389448516065167
-0.02643975257535995
-0.3844932497547946
-0.5674897460299796
-0.7615027196639479
-0.807845563724325
-0.8098669301418036
-0.9306348712905804
-0.9521642336059096
-1.0057289200919932
-1.0420841099144307
-1.0416031792713365
-1.0358480321657413
-1.033455798511376
-0.9814183894899259
-0.9812005237032758
-0.9714831942034119
-0.9662490972965355
-0.9640569914458397
-0.9037509872227406
-0.8249312192083635
-0.8162339050769959
-0.6432314329354145
-0.6193455402171786
-0.6157445781996461
-0.5986206300660935
-0.37789828456509905
-0.30777794593874636
-0.26205339361586893
-0.11799138742619344
0.013860069463195276
0.03266832516433116
0.3768154619245056
0.44891360245992196
0.5780515437084408
0.6357742504599757
0.6589469579295634
0.7887457260198371
0.8553383074666038
0.9099344821492225
0.9106916851749385
0.9127429102225773
0.9551054902953799
0.9548858160817879
0.9332497517489504
0.9272196721411575
0.8503583273912885
0.6413616261227569
0.6330740901754509
0.5937571149004077
0.5908464898292971
0.5727001028638221
0.5178652572514407
0.4899947905584773
0.23643027385998047
0.14298703553379752
-0.07707228878758042
-0.5082798356283641
-0.5248815533695493
-0.7394792370751666
-0.8290091450466391
-0.8977072736884635
-0.9377845039579881
-0.9524211574539135
-1.0328269864872905
-1.021518950555903
-0.9802694506749765
-0.9374595044622263
-0.6924841017419108
-0.2130819839451019
-0.029178515958632557
0.13264849692849282
0.1739256038691599
0.20630895056232207
0.3128407513605651
0.31987730051226815
0.4497507492379393
0.49126010013561894
0.545322434675766
0.6031299189519189
0.6064808455299296
0.6583437578767513
0.6668043142803364
0.8440302424704368
0.883084994042269
0.8866016874330184
0.9164736706140248
0.9305949766134015
0.9398212060729598
0.9555443411437697
0.9570751148726654
0.9560544054516265
0.9453539057184822
0.8718299454595609
0.8110529396782022
0.2762946241941136
0.03936563424221861
-0.0013920267500753258
-0.11378396082341005
-0.1438289534781299
-0.17876344368327224
-0.238235825197389
-0.36317945788712463
-0.5594133826123657
-0.6234626066947626
-0.7088229544932338
-0.7534601851982506
-0.7565474306003002
-0.8113107117012854
-0.8341109056019905
-0.8576851162376948
-0.8941210748104502
-1.0005863504837034
-1.0334956633555494
-1.0205570274523004
-0.9706651060025585
-0.8513861427835097
-0.786578697827505
-0.7175980430034103
-0.5089793605508496
-0.3713777404770205
-0.2430279845635951
-0.24118079135397308
-0.07598889230385644
-0.06656754077116873
0.010691752281113104
0.32428162018977974
0.34464932147970523
0.4113208886137121
0.447323523249446
0.6331395896923664
0.6586527347786983
0.6867457693092774
0.7354185169380092
0.8050344955431419
0.8076906583962962
0.8771033863976074
0.93232058930673
0.9504092981593042
0.9192527547504794
0.9171632288036405
0.9020510588653428
0.850400499396333
0.7762843839604638
0.5022456392320823
0.30090465306687575
0.2472780204146362
-0.02557882042839692
-0.03688723799099204
