-0.16835487914867153
-0.3463408699972848
-0.4502307547894097
-0.8044259637762686
-0.8291227784914477
-0.8635189732304716
-0.994627349689443
-1.0081862583674719
-1.0118043781963098
-1.0091416271715339
-1.0017450209701635
-0.9650956998736862
-0.9359307701492656
-0.7296522177877779
-0.6881614503198871
-0.5919368336576465
-0.4612485642252951
-0.23669004282642242
-0.234854296348971
-0.152781646085224
0.05562950384841552
0.09623100207167512
0.12237046376661267
0.5453230564240319
0.8008224468758818
0.8436115437524683
0.9311232271745924
0.9724154244389797
0.9790220445845537
0.9716739997472625
0.9280125666289236
0.8999722899634798
0.8669466817656359
0.8450030245579577
0.8313837694437511
0.7334740189416751
0.7288980739665178
0.6108487138092998
0.567436167122397
0.5148509260671544
0.41085112983184213
0.38686513792942945
0.24307985451047373
0.21323727679495214
-0.14318960796162472
-0.17865000615566345
-0.2751258877216656
-0.3185923287766393
-0.36321661777306713
-0.6221577959206623
-0.6281572834454944
-0.6410369348530458
-0.7325543599067298
-0.7631075577055658
-0.9265250996483525
-0.9412534482962797
-0.9439091942280177
-0.9960605517701179
-1.0128060683069486
-0.9979392326221697
-0.9132090853133858
-0.34506324592411
-0.26013008269459215
-0.17144512203483225
-0.0771249893879159
-0.06269156243933072
-0.003012567883710668
0.11471380094413167
0.2196051709645946
0.5679695232628375
0.6093660208219903
0.6353877426845288
0.6948861218632385
0.7390741633691755
0.9130424424222489
0.940694758577034
0.9467888506435141
0.9623355823085459
0.956722582760825
0.9493924801262399
0.9341749115887068
0.9262914601286614
0.8544069728806837
0.8453962585301777
0.7557594603101425
0.6051458429417319
0.5579511834407105
0.4427184445350053
0.427045386647392
0.30306003607177917
-0.1791696988199143
-0.23653557549749943
-0.26769144946361983
-0.27923495897262574
-0.6097849969873083
-0.7934254798973495
-0.8428010799209793
-0.8783640114443133
-0.9245199199987908
-0.9308097263491489
-0.9383802189255075
-0.9599738970863857
-0.9802110337356007
-0.987295816098462
-0.9943692617907772
-1.0010307659495956
-1.018800914175827
-1.0188365393330348
-1.0114803363318237
-1.0066062219898495
-0.9980369079255278
-0.7236279266562922
-0.6667508806493019
-0.5428249532969001
-0.48108000422837777
-0.4060256258452964
-0.3809755310982608
-0.36746692905653966
-0.3103292498105193
-0.272243089547276
-0.24662792552357882
-0.16082074149603567
-0.13964173010651487
-0.13777020246411384
-0.08396593964539444
-0.07643962658229174
-0.031227776770401654
0.09233446660314724
0.20011884632381993
0.24342145117997732
0.32011308723817256
0.3687029120970559
0.48664428095338685
0.5382751145292666
0.5671530455015612
0.6755223050540509
0.8643279835431558
0.8690050897949557
0.8800288078100045
0.9780445226929936
0.9811045121146682
0.8523330080947776
0.7849816877300761
0.7670539160544154
0.7382672269504061
0.6837546531892504
0.3066897237686902
0.26118133191967235
0.05316797121942693
-0.22670282610439668
-0.2713261636989828
-0.58562737827133
-0.6768313607855131
-0.7169641945669776
-0.8361276386880869
-0.863337453046912
-0.9467097833781853
-0.9748526001481365
-1.018213818387507
-0.9725999658814657
-0.9691587325481495
-0.8696114725563544
-0.8137992488799551
-0.7204810760950846
-0.6542456497403295
-0.6449873820939397
-0.6262042347331512
-0.6060583286181292
-0.5142737551309635
-0.23517664008104144
-0.1870919281545884
-0.07540105674879453
0.40980988138943614
0.44690992152520514
0.46406347957908106
0.5443644048176428
0.5624080808674569
0.7007661573407835
0.7085806179278701
0.7360183745808813
0.7738448132597703
0.8841771045250283
0.9133886810087667
0.9749566109928182
0.9813052477054194
0.9505223530473156
0.9266416922347431
0.9133997985695196
0.9027529503578614
0.8513502699435274
0.7368643858448001
0.6431016655020487
0.5731284067971922
0.4989223536463579
0.37143085472999143
0.3696941937792238
0.2710255244969117
0.2268301941602861
0.14753017110406155
0.133883017505224
0.06150635157393717
0.05837438501137085
0.027645914019902643
-0.1622150998046608
-0.4955458570608019
-0.5005072114234106
-0.5125697183856748
-0.5390933640516482
-0.675735608589942
-0.7699731101814055
-0.9216871419303532
-0.9285683275731961
-0.9336963223084375
-0.9461165316981259
-0.9479786664853812
-0.9769028935858082
-0.9914453224395608
-1.0180586398369575
-0.9934295656861225
-0.9774381794604337
-0.968480032221074
-0.9344543186251714
-0.9019692763130815
-0.8584678486682032
-0.7769757298352875
-0.7531664779915649
-0.7054951875263842
-0.7009176786703598
-0.5942383232466062
-0.33676905698273707
-0.2814740207901304
-0.2571474276763135
-0.1191948000594644
-0.08476068811323273
-0.010668822125103701
0.04646273742578157
0.07339683382298172
0.20973313725963855
0.5244933093242297
0.6167873048482111
0.7331422364783604
0.751096117681862
0.8992885823101601
0.9000366306713341
0.9427745303242535
0.9668911963119152
0.9761489319556309
0.9806707642787612
0.9751041330079315
0.9692702366844865
0.8081492543575098
0.7863375994382291
0.6211318272810205
0.49513357017515836
0.37718818245014524
0.36329294483105845
0.17470211796920027
0.15988428792573114
0.13075184182595626
0.06836756402911626
-0.09105357379379467
-0.3338180271352981
-0.5630520524461506
-0.8547374416505902
-0.9275653247853325
-1.0148605987014254
-0.9773050526094972
-0.9075378370821287
-0.8152865811975107
-0.7527868731236393
-0.6875380481207894
-0.6166609733135261
-0.46607522437707666
-0.18399185824602474
-0.11048778136283632
0.22007171344774076
0.35919368853806877
0.46239217771330293
0.5170358952115882
0.5175665041842354
0.5991045878205176
0.6152819503191963
0.6411633719034258
0.7016114112932084
0.7877898942595966
0.9012289406433488
0.9597959218780977
0.9662996699625993
0.9714914880080102
0.9817295747050369
0.9761680335867454
0.9316179582796292
0.9243046308668641
0.9171770205046892
0.7829230778818204
0.7684083300866505
0.7534451450456521
0.5069053048677544
0.43516100306561956
0.37078986286075644
0.3334410585569926
0.05830920221028929
-0.2827503756606301
-0.2984689842263605
-0.32429904845760166
-0.6614873238689767
-0.7168871750687787
-0.7306901691996533
-0.9482799682296426
-1.0108525661729166
-1.0170093748535751
-1.0178902796569813
-0.9944624559982966
-0.9937761743206903
-0.9863849906883966
-0.7799007044889776
-0.71237753101064
-0.6672418331846854
-0.5022259072408967
-0.46496884984556464
-0.45933858586854526
-0.3676282140461128
-0.13112691818867078
0.24499743512467287
0.32696342690898217
0.38923279010943573
0.41148583644769504
0.4760980016458469
0.4869820840988853
0.7987972964869188
0.8192610778517828
0.8684216946976818
0.8707346182084278
0.8907953121456894
0.9288324062914473
0.9785531872760154
0.9805037086620811
0.9583339746402035
0.9568241967675009
0.9495340096450008
0.949216916985368
0.9429024633795597
0.9382661273535554
0.924098880378313
0.6482206528612311
0.5026318001100055
0.3305109290223144
0.23833625412859505
0.218242363451534
0.08023042096886507
0.00875923020191554
-0.0012913226755445102
-0.35935399917844285
-0.5423557322224087
-0.7363752321566756
-0.7827199052210346
-0.7847413549844842
-0.9055151240587779
-0.9270458080688484
-0.9806147074616399
-1.016978864016844
-1.0164981781157967
-1.01074480029527
-1.008353075830051
-0.9563216572597527
-0.9561038092466257
-0.9463872445701693
-0.9411535393918469
-0.9389615938761275
-0.878659398071067
-0.799843609043578
-0.7911466925158775
-0.6181511665476034
-0.5942661338880738
-0.5906653000641982
-0.5735419566193948
-0.3528268741657735
-0.28270870740284315
-0.23698555083652123
-0.09292787934956522
0.038919632037127616
0.057727322436424436
0.4018636616771604
0.4739593349637092
0.6030925138226467
0.6608128880636294
0.6839846106915803
0.8137770794944139
0.880365511246888
0.9349571084850853
0.9357142330983546
0.9377652424834524
0.980120307966685
0.9798968784444583
0.9582558955585241
0.9522249811274058
0.875356599562831
0.6663486847870128
0.6580607864098159
0.6187421388846417
0.6158313928618288
0.5976842598320317
0.542847234612953
0.5149756972732862
0.26140218592180436
0.16795583800459557
-0.05211065875516094
-0.48333286707544537
-0.49993520105854017
-0.7145416506062827
-0.8040759515380774
-0.872778045337316
-0.9128580044208697
-0.9274957748754391
-1.0079204961039319
-0.9966146012711966
-0.9553700105146523
-0.912563624006111
-0.6676014983819311
-0.18821718940076365
-0.004319864182375828
0.15750173625222072
0.19877744297958175
0.2311596820294836
0.33768776280048807
0.34472406116549037
0.4745927241940562
0.516100466025856
0.5701606273967631
0.6279656670501541
0.6313164473760506
0.6831770198163836
0.6916371792968713
0.8688530830426997
0.9079047452046981
0.9114211255247806
0.9412900619499148
0.9554095319776501
0.9646342803915583
0.9803530779957346
0.981881996453811
0.9808598072877565
0.9701557239887512
0.8966230623694335
0.8358417103186495
0.30106032912419034
0.06412335925382213
0.023364356003169266
-0.08903127210262526
-0.11907725474167938
-0.15401289960564696
-0.21348725971658228
-0.3384351345862474
-0.5346761526761441
-0.5987278816458437
-0.6840917987338903
-0.7287310380130886
-0.731818426836826
-0.7865843703107562
-0.8093857513153202
-0.8329612508797645
-0.8693993564718001
-0.9758731030097073
-1.0087874458882784
-0.9958600384478011
-0.9459736224783316
-0.8267025928396814
-0.7618984510575809
-0.6929209340780593
-0.4843104185293827
-0.3467135807378964
-0.21836805830124242
-0.21652092494102745
-0.05133430610017916
-0.041913253061110864
0.03534359391799289
0.34892329059785265
0.3692902997733126
0.4359595549860324
0.47196090636901744
0.6577697625789133
0.683281806798237
0.7113735839616021
0.7600440154719742
0.8296562510594209
0.8323122572984291
0.9017202929563747
0.9569319391274241
0.9750173609258461
0.9438486366049895
0.9417588790959788
0.9266451854846056
0.8749905631062985
0.8008700300018049
0.5268196256419687
0.32547181660776237
0.27184347808481796
-0.0010216946268051495
-0.012330451311289183
