-0.16991415762862502
-0.3481328112792342
-0.4521653061390724
-0.806943456996389
-0.8316928027704528
-0.8661677816266473
-0.9977325674495865
-1.0114082279397008
-1.0150850952032204
-1.012606400237651
-1.0052866863111518
-0.9688385123955104
-0.9397795698589286
-0.7339734471008645
-0.692555011461615
-0.5964850409861433
-0.4659870403426885
-0.24172561443856533
-0.23989220080721424
-0.15792286435612346
0.0502306045492532
0.09078198077376243
0.11688908809130638
0.5392844915746599
0.7943510421666664
0.8370461698192262
0.9243074578150807
0.9653861369914465
0.9719198425453186
0.9643228391493458
0.9204481662825056
0.8923198469314622
0.8592080199210763
0.8372136698586741
0.8235649097761278
0.7254722156338894
0.7208886321914784
0.6026597388807728
0.5591875564415277
0.5065333628858217
0.40240535322540316
0.3783910153082694
0.23444278398762597
0.20456756801720957
-0.15223411502026143
-0.18773135993603512
-0.28430819145880637
-0.32782066175580715
-0.37249271900485054
-0.6317296743309371
-0.6377366021023931
-0.6506323576768227
-0.7422704608922218
-0.772867058124179
-0.9365700111301821
-0.9513327647621964
-0.9539950229795248
-1.006309607138989
-1.0231490359404198
-1.0085731629346149
-0.9240696084857841
-0.35657059095183075
-0.2717082273055517
-0.18309489605471457
-0.08884914337256056
-0.07442698030759268
-0.014794327459830156
0.10284119953074802
0.20765141115827218
0.5557298944803291
0.597088729551409
0.6230860642239481
0.6825261075834212
0.7266678595148223
0.9004007193938552
0.9279948336343093
0.9340737255665734
0.9495742531747592
0.943693145932211
0.9363431235722673
0.9210906711865807
0.9131914369272062
0.8411973609241223
0.8321754640098926
0.7424428638732936
0.5917029969671058
0.544473782121921
0.4291629045748231
0.4134797618108536
0.28941802281387635
-0.19307936472069676
-0.25047620327119746
-0.2816489644883873
-0.2931987487506674
-0.6239382713498247
-0.8077043502161271
-0.8571198529114465
-0.8927144806507726
-0.9389173105590256
-0.9452142400654698
-0.9527936182003717
-0.9744150059204753
-0.9946828595675494
-1.0017801500331753
-1.0088675095772357
-1.0155440293068203
-1.033395980430892
-1.0334363945954412
-1.026133290895911
-1.0212746789333385
-1.0127262968659636
-0.7385637221178315
-0.6817179523091644
-0.55785318800224
-0.4961361720711963
-0.42111411257918663
-0.3960744740855643
-0.3825714504926505
-0.32545694701666883
-0.2873859013922356
-0.26178077240441594
-0.17600656479024596
-0.15483556496211162
-0.15296474319587514
-0.09918064492979567
-0.0916571347092003
-0.046462046550203376
0.07705481730430194
0.18479969692518658
0.22808633893093502
0.30474942187157916
0.35332088546724727
0.4712163325681938
0.5228262109380698
0.5516921171581878
0.6600135975465625
0.8487159063383358
0.8533897788031621
0.8644056317186343
0.9623051095675493
0.9653482565325654
0.8364179180879813
0.7690318209607071
0.7510958338014845
0.7222966197127069
0.6677621304890801
0.29057843481466256
0.24505776759534392
0.0369908844045013
-0.24294881440165594
-0.2875831408862655
-0.6019654857675272
-0.6931956505399034
-0.7333407255287774
-0.8525447507720355
-0.8797652024867402
-0.9631767454368739
-0.9913373701608258
-1.034761933055842
-0.989204978319563
-0.9857659218657221
-0.886263615632555
-0.8304696419720442
-0.7371772003813087
-0.6709577598130354
-0.6617016163692768
-0.6429227070258324
-0.6227812470531283
-0.5310158371868502
-0.2519699089919437
-0.20389335034910439
-0.09222098187049345
0.39291119010391296
0.4300049353979225
0.44715554943462077
0.5274423429833021
0.5454827485814399
0.683814023878856
0.6916268493574979
0.7190587232716004
0.7568766253158732
0.8671793002318141
0.8963807720949043
0.9579144554847183
0.9642518179562385
0.9334330256284021
0.9095420663711514
0.8962954557602975
0.8856451448296415
0.8342283793491635
0.719718989396596
0.62594088369943
0.5559574187057301
0.4817413658057209
0.3542340892960112
0.3524972230116433
0.25381721546083713
0.2096169853036991
0.13030838685482948
0.11665978133555943
0.044275510338306394
0.04114321787381297
0.01041156133115835
-0.17946881965856507
-0.5128340214581928
-0.5177959121280562
-0.5298597280622527
-0.5563862789758698
-0.6930442817882605
-0.7872938633965246
-0.9390322156770115
-0.9459148016552851
-0.9510438710606123
-0.963466810998834
-0.965329372824566
-0.9942610696489174
-1.008808210494425
-1.0354417507018328
-1.0108288096237117
-0.9948422808045296
-0.9858864240198022
-0.951867887502376
-0.9193883840483144
-0.8758932468727161
-0.7944109050997742
-0.7706041838425542
-0.7229376456839963
-0.7183605740546318
-0.6116906757767904
-0.3542405907930581
-0.29894926683922896
-0.27462427590553484
-0.13668045008030394
-0.1022484752526259
-0.02816114975323389
0.028966949525038192
0.055899423282055806
0.19222754863337474
0.5069682673301004
0.5992560623358569
0.7156024315143332
0.733554878750161
0.8817330482411354
0.882481004343437
0.925212770132085
0.9493243629962166
0.9585790082264727
0.963098134467656
0.9575242128625133
0.9516884423830448
0.7905491082930947
0.7687359585826935
0.6035209041056173
0.47751695463847443
0.3595668393117253
0.34567107290738447
0.1570734939512555
0.14225516041263886
0.11312173343085458
0.050735391151071015
-0.10869085419032393
-0.3514628689587598
-0.5807041949882599
-0.8724004692125661
-0.945232018421076
-1.0325386150602613
-0.9949871386947938
-0.9252234304539184
-0.8329752250114729
-0.770477152763646
-0.7052298185095645
-0.6343541864089329
-0.48377109004683877
-0.20169179370660778
-0.1281886558805096
0.20236697498028436
0.34148743040747315
0.44468480674725164
0.49932793438441686
0.49985853761497423
0.5813957325638693
0.5975729166406533
0.623454050698607
0.6839014052744954
0.770078859982007
0.883516336692997
0.942082174568214
0.9485857399645973
0.9537773868497109
0.9640147634644024
0.9584527801921837
0.9139019284684594
0.9065885293664638
0.8994608551300978
0.7652062195743016
0.7506914272002352
0.7357281998188743
0.48918800064985235
0.4174436730375958
0.35307253076992084
0.315723733527269
0.04059209198254901
-0.30046684510961463
-0.31618541321789895
-0.34201540857400037
-0.6792024311827678
-0.7346019851005654
-0.7484048988971986
-0.9659927817295955
-1.0285639159211488
-1.034720278853908
-1.0356006822965915
-1.012171557837626
-1.0114852539251051
-1.0040938464639053
-0.7976060507656261
-0.7300820405701991
-0.6849458135442721
-0.5199280765856397
-0.4826706275232323
-0.477040304722085
-0.385328984902202
-0.14882527711179172
0.22730309955977582
0.30927004789097945
0.37154016918670896
0.3937934942203714
0.4584064958135151
0.4692907235941626
0.7811110606096727
0.8015752964907972
0.8507371405804003
0.8530501279264311
0.873111406582262
0.9111498288305255
0.9608738723502351
0.9628247997936739
0.9406587222643736
0.9391490408924559
0.9318592846279731
0.9315422095886884
0.9252280912792135
0.920591985223269
0.9064253774384358
0.6305544398773888
0.48496833131472206
0.3128504100088123
0.22067724491134608
0.20058367951224934
0.06257395107814692
-0.008896097244399877
-0.01894648921213947
-0.37700323056530016
-0.5600015785041389
-0.754016860567286
-0.80036035171743
-0.8023817476236734
-0.9231517510728431
-0.9446815811732528
-0.9982477589214873
-1.0346061236735893
-1.0341252797053229
-1.0283707592134486
-1.0259787059028111
-0.9739434188365846
-0.9737255593464405
-0.9640085007993086
-0.9587745426724136
-0.9565824936251074
-0.8962778387427209
-0.8174594806945041
-0.8087623074656883
-0.6357622972002089
-0.6118767093434294
-0.608275792766867
-0.5911520589805275
-0.3704322883537034
-0.3003127197952921
-0.25458866238431593
-0.11052819332790625
0.021321864289306172
0.040129919494533664
0.38427322615651316
0.45637049137158103
0.5855067429020336
0.6432286220037351
0.6664009800074134
0.7961975126589063
0.862788621341276
0.9173831713095201
0.9181403465023581
0.9201914949993217
0.9625514075355793
0.9623304001248477
0.9406925894940582
0.9346622134738112
0.8577983700723684
0.6487976865175896
0.6405100218484241
0.6011924526425194
0.5982817846126016
0.5801351326634137
0.5252995128922857
0.4974286659154002
0.24386095417914563
0.15041661119031594
-0.06964526126104394
-0.5008580175255166
-0.5174599542450898
-0.7320607530074712
-0.8215922221842625
-0.8902917600559914
-0.9303699601876242
-0.9450070106752502
-1.0254195550488474
-1.0141122802562812
-0.9728645255725747
-0.9300558448828034
-0.6850851626747836
-0.20568937734616258
-0.02178809379706271
0.14003699428488017
0.1813136032628616
0.21369655603776344
0.3202270338380008
0.3272634937982647
0.45713524047956755
0.49864401909762035
0.5527055807202772
0.6105121955203632
0.6138630700806456
0.6657251501828123
0.6741855654098745
0.8514079280228662
0.8904615806860995
0.8939781627159775
0.9238490621397779
0.937969715059403
0.9471954176863275
0.9629170098234635
0.9644471235801234
0.9634258877673144
0.952724113230274
0.8791970574850182
0.8184185054789702
0.283651983625193
0.046720154361665385
0.005962015774772879
-0.10643123270172905
-0.13647657761411428
-0.17141147867345982
-0.23088456422242531
-0.3558297064062778
-0.5520661552191944
-0.6161162706520261
-0.701477888577432
-0.7461158340384397
-0.7492031304776507
-0.8039673589992853
-0.8267679753407067
-0.8503426446544422
-0.8867793672700263
-0.9932476574606244
-1.0261587603979212
-1.0132241205603927
-0.9633341584942913
-0.8440580188725542
-0.7792517495516321
-0.7102722115310637
-0.5016564358446998
-0.36405651791391436
-0.23570826882815504
-0.23386109692094958
-0.0686710772887614
-0.059249832001589675
0.018008590394641928
0.3315948378920123
0.3519622928228471
0.4186330370221308
0.4546352148784299
0.6404487147798825
0.665961467999544
0.6940540549540534
0.742725978127006
0.8123406243411991
0.8149967314446189
0.8844077891089736
0.9396230139582945
0.9577105526899542
0.9265496730626878
0.9244600646821439
0.9093473523311938
0.8576953464978249
0.7835776583920987
0.509534762820439
0.30819134766125117
0.2545641077009325
-0.01829569940357752
-0.02960423769926105
