-0.16600003552052567
-0.3438180864860907
-0.44760503908257293
-0.8013795806851285
-0.8260384963827859
-0.8603778549322008
-0.9911570589717017
-1.0046317908955198
-1.008207559053875
-1.0054121406525756
-0.9979601201759488
-0.9611658653166367
-0.9319245846809687
-0.7253058504547811
-0.6837630207891686
-0.5874271143675986
-0.45660195689575966
-0.2318297740740753
-0.22999235028863405
-0.1478454239913051
0.060750929254352645
0.10138844298104575
0.12755115163366212
0.5509039085762576
0.8067139275786063
0.8495704361697636
0.937261705504017
0.9787069918869916
0.9853658807986944
0.9781962649763318
0.9346876173079143
0.9067104114590007
0.8737465611937792
0.8518392120426727
0.838241088482099
0.7404623470976199
0.7358918715812393
0.6179710515124571
0.5746011966827982
0.5220653138000151
0.41815728706875516
0.394191582376911
0.2505229094881469
0.2207036864729023
-0.13545505833642918
-0.17088910043912528
-0.2672927779037485
-0.31072629881440383
-0.3553164253028972
-0.6140461023591149
-0.6200402702529227
-0.6329084076039079
-0.7243395556038957
-0.7548617276112154
-0.9180752575949042
-0.9327790164427111
-0.9354301080068955
-0.9874648135853491
-1.0041432205489291
-0.9890684901660526
-0.9041764677195061
-0.3355686663647537
-0.2505849479473424
-0.16184884146849263
-0.06747560102082811
-0.053034131759209284
0.006677949880924121
0.12446917578942562
0.22941848686777397
0.5779869103630172
0.6194102917334212
0.645449421137347
0.7049894395599179
0.7492105211019628
0.9233468245267425
0.9510406781791678
0.9571456180982503
0.972725323707234
0.9673036493622067
0.9599877608895451
0.9447950842289687
0.9369228947037653
0.8651166034461415
0.8561138681213324
0.7665454254762105
0.6160218846447034
0.5688518789735328
0.4536748876787355
0.43800902468140157
0.31407817134907184
-0.16796062530741365
-0.2253044154846493
-0.25644824310727016
-0.26798727660371446
-0.5984021525376619
-0.7819530504798438
-0.8313001894846168
-0.8668405135784807
-0.9129629557188037
-0.9192476815556602
-0.9268118366192143
-0.9483857513927076
-0.9686009798368873
-0.9756768411344291
-0.9827403631873303
-0.9893911579836175
-1.0071029637962754
-1.0071351734415062
-0.9997411004190607
-0.9948559300042756
-0.986271687618821
-0.7116869801556535
-0.6547876301891303
-0.5308180862371579
-0.4690532177186477
-0.3939757925338648
-0.3689182414090451
-0.35540566137120927
-0.2982514555271889
-0.2601545170966086
-0.2345321971661201
-0.14870149804170696
-0.1275167737308369
-0.12564474273954584
-0.07182610094226712
-0.06429778922859157
-0.019073987049081437
0.10452061521151164
0.2123331610662041
0.2556471483913255
0.33235914442031356
0.38096206181096204
0.49893617499629656
0.5505819504765905
0.5794684555457384
0.6878717831734322
0.8767511662007959
0.8814305781733861
0.8924599040714201
0.990558495688425
0.9936304935460398
0.8649722337809492
0.7976457076185901
0.7797237931657153
0.750946033716398
0.696449084456917
0.3194688271871913
0.27396918667753173
0.06599398280850946
-0.21382769466529847
-0.25844319837394875
-0.5726865766483418
-0.6638718946280352
-0.7039960020799297
-0.8231305175896195
-0.8503327490814087
-0.9336771268394392
-0.9618072494044988
-1.0051233137945694
-0.9594689039433618
-0.9560261189263973
-0.8564468161535373
-0.8006215841621945
-0.7072850707974935
-0.6410382502768986
-0.631778468572813
-0.6129923005058455
-0.5928432253479599
-0.5010449928403299
-0.22191139468669524
-0.1738208716622947
-0.062116812757283785
0.42315026214332935
0.4602547884822303
0.4774104446684667
0.5577214411639543
0.5757674479559755
0.7141446244943309
0.7219602503397285
0.7494021993063744
0.7872347215488766
0.8975881182874181
0.9268068954778057
0.9883992295380075
0.9947559000567633
0.963998584659775
0.9401252618963511
0.9268867292076219
0.9162423482815764
0.8648497037535412
0.750380567576375
0.6566288089679336
0.5866628218716324
0.5124638930541127
0.38498363464408447
0.38324711997795996
0.28458652826452363
0.2403946885854004
0.16110077460060873
0.14745465533278734
0.07508340710954313
0.0719516727115177
0.04122547102002673
-0.14862174650806856
-0.48192796860510057
-0.48688894096848523
-0.49895051558272996
-0.5254720919253055
-0.6621031125989237
-0.75633201052642
-0.908028721647458
-0.9149089100412212
-0.9200361394533698
-0.932454404304328
-0.9343162349812123
-0.9632351426837452
-0.9777742160739539
-1.0043731332878971
-0.9797325720496971
-0.9637377274152189
-0.9547779494306269
-0.9207471260574187
-0.8882581404393061
-0.844752234529878
-0.7632531555925133
-0.739442102335466
-0.6917674289850815
-0.6871896088981988
-0.5805035218056043
-0.32302060345678435
-0.2677229253310783
-0.24339519199756948
-0.10543630068534152
-0.07100066794989027
0.0030944289929969683
0.060228450745834
0.08716370172792362
0.22350582399759975
0.538279835545271
0.6305782416183597
0.7469392633483368
0.7648941644065927
0.9130967948182221
0.9138449087812196
0.9565871697865852
0.9807074425870165
0.9899673752555169
0.9944911312784487
0.9889296820851112
0.9830971178220266
0.8219891762058721
0.8001785832314708
0.6349794045561532
0.5089851900016968
0.3910431591174736
0.37714829692930285
0.18856226332941345
0.1737447906636592
0.1446130407669963
0.0822302281915934
-0.07718728524540101
-0.31994637448617713
-0.5491752227564229
-0.8408528979545524
-0.9136781845442532
-1.000965445309004
-0.9634070219598965
-0.8936373283907081
-0.8013839186373832
-0.7388830561446273
-0.6736331795210522
-0.6027550873957667
-0.4521674691978587
-0.17008123872512576
-0.09657650168647126
0.23398570556350437
0.3731087452753421
0.4763080130613372
0.5309521428650269
0.5314827558498415
0.6130214600651782
0.6291989470626372
0.6550805692038959
0.7155290858824941
0.8017082843330601
0.9151484194136871
0.973716189856764
0.9802200636340959
0.9854119993167652
0.9956505725239773
0.9900893327643076
0.9455397820682175
0.9382265026715721
0.9310989350095221
0.7968454478440222
0.7823307285282051
0.7673675703679573
0.5208279403700368
0.44908364543074225
0.38471249671953434
0.34736368172106735
0.07223163223448234
-0.2688284516390739
-0.28454709139333206
-0.31037720860871554
-0.6475664331898853
-0.7029665072010371
-0.7167695614398208
-0.934360785342776
-0.9969344643819563
-1.0030916014582352
-1.0039728752558255
-0.9805460074014538
-0.9798597420443087
-0.972468722673372
-0.7659870062485171
-0.6984644441680505
-0.6533291328307633
-0.48831452846148704
-0.4510577566870367
-0.445427535601615
-0.3537178548202476
-0.11721831567283776
0.2589031110944241
0.340868407682747
0.4031372200572771
0.42539006392754564
0.4900016215901002
0.5008855984947637
0.8126970913096985
0.8331605429740806
0.8823202697358259
0.88463314695426
0.9046934168879636
0.9427295481333225
0.9924479645984309
0.9943981917764982
0.9722258091890752
0.9707159614334815
0.9634254623070491
0.9631083568880696
0.9567936604907755
0.9521571579467857
0.9379894481669375
0.6621059446393083
0.5165151067800805
0.3443921023746871
0.25221633577031405
0.2321222099060122
0.09410866673752749
0.022636650117816674
0.012585980926763773
-0.3454809849566271
-0.5284851637622361
-0.7225077105135794
-0.7688532372279095
-0.7708747258891255
-0.8916512144004738
-0.9131825150172633
-0.9667533795528693
-1.0031217173094737
-1.0026411455067317
-0.996888592485474
-0.9944971053799737
-0.9424684788713414
-0.94225063914112
-0.9325344308855963
-0.9273009082551313
-0.925109037455614
-0.8648086162312991
-0.785994680975386
-0.7772979496716939
-0.6043056591416747
-0.5804210270298089
-0.5768202529074105
-0.5596971910705162
-0.3389854906158832
-0.26886833501174534
-0.22314582823357745
-0.07909017456777259
0.052755500401776415
0.07156292770124009
0.41569424241935315
0.4877887678007518
0.6169197311292128
0.6746390203495934
0.6978102848744832
0.8275998237919518
0.8941863256968173
0.9487757943645643
0.9495328825168753
0.9515837916214882
0.9939353631938976
0.9937101878398795
0.9720669185270114
0.966035616043206
0.889163963779396
0.6801508378260102
0.6718627710357199
0.6325433464661558
0.6296325442415445
0.6114850645455934
0.5566470265746423
0.5287749917730787
0.2751973015016988
0.1817495089992
-0.03832031952576359
-0.4695493374239558
-0.48615195759419705
-0.7007624778233399
-0.7902988185949349
-0.8590027534964783
-0.8990839795745719
-0.9137222686242992
-0.9941557604013962
-0.9828508594478927
-0.9416085473844822
-0.8988038131340703
-0.6538478496706508
-0.17447180498484088
0.009422669922599783
0.17124175903371316
0.21251681609307516
0.24489854122585633
0.3514248960338259
0.358461078044242
0.488327520749313
0.5298345160724013
0.5838936692384701
0.6416975747691728
0.6450482872456053
0.6969077741629135
0.7053677495056553
0.8825790029456659
0.9216292320028029
0.9251454670983286
0.9550129902354241
0.9691316086305418
0.9783556700547089
0.9940724557415314
0.9956005136556003
0.9945776381353636
0.9838718926863234
0.9103351952970855
0.8495518274819763
0.314759749388694
0.07781907906342059
0.03705945339360964
-0.07533788765291477
-0.10538432934742427
-0.14032050962367734
-0.19979578719811658
-0.3247456291131049
-0.5209899362227106
-0.5850428266227835
-0.6704083986462888
-0.7150485692091233
-0.7181360245306095
-0.772903202411719
-0.7957051338116428
-0.8192812309790198
-0.855720332014698
-0.9621980058982239
-0.9951146807755838
-0.982192478884279
-0.932308615192896
-0.8130412633835582
-0.7482386528484949
-0.6792625904585344
-0.4706558607150293
-0.33306123972512924
-0.2047176796658955
-0.2028705740479681
-0.03768640274794915
-0.02826548806874417
0.048990225094050925
0.3625652072431782
0.38293189561739727
0.44960007923858025
0.4856008358280898
0.6714063501023209
0.6969178840768142
0.7250090784603913
0.7736784364734054
0.8432889372243371
0.8459448708752509
0.9153507317227746
0.9705598024875823
0.9886437008375512
0.9574693311472152
0.9553794663199421
0.9402650665586663
0.8886085612278254
0.8144859807780447
0.540430172921644
0.33907920198622854
0.2854500729240426
0.01258103907548936
0.0012721252372515273
