-0.16971055359534262
-0.3478424360970361
-0.45182174294084115
-0.8063824533545789
-0.8311122020599212
-0.8655577889498806
-0.9969522752083612
-1.0105843639381964
-1.0142393052758436
-1.0116919099728867
-1.004343492500822
-0.9678202227754183
-0.9387217061672943
-0.7327391405716243
-0.6912936838673228
-0.5951659360735733
-0.4645968378464442
-0.24022437138844518
-0.2383900857257773
-0.15638212808259078
0.05186768428003418
0.09243780309569762
0.11855700944653105
0.5411608310932065
0.7963893565668639
0.8391196566060549
0.9264746798772302
0.9676333039246081
0.9741943129572963
0.9666905453303349
0.9228957447353505
0.8948004066132602
0.8617208795191527
0.8397455212557153
0.826107815342193
0.7280836666242638
0.7235029453430701
0.6053413277212265
0.5618914939895999
0.5092631416354879
0.4051831851149327
0.3811794714968388
0.23729231763745212
0.20742933608257452
-0.14923183859954478
-0.18471526852163173
-0.2812542494034547
-0.3247494606461203
-0.36940360636685954
-0.6285296457449402
-0.6345337832370022
-0.6474234993115476
-0.7390163435284051
-0.7695966636861633
-0.9331925648359759
-0.9479424129856436
-0.9506022283912144
-1.002855582783959
-1.0196597812867114
-1.0049747482831244
-0.9203861752384823
-0.35264443139230317
-0.2677554964696362
-0.17911528193091766
-0.08484161304404364
-0.07041522237790684
-0.010765176248825992
0.10690444678280481
0.21174512066585421
0.5599309083821185
0.6013038811359654
0.6273103703057281
0.6867723120800152
0.7309314406746791
0.9047526777743373
0.932368642011316
0.938453240384736
0.9539711140670436
0.94819066434457
0.9408481208290996
0.9256087656352168
0.9177154570841333
0.8457625271342687
0.8367448288660092
0.7470481992757878
0.5963557361275439
0.5491394962239708
0.43385795873832905
0.41817860275024415
0.2941455471316542
-0.18825133513262954
-0.24563654697380544
-0.2768029667131674
-0.2883503946834887
-0.6190187608659465
-0.8027376738433355
-0.8521381914062944
-0.8877209158097105
-0.9339061245493778
-0.9402003789644828
-0.9477764201357677
-0.9693874015235988
-0.9896437193377926
-0.9967363123423691
-1.0038184464800932
-1.010489327034613
-1.0283105564149482
-1.0283491720161742
-1.0210261262086486
-1.0161616921012742
-1.007605448694188
-0.7333503301789144
-0.6764928136078614
-0.5526050774313159
-0.4908775701872397
-0.4158433720976022
-0.3907998063450529
-0.3772946875429028
-0.32017147946252966
-0.2820947569039418
-0.25648585883216635
-0.17069926548647574
-0.14952525655777754
-0.147654169667977
-0.09386249768512428
-0.08633793472753161
-0.04113655094648953
0.08239735738336099
0.1901570732693896
0.23344971095669442
0.3101235185448085
0.3587018787160113
0.47661457431966237
0.5282323236351182
0.5571027464603416
0.6654421732083099
0.8541833091651893
0.8588583962966476
0.8698772034826241
0.9678203423992493
0.9708698158037421
0.8419991402121237
0.7746261064371492
0.756693205306903
0.7278986960568867
0.6733724390973639
0.29623335693042463
0.2507173008940076
0.0426705232718454
-0.23724329262958604
-0.28187349109948684
-0.5962253588485605
-0.6874456879868772
-0.7275861644236435
-0.846774944816779
-0.8739914004436177
-0.9573882124885198
-0.9855421473028176
-1.0289429133102648
-0.9833645833016479
-0.9799247090347415
-0.8804055144056429
-0.8246046844510645
-0.7313025759229013
-0.6650771296260424
-0.6558201881345819
-0.6370396865968135
-0.6168965562363595
-0.5251239466907783
-0.24605878761525354
-0.1979791657548511
-0.08629984562625825
0.39886191980367647
0.4359580301941573
0.45310975035868456
0.5334018534955836
0.5514434878798672
0.689784833089717
0.697598272926456
0.7250323571621413
0.7628534666887051
0.8731672695178119
0.9023725380893678
0.9639190894669691
0.9702606882420852
0.9394553847143606
0.9155682952371487
0.9023234570930788
0.8916744473380688
0.8402629745997072
0.7257624175808115
0.6319900934328647
0.5620104638332318
0.48779816875085286
0.36029682140269886
0.3585600322826172
0.25988428567645416
0.21568589689920392
0.13638052115658406
0.1227324612848083
0.05035104837014098
0.04721887838443542
0.01648841902193914
-0.17338468337521604
-0.5067369396884531
-0.5116986287895533
-0.5237619527515767
-0.550287411735074
-0.6869394917469617
-0.7811845329296627
-0.932913743718682
-0.9397958033315937
-0.9449244687832931
-0.9573463823419378
-0.9592087836486237
-0.988137672662216
-1.0026830422829995
-1.0293089805698137
-1.0046899746592919
-0.9887016197654583
-0.9797449019073418
-0.9457236672022487
-0.9132420814018413
-0.8697445792664251
-0.7882585616218977
-0.7644508889228203
-0.7167825639844131
-0.7122053279643544
-0.6055318738764387
-0.34807457648355666
-0.2927818566128419
-0.2684562632026264
-0.13050912751256172
-0.09607634901248881
-0.021987316015191473
0.03514208456079923
0.0620751685488539
0.19840636953737711
0.5131544048972934
0.6054445321887175
0.7217941222464284
0.7397471089080504
0.8879306562398956
0.8886786470521498
0.9314127206091518
0.9555262222550883
0.9647820303118119
0.9693021747977332
0.9637309965479375
0.9578959313504883
0.7967635042745363
0.7749509172328745
0.6097393571008273
0.4837375508075347
0.36578921559822536
0.3518936483116465
0.1632986121020979
0.14848046818831584
0.11934741062982991
0.056961845911485655
-0.10246247557299358
-0.34523164166425446
-0.5744702165806165
-0.8661623875679679
-0.9389925543321863
-1.0262948793155278
-0.988741866687709
-0.9189768340094913
-0.8267274762137959
-0.7642287858171384
-0.6989808881076114
-0.6281047105823094
-0.4775206110290237
-0.19543977439003182
-0.12193628092317844
0.20862081450718956
0.34774184660761076
0.4509396455499569
0.5055829973121324
0.5061136027249257
0.5876511355278667
0.6038283874650412
0.629709630902164
0.6901572461108282
0.7763350925253636
0.8897731682780912
0.9483394436764515
0.9548430791074385
0.9600347916463264
0.9702724411064644
0.9647106282188662
0.9201600771024618
0.9128467058874549
0.9057190565232934
0.7714646931952329
0.7569499185888308
0.7419867081350598
0.49544665797618287
0.42370234362893927
0.3593312052226859
0.32198240707872333
0.04685069721851597
-0.29420846537027806
-0.30992704795089837
-0.3357570679793378
-0.672944543876856
-0.7283442061060217
-0.7421471492031537
-0.9597357336790325
-1.0223074061157518
-1.0284639332122631
-1.0293445214156771
-1.0059158768102225
-1.0052295811053293
-0.9978382562757323
-0.791351757966666
-0.723828057482765
-0.6786920264035462
-0.5136749603360123
-0.47641765642723344
-0.4707873554282966
-0.37907638702743934
-0.14257357378452304
0.233553309501771
0.3155199026017835
0.37778974232160795
0.40004296383145654
0.46465565470976206
0.4755398284979483
0.7873582608765076
0.807822327769253
0.8569837155273569
0.8592966791355066
0.8793577403493522
0.9173956686600127
0.9671184985296166
0.9690692748960199
0.9469018367094898
0.9453921194223317
0.9381022027998515
0.9377851212024655
0.9314708780977424
0.9268346864465884
0.9126678407467006
0.6367941890658101
0.4912070585174881
0.31908803850015854
0.2269143109861669
0.20682062441222582
0.06881007113924902
-0.002660402828712133
-0.012710854748883681
-0.37076980770662793
-0.5537694172424242
-0.7477862714599403
-0.7941302031886863
-0.79615161917148
-0.9169230264222354
-0.938453174874922
-0.9920203673464411
-1.0283808917083577
-1.0279001066832338
-1.0221460122987678
-1.019754081618086
-0.9677202372196887
-0.9675023820098105
-0.957785507648923
-0.952551643858463
-0.9503596334230996
-0.8900558956729838
-0.8112384958076059
-0.8025414183246475
-0.6295430807093009
-0.6056576999511063
-0.6020568142429554
-0.5849332260624186
-0.36421520429832593
-0.29409615868707195
-0.24837243734687459
-0.10431301198589431
0.027536095666477887
0.04634401476464129
0.39048472179137583
0.4625813930041887
0.5917164979841733
0.6494378155399243
0.6726099364471384
0.8024049525942485
0.8689950622906315
0.9235885103157365
0.9243456666322531
0.9263967632125454
0.9687548667788113
0.968532955378977
0.9468939607566199
0.9408633837800257
0.8639978465173176
0.6549944637869022
0.6467067118796032
0.6073887401584412
0.6044780430151857
0.5863312114869109
0.5314950670824788
0.5036239624011158
0.2500540856826318
0.15660899423766814
-0.06345460454570197
-0.4946708895857829
-0.511272974622023
-0.7258758831197157
-0.8154084095657593
-0.8841089017377991
-0.9241877586127739
-0.9388250779176883
-1.0192421689709779
-1.0079354094549604
-0.9666888361933851
-0.9238810121702926
-0.6789135251407706
-0.19952202546250591
-0.015622220130943087
0.14620156548947688
0.1874778375193494
0.21986052375080228
0.3263901063659227
0.3334265059771812
0.46329710103788335
0.5048054924550999
0.5588665311339962
0.616672557670384
0.620023397037231
0.6718849140759268
0.6803452337895453
0.8575651841889894
0.8966180934434831
0.9001346001389019
0.9300047664206479
0.9441249775509059
0.9533503237948641
0.9690708722137952
0.9706005395408658
0.9695789476610202
0.9588763108225369
0.8853471613114086
0.8245675634906575
0.2897954915570093
0.05286174218961151
0.012103280633874277
-0.10029085668405704
-0.13033643980153684
-0.16527161868888254
-0.22474518031690155
-0.34969134322807643
-0.5459294987950839
-0.6099802169334858
-0.6953426936702337
-0.7399811224158142
-0.7430684533637991
-0.7978333224798205
-0.8206342244502582
-0.8442092038928035
-0.8806464431014798
-0.9871167714541048
-1.0200290846479183
-1.0070971464456993
-0.9572085090236365
-0.8379342782497327
-0.7731288036814349
-0.7041500206332888
-0.4955362099154778
-0.3579374426040893
-0.22959021209216204
-0.22774305458469646
-0.06255430536650139
-0.0531331318965348
0.024124701977890146
0.33770850230024896
0.3580757907103733
0.4247459786686205
0.4607478477786121
0.6465596129260224
0.672072101281927
0.7001643857196002
0.7488357516455069
0.818449497308838
0.8211055667317337
0.8905154954447727
0.9457293833776113
0.9638161312662318
0.9326523210042574
0.9305626569117748
0.9154495779778575
0.8637965946437838
0.7896778436873063
0.5156321429243298
0.3142870862570133
0.2606594358834472
-0.012202375770691262
-0.02351099565497692
