-0.16692378564074925
-0.3448030124825506
-0.448627460110711
-0.8025552332825214
-0.8272279535263047
-0.8615880142193555
-0.992487111923732
-1.005992501857556
-1.0095836946655061
-1.0068365931324164
-0.9994047537656845
-0.9626632802537044
-0.9334498038515627
-0.7269549435374167
-0.6854310706287323
-0.5891356856762908
-0.45836036817352843
-0.2336659734515365
-0.23182916030481465
-0.14970927450980465
0.05881965758528369
0.09944406075680265
0.1255983070103509
0.5488054053980176
0.8045023691803367
0.8473343442526671
0.9349602582481343
0.9763498347063265
0.9829897032839681
0.9757551600828904
0.9321909187165622
0.9041907640600361
0.8712044430381741
0.8492838832811479
0.835678071105135
0.737851663540317
0.7332791980554043
0.6153116116063613
0.5719262246190508
0.5193723844224029
0.41543097095289305
0.3914578856434277
0.24774678970646682
0.21791907034731323
-0.1383372198271153
-0.17378084961358234
-0.27021079287314337
-0.31365628907775495
-0.3582588427160753
-0.6170654549395802
-0.6230615578540873
-0.6359338834477903
-0.7273964145024606
-0.757929871950954
-0.9212176086258828
-0.9359303115322174
-0.9385830960276988
-0.9906602309892341
-1.0073630471332966
-0.9923639309867485
-0.9075307833153555
-0.3390909931091669
-0.25412566056765057
-0.1654081546579601
-0.07105422819512176
-0.05661568371263391
0.0030843650464162636
0.120852004307564
0.2257802440346411
0.5742744542246299
0.615688059040426
0.6417208580395998
0.7012457340306109
0.7454548003528209
0.9195300012277777
0.9472087497961207
0.9533097449100674
0.9688774596181675
0.9633862109834246
0.9560651536601025
0.9408634253099823
0.9329871404977043
0.8611524141768501
0.8521467773824398
0.7625534781933258
0.6119971825044412
0.5648182119125832
0.44962094906785643
0.433952469792983
0.3100017996780007
-0.17210642703691253
-0.229458248371962
-0.26060645631588075
-0.27214711739015696
-0.6026111410257196
-0.7861946136465725
-0.8355521015402918
-0.8711006460490321
-0.9172352570785453
-0.9235218302638523
-0.9310882897381962
-0.9526693907574885
-0.9728925853226863
-0.9799716904375922
-0.9870388208548964
-0.9936935097121841
-1.0114265295254483
-1.011459981089358
-1.0040796780161731
-0.9991985277029665
-0.9906197134040152
-0.7160989013724407
-0.6592076612544708
-0.5352539765200541
-0.4734963508017978
-0.39842730552601496
-0.3733724655675605
-0.35986133194326686
-0.3027131352256331
-0.264620115769806
-0.2390003977477087
-0.1531782487731979
-0.13199560169359156
-0.13012375372107626
-0.07631034015023236
-0.06878275514972375
-0.023563298872250796
0.1000195376539714
0.20782184228174835
0.2511316909372694
0.32783628408026766
0.37643444103025825
0.49439664840192116
0.5460369910237997
0.5749203785636288
0.6833113191020577
0.872163903371633
0.8768424769924631
0.8878697638849014
0.985938221896689
0.9890058535522452
0.8603064189275303
0.7929708777908405
0.7750468337002081
0.7462658275036036
0.6917631973106072
0.3147521540651289
0.2692493316613977
0.061260254392436334
-0.21857928246714406
-0.2631976344774385
-0.5774620412533575
-0.6686541453903968
-0.7087814256077917
-0.8279264591228749
-0.8551314476268489
-0.9384859884914569
-0.966620726458519
-1.0099532080010474
-0.9643135440412735
-0.9608713231863959
-0.8613036705293886
-0.8054831680916515
-0.7121533229710537
-0.6459106451200418
-0.6366514138938543
-0.617866344088589
-0.5977184211239444
-0.5059251547266312
-0.22680482096432278
-0.17871641071189126
-0.06701714645068074
0.4182295186297277
0.4553324139129668
0.4724873072784477
0.5527946421573768
0.5708398015600854
0.7092100338893861
0.717025236082675
0.7444656608536728
0.782295971302592
0.8926416947707255
0.9218578540234882
0.9834413156027403
0.9897950653171976
0.9590284502549523
0.9351524596619758
0.9219127050545743
0.9112674271213912
0.8598711339498896
0.7453959089283868
0.6516401651090246
0.5816715343795019
0.5074700154780202
0.3799856705442402
0.37824910269595785
0.27958557436632314
0.2353924656546653
0.15609633071434437
0.14244983541560394
0.07007661758796808
0.06694479878677177
0.03621777209415292
-0.15363446104169495
-0.48694960274797006
-0.49191071398395203
-0.5039726275453342
-0.5304949561720729
-0.6671300571663886
-0.7613620828486879
-0.913065090614318
-0.9199456415401319
-0.9250731491716112
-0.9374921209236526
-0.9393540621541442
-0.9682749036196509
-0.982815196818858
-1.009419348882076
-0.9847829634577786
-0.9687893760235557
-0.959830190845737
-0.9258012249669677
-0.8933136728035445
-0.8498093948073061
-0.768312845950955
-0.7445024475257543
-0.6968290038842323
-0.6922512969322748
-0.5855676568444783
-0.3280897010467126
-0.2727929832556537
-0.24846566438731046
-0.11050904988894363
-0.07607396994721691
-0.0019800474235961204
0.055153079348349135
0.08208791065405646
0.21842791786857949
0.5331968990808609
0.6254937020531794
0.7418525102455537
0.7598070406258329
0.9080059762245982
0.9087540663445958
0.9514947422264666
0.9756137041564504
0.9848728383400189
0.9893958952202734
0.9838325626965468
0.9779995143270344
0.8168868335201006
0.7950758546323564
0.6298742799213902
0.5038785963733551
0.38593534570148996
0.3720403470934249
0.18345257180605196
0.16863496928563293
0.13950296642182453
0.07711962145949522
-0.08229920886456679
-0.3250602470141364
-0.5542909761155893
-0.8459714535760405
-0.9187976833282373
-1.0060878544280905
-0.9685304759262592
-0.8987616821477982
-0.8065090544004863
-0.7440086110098408
-0.6787591161457726
-0.6078813933050032
-0.4572944535807663
-0.17520926256197902
-0.10170476504880308
0.22885645825500603
0.36797911189008004
0.47117809737378086
0.5258220777090556
0.5263526892394659
0.607891168516356
0.624068610392532
0.6499501598511899
0.7103985035798492
0.7965774428327927
0.9100171837063333
0.9685846685949577
0.9750884969163253
0.9802803900632039
0.9905187874410893
0.9849574388562027
0.9404076989724736
0.9330944022840686
0.9259668192493551
0.7917131685588451
0.7771984390659539
0.762235271310017
0.515695567355962
0.4439512705426871
0.37958012546157344
0.3422313146564438
0.0670993375482132
-0.27396055969832384
-0.2896791879863558
-0.31550928572807296
-0.6526981621813835
-0.7080981545944588
-0.72190118682573
-0.9394918894901568
-1.0020651734282249
-1.0082221905307225
-1.0091033295419676
-0.9856761126326586
-0.9849898413162691
-0.9775987619685667
-0.7711161075419362
-0.7035933223599562
-0.6584578700020914
-0.4934427834770684
-0.4561859075085813
-0.45055567077666586
-0.35884573791938723
-0.12234555804156516
0.25377693593231804
0.3357424860028561
0.39801149921202783
0.4202644169018406
0.4848761960661238
0.49576021145199584
0.80757306023902
0.8280366320854077
0.8771966832919376
0.8795095773840991
0.8995700018674317
0.9376064840822002
0.9873257623488614
0.9892760967532354
0.9671046794162842
0.9655948571280998
0.9583044717046659
0.9579873709355323
0.9516727630176484
0.9470363211567594
0.9328687800326141
0.6569871990738044
0.5113970845334213
0.3392748574232182
0.24709948858413114
0.22700544840954695
0.08899248843796939
0.017520772705842163
0.007470145891700336
-0.3505952572723237
-0.5335985450671396
-0.7276199818713679
-0.7739651976095182
-0.7759866721007272
-0.8967621699654853
-0.9182932459659292
-0.9718633946510352
-1.0082302093430118
-1.0077495959789646
-1.0019967425184144
-0.9996051689532033
-0.9475755254302725
-0.9473576826830148
-0.937641344601852
-0.9324077554788025
-0.9302158574641256
-0.8699147898578989
-0.7911001793831296
-0.7824033806137662
-0.6094099116254895
-0.5855251336218982
-0.5819243377544219
-0.5648011733475373
-0.34408824108059405
-0.2739707171903612
-0.22824797374618588
-0.08419158515399
0.04765475866507128
0.06646228178879561
0.4105954264790756
0.4826903699312636
0.6118221401574999
0.6695418245405215
0.6927132559052515
0.8225038618717365
0.8890910666106973
0.9436813104800722
0.9444384119110074
0.9464893575365079
0.9888422015394149
0.9886176619859571
0.9669752253433788
0.9609440641799036
0.8840736030269448
0.67506237483744
0.6667743693779966
0.6274552277836437
0.6245444460259433
0.6063970925747341
0.5515594234150172
0.5236875697725145
0.27011140131569084
0.17666413487635865
-0.04340448035287625
-0.4746310185028463
-0.4912335344571213
-0.7058425723410906
-0.7953781703061858
-0.8640814347738348
-0.9041621994796082
-0.9188002996847473
-0.9992305977235149
-0.9879253348582934
-0.9466821930324978
-0.9038768571313297
-0.6589186498012135
-0.17953959581563253
0.004355916975496416
0.1661759205317335
0.20745121415344608
0.23983312641774215
0.34636010969600967
0.3533963340742635
0.48326358525780216
0.5247708524039781
0.5788303726830826
0.6366346911762172
0.6399854283583197
0.6918453105411904
0.7003053529329557
0.8775182996578028
0.9165690505401819
0.9200853385151444
0.9499533762609109
0.9640723047534866
0.9732966163249639
0.9890141345919309
0.9905425058471861
0.9895198802419701
0.9788147400136845
0.9052795121218947
0.8444968782813336
0.30970869509214727
0.07276937215111338
0.03200997311191662
-0.08038674423197507
-0.11043301877892449
-0.14536900410525783
-0.20484394762060723
-0.3297930733123589
-0.5260361828552909
-0.5900886503670049
-0.6754536198126185
-0.7200934512864351
-0.7231808823954818
-0.777947610817822
-0.8007493418139575
-0.8243252213889362
-0.8607639599751592
-0.9672402038811597
-1.0001560296610232
-0.9872319323962067
-0.9373471394062658
-0.8180784484812921
-0.7532752804124913
-0.6842986884005394
-0.47569058023182803
-0.3380951520977818
-0.20975087753175442
-0.2079037618127919
-0.04271869935767582
-0.03329773430136615
0.04395839168610373
0.3575350904024933
0.3779018955807601
0.4445704693693548
0.4805714425236062
0.6663781735980181
0.6918898933527138
0.7199812999264301
0.768651048799729
0.8382621812040969
0.8409181412843034
0.9103247939789635
0.965534802446699
0.9836192554823294
0.9524469412610764
0.9503571155081514
0.9352429728544955
0.8835871531021899
0.8094653180854294
0.5354114776253268
0.3340616579266519
0.2804328166967455
0.00756518867217152
-0.0037436679470708393
