-0.16857425802462375
-0.34691315056238814
-0.45101935589770414
-0.8060989536016411
-0.8308754788954974
-0.8653912262256447
-0.9971923410080252
-1.0109285016416463
-1.0146358192362956
-1.012252560265671
-1.004972732405187
-0.9686289459002569
-0.939625034681092
-0.7340644571376495
-0.692683652641918
-0.5966941713171476
-0.4662952633134034
-0.2421887053813075
-0.2403565084748806
-0.1584410671507153
0.04957788941058763
0.09010308666042591
0.11619329258800197
0.5382973224604178
0.7931371377311675
0.8357829982573417
0.9229129340130371
0.9638795250963617
0.9703749369333863
0.9626471221670156
0.9186603320471192
0.8904857023717115
0.8573285137612975
0.8353074882387539
0.8216432004959574
0.7234542017148208
0.7188665962789667
0.6005431488011054
0.5570395490152131
0.5043490242726644
0.4001534430961641
0.3761241634513795
0.23209002057643302
0.20219759288320216
-0.1548018255208771
-0.1903185182569386
-0.2869486388320078
-0.3304854103784409
-0.3751826892908138
-0.6345758658245623
-0.6405867244227684
-0.6534909883213811
-0.7451928572630725
-0.7758123898385416
-0.9396662164611901
-0.9544471620203103
-0.9571128637775821
-1.009513769892455
-1.0264028738979407
-1.0119809509170274
-0.9275973324591887
-0.3604408753842309
-0.2756160240892622
-0.1870406479902597
-0.09283431120764402
-0.07841811745866101
-0.018810024273753077
0.09877735572632285
0.2035445486572604
0.5514714754584145
0.5928103400560505
0.618794743060811
0.6782038517265001
0.7223210556674565
0.8959290527548892
0.9234922933469987
0.9295631219823354
0.9450391387950544
0.9390157833035253
0.9316551909429133
0.9163842277182815
0.9084766182626723
0.836424385585303
0.8273965540017407
0.7376131088753375
0.586806231571255
0.539558674376926
0.4242063181978215
0.40851782186040403
0.2844155306199479
-0.19822396338558748
-0.2556372424733246
-0.28681897085265307
-0.2983720870476817
-0.6292122339051485
-0.813045016555918
-0.8624817126381451
-0.8980931754840363
-0.9443209277969222
-0.9506216408523228
-0.9582057386811789
-0.9798418449082053
-1.0001260148261353
-1.0072299494423853
-1.0143246999147055
-1.0210091958689216
-1.0389046017403532
-1.0389475599546567
-1.0316726645323508
-1.026822288167873
-1.0182850262906524
-0.7442533661557414
-0.687424214584783
-0.5635919493953602
-0.5018897761728646
-0.4268848901197503
-0.4018508078807361
-0.3883507485829684
-0.33124856042579487
-0.2931855466202117
-0.2675857502213096
-0.18182906638704016
-0.1606623239787152
-0.15879187732268266
-0.1050184947791766
-0.09749647403737324
-0.052310293357601054
0.07118245449545618
0.17890634212045417
0.2221845006746732
0.2988324088858066
0.3473941141504668
0.46526515511232724
0.5168638961686638
0.5457234113928018
0.6540194973772074
0.8426668633936615
0.8473390169950095
0.8583506893402864
0.9561883811133999
0.9592225751008643
0.8302078005571221
0.7628032151379626
0.744862860344697
0.7160569875018236
0.6615108470729728
0.28426400743320734
0.2387368135511742
0.030641472506774202
-0.24933486264650068
-0.2939750323132193
-0.6084005184919766
-0.6996446063237488
-0.7397961909732931
-0.8590217970079729
-0.8862479057224404
-0.9696803025853515
-0.9978503981076405
-1.0413086508336264
-0.9957819589489831
-0.9923440603721381
-0.8928656655592786
-0.8370813996436429
-0.7438026456298261
-0.6775917088405496
-0.6683366953981033
-0.6495600405406092
-0.6294209457829582
-0.5376657305516805
-0.25864703400594785
-0.21057481313838072
-0.09891228893938141
0.38617797293644
0.42326836859656225
0.44041741603817197
0.5206966895865498
0.5387353548246605
0.6770523675175437
0.6848643228248251
0.7122930660393204
0.7501064249498568
0.8603933375649945
0.889589431326142
0.9511048861959596
0.9574362473254308
0.9265983451312139
0.9027019031737942
0.8894527812866486
0.8788006267977733
0.8273763621742727
0.7128544564336493
0.619068158132906
0.5490792580744099
0.47485787987006406
0.3473422006257507
0.34560522498210877
0.2469191785838293
0.20271633864411204
0.12340317254778818
0.10975379364965022
0.03736547164946208
0.03423300558268194
0.0034996521366418634
-0.186391046131698
-0.5197746001266675
-0.5247367765748069
-0.5368012900159462
-0.5633293890597417
-0.6999957895820397
-0.7942518093732037
-0.946003125399464
-0.9528864578879326
-0.9580161001993869
-0.9704404958158921
-0.9723032853025629
-1.001238964494724
-1.0157886176052158
-1.0424329411840552
-1.017828604332749
-1.0018446664095453
-0.9928900313830218
-0.9588753234287882
-0.9263987748714076
-0.8829069938188601
-0.801429868910516
-0.7776244980439319
-0.7299604959792482
-0.7253836576870398
-0.6187188068309942
-0.3612789615318447
-0.305989619699924
-0.28166548427955423
-0.14372635879131396
-0.10929552534967285
-0.035210624984182815
0.021915625965027476
0.0488472329307498
0.18517098919684036
0.49990131166770607
0.5921857919015101
0.7085275826589477
0.7264792630237746
0.8746497856689017
0.875397692407349
0.9181261758480386
0.9422350534070592
0.9514880442741799
0.9560057217178726
0.9504278961176896
0.9445911218114709
0.7834419531357502
0.7616280019297095
0.5964079686247648
0.4704009643158625
0.3524483108782644
0.338552260524021
0.14995105464656508
0.1351324505639475
0.10599849648573706
0.043611044650755576
-0.11581794673065546
-0.3585940297746678
-0.5878392875861616
-0.8795414323228504
-0.9523749614534562
-1.0396876843801486
-1.002138415175454
-0.9323766118726374
-0.8401300657231987
-0.7776328843759103
-0.7123863627512259
-0.6415115178259737
-0.4909298708905689
-0.20885280483761076
-0.13535018297454368
0.19520331788509585
0.33432293175171157
0.4375196900412496
0.4921624893691083
0.49269308940105605
0.5742297886462059
0.5904068730314846
0.6162878463082073
0.6767348172564499
0.7629116938547019
0.8763482818089499
0.934913465538298
0.9414169256876093
0.9466084737458916
0.9568454376521072
0.9512831945816144
0.9067318785253081
0.8994184357974554
0.8922907225458244
0.7580356499158044
0.7435208279614155
0.7285575721854156
0.48201710072739185
0.41027273886913707
0.34590157776066693
0.3085527742059357
0.03342117575473294
-0.30763750801326845
-0.323356058776505
-0.34918602440591473
-0.6863724803624098
-0.7417718955118652
-0.7555747716274734
-0.9731617398834674
-1.0357321623855196
-1.0418883071249856
-1.042768464488189
-1.0193386987802207
-1.0186523838757948
-1.0112608657116986
-0.8047713240416401
-0.7372468953112853
-0.6921104032120076
-0.5270917572437919
-0.4898341112428538
-0.4842037588538082
-0.3924919618613529
-0.15598703742210362
0.2201433755713201
0.30211080907788823
0.3643813151407725
0.3866347816779532
0.4512482081036041
0.46213250972555553
0.7739554547388898
0.7944199222827629
0.8435823921425815
0.8458954120480717
0.8659569889864107
0.9039960890276465
0.9537217991458241
0.9556729341610064
0.9335087271046002
0.931999095127939
0.9247095594221815
0.9243924934034812
0.9180785467553373
0.91344255844706
0.8992762779786931
0.6234090775048475
0.47782437742807965
0.30570797104834413
0.21353558168366868
0.19344218344139077
0.05543359304731974
-0.016035867874290986
-0.026086177099179736
-0.38413986497900343
-0.567136470155468
-0.7611495796056047
-0.8074924617470046
-0.8095138298999834
-0.9302818924412234
-0.951811282296947
-1.0053760565921612
-1.0417314334219079
-1.0412505078851484
-1.0354953976973182
-1.0331031746686656
-0.9810658906883035
-0.9808480252727354
-0.9711307117416073
-0.9658966230139879
-0.9637045205111423
-0.9033985958209972
-0.8245789109252614
-0.8158816051008835
-0.642879278119511
-0.6189934033793165
-0.6153924440415363
-0.5982685085486573
-0.37754631491485424
-0.3074260217141868
-0.26170149858734537
-0.1176395830845397
0.01421179124158977
0.03302003511183136
0.3771669458306052
0.44926503469832374
0.5784028761987432
0.6361255340880125
0.659298220925259
0.7890968570251604
0.8556893515033187
0.9102854302356648
0.911042631617584
0.913093852144162
0.9554562746608851
0.9552365216943908
0.9336003541981683
0.9275702570787527
0.8507087647018904
0.6417118281130908
0.6334242845586743
0.5941072741833797
0.5911966465734451
0.5730502439475829
0.5182153525818289
0.49034486341323885
0.23678015786679457
0.14333685424201753
-0.07672262071461004
-0.5079304755598038
-0.5245322062492087
-0.7391300741588329
-0.8286600744567888
-0.8973582864414903
-0.9374355740714708
-0.9520722510471245
-1.0324784772946345
-1.0211704863895161
-0.9799210897517074
-0.9371112184082501
-0.6921360949780258
-0.2127343518920453
-0.02883101317740313
0.13299588579760654
0.17427296326754896
0.20665628664739363
0.3131880091451098
0.3202245530180177
0.45009790100641556
0.49160721803237567
0.5456695068249855
0.6034769396376741
0.6068278631367781
0.6586907262229891
0.6671512742702514
0.8443769914045499
0.8834316779263993
0.8869483647250629
0.9168202837516276
0.9309415510905058
0.940167749362729
0.9558907930936595
0.9574215277522494
0.9564007871685539
0.9457002119652731
0.8721760684429354
0.811398971116464
0.27664016973468164
0.03971101165466769
-0.0010466776187262328
-0.1134386895262807
-0.14348370304065566
-0.1784182175754857
-0.2378906407809614
-0.36283436286079146
-0.5590684370626537
-0.6231177139319725
-0.7084781369499682
-0.7531154099847979
-0.7562026584094218
-0.8109659956198371
-0.8337662145390969
-0.857340452339606
-0.8937764561624438
-1.000241910372873
-1.0331513292655568
-1.02021293004596
-0.970321124652438
-0.8510423286818116
-0.7862349533628382
-0.7172543646916957
-0.5086358544223117
-0.3710343351775657
-0.24268466852469284
-0.24083747657697913
-0.07564568886036516
-0.06622434362153405
0.011034897853914975
0.3246245512888273
0.3449922379841672
0.4116637563663977
0.44766636394175474
0.6334822783366433
0.6589954002075906
0.6870884082223028
0.7357611070073448
0.8053770066762546
0.808033166226552
0.8774457952691949
0.9326628809871143
0.9507515205144629
0.9195947201961603
0.9175051893652679
0.9023929872898966
0.8507423421255617
0.7766261335099872
0.5025871428421893
0.30124601275497775
0.24761934411837297
-0.02523767248417833
-0.036546097200621
