-0.16987997004472846
-0.3480506536540019
-0.4520537439872137
-0.8067116795113854
-0.8314501901856189
-0.8659089181941321
-0.9973795396546702
-1.011031106151401
-1.0146958486909408
-1.0121791621290661
-1.004843574414013
-0.9683538688741629
-0.9392730389165174
-0.733369320935726
-0.6919359378725463
-0.5958340050976422
-0.4652966710883213
-0.2409738089874144
-0.2391399128562084
-0.1571492066930244
0.05105757385752398
0.09161932183728506
0.11773312459856047
0.5402438752507058
0.7954000837178525
0.8381146819118925
0.9254278620506483
0.9665508019441749
0.9730996244214523
0.9655542444933456
0.9217237986161647
0.8936137423877769
0.8605198016201566
0.8385359685415945
0.8248933299255834
0.7268385951527647
0.7222565967658292
0.6040649613209983
0.5606051561303066
0.507965274255963
0.4038638785342774
0.3798554249203256
0.23594102224026295
0.2060725826173544
-0.1506512730488927
-0.18614086555343184
-0.2826967305508545
-0.32619964044631633
-0.3708617757803814
-0.6300372884328657
-0.6360426704687369
-0.648935080324991
-0.7405481110027191
-0.7711356909540615
-0.934779337108673
-0.949534940910482
-0.9521958457693548
-1.0044765071852682
-1.0212964171962835
-1.006660064173407
-0.9221094035855908
-0.3544758917059272
-0.26959880433478395
-0.18097057635021713
-0.08670935444595662
-0.07228484872726572
-0.012642557657271774
0.10501186327161305
0.20983895536588507
0.5579769018324361
0.5993435714782401
0.6253459792454925
0.6847981579699235
0.7289495395106392
0.9027313759402907
0.9303375990865728
0.93641965344403
0.9519297940151483
0.9461044705682381
0.9387585929884442
0.9235133990904659
0.915617448876173
0.8436461762511942
0.8346266062616426
0.744913941385084
0.5942003463691744
0.5469783224791326
0.4316837058100201
0.4160026617635089
0.2919568197979253
-0.19048486457639632
-0.24787525917529715
-0.27904450570567707
-0.2905929840208397
-0.6212930687578793
-0.8050330060502233
-0.8544402032307944
-0.8900282335274493
-0.9362212968516295
-0.9425167436784458
-0.9500942722875709
-0.9717098922489016
-0.9919713520948636
-0.9990660389625473
-1.006150502289307
-1.0128238964647325
-1.0306588197879951
-1.030698237080218
-1.0233840802423704
-1.0185222412839325
-1.0099695019670738
-0.7357556332469712
-0.6789033525432249
-0.5550258555525903
-0.49330302455750125
-0.4182742369431948
-0.39323242166527816
-0.3797282367482447
-0.3226089085155657
-0.28453471629735255
-0.2589274981917557
-0.17314642543960523
-0.15197375773154498
-0.1501027890129675
-0.09631449279478753
-0.08879039906383707
-0.04359182136988962
0.0799344899052179
0.18768759299706012
0.23097755830445577
0.307646585736897
0.35622187199309535
0.47412687967666123
0.5257411207994563
0.5546095305115214
0.6629409583349546
0.8516647886060414
0.8563393343493447
0.8673568247900951
0.9652805036495266
0.9683271573257991
0.8394298898318057
0.7720510337213196
0.7541167571501113
0.725320150958228
0.6707902248912818
0.293631258651074
0.24811314743739324
0.04005740890275608
-0.2398679427755857
-0.28449998105854746
-0.598865432095534
-0.6900901448364241
-0.730232670779126
-0.849428245557667
-0.876646482172562
-0.9600498595142745
-0.9882067758912911
-1.0316181476639559
-0.9860493440943373
-0.982609834305548
-0.8830981663752403
-0.8273003920719573
-0.7340025918043597
-0.6677798220705434
-0.6585232362432046
-0.6397434442947627
-0.6196010583714288
-0.5278316574814461
-0.24877506891682358
-0.20069681221543156
-0.08902059016434416
0.3961279867456895
0.43322304312440557
0.45037427034051414
0.5306640072516842
0.5487050940267119
0.6870419515901469
0.6948551176397545
0.7222882168521407
0.7601078969762746
0.8704167407175012
0.8996203173178586
0.9611611342221735
0.9675008451497498
0.9366895305803807
0.9128007166192658
0.899555088615864
0.8889054990225537
0.8374916677063062
0.7229871745420104
0.6292122740329028
0.5592309353234411
0.4850169657085186
0.3575129762655532
0.35577615276041996
0.25709850744747276
0.21289929814204328
0.1335924863506313
0.11994418333718095
0.04756149685823287
0.04442927229599176
0.013698279470695934
-0.17617806624070503
-0.5095360909123031
-0.5144978698289788
-0.5265614130051923
-0.5530873585328634
-0.6897420776175578
-0.783989141893444
-0.935722425822928
-0.9426047199636693
-0.9477335654010962
-0.9601559362729442
-0.9620184091003084
-0.9909485491537738
-1.005494707951242
-1.0321240332598092
-1.0075077294664527
-0.9915201881486191
-0.9825638539250561
-0.9485438213374341
-0.9160631632718541
-0.8725667147732461
-0.7910823347829533
-0.7672750859609522
-0.7196075570465141
-0.7150303942634413
-0.6083585242956718
-0.3509044399609418
-0.295612341943683
-0.27128701692340396
-0.13334135568832178
-0.09890893519817029
-0.02482066282984488
0.032308158070221686
0.059240970226498615
0.1955708011671995
0.5103155774286872
0.6026046658778007
0.718952821332205
0.7369055677337407
0.8850867198468766
0.8858346952002152
0.9285677409502553
0.9526803925059693
0.9619356826989399
0.9664553737167256
0.9608829737635187
0.9550475944890993
0.7939120917567122
0.7720992541776871
0.60688613819353
0.48088337771202044
0.3629342499915194
0.34903859405955884
0.16044242588387087
0.1456241975571239
0.1164909755483276
0.05410506470117711
-0.10532011314551899
-0.3480905471582948
-0.5773303464359802
-0.8690243432352279
-0.941855125045896
-1.0291593500759366
-0.9916070205968817
-0.9218425767720367
-0.8295937312311237
-0.7670953155807286
-0.7018476682816163
-0.6309717331272435
-0.4803880792873364
-0.19830792676528888
-0.12480459120649794
0.2057518541887937
0.34487263047557
0.4480702420139218
0.5027134944126803
0.5032440988580965
0.5847814819152022
0.6009587037808698
0.6268398987525197
0.6872873985002944
0.7734650714618836
0.8869028821731215
0.9454689642325478
0.951972568741321
0.957164252300047
0.9674017814193655
0.9618398934811742
0.9172892102393219
0.9099758267934732
0.9028481665257594
0.7685936843376803
0.7540789020238828
0.7391156842372995
0.4925755705960395
0.42083125107549124
0.35646011158705193
0.31911131420722827
0.043979637355550744
-0.2970794215838743
-0.3127979975642015
-0.3386280063480045
-0.6758152766344271
-0.7312148898946366
-0.7450178197513853
-0.9626060877518181
-1.0251775178959965
-1.0313339711476734
-1.0322144762656023
-1.0087856159759214
-1.008099316583001
-1.000707954625516
-0.794220873750035
-0.7266970342794158
-0.6815609152800035
-0.5165435482561024
-0.47928617924525363
-0.47365586846828533
-0.3819447424725914
-0.1454415281624471
0.23068602442921537
0.31265277669874914
0.37492274257606617
0.3971760104668719
0.46178884054628455
0.4726730385223466
0.7844923240005173
0.8049564665714604
0.8541180586795735
0.8564310329174337
0.8764921914991595
0.9145303409786162
0.9642537142231168
0.9662045582243715
0.9440377291352162
0.9425280279243886
0.9352381830804775
0.9349211044185701
0.9286069171732442
0.9239707638348545
0.9098040246251664
0.6339315876308229
0.4883449144031471
0.3162263860066422
0.22405291013471026
0.20395927777698192
0.0659490935449453
-0.005521189991444252
-0.015571615089541496
-0.37362957865370194
-0.5566286238397951
-0.7506447748264683
-0.7969885094902072
-0.7990099164930999
-0.9197806958629609
-0.9413107019298383
-0.9948774405674458
-1.0312369990932089
-1.0307561877079607
-1.0250019027641197
-1.0226099172425442
-0.9705754276874302
-0.970357570563466
-0.9606406138367936
-0.9554067078604082
-0.9532146801583566
-0.8929105322851465
-0.8140927039493615
-0.805395583652277
-0.632396498102435
-0.6085110247408986
-0.6049101252300904
-0.5877864719427611
-0.36706766820009373
-0.2969483887659149
-0.25122451716120103
-0.10716462514746757
0.024684907241498993
0.043492887193591685
0.38763475649906337
0.45973169327921803
0.5888673108536532
0.6465888794595258
0.6697611063647373
0.7995568004823335
0.866147356778918
0.9207412974246634
0.9214984621797256
0.9235495819690421
0.9659084942145479
0.9656869869259169
0.9440485215780429
0.9380180344333536
0.8611532543558555
0.6521510781752174
0.6438633652633992
0.6045455734662822
0.601634889336641
0.5834881380798423
0.5286522281845951
0.5007812386957642
0.24721232970182094
0.15376757280451825
-0.06629525434500823
-0.49750996213153337
-0.5141119808757757
-0.7287139464087886
-0.8182460003045636
-0.8869460659517105
-0.9270246292966339
-0.9416618284546079
-1.0220768874174062
-1.0107698976076287
-0.9695227963329552
-0.9267145894420319
-0.681745674415902
-0.20235225942272672
-0.018451793465259908
0.14337257423064131
0.18464899684345867
0.21703180219367593
0.32356178486764864
0.3305982114488622
0.46046932116714423
0.5019778856232752
0.5560391580037433
0.6138454474323138
0.6171963025269152
0.6690580711952904
0.677518433593234
0.8547394619894286
0.893792703464579
0.8973092438260313
0.9271797377393391
0.9413001462990233
0.9505256518052531
0.966246666645177
0.9677765334739503
0.9667551007141042
0.9560528492218878
0.8825246353703889
0.8217455048995559
0.28697591313902204
0.05004302180163766
0.009284704569368363
-0.10310903555714407
-0.13315451222946484
-0.1680895669657124
-0.22756291585176655
-0.3525086226389374
-0.5487460155256505
-0.6127964643398153
-0.6981585573099645
-0.74279677009641
-0.7458840856239151
-0.8006486684862335
-0.8234494428216663
-0.847024283681434
-0.883461292047862
-0.9899307096402856
-1.02284248202863
-1.009909336600908
-0.9600201072644464
-0.8407450235288961
-0.7759391938293213
-0.7069600734260262
-0.4983453846755745
-0.36074610321943573
-0.23239841756718105
-0.2305512536253308
-0.06536193673560153
-0.05594073117488966
0.0213173656740109
0.33490225948650815
0.35526962230419623
0.42194005881119223
0.45794206588017233
0.6437546061769153
0.6692672128830945
0.697359632495675
0.7460312474185138
0.8156453954781173
0.8183014817379197
0.887711914903343
0.9429264002130415
0.9610135014749339
0.929851000708043
0.9277613615092632
0.9126484463751499
0.8609958998160597
0.7868776237706978
0.5128331764414663
0.3114888532412696
0.25786138625042215
-0.014999529723076218
-0.026308113151673508
