-0.1622114254245008
-0.33980585094942745
-0.44345574438362567
-0.7966701931169695
-0.8212786534130895
-0.8555423470963114
-0.9858833788666267
-0.9992460751056477
-1.0027654774736412
-0.9997935034303729
-0.9922677420478764
-0.9552806359866298
-0.925937770651958
-0.7188665048519549
-0.6772544305397047
-0.5807705153726833
-0.44976332522052764
-0.2247070620349031
-0.222867408348478
-0.14062173899984554
0.06822079593323059
0.10890617854754209
0.13509978435359493
0.5589842938991919
0.8152069616435895
0.8581530081316923
0.9460827844031242
0.9877313612212758
0.994459653593473
0.9875269390921377
0.9442211216035009
0.9163276390930266
0.8834457659105196
0.8615866102595465
0.8480165351338782
0.7504116767752103
0.7458484603283905
0.628098231569553
0.5847850320132189
0.5323146492700579
0.42852839896793926
0.4045896141401655
0.261075670050144
0.23128743481105743
-0.12451556157454943
-0.1599146390837089
-0.2562225313595839
-0.29961238192279854
-0.3441571907621764
-0.6026063217176392
-0.6085934337389243
-0.6214462990914245
-0.7127630136317984
-0.743244035719573
-0.906186995976905
-0.9208581443451956
-0.9235030634223363
-0.9753830724541124
-0.9919724862314102
-0.9766220841314984
-0.891515427618449
-0.3222951666774683
-0.23724442887103853
-0.1484405210947545
-0.05399687958014062
-0.03954474932040722
0.020211192731657984
0.1380883922698456
0.24311450780991878
0.5919534302065849
0.6334124452579603
0.6594746476940422
0.7190698569065399
0.7633347309698498
0.9376937344285595
0.9654426405335521
0.9715619577501277
0.987185365428915
0.9820172573057265
0.9747202066168219
0.9595605185806353
0.9517032541723167
0.8800005927322306
0.8710084315663493
0.7815305759826932
0.6311264054468829
0.583989070859393
0.4688859552716317
0.4532296267463295
0.32937099120169167
-0.15241478737251107
-0.20972931068106782
-0.24085717572187978
-0.25239027807407954
-0.5826260537564182
-0.7660582471831829
-0.815367674340335
-0.8508780429369068
-0.8969561413358567
-0.903234135402864
-0.9107898931589221
-0.932337621183687
-0.9525238210746766
-0.9595878619188857
-0.9666382351248417
-0.973274840014732
-0.9909093425874514
-0.990937026730234
-0.9834927766711757
-0.9785929572372956
-0.9699889352442596
-0.6951713991677683
-0.6382424980200182
-0.5142151654360774
-0.45242390531369703
-0.37731594514806027
-0.3522485150032807
-0.3387306644883581
-0.2815545624645107
-0.24344334401124232
-0.2178115432137794
-0.131949688990629
-0.1107573956600231
-0.10888469778472486
-0.055047005384170684
-0.04751604567629021
-0.0022764079289010874
0.12136106614239904
0.22921092872219312
0.2725399963992621
0.34927896678709347
0.39789923006591077
0.5159167250480382
0.5675822964567825
0.5964801609826221
0.7049286238156888
0.8939056537886462
0.8985881204626522
0.909624875880517
1.0078332647994788
1.0109211716440043
0.8824129385016574
0.8151192595078406
0.7972051046411899
0.768439175090192
0.7139629249435806
0.3370948392649871
0.291606792232616
0.08368213705255916
-0.19607446880556148
-0.24067959460734256
-0.5548463549221957
-0.6460069474441045
-0.6861194948992946
-0.8052156880559722
-0.8324078743956898
-0.9157152230364334
-0.9438285295008055
-0.9870847786392002
-0.9413766430334023
-0.9379318025327563
-0.8383100535182764
-0.7824675898489386
-0.6891067814366211
-0.622844867573469
-0.6135830802684826
-0.594792910816979
-0.574639637783859
-0.48282331188872035
-0.20364138685945585
-0.1555431662919601
-0.043821638913395404
0.4415197951109707
0.47863026383147267
0.49578869917975193
0.5761130359109475
0.5941621299605597
0.7325646059627946
0.7403817752724945
0.7678292772378981
0.8056698575452248
0.9160512096220134
0.9452795244641534
1.0069041824985743
1.0132714939437426
0.9825480583804241
0.958684454780495
0.9454503736497278
0.9348092605956378
0.8834299083403596
0.7689829541140386
0.6752457137111173
0.6052893573751185
0.5310998641975162
0.40363449285198166
0.4018981719259099
0.30324827813543287
0.25906106145034813
0.17977523821933197
0.16613048879696915
0.09376641564140528
0.09063498871487265
0.059911792409179335
-0.12991715394036799
-0.46319088363097727
-0.4681513501141034
-0.48021169002429626
-0.5067305259779746
-0.6433466831293893
-0.7375641875952175
-0.8892379622834925
-0.8961168301165495
-0.9012430460869543
-0.9136587359843735
-0.9155201639599393
-0.9444320277847964
-0.9589666579539036
-0.9855465071777263
-0.9608907357906081
-0.9448913119356134
-0.9359293747235707
-0.9018917856895233
-0.8693975789575544
-0.8258857436986474
-0.7443774495472553
-0.720564011243084
-0.6728848590364072
-0.668306626890131
-0.5616116273989733
-0.30411063504384567
-0.24880945937448296
-0.22448021656433678
-0.08651303321077365
-0.05207538725069925
0.02202398679066642
0.0791612679317842
0.10609804730471618
0.2424478721633714
0.5572402025139995
0.6495444463409334
0.7659135285748374
0.783869779419949
0.9320858637612867
0.9328340645415938
0.9755820972409559
0.9997071430274204
1.0089699829942427
1.0134962845759479
1.0079416923763809
1.0021108906509995
0.8410202025592834
0.8192110144596819
0.6540205579656528
0.5280316906258627
0.41009409964369214
0.3961997339986077
0.20762003960293093
0.19280303955132508
0.16367221033737242
0.10129133537184133
-0.0581213854742869
-0.3008733825314011
-0.5300953870661035
-0.8217628673244457
-0.8945847231006315
-0.9818613994660416
-0.9442991771653453
-0.8745262125871595
-0.7822699604791987
-0.7197675748846182
-0.6545163110106594
-0.5836368771068199
-0.4330467941090601
-0.15095678867764717
-0.0774511820182155
0.25311459621307253
0.392239036354573
0.4954393278028209
0.5500839994603375
0.5506146177171601
0.632154137174256
0.6483317876716426
0.6742136731582145
0.7346628163401838
0.8208429533189634
0.9342845145715055
0.9928533167832894
0.9993573546605177
1.0045494438576115
1.0147886511110271
1.0092278032233801
0.9646789321642946
0.957365714735573
0.9502382021346231
0.815985297868375
0.8014706145268431
0.7865074902216063
0.5399681143486542
0.46822382236758614
0.4038526570831287
0.36650382490688616
0.09137149828045173
-0.2496892820941607
-0.2654079644142332
-0.29123815388706725
-0.6284286657197425
-0.6838290406939463
-0.6976321760719835
-0.9152253189090275
-0.9778004501629407
-0.9839580279436818
-0.9848397967368572
-0.9614142102617738
-0.9607279667753726
-0.9533371675128249
-0.7468588915932692
-0.6793371474144415
-0.6342023529996295
-0.46918951566704514
-0.43193312568618153
-0.42630296193170175
-0.33459420472934853
-0.09809701267093449
0.2780205060152348
0.35998487455040296
0.4222529516718043
0.44450552529941906
0.5091162721066261
0.5200001081469718
0.8318066380559346
0.8522696499148323
0.9014281894194348
0.9037410048928144
0.9238007093001581
0.9618355563350084
1.0115508197249894
1.0135006546207854
0.9913247409535677
0.989814800038689
0.9825238849922456
0.9822067625644726
0.9758917425177237
0.9712550180024581
0.9570866913087678
0.6811961560971055
0.5356026730575195
0.3634768262488675
0.2712996051645942
0.2512051659701832
0.11318949035238267
0.0417163735746157
0.03166554943935904
-0.32640712999327115
-0.5094145662513574
-0.7034411706609002
-0.7497878341794575
-0.7518093746401536
-0.8725894844512794
-0.8941216061298287
-0.9476950873326957
-0.9840689921490099
-0.9835885722555799
-0.9778371173532372
-0.9754459462597049
-0.9234210368902346
-0.9232032081869544
-0.9134874744291278
-0.9082541948206159
-0.9060624234889039
-0.8457643646802931
-0.7669528971851498
-0.7582564124494088
-0.5852684287757256
-0.5613843298378883
-0.5577836351845948
-0.5406609481972195
-0.31995374941321947
-0.24983793968751095
-0.2041162977841189
-0.0600633298104842
0.07177990097530416
0.09058697810614177
0.4347116057310852
0.5068046034311339
0.6359326182921934
0.6936504635737893
0.7168211184629334
0.846606758407392
0.9131906922118143
0.9677773283887767
0.9685343680229506
0.9705851436856723
1.012932066034309
1.0127045676175603
0.9910582559600554
0.9850264371348524
0.9081504329555479
0.6991303733584182
0.6908420824933931
0.6515216240646227
0.648610747063621
0.6304628061296421
0.575623420702526
0.5477507240363985
0.29416747387143866
0.20071775943882894
-0.019356501724027128
-0.45059457892761373
-0.4671975798269379
-0.6818135154233241
-0.771352569820155
-0.8400589539396827
-0.8801418654872867
-0.8947808444156785
-0.9752260032560339
-0.9639224243860035
-0.9226831434770301
-0.8798806070689708
-0.634932840414791
-0.15556778846449418
0.028322895182270737
0.1901386439574139
0.2314128368914928
0.2637938784629156
0.3703179375750378
0.37735396482318334
0.5072174543051851
0.5487234567114183
0.6027812688872456
0.6605836659521279
0.6639342881839915
0.715792331281646
0.7242520617090874
0.9014571299800924
0.9405054529433446
0.9440214948841036
0.9738871382926939
0.9880046239865203
0.9972277716920925
1.0129418814732831
1.0144687948443674
1.0134450064593783
1.002737050324279
0.9291949853349319
0.8684089365599854
0.3336026318349026
0.0966570400659531
0.055896586609498464
-0.056503032557945025
-0.08655008477069318
-0.12148697711482058
-0.1809634748617646
-0.3059159328239824
-0.5021646141020557
-0.5662190491176641
-0.6515868220758705
-0.6962282311701867
-0.6993157749281905
-0.7540845944670589
-0.7768872578453756
-0.8004641497723464
-0.8369045746590974
-0.943387471539215
-0.9763072477371695
-0.9633919686533359
-0.9135114991903353
-0.7942490384366298
-0.7294484642619248
-0.6604743362836536
-0.45187264114166603
-0.3142809681816225
-0.18594001779710997
-0.18409294907231574
-0.018912032633825203
-0.009491301952141337
0.0677629034090693
0.3813316159791862
0.4016978777398914
0.46836463631967645
0.5043646019319771
0.6901656719933129
0.7156765274294304
0.7437669468160244
0.7924348772633436
0.8620430709855916
0.8646989081071519
0.9341018768442289
0.9893075227862921
1.0073893952307875
0.9762075182678003
0.974117510727966
0.9590021719240832
0.9073431626342021
0.833217859620254
0.55915486620735
0.3577996905995952
0.3041695102861049
0.031295341945775254
0.019986219126784065
