-0.15706154272616066
-0.3338518313697118
-0.43701254889030233
-0.7882789524208094
-0.8127172842512222
-0.8467278669773356
-0.975657152971547
-0.9886754648122553
-0.9920244064053864
-0.9885311794570856
-0.9807936090266482
-0.9432697696110995
-0.9136545247498646
-0.7054615649626572
-0.6636915645810224
-0.5668826885850832
-0.4354997353478421
-0.20991070192336864
-0.20806712777150038
-0.1256519686178063
0.08357792785049525
0.124332770492874
0.15057019354712528
0.5750836369420048
0.8316314264687674
0.8746292973289064
0.9626647055717713
1.0043662569639253
1.0111048559892204
1.0041776096328792
0.9608400782133238
0.9329237450624416
0.9000139815539865
0.8781358839481613
0.8645539174089293
0.7668611080039038
0.7622936871030898
0.6444323610838725
0.6010770482857429
0.5485547339975657
0.44466268059686986
0.4206988813362298
0.27702972576763424
0.24720806117076086
-0.10903506795755075
-0.14448302862400428
-0.2409300297101798
-0.28438583602520984
-0.3290007718073739
-0.5879224896021349
-0.5939223475427624
-0.6068029462648358
-0.6983338295353535
-0.7288946233500034
-0.8923988994333008
-0.9071420635938192
-0.9098007205554577
-0.9620362149332374
-0.9788399722468907
-0.9642001714315778
-0.8796969377669094
-0.3124547956201228
-0.2276448329109877
-0.13908963606553618
-0.04490977911351231
-0.030498091505104477
0.029090077113883103
0.14663186407707723
0.2513508876530788
0.5990503073757407
0.6403522689887703
0.6663118920555725
0.72565887670445
0.7697238955319948
0.9430257607682667
0.9705025075425051
0.976550021968966
0.9919533057487662
0.9854507839075591
0.9780505759027419
0.9627088565689558
0.9547686528630639
0.8824799469409468
0.8734269733388539
0.7834202804103321
0.6322971829216848
0.5849585876852461
0.4693930723698749
0.45367631731241326
0.3293543246292758
-0.1541371236517915
-0.21165758117733274
-0.24289855008509728
-0.2544738199505498
-0.5860201519725653
-0.7703623879394842
-0.8199681774440811
-0.855716512341101
-0.9021511042547747
-0.9084836636505812
-0.9161076534382279
-0.9378693549535582
-0.9582948825085956
-0.9654570271634372
-0.9726169743939732
-0.9793723580801627
-0.9976637477262381
-0.9977304088593834
-0.9907222672110717
-0.9859511489298783
-0.9775219074702834
-0.7048524326462657
-0.6482087186246369
-0.5247477240639746
-0.46321898987587057
-0.3884178752471882
-0.36345044116601566
-0.3499860843843964
-0.29303331453788006
-0.25506870300421175
-0.22953465900015085
-0.14399643358454786
-0.12288332326274277
-0.1210176125163629
-0.06738024382815778
-0.059877240128805846
-0.014805357137315293
0.10837297401028499
0.2158171512702594
0.2589806491620362
0.3354210915070939
0.38384775842237556
0.5013753892844441
0.5528146816323835
0.5815819115069237
0.6895055315975384
0.8773143495490346
0.8819595237600896
0.8929053839616594
0.9897374686488783
0.9926206582597127
0.8621111003557761
0.7943612389033431
0.776338323814835
0.7474058409600408
0.6926359850240158
0.3141263799801751
0.26846360386073476
0.05976539823887151
-0.22101624772703196
-0.2657880246274273
-0.5812136044481812
-0.6727915699938114
-0.7131011962085101
-0.8328598277618338
-0.860228022311314
-0.9441929695285093
-0.9726095942532658
-1.016969591787601
-0.972287796020364
-0.968882913316425
-0.8700982146285545
-0.8146022409931184
-0.7217367721164761
-0.6557867225757366
-0.646566619209102
-0.6278597860747209
-0.6077941899301808
-0.5163587120956008
-0.23821838990145405
-0.19028948430506484
-0.07895581075503065
0.4046750527924601
0.4416444076696841
0.458736610258707
0.5387409005327827
0.5567154210153765
0.6944994028006709
0.7022784049077934
0.7295881687056619
0.7672276873636416
0.8769002914227
0.9058826843566669
0.9666575042832495
0.972739292493731
0.941086597014956
0.916950492507435
0.9035906835928621
0.8928569019700229
0.841097306771877
0.7260035739439954
0.6318343482933567
0.5615874839973105
0.48711021636906676
0.3591842515423846
0.35744188224666024
0.2584557912390677
0.21412192009727335
0.13457739615715764
0.12088858539088435
0.04829246930639697
0.045151051136783714
0.014329987068066277
-0.1761022682785655
-0.5104864452904126
-0.5154646040254374
-0.5275681796076098
-0.5541832516900908
-0.6913281658687841
-0.7859590331336335
-0.9384875744038635
-0.9454166211800141
-0.9505814200045839
-0.9630954318913323
-0.9649722745434567
-0.9941554489659914
-1.008862886871018
-1.0361996710944075
-1.0121666366365591
-0.9963582003816596
-0.9874869025056418
-0.953735798084854
-0.9214653059600799
-0.8782104018437303
-0.7971077083659311
-0.7734005332734861
-0.7259224058977883
-0.7213627662417941
-0.6150740535425709
-0.35842275428323705
-0.3032902489883489
-0.2790342478569022
-0.14147435158065116
-0.10713688785990244
-0.03325209043283106
0.023720047178271787
0.050578893144777454
0.18653100682189475
0.5003418484652593
0.5923218510277839
0.7082332769715987
0.7261117096182222
0.8735322888609637
0.8742752334466499
0.9166700666205204
0.9404972205800005
0.9495759097129339
0.9539392320716249
0.9479371547229196
0.9419892488974176
0.779702283799327
0.7577913359119176
0.5919525124110567
0.4655509090430544
0.3472609311045047
0.33332657845083463
0.14422550225643374
0.1293687873019556
0.10016023888532485
0.037614249585161644
-0.12221636192208288
-0.36561396840154503
-0.595494186327332
-0.8882201291241523
-0.96142336255411
-1.0499797049739834
-1.0129240302276068
-0.9436126942854267
-0.8517800559810261
-0.7895145196340135
-0.7244856643098838
-0.6538279732047686
-0.5036643098161284
-0.2222855074978452
-0.14895587645775693
0.18082474987871483
0.319606720146926
0.4225406432763759
0.47703792523160204
0.4775670857163278
0.5588752008209003
0.5750049188712051
0.6008084396744113
0.6610649447938296
0.7469376683477725
0.8598555671322603
0.9179841168974769
0.9244115047206553
0.9295298633039754
0.9394396688458457
0.9336493193194856
0.8886269979871013
0.8812635478835575
0.8740900213769051
0.739218290392885
0.7246511442360588
0.7096355981570995
0.4623788851231352
0.3904561224133058
0.32593139525001935
0.28849574827806407
0.012756222968742001
-0.3290364397720471
-0.34478964191274236
-0.3706768813787124
-0.7086804661414723
-0.764236475215159
-0.7780800915148207
-0.9965019502620431
-1.0595967260110133
-1.0658997974538156
-1.0669394369707654
-1.0438991954841104
-1.0432192698712333
-1.0358916137740914
-0.8303142262361807
-0.762987442602034
-0.7179727891684076
-0.5533546088342021
-0.5161805240608612
-0.5105626350106868
-0.4190487092726288
-0.18302430970387817
0.1923646154919762
0.2741649671485771
0.336305261251283
0.35851132891080845
0.42298396819619527
0.4338440255178016
0.7448489770690596
0.765244029528658
0.8142213455376129
0.8165248230024276
0.8364993880679685
0.8743434223337555
0.9236040067208725
0.9254985560119244
0.9028366125138497
0.9013141177498126
0.8939673149329058
0.8936479125479406
0.8872895908316146
0.8826232580250323
0.8683730203293409
0.5915848089209994
0.44566896205357515
0.27320493412340185
0.1808577466797858
0.16072695460072792
0.02246625308941623
-0.04913169982090543
-0.05920002193782138
-0.41790430256621974
-0.6012607723937968
-0.7957119731875039
-0.8421756873189481
-0.844202542144305
-0.965350173971968
-0.9869645584092845
-1.0407976946022917
-1.0777120012191628
-1.0772461094796388
-1.0715993448765864
-1.0692381944829743
-1.0175629345108195
-1.017346133737129
-1.0076745816189916
-1.0024638919659343
-1.0002813591318929
-0.9402014630392733
-0.8616153784055364
-0.8529412758907252
-0.6803403753188461
-0.6565036995178856
-0.6529100641058508
-0.6358206432107001
-0.41550894623511697
-0.3455099896908979
-0.2998631115491193
-0.15604071217186177
-0.024405276311798146
-0.0056278138875069245
0.3379384275761282
0.4099057000513878
0.5387929057597329
0.596393685303263
0.6195150818213023
0.748987977518618
0.8153680237001177
0.8697316506664471
0.8704848870656202
0.8725252053696096
0.9145103667720439
0.9141039399156091
0.8922250776595724
0.8861539867647428
0.808949180250717
0.5994130486760242
0.591108233334657
0.5517116535707319
0.5487952785873373
0.530613447610735
0.47567527932618314
0.4477541817443602
0.19376741226535002
0.10017945138978128
-0.12021131350750454
-0.5520865684213856
-0.5687160746177932
-0.7837067331674659
-0.8734319973476545
-0.9423055787800211
-0.9825030804033944
-0.9971888532418068
-1.078416165607428
-1.0672001615838536
-1.0261608871081673
-0.9835027069575357
-0.7390885533818505
-0.26042797564438014
-0.07677746184860963
0.08482781727703152
0.12604773264516983
0.15838588708094625
0.2647662252477081
0.27179258088291813
0.40147192453515346
0.4429161881206906
0.49689075552229767
0.554599697817646
0.5579447352932545
0.6097135227562431
0.618158130344891
0.7949829431268625
0.8339147138165162
0.8374189611720092
0.8671699779854368
0.8812185258471401
0.8903861364855991
0.9059379727769501
0.9073956456085495
0.9063167034396871
0.8954754401122278
0.8216111970548916
0.7606650042934326
0.22501709631858519
-0.01221657236784475
-0.05302533266509768
-0.16555767966131246
-0.19564024857448825
-0.23061853700302237
-0.29016589923250174
-0.4152699943797342
-0.6117713352418901
-0.6759147301184547
-0.7614090326163755
-0.8061215260874183
-0.8092141423649741
-0.8640770464462743
-0.8869216130158031
-0.9105439695476671
-0.9470600511210512
-1.0538405390150465
-1.0869363560743286
-1.0744123146569238
-1.024722824048771
-0.9057346190223146
-0.8410479087392193
-0.772181772986032
-0.5638603780950615
-0.42643233376930445
-0.29823592974834645
-0.29639090247704847
-0.13138987404585867
-0.1219792997155682
-0.04480827172001061
0.26841553344325225
0.28875838067449455
0.3553469759272163
0.3913035892614779
0.576861506066184
0.602335300040627
0.6303834095541624
0.6789734598101005
0.7484559457568285
0.7511065271182654
0.8203521765881194
0.8753718911355073
0.8933439611326358
0.8617563419785389
0.8596586383739083
0.8444926753135087
0.792698806875093
0.7184270830254825
0.44397867364146404
0.24239863455898597
0.18871230807643025
-0.08443567373300909
-0.09575592683341941
