-0.16950262848380737
-0.34778752240669675
-0.45186062323477755
-0.8068048151868349
-0.8315691295798434
-0.8660665600805125
-0.9977614724599077
-1.0114704384700692
-1.0151640675879214
-1.0127379016501485
-1.0054401390510592
-0.9690494078500035
-0.9400207439848247
-0.7343496854925649
-0.6929519437562417
-0.5969262304754844
-0.46648270691096655
-0.24230640045342233
-0.2404736554660505
-0.15853393521083367
0.04954563028277684
0.09008262549685536
0.11618044867327398
0.5384158422826244
0.7933579366583786
0.8360260276404492
0.9232152431462638
0.9642324318484767
0.9707451322565024
0.9630763843011236
0.9191402305871903
0.8909865192145866
0.8578498219190355
0.8358408472777298
0.8221835745343309
0.7240380875659045
0.7194522994660137
0.6011715794407412
0.5576821779633986
0.5050080730317525
0.4008430329462071
0.3768205070820794
0.23282519961530243
0.20294055284265772
-0.15396946265301104
-0.18947736116517597
-0.28608338359109015
-0.3296091652209916
-0.37429503763990335
-0.6336175558402581
-0.6396266363803945
-0.6525270516238924
-0.7442000756612334
-0.7748092327865302
-0.9385948014100186
-0.9533675159157082
-0.956031659605053
-1.0083935067207834
-1.0252601322391488
-1.0107685391061112
-0.9263306372164475
-0.3590191081359209
-0.27417727321723434
-0.18558471257494408
-0.09136052941845427
-0.07694163289596348
-0.01732241953045814
0.10028676108947457
0.20507343315206042
0.5530689898040073
0.5944168981629245
0.6204071574153512
0.6798302753742005
0.7239585964594996
0.8976231430050369
0.9252003666423912
0.931274847279323
0.9467619655352039
0.9408030399632923
0.933447235362184
0.9181846568178561
0.9102808410208274
0.8382549516189184
0.829229808308367
0.7394693951366018
0.5886928732796614
0.541453625258
0.4261200593493336
0.4104339882638214
0.28635006800303797
-0.19622504642491123
-0.2536308770868557
-0.2848085428505061
-0.2963601494937401
-0.6271547069985275
-0.8109572675048752
-0.8603843611299774
-0.8959881961467374
-0.9422046562643525
-0.9485036550068869
-0.9560856143555102
-0.9777150516442544
-0.9979918286372766
-1.0050927527671925
-1.0121841543773327
-1.0188650362590315
-1.0367407523580188
-1.036782557829024
-1.0294948807863857
-1.0246407727172888
-1.0160984720555044
-0.7420074904034579
-0.6851708084009311
-0.5613238163570388
-0.49961491716387707
-0.42460224892928533
-0.39956564885197543
-0.3860642462705163
-0.32895647735730377
-0.29088982387576695
-0.2652876109709537
-0.17952298606432954
-0.15835431435775962
-0.15648369771614146
-0.10270545920866059
-0.09518276348954771
-0.04999254625922844
0.07351113015999082
0.18124453072510963
0.2245265337421556
0.30118131874210946
0.3497474462437189
0.4676295475314046
0.5192333358021866
0.5480957473098594
0.6564033416365157
0.8450756071717573
0.849748539752059
0.8607621067093038
0.9586277999023755
0.9616660514223467
0.8326895443298815
0.7652933381754982
0.7473549628896557
0.7185521079459777
0.6640112481265013
0.286793027264472
0.24126879150525082
0.03318634869351168
-0.2467733811844876
-0.2914109024285422
-0.6058168345954333
-0.6970546116454229
-0.73720324570399
-0.8564190698863038
-0.8836426144535512
-0.9670655588000674
-0.9952313614288487
-1.038674343142487
-0.993133933361647
-0.9896955099234211
-0.8902062760563518
-0.8344176095630842
-0.741132650834793
-0.6749178591640907
-0.6656623334743008
-0.6468846566214826
-0.6267444896711314
-0.5349846530116859
-0.2559536116189733
-0.20787942429078832
-0.09621243731469434
0.3888968244895028
0.42598873874470583
0.44313849642239184
0.5234211792793609
0.5414606335413221
0.6797841125139542
0.6875964623375049
0.7150266249453004
0.7528420436282904
0.863136102685183
0.8923346348542718
0.9538583546165355
0.960192436838645
0.9293631995304437
0.9054692436257482
0.8922212604508037
0.8815699419081809
0.830149077743909
0.7156328473718403
0.6218502641556168
0.551863828768664
0.47764486549672297
0.350132996818265
0.3483960707686914
0.24971276299263145
0.20551110660687488
0.12620001199253814
0.11255098383380623
0.040164499041135684
0.03703211170686711
0.006299527846778515
-0.18358649119459083
-0.5169617214210658
-0.5219237682476332
-0.533987965317166
-0.5605153621647285
-0.6971779535969048
-0.7914310530152511
-0.9431764883802943
-0.9500594822220387
-0.955188864639551
-0.9676125998964474
-0.9694752861056379
-0.9984091586911619
-1.0129576720880191
-1.03959710348829
-1.0149888628430137
-0.9990037493674712
-0.9900485599919326
-0.9560321148688578
-0.923554225524336
-0.8800609215894877
-0.7985814293799516
-0.7747754457177052
-0.7271102927754329
-0.7225333485936583
-0.6158662071357685
-0.35842171454744276
-0.30313147306899835
-0.27880694934155975
-0.14086569035831348
-0.10643433882038257
-0.03234833761707361
0.02477875236470068
0.05171075280965381
0.18803649248914384
0.5027715349984606
0.5950575203533967
0.7114013901561822
0.7293534187718537
0.8775274142901708
0.8782753434494124
0.9210053177708786
0.9451154287401748
0.954369171131938
0.9588875067445742
0.9533114548041712
0.947475136587267
0.7863304370253033
0.7645168501084338
0.5992990799960047
0.47329346454316246
0.3553419651858614
0.34144604395282213
0.1528464875246792
0.13802800649318894
0.10889429215901342
0.046507345017531405
-0.11292039714711644
-0.35569462903700294
-0.5849380972405841
-0.8766375686784473
-0.9494701957919591
-1.0367801260242033
-0.9992298499095846
-0.9294671771576088
-0.8372198733107407
-0.7747222849837283
-0.7094753920264469
-0.6386001872922942
-0.4880178775305176
-0.2059397906178853
-0.13243693238869045
0.19811754524985237
0.3372375455972861
0.4404345879789748
0.49507753831908274
0.4956081398226708
0.5771450672299737
0.5933221975253536
0.6192032448636978
0.6796503926227824
0.7658275359639375
0.8792645348827319
0.9378300220453011
0.9443335311159649
0.9495251251419083
0.9597622813871659
0.9542001597792937
0.9096490619143137
0.9023356397867194
0.8952079449772368
0.7609530807524634
0.7464382730873307
0.7314750310638392
0.484934695235022
0.41319035197717147
0.3488192020697027
0.3114704028857104
0.03633879556705272
-0.30471998992056637
-0.32043854792095905
-0.34626852599060626
-0.6834552238763375
-0.7388546990312824
-0.7526575914717809
-0.9702449586405492
-1.0328156937439723
-1.0389719345628923
-1.0398522003931343
-1.016422717787983
-1.0157364077413307
-1.0083449385098247
-0.8018561702375986
-0.7343319272658608
-0.6891955528719611
-0.5241773108477487
-0.48691975241724583
-0.4812894131862845
-0.38957782845201155
-0.15307344562166722
0.22305605979392562
0.30502327689590336
0.3672936113003791
0.38954701469940867
0.4541602515409829
0.46504452020693376
0.7768663005946528
0.7973306646320264
0.8464928548588206
0.8488058602131675
0.868867303839176
0.9069061009072008
0.9566310658101606
0.9585821079873809
0.9364170641426415
0.9349074100634063
0.9276177756628442
0.9273007056075485
0.9209866821417184
0.9163506411403011
0.9021842141882159
0.6263153406264645
0.48073000970487384
0.30861292466405343
0.21644018773087426
0.19634671458914504
0.058337614222136625
-0.013132109949889541
-0.02318245625837019
-0.38123751287449953
-0.5642348994432065
-0.7582489831886285
-0.8045921384687038
-0.8066135190692666
-0.9273824521925917
-0.9489120395353123
-1.0024774434402681
-1.038834160898051
-1.0383532719632826
-1.0325984263935153
-1.0302062795253002
-0.978169891711903
-0.9779520289556773
-0.9682348298627379
-0.9630007997500639
-0.9608087212387371
-0.9005033664751444
-0.8216842771486083
-0.8129870308433826
-0.6399857438473189
-0.6160999978986943
-0.6124990577580066
-0.5953752128191772
-0.3746541070347529
-0.30453413919708966
-0.25880982518113865
-0.11474855917265761
0.01710222388163933
0.03591038302880403
0.3800556751715524
0.45215339410848754
0.5812905214689247
0.6390128295494291
0.6621853686815017
0.791983059919592
0.8585749318694013
0.9131703238192729
0.913927513435735
0.9159787016029288
0.9583399964671738
0.9581196798907389
0.9364827741216045
0.9304525516868265
0.8535900029160899
0.6445913825682955
0.6363037845866374
0.5969865230789487
0.594075877304594
0.575929362634451
0.52109414392459
0.4932234939556978
0.23965743736948567
0.14621366661522828
-0.07384688590221027
-0.5050569438528687
-0.5216587671535391
-0.736257952526219
-0.8257886131313756
-0.8944874211571252
-0.9345651190014311
-0.9492019638907118
-1.0296110306127582
-1.0183033616701245
-0.9770547032625435
-0.9342453672524549
-0.6892722407241625
-0.2098731765830208
-0.02597076202817817
0.13585532261403155
0.1771321894073378
0.20951534612874856
0.31604650889021135
0.3230830150276359
0.45295564290287416
0.4944647178024705
0.5485266795789173
0.6063337445198193
0.6096846460103558
0.6615471569748018
0.6700076452902172
0.8472318538065049
0.88628607536534
0.8898027150455172
0.9196741755159119
0.933795166523921
0.9430211418819981
0.95874353276009
0.9602739881662615
0.9592530248508356
0.9485519102375832
0.8750264568982308
0.8142487052961878
0.27948643133771733
0.04255607174757568
0.0017981803688952719
-0.1105943877616391
-0.14063955034341696
-0.1755742387427129
-0.2350469598811182
-0.3599913207511392
-0.5562264631113855
-0.620276117190839
-0.7056370777160118
-0.7502746532310793
-0.7533619232543481
-0.808125661408891
-0.8309260591037219
-0.8545004910157159
-0.8909368181806299
-0.9974035481423911
-1.030313724603363
-1.0173770165678668
-0.9674860404198433
-0.8482084394565753
-0.783401561695664
-0.7144214456856889
-0.5058041656469596
-0.3682033668063396
-0.23985433789725116
-0.2380071549655125
-0.07281616269113281
-0.06339486241966202
0.013864010558632768
0.3274521316761474
0.3478197141008067
0.4144908841779942
0.45049329842220714
0.636308126527383
0.6618210825398281
0.6899139011166537
0.7385862509476767
0.8082015866752269
0.8108577226291108
0.8802696446896623
0.9354858931750565
0.9535740374353853
0.9224154017488624
0.9203258360264783
0.905213404365373
0.8535621470001357
0.7794452727198039
0.5054045251094481
0.30406236688459226
0.25043544118740024
-0.022422830975887795
-0.033731306796482625
