-0.16202629987928163
-0.33961047551987766
-0.4432540868988129
-0.796442864801276
-0.8210490126520193
-0.855309238535129
-0.9856301892683943
-0.9989877512759622
-1.0025045706270133
-0.9995245059496378
-0.9919953654943114
-0.9549994225675471
-0.9256519025597271
-0.7185599028988543
-0.6769446561803893
-0.5804539602633184
-0.44943843097663855
-0.22436915452968428
-0.22252939869897156
-0.1402792063225527
0.06857460470533377
0.10926217981941423
0.13545720076813123
0.5593660637304984
0.8156076278913902
0.8585577743385535
0.9464984714743808
0.9881563561797148
0.9948878261733696
0.9879659577860629
0.944669426095558
0.9167797764238083
0.8839016560749224
0.8620447066487963
0.848475915528134
0.7508790170560794
0.7463161329038122
0.6285737130840922
0.585263106909793
0.532795722387709
0.4290150462211213
0.40507749359436934
0.26157063178558776
0.23178381490392513
-0.12400289884480836
-0.15940037607031773
-0.25570388442688224
-0.29909173629605335
-0.343634471061679
-0.6020707624347573
-0.6080575515407389
-0.6209097179641621
-0.7122211954579738
-0.7427003343396138
-0.9056309123559705
-0.9203005683805399
-0.9229452049886643
-0.9748181347751006
-0.9914034760933802
-0.9760404591177437
-0.8909239811110194
-0.32167569567711407
-0.2366218913460551
-0.14781488128760548
-0.05336801855732992
-0.038915400503161
0.0208425483790858
0.13872368161228926
0.243753311290169
0.5926046100045702
0.6340652554070368
0.6601285135031814
0.7197262478510588
0.7639931255386939
0.9383623180104957
0.9661137428587857
0.9722337178594554
0.987859124972728
0.9827026177546819
0.9754064289046315
0.9602482501132259
0.9523916685347518
0.8806937481793883
0.8717020707814929
0.7822283595436388
0.6318296501447029
0.5846938102370616
0.4695940744010708
0.453938182068726
0.33008285041014906
-0.15169135297501896
-0.2090045373805924
-0.24013167216494222
-0.25166450317922895
-0.5818920854292731
-0.7653188484380579
-0.8146265503852497
-0.8501355486053889
-0.8962116184118646
-0.9024893045211189
-0.9100446781263573
-0.931591208189545
-0.9517760801172622
-0.9588395802141978
-0.9658893519035893
-0.9725253076523283
-0.9901562738666243
-0.9901837509836086
-0.98273720550505
-0.977836715932177
-0.9692317890952937
-0.6944036020378691
-0.6374733490499583
-0.5134433728887013
-0.45165090546818326
-0.37654154846524374
-0.3514736664003937
-0.33795557478528554
-0.2807784711121311
-0.24266659941418334
-0.21703436491134898
-0.1311710854892997
-0.10997844591202623
-0.10810571752996091
-0.05426715365542959
-0.04673607281453939
-0.0014957106663201353
0.12214372458090023
0.22999529421553444
0.2733250517430081
0.35006525607121297
0.398686312835837
0.5167057923110034
0.5683722692799383
0.5972706534411587
0.7057211809698907
0.8947026777577299
0.8993852841673552
0.9104223794444005
1.0086357909663015
1.0117244255546778
0.8832230552357054
0.8159308787981105
0.7980170788845615
0.7692516904780529
0.7147763871868293
0.3379134326443469
0.2924259159382835
0.08450357302924598
-0.19525005623722624
-0.23985470731996253
-0.554017962888934
-0.6451774243937358
-0.6852894430602706
-0.8043838832408123
-0.8315756100866019
-0.9148812649120791
-0.9429938021622278
-0.9862473151945272
-0.9405367220411173
-0.9370917875177908
-0.8374680969150028
-0.7816248450309824
-0.688262925311775
-0.6220003210482831
-0.6127384420030765
-0.5939480895202395
-0.5737946244679741
-0.4819774709461648
-0.20279333535834204
-0.15469476269225155
-0.04297243627725971
0.44237239903783604
0.47948313956995675
0.4966417020403527
0.576966648968886
0.5950158842329735
0.7334195174576551
0.7412367573668063
0.7686845133312623
0.8065254622212119
0.9169080929951385
0.9461368440950174
1.007762980641695
1.014130778805513
0.9834088929077712
0.9595457338610027
0.9463118563435602
0.9356708927611211
0.8842921484899807
0.769846208854549
0.6761096325037963
0.6061537166703898
0.531964655069626
0.40449996464135085
0.4027636525767074
0.3041142480950723
0.25992724285911734
0.18064178968684658
0.1669971029190306
0.09463335793915387
0.09150194507583927
0.06077888623125298
-0.12904922442957678
-0.4623214679941466
-0.4672819113396602
-0.47934219477780704
-0.5058609053935691
-0.6424763827307013
-0.7366933660959564
-0.8883660917542328
-0.8952448991899882
-0.900371068809547
-0.9127866409388236
-0.9146480504964472
-0.9435595921633131
-0.9580940191184655
-0.9846729962603907
-0.960016529239405
-0.9440168959559819
-0.9350548599929766
-0.9010169615366155
-0.8685225160221759
-0.825010409591628
-0.7435016939963794
-0.719688146616274
-0.6720087895776566
-0.6674305385866758
-0.5607351315068639
-0.30323331258935476
-0.24793197697194375
-0.22360266513132152
-0.08563510257347047
-0.051197364547009995
0.022902205088685325
0.08003963528284141
0.10697648454941641
0.2433266616467263
0.5581198296970058
0.6504243404726222
0.7667937912920867
0.7847501038587923
0.9329668033967948
0.9337150081468623
0.9764633047575739
1.000588568786357
1.0098515416864908
1.0143779596604219
1.0088236809831763
1.0029929598452123
0.8419030605992099
0.8200939367293469
0.6549038789974391
0.5289152561142211
0.41097786810407194
0.39708352515835077
0.20850412055208228
0.19368714210502166
0.16455635497791576
0.10217556858480797
-0.057236933186684096
-0.2999886060674143
-0.5292102978018336
-0.8208773121336977
-0.8936990111301237
-0.9809752038738563
-0.9434128080191214
-0.8736396940206745
-0.7813833120866251
-0.7188808569293292
-0.6536295297011615
-0.5827500345236662
-0.43215983897963456
-0.15006966121265328
-0.07656401486023527
0.2540019263277483
0.39312643035525696
0.4963267684922222
0.55097146485959
0.5515020833568148
0.6330416399851334
0.649219297936441
0.6751011954281636
0.7355503671668844
0.8217305469135614
0.9351721731215141
0.9937410222885404
1.0002450676298735
1.0054371638083703
1.0156763998814187
1.010115569790103
0.9655667295502807
0.9582535149273314
0.9511260048185941
0.8168731268563557
0.8023584451295811
0.7873953223421316
0.5408559576663291
0.46911166571274754
0.40474049957691044
0.36739166656197586
0.0922593268840883
-0.24880148581112949
-0.26452017010026924
-0.2903503629147511
-0.6275409341554893
-0.682941322998674
-0.6967444621148797
-0.9143376932816832
-0.9769128913172764
-0.9830704893569622
-0.9839522809014865
-0.9605267533081028
-0.9598405108265466
-0.9524497216765508
-0.7459716037743758
-0.6784498971491048
-0.6333151264667035
-0.4683023702509378
-0.4310459977947603
-0.42541583667177474
-0.3337071218600338
-0.09721003751552432
0.27890730185353363
0.3608716278115282
0.42313967120229745
0.44539223243247267
0.5100029420423597
0.5208867716207968
0.8326930738861966
0.8531560655734542
0.9023145506259153
0.9046273632674818
0.9246870417383194
0.9627218298774145
1.012436948670836
1.0143867655777425
0.9922106899925128
0.9907007448059614
0.9834098106882514
0.9830926874805739
0.9767776525935676
0.9721409179003331
0.9579725629197323
0.6820817053099503
0.536488100999349
0.3643621238824784
0.27218483612022687
0.2520903825619171
0.11407460918822887
0.04260144197783256
0.03255061073978597
-0.32552233059970026
-0.5085299161719182
-0.7025567065694943
-0.7489034221938884
-0.750924965028822
-0.8717052408205781
-0.8932374001315296
-0.946811001264883
-0.9831851612312746
-0.9827047483000488
-0.9769533437257646
-0.9745621871153676
-0.9225374481040965
-0.922319619906181
-0.9126039078945563
-0.9073706394237053
-0.9051788726505845
-0.8448809221103653
-0.7660695677101674
-0.7573730942743087
-0.5843853079760488
-0.5605012334723439
-0.5569005424609308
-0.5397778726520015
-0.3190708801665233
-0.24895513211777892
-0.20323352984843873
-0.05918068494941618
0.0726624338302164
0.0914694949144535
0.4355938161047838
0.5076867438001307
0.6368146235511403
0.6945324026663927
0.7177030296199743
0.8474884909015564
0.9140723070288505
0.9686588134145906
0.9694158508255608
0.9714666203736944
1.013813329686448
1.0135857248236837
0.991939273762561
0.9859074312781206
0.9090312276911664
0.700010850393837
0.6917225492617641
0.652402043461887
0.6494911630346584
0.6313432009669321
0.5765037538000095
0.5486310268076201
0.2950475218929986
0.20159771939978166
-0.01847674486023673
-0.4497152371435299
-0.4663182554869842
-0.6809344392019189
-0.7704736179294935
-0.8391801142649408
-0.8792631030355428
-0.893902113571988
-0.9743478069557727
-0.96304428865841
-0.9218051466246489
-0.8790027109125043
-0.6340553197994884
-0.15469077148198745
0.029199738469251585
0.19101533420837807
0.23228948755301684
0.264670497807462
0.37119445174371846
0.37823047190153547
0.5080938260838117
0.5495997830003744
0.6036575337398972
0.6614598616958112
0.664810479793206
0.7166684567436846
0.7251281759505807
0.9023329608551094
0.9413811964931248
0.9448972295847542
0.9747627868761444
0.988880220676865
0.998103326521746
1.0138173137103708
1.0153441746460254
1.014320344439611
1.0036122870256121
0.9300699761292697
0.8692838045312872
0.33447684804394046
0.09753103081106228
0.05677053943164717
-0.055629184102076096
-0.08567626428413193
-0.12061318924978767
-0.18008974289571522
-0.3050423207051063
-0.5012912023735723
-0.5653457081513447
-0.6507135819390112
-0.6953550477730165
-0.6984425955824786
-0.7532114903290261
-0.776014187240741
-0.7995911155772288
-0.8360316011121977
-0.9425147372676664
-0.9754346555427015
-0.9625196936044166
-0.9126393796364187
-0.7933771429493587
-0.7285766620632631
-0.6596026227031139
-0.45100115820298864
-0.313409620295946
-0.18506878946382946
-0.18322172242915402
-0.01804095509969381
-0.00862023284714726
0.06863390343996575
0.3822023287939641
0.4025685710110707
0.46923526430828155
0.5052351936851373
0.6910360601528802
0.7165468845045395
0.7446372683878272
0.7933051334371056
0.8629132214724019
0.8655690541718718
0.9349718904190134
0.9901773794673076
1.0082591591035877
0.9770769382274072
0.9749869241498219
0.9598715423278205
0.9082124183300917
0.8340869905939531
0.5600236680071035
0.3586682997814772
0.30503807130973754
0.032163667756426505
0.020854535363955116
