-0.16565264321346457
-0.34344864842924866
-0.44722208913795436
-0.8009414125044368
-0.8255953537291955
-0.8599272522943339
-0.9906632539161621
-1.0041269388773686
-1.0076971491460853
-1.004884321209693
-0.9974250291906346
-0.9606117567928087
-0.9313604582721199
-0.7246970939545286
-0.6831474346884923
-0.5867969297298891
-0.4559538170253554
-0.2311536114407996
-0.22931596768072887
-0.14715930047070977
0.06146133953634151
0.1021035759027226
0.12826933283383257
0.5516745558891079
0.8075252945150483
0.8503906391477306
0.938105446470454
0.9795707964233427
0.9862365352657735
0.9790903017637842
0.93560167454011
0.9076327328940131
0.8746769746013471
0.8527743827030926
0.8391790278672315
0.7414174512192359
0.736847692289493
0.6189437126102995
0.5755794507827751
0.5230500341402373
0.4191540295089199
0.3951909824550609
0.25153758526654857
0.22172142158924033
-0.13440220000952868
-0.16983278993073908
-0.26622701007733857
-0.30965621916403857
-0.3542418711502746
-0.612943847410691
-0.6189373186011243
-0.6318039479784421
-0.7232237965903433
-0.7537419053280415
-0.9169287178563653
-0.93162925651161
-0.934279738558628
-0.9862991680944676
-1.0029687869846253
-0.9878668334275038
-0.9029536147991829
-0.33428532730982286
-0.24929498987010393
-0.1605521871019579
-0.0661719935571343
-0.05172947136774449
0.00798694213351204
0.125786659254081
0.2307435560050755
0.5793386960168049
0.6207655968854217
0.6468070051921838
0.7063524747777887
0.7505778817001199
0.9247361814098153
0.952435472703168
0.9585418327005484
0.974125854871846
0.9687292261767957
0.9614151983987872
0.9462257801827072
0.9383550648853718
0.8665590097026686
0.8575573188486991
0.7679978240433512
0.6174860742337689
0.5703192957260411
0.4551496017046795
0.4394846805033016
0.31556096071783013
-0.1664528429938372
-0.2237937421852194
-0.25493599301933395
-0.26647444063522097
-0.5968716248835237
-0.7804107969829779
-0.8297542107277697
-0.8652915757454747
-0.911409637495096
-0.9176936983491792
-0.9252570239032135
-0.9468283518739495
-0.9670407127893424
-0.974115406425238
-0.9811776295926973
-0.9878270226632933
-1.0055311921884016
-1.0055629547875065
-0.9981639250817548
-0.9932773075772693
-0.9846911112799442
-0.7100834038887295
-0.6531811346953567
-0.5292058820548663
-0.46743840641881956
-0.39235796480524093
-0.367299437770547
-0.353786337082634
-0.296629968198161
-0.2585316190971485
-0.23290836258647518
-0.1470745857607955
-0.12588911373273212
-0.12401701686227146
-0.07019649312076479
-0.06266791982062488
-0.01744255329780807
0.10615628413279832
0.21397251639511505
0.25728799346489123
0.33400265421589254
0.38260728516041326
0.5005856839233012
0.5522334149959127
0.5811210422393492
0.6895288286746247
0.8784178580597225
0.8830975718011881
0.8941276316493083
0.9922370699900884
0.9953106394789317
0.8666672007328182
0.7993439195312204
0.78142277164597
0.752646180869933
0.6981512764731722
0.3211821006546255
0.2756836054699491
0.06771339533674793
-0.2121018536541809
-0.25671633211821865
-0.5709521412045775
-0.662135016517437
-0.7022579819379395
-0.8213887115129722
-0.8485899506246052
-0.9319306701988068
-0.9600591314634231
-1.0033692865556096
-0.9577095689826398
-0.954266580898126
-0.854683084723568
-0.7988561503549689
-0.705517236794131
-0.6392689251448248
-0.6300089452996513
-0.6112223819202893
-0.5910728920377752
-0.49927287201133025
-0.22013449943549124
-0.1720432159352116
-0.06033743123663726
0.42493698999360324
0.4620421034145782
0.4791980341703824
0.559510348626693
0.5775566604274996
0.7159363364573756
0.7237521147915154
0.7511946123748294
0.7890279307264992
0.8993840893643886
0.9286038088476185
0.9901993364361986
0.9965570582562423
0.9658030901309701
0.9419307276093367
0.928692634729938
0.9180485766665533
0.8666572454050556
0.7521903007974742
0.6584399765899153
0.5884749410173457
0.5142769444481269
0.3867981568966122
0.38506166137226494
0.2864021266298232
0.24221074371066076
0.16291762910832366
0.1492716451841601
0.07690110587399994
0.07376940185490125
0.04304349710297028
-0.14680191518025645
-0.48010492690133677
-0.48506584928142704
-0.4971273019011885
-0.5236486074803898
-0.6602781595616002
-0.7545059317491188
-0.906200376596695
-0.913080434509287
-0.9182075637858206
-0.9306255742118559
-0.932487365098762
-0.9614055768105533
-0.9759442111738231
-1.0025412442979547
-0.9778991801408538
-0.9619038830288654
-0.9529438916881909
-0.9189123997886998
-0.8864228982609045
-0.8429164064565478
-0.7614164169326898
-0.7376051279997288
-0.6899300120743518
-0.6853521512700115
-0.5786651834985334
-0.32118047913903125
-0.26588245539363214
-0.24155457289642732
-0.10359486217460774
-0.06915903049329777
0.004936489112244388
0.0620708329594508
0.08900623497842784
0.22534911843000388
0.5401249403103002
0.6324239233050257
0.748785741633445
0.76674077608895
0.9149447361536887
0.915692858696992
0.9584356901333426
0.9825564346667907
0.9918166546782367
0.99634066229364
0.9907798908272317
0.9849475007711547
0.8238412645320411
0.8020308104239181
0.6368324939218893
0.5108388079496807
0.3928972159702022
0.3790024028683215
0.1904169959507985
0.17559957000789342
0.1464679111307852
0.08408529011126784
-0.07533174950884183
-0.31809013755010984
-0.547318309139605
-0.8389949762027488
-0.9118199235008394
-0.9991061373819361
-0.9615473382229598
-0.8917773210365284
-0.799523630044858
-0.7370226168347619
-0.6717726029279499
-0.6008943780104492
-0.45030651585223347
-0.16821991166417022
-0.09471508851791426
0.23584747240628826
0.3749706508653543
0.47817002009229836
0.5328142036003201
0.5333448171076874
0.61488360213662
0.631061105343644
0.6569427535948379
0.7173913323979442
0.8035706239393939
0.9170109005568308
0.975578773479417
0.9820826635649277
0.9872746145065778
0.9975132507707148
0.9919520500189833
0.9474025670794437
0.9400892938704256
0.9329617317082419
0.798708302947931
0.7841935872563128
0.7692304325109607
0.522690828592402
0.450946534191128
0.3865753840551997
0.3492265674803453
0.07409449146758607
-0.2669656601648955
-0.2826843040742144
-0.3085144283451391
-0.6457037788989777
-0.7011038824102882
-0.7149069446043075
-0.9324983568243288
-0.9950721785259196
-1.0012293589127548
-1.00211068136399
-0.9786839394896499
-0.9779976762831021
-0.9706066785564977
-0.764125300570732
-0.6966028189725834
-0.6514675585051513
-0.4864531280500541
-0.4491963938562751
-0.4435661784141618
-0.35185658854822155
-0.11535728047416122
0.26076376145934266
0.34272896664896857
0.404997706609684
0.4272505238636007
0.4918620016626331
0.5027459646928701
0.8145569686381477
0.8350203769755101
0.8841799867727724
0.8864928579081811
0.906553072126603
0.9445890768490421
0.9943071826487277
0.9962573711744053
0.9740846406469938
0.9725747837114626
0.9652842435999645
0.9649671365049186
0.958652408214721
0.9540158837972302
0.9398481132249407
0.6639639167280622
0.518372818167505
0.3462495336123822
0.25407362364921177
0.2339794669016226
0.09596571354583727
0.02449358848575839
0.014442904022058906
-0.34362462505590086
-0.5266291249684826
-0.7206520717209368
-0.7669977105030548
-0.769019204270762
-0.8897960497817934
-0.9113274313429081
-0.9648985538456658
-1.0012674404523596
-1.0007868836264566
-0.9950344388698797
-0.9926429829204597
-0.9406147228943185
-0.9403968842512835
-0.930680722778293
-0.9254472241083346
-0.9232553631157553
-0.8629551748132335
-0.7841414828686882
-0.7754447758757816
-0.6024529099923436
-0.5785683304508771
-0.5749675641640601
-0.5578445392870267
-0.33713328269839093
-0.26701625979994625
-0.2212938383001666
-0.07723844945093832
0.05460698451294701
0.07341437728428601
0.41754503261776477
0.4896394073590609
0.6187700799457354
0.6764892267815038
0.6996604311909386
0.8294495856325944
0.8960358342958393
0.9506250236480971
0.9513821070159536
0.9534330029616357
0.9957841160631781
0.9955587116243433
0.9739151422938372
0.9678837888913358
0.8910117074634445
0.6819978977398681
0.6737098088519828
0.6343902823261093
0.6314794727272501
0.6133319475452116
0.5584937766914029
0.5306216766182236
0.277043438038964
0.1835954559973547
-0.03647480967323631
-0.4677047210087526
-0.4843073787271646
-0.6989184330318781
-0.7884550414289709
-0.8571592178803734
-0.8972406101854813
-0.911878967273623
-0.9923136097102466
-0.9810088391478594
-0.9397668260343516
-0.8969623085485268
-0.6520071535094415
-0.17263219301290084
0.011261907967894735
0.17308066762522967
0.21435563945665725
0.24673729717031762
0.35326342555527834
0.360299592301573
0.49016574373137467
0.5316726411232697
0.5857316620275932
0.6435354187782559
0.6468861223538568
0.6987454668669775
0.7072054180536617
0.8844160614471819
0.9234661025046197
0.9269823185491058
0.9568496562866203
0.9709681629620914
0.9801921342650551
0.9959086560235911
0.9974366010496261
0.9964136354920631
0.9857076719992195
0.9121704451927477
0.8513868129483741
0.3165933316412707
0.07965217589672494
0.03889246857926382
-0.0735050971669438
-0.10355159907922917
-0.13848784958951946
-0.1979632475144107
-0.32291334746080164
-0.5191580860133463
-0.583211128765709
-0.6685769178774035
-0.7132172106023401
-0.7163046746467333
-0.7710720144522922
-0.7938740180507441
-0.817450193609091
-0.8538894252226548
-0.9603676142766728
-0.993284595053566
-0.9803630759967764
-0.930479547097591
-0.811212677722008
-0.7464102680455228
-0.6774343964584887
-0.46882816330943966
-0.3312338331027713
-0.2028905304529044
-0.20104342847399106
-0.03585957822272936
-0.026438681692442373
0.05081688274565242
0.3643912464827592
0.38475789277707945
0.45142593583633434
0.48742661440612745
0.6732316903155776
0.6987431573608759
0.7268342753008219
0.7755034925025185
0.8451137656940781
0.8477696898235813
0.9171752654005183
0.9723839983489758
0.9904676968682857
0.9592925866767442
0.9572027077725952
0.9420882153860577
0.8904314630696422
0.8163086140713071
0.5422520974442916
0.3409007117667798
0.28727147901079
0.014401938703505361
0.0030930042516990174
