-0.16928726451092774
-0.3473615707050989
-0.45130558647852637
-0.8057220413811049
-0.8304387909466596
-0.8648648823109348
-0.9961464303885079
-1.009749629761199
-1.0133900346224576
-1.01079709705901
-1.0034296538818255
-0.9668566144721492
-0.9377318740283787
-0.7316324220262743
-0.6901690699426433
-0.5940030622244065
-0.46338689202612077
-0.23894092738697592
-0.23710606461535083
-0.1550725489634048
0.05324100757571973
0.09382352512989131
0.11995073497764239
0.5426923830901913
0.7980279692177228
0.8407815113020294
0.9281984653159626
0.9694098977660887
0.9759889401267511
0.9685467441700838
0.9248046801000532
0.8967311155652896
0.8636729108174579
0.8417100890682391
0.8280796798047558
0.7301007730344151
0.7255219407286816
0.6074047208642154
0.5639696346324096
0.5113583336473265
0.4073100829492587
0.3833133789536256
0.2394665197937983
0.20961160915045102
-0.1469568854824062
-0.18243120409758082
-0.2789452226131759
-0.32242905205158817
-0.36707138599690103
-0.6261242886884926
-0.632126586453182
-0.6450123205020051
-0.7365753251508481
-0.7671449141752893
-0.9306702440679435
-0.9454115852619885
-0.9480697904457157
-1.000282785773987
-1.0170637639029911
-1.0023067893884874
-0.9176621912561714
-0.3497605240888739
-0.26485408462399945
-0.1761961604302399
-0.08190410189737188
-0.0674749263621641
-0.007813422778426872
0.10987865979063227
0.21473939902826536
0.5629958636185308
0.6043781478084224
0.6303906663063717
0.6898670306225287
0.734037603507751
0.9079170436061774
0.9355473971079421
0.9416357534073387
0.957165050097168
0.951450884175836
0.9441132653569817
0.9288825343895536
0.9209931277683288
0.8490672910359489
0.8400523573859731
0.7503794124635491
0.5997181613068157
0.5525104643145701
0.4372482445476099
0.42157138177618714
0.297557211134396
-0.18477350154185088
-0.24215105896095343
-0.2733133038214949
-0.28485918054308806
-0.6154807023352403
-0.799168565594046
-0.8485592184743775
-0.8841341069903449
-0.9303077159193196
-0.9366002093620108
-0.94417405386368
-0.9657781849538615
-0.9860269089830505
-0.9931164097650031
-1.0001951041553203
-1.0068622725994638
-1.0246632789023573
-1.0247007105801056
-1.0173645377371532
-1.0124962711852625
-1.0039348530445213
-0.729618818965571
-0.6727535704499218
-0.5488507138673343
-0.48711630114654325
-0.4120741133633097
-0.387027962676035
-0.37352146480214005
-0.3163925273440815
-0.2783120682347803
-0.25270068936202655
-0.16690594379013965
-0.14572995429331886
-0.14385869290124123
-0.09006203596525231
-0.08253678010682951
-0.03733125261780121
0.08621387413767143
0.1939833549696119
0.23727993888196314
0.3139608051703681
0.36254370448137724
0.4804677525246713
0.5320906822290017
0.560964077722289
0.6693153160658263
0.8580820062410777
0.8627578928022659
0.8737786443320633
0.9717505183550003
0.9748041553991127
0.845972745343271
0.7786083087309519
0.7606774385492465
0.7318860255982518
0.677365186353824
0.3002554643108768
0.2547424428556603
0.04670889646073279
-0.23318788641854266
-0.2778153683458298
-0.5921471800506186
-0.6833610367405991
-0.7234984870618514
-0.8426772355144347
-0.8698910615137194
-0.9532781799372485
-0.9814277125104918
-1.0248128193327954
-0.9792204238800524
-0.9757800114771006
-0.8762497040535991
-0.8204443626098258
-0.7271358932166373
-0.6609064951665384
-0.6516490285635392
-0.6328674793707932
-0.6127232499062656
-0.5209459030401646
-0.24186809040151674
-0.19378645302525727
-0.08210255892185425
0.40307867766152583
0.44017634414494533
0.4573287920740392
0.5376243885793385
0.5556668314221334
0.6940148018982064
0.7018286459342344
0.7292641843842533
0.7670874041674561
0.8774085281477653
0.9066162945734549
0.9681713116632691
0.9745156974091022
0.9437192676928382
0.9198347239576293
0.9065910518260705
0.8959428980426751
0.8445349070777418
0.730040160599349
0.6362716396305611
0.5662945329672243
0.4920847097617376
0.36458726252989565
0.362850524166847
0.2641775802986658
0.21998040271983668
0.14067714674649423
0.1270294457776309
0.05464991277171227
0.05151782334617662
0.020788151424421406
-0.16908016358786346
-0.502423905577996
-0.5073854621102274
-0.5194484625098034
-0.5459732033506778
-0.6826213881143262
-0.7768634432793181
-0.9285866423923063
-0.9354683558643859
-0.9405967556746975
-0.953017994285508
-0.954880290035182
-0.9838073326561703
-0.9983515375527241
-1.0249724771275321
-1.0003494834423199
-0.9843599278995249
-0.9754026438899763
-0.9413796351682745
-0.9088966802875247
-0.8653976232949172
-0.7839091889991416
-0.760100890802691
-0.7124313912158621
-0.7078540471247314
-0.6011782554825942
-0.34371621703000743
-0.2884225796076812
-0.2640965901883855
-0.12614727897732858
-0.09171397225211551
-0.017623816998782828
0.03950643883749
0.06643992388552755
0.20277314620291825
0.5175259896768561
0.6098176494752583
0.7261693557934454
0.7441226968666208
0.8923097772716296
0.8930577908856447
0.9357933804193507
0.959908135871118
0.9691647077086443
0.9736855209866193
0.9681161444846087
0.9622815424661307
0.8011536507560736
0.7793414331220245
0.6141321668988711
0.48813176731213653
0.3701846003785283
0.3562891637632671
0.16769579608444876
0.15287777658933827
0.12374496141592586
0.061359906847654924
-0.09806315254621588
-0.34083045022590286
-0.5700672212172008
-0.8617567027864381
-0.9345859638027095
-1.0218854915672981
-0.9843314736259154
-0.9145655746185459
-0.8223154633815354
-0.7598163689645192
-0.6945681030791339
-0.6236915692559708
-0.4731068146470543
-0.19102497308257968
-0.11752124776442859
0.21303680154555377
0.35215820873255094
0.45535628231618575
0.5099997796402154
0.5105303864699559
0.592068138558292
0.6082454345184709
0.6341267488962643
0.6945745330553899
0.7807526331152197
0.8941910959568986
0.9527576531948821
0.9592613336460243
0.9644530883603812
0.9746909127439013
0.9691292087283594
0.9245788486476889
0.9172654950585121
0.9101378613962016
0.7758836681664122
0.7613689044774853
0.7464057043877256
0.4998657415505507
0.4281214332248483
0.36375029501820316
0.32640149495261606
0.05126973074776921
-0.28978959177505886
-0.30550818442996036
-0.331338221605483
-0.6685260089457605
-0.7239257450029895
-0.7377287080474312
-0.9553177680467896
-1.0178898034996282
-1.0240464411177006
-1.024927153620062
-1.0014988314644262
-1.000812541270711
-0.9934212719187534
-0.7869356432860329
-0.7194121501063068
-0.6742762501348059
-0.5092596327078844
-0.47200242582025687
-0.4663721393926672
-0.37466140581467106
-0.13815918997184437
0.2379666969075471
0.319933053131683
0.38220270512385024
0.4044558576210938
0.46906834138801096
0.479952479190039
0.7917696426763859
0.812233597034022
0.8613946809394691
0.863707628742846
0.8837685451888775
0.9218061446857106
0.9715281668389759
0.973478842678997
0.9513104992888256
0.949800758112404
0.9425107348291322
0.9421936488697626
0.9358793227613327
0.9312430741805134
0.9170760702481822
0.6412006139997393
0.4956128041806018
0.3234930540178827
0.23131895279724676
0.2112251857106094
0.07321408442167825
0.001743327681694825
-0.00830716406586933
-0.36636758602931674
-0.5493680333893372
-0.743385931523765
-0.7897301557708997
-0.7917515850830703
-0.9125239242987124
-0.9340542840858131
-0.9876221501333708
-1.0239841078778404
-1.023503361971521
-1.0177495503771143
-1.0153577010794006
-0.9633248140534242
-0.963106961683852
-0.953390209544855
-0.9481564083534086
-0.9459644235397423
-0.8856612943526025
-0.8068445302538821
-0.7981475162976022
-0.6251502884189823
-0.6012650450554816
-0.5976641798261259
-0.5805406882432914
-0.35982382665260304
-0.2897051279384688
-0.24398162952634783
-0.09992289646467609
0.03192558108961648
0.050733409912060774
0.39487239277771863
0.466968670054566
0.5961030146797544
0.6538239598484016
0.6769959235282602
0.8067899340569332
0.8733793813382376
0.9279720987039738
0.9287292425044978
0.9307803046613489
0.9731372088216522
0.9729146980722565
0.9512749184810584
0.9452442082760092
0.8683775480598165
0.6593723760013974
0.6510845662645329
0.6117663277203407
0.6088556112782683
0.5907086607098755
0.5358721685373181
0.508000893030794
0.2544295812458053
0.16098399370017158
-0.05908074932074718
-0.4902993731580529
-0.5069015564918902
-0.7215058631976686
-0.8110390903193468
-0.8797402149161294
-0.9198195070157604
-0.9344570044648501
-1.0148771084683148
-1.0035706903974828
-0.9623248999890526
-0.9195176436160248
-0.6745522737370754
-0.1951636136262471
-0.011264787691134702
0.15055813499430443
0.19183418378410355
0.22421669342166387
0.33074568295071205
0.337782042579216
0.4676518746669163
0.509160009557503
0.5632207017796158
0.6210263385862054
0.6243771546371719
0.6762382986437901
0.6846985550795364
0.8619169074021308
0.9009693241604572
0.904485780948221
0.9343554615390804
0.948475379994976
0.9577004901450453
0.9734203471338975
0.974949718717582
0.9739278909571086
0.9632246828803915
0.889694146355747
0.8289138557450958
0.29413810731146145
0.0572030860593279
0.016444410569425326
-0.09595031551345068
-0.12599605641639194
-0.1609314193348167
-0.22040529631302974
-0.3453521353407252
-0.5415914214291464
-0.6056425387852178
-0.6910055843752617
-0.7356443332340447
-0.7387316870395687
-0.7934969804645051
-0.8162980716257804
-0.839873256486606
-0.8763108378672835
-0.9827825162120383
-1.0156956310207936
-1.0027654822302587
-0.9528777221683744
-0.8336047556833177
-0.7687998075005258
-0.6998215244884455
-0.4912090152069061
-0.353611009966987
-0.22526445406741563
-0.22341730609702887
-0.05822939828309164
-0.048808272378026436
0.02844917171598641
0.34203135127522016
0.36239852939936745
0.4290683489620497
0.46507001359133343
0.6508806298271429
0.6763929427669501
0.7044850268515739
0.7531560237204993
0.8227691729632431
0.8254252174309705
0.8948343984605243
0.9500474009826377
0.9681336251152208
0.9369678739787434
0.9348781729900555
0.9197648512803429
0.8681112205813524
0.793991765738056
0.5199442072124898
0.3185980634498559
0.26497014127935775
-0.007892997886535361
-0.01920167180265117
