-0.16727860531893926
-0.3456610498474567
-0.4497939577634753
-0.8049828103519386
-0.8297691918873589
-0.8642997253283687
-0.9961866074328316
-1.009944741087644
-1.0136631207158475
-1.0113145444484333
-1.0040492175522446
-0.9677433990444821
-0.9387595140725891
-0.7332883810630624
-0.6919212976214048
-0.5959611762117163
-0.465598436667757
-0.24154845507073908
-0.23971670289963065
-0.15782096500210058
0.05014878344096255
0.09066439846962
0.11674841712026518
0.5387456709231974
0.7935022588560176
0.8361300196720953
0.9232116736500161
0.9641370352609857
0.9706183556036435
0.9628423823975054
0.9188142900377866
0.8906225935824708
0.857448684078702
0.8354178239182057
0.8217478109034507
0.723523293927036
0.7189342047936148
0.6005758689390094
0.5570606736336862
0.5043567378117318
0.4001362081997931
0.37610141089335725
0.23203553620586195
0.20213674997574244
-0.1549357480087339
-0.190459631214993
-0.28710945697814705
-0.33065521584702423
-0.3753618232766549
-0.6348127975728688
-0.6408251108541679
-0.6537325234950169
-0.7454579934011194
-0.7760860159447127
-0.9399957059255337
-0.9547833889904134
-0.9574503661255334
-1.0098832471491916
-1.0267907549863233
-1.0124258830742725
-0.9280867258372643
-0.3610573251809631
-0.276246392851786
-0.18768510106688885
-0.09349339174524868
-0.07907941333898857
-0.019480435041339686
0.09808907483425958
0.2028402997082499
0.5507109607249585
0.5920424101359901
0.6180220113834975
0.6774196330325271
0.7215277211246008
0.8950893451274071
0.9226411180954169
0.9287089516331934
0.9441758637308992
0.9380996626273324
0.9307351430543125
0.9154573021131709
0.9075465807890035
0.8354727385688947
0.8264427017173248
0.7366403623508642
0.5858085817451936
0.5385542075483521
0.4231864351002367
0.40749594895420005
0.2833785848868857
-0.199313734333772
-0.256733125425053
-0.28791818752271703
-0.2994725424377197
-0.6303501007713295
-0.8142076857434045
-0.8636522624851125
-0.8992699855099453
-0.9455070054867843
-0.9518091255164608
-0.9593949784480572
-0.9810365580703153
-1.0013267956430987
-1.008433201098764
-1.0155307001432066
-1.0222181623553457
-1.0401297289210192
-1.0401736332818141
-1.0329092288374682
-1.0280619154404145
-1.019528789401775
-0.7455458225849775
-0.6887228525555656
-0.564902676451072
-0.5032060245706037
-0.4282075269637815
-0.4031755116497462
-0.3896765550732162
-0.33257894826146484
-0.29451892235124627
-0.2689211097267198
-0.18317094497614378
-0.16200578640166569
-0.16013547929341942
-0.10636608321312432
-0.09884461659035942
-0.05366174970568576
0.06982202628189244
0.17753810410134005
0.22081310645221713
0.2974553689595181
0.3460134436302441
0.4638754041274471
0.5154700014048021
0.5443271387583677
0.6526137762157388
0.8412406988378028
0.8459122128583738
0.8569223296293677
0.9547370303114466
0.957767892710297
0.8287216962730523
0.7613102302900209
0.7433682500274675
0.7145598990318142
0.6600094223934052
0.2827390815862987
0.2372094584874827
0.0291035252362237
-0.25088644677387417
-0.2955287914624648
-0.6099703367749303
-0.701219607609657
-0.7413736155850867
-0.8606072555920845
-0.8878354703075537
-0.9712756308844321
-0.9994492523866432
-1.0429200483330028
-0.9974046244529964
-0.9939671570115658
-0.8944976658585725
-0.8387170148582715
-0.7454433578899577
-0.6792355878659065
-0.6699809952355289
-0.6512051799514406
-0.631066966008152
-0.5393155473578473
-0.2603069926712035
-0.21223638739235
-0.10057752974025604
0.38449712117521706
0.42158626903859664
0.4387347328908006
0.5190112050317289
0.5370492219257094
0.6753609211297614
0.6831725522469464
0.7106001290811483
0.7484117953629204
0.8586928351645667
0.8878869250176682
0.9493955874347357
0.9557247121502548
0.9248796880948816
0.9009812026896175
0.8877311448044799
0.8770783031782096
0.8256512433590626
0.7111246722089867
0.6173353197786697
0.547344393466433
0.4731210298396591
0.3456022176348142
0.34386520121500735
0.2451769030825714
0.2009730899811108
0.12165822059568178
0.1080085532947041
0.03561872058713666
0.03248618977888117
0.0017522035007876274
-0.18814234267222257
-0.521532742380331
-0.5264950254414041
-0.5385597990973411
-0.5650884757014012
-0.7017580093633402
-0.7960164314559972
-0.9477725854033918
-0.9546561965116729
-0.9597860526511068
-0.9722109915854082
-0.9740738660455356
-1.0030110316934688
-1.0175616225841304
-1.0442099718882645
-1.0196088478531495
-1.003625877486642
-0.9946716987389553
-0.9606584206864932
-0.9281829758205427
-0.8846924484199874
-0.8032172724428258
-0.7794124061031824
-0.7317493516133939
-0.7271726005076311
-0.6205096357649601
-0.36307361771612096
-0.30778501688427273
-0.2834612013063881
-0.14552383326355953
-0.11109342662985838
-0.03700943317708448
0.020116126505315093
0.04704740927716835
0.18336953125628766
0.49809596364875425
0.5903792031342048
0.706719279779414
0.7246706729919772
0.8728383315582497
0.8735862198031547
0.9163134734116744
0.940421333378509
0.9496737041511621
0.9541908384849008
0.9486115490724157
0.9427743982991341
0.7816215394108822
0.7598072872922207
0.5945853840932741
0.46857723188175276
0.35062362432922356
0.33672746721103475
0.14812489719559843
0.13330619132395488
0.1041720389178662
0.04178416953449461
-0.11764585561635757
-0.36042347128461877
-0.5896702117147222
-0.8813745732860383
-0.954208851099702
-1.0415238948052798
-1.003975463652967
-0.9342143846906693
-0.8419684703959553
-0.7794716287041424
-0.7142254171672606
-0.6433508728875533
-0.4927697803107776
-0.21069356964446703
-0.13719114616429098
0.19336153318737298
0.33248082107715454
0.4356773393202089
0.4903200108784432
0.4908506096646242
0.5723871156083697
0.5885641610578339
0.6144450714931547
0.6748918922536604
0.7610685417790348
0.8745047784124917
0.9330697011642671
0.9395731190697375
0.9447646273842314
0.9550014243759003
0.9494390752632138
0.9048875669062465
0.8975741058588267
0.8904463761759133
0.7561911149371526
0.74167627975365
0.7267130111882907
0.48017240766239444
0.40842802531803485
0.34405685050671453
0.30670804080771075
0.031576431598300404
-0.30948219077851286
-0.3252007366536265
-0.35103069381285623
-0.6882169762653515
-0.7436163470173905
-0.7574192109993113
-0.9750058780095892
-1.0375760606083257
-1.0437321311923136
-1.0446122046507302
-1.0211822191603739
-1.0204959004760135
-1.0131043442217946
-0.8066141976624762
-0.7390896230164924
-0.6939530383584516
-0.5289340742268186
-0.4916763591562706
-0.48604599638631685
-0.39433403184226323
-0.15782867915646998
0.2183024533143838
0.300270058657924
0.36254070109449393
0.384794217806051
0.4494077949343251
0.4602921227600542
0.7721159949091555
0.7925805449477534
0.8417432377440272
0.8440562692530367
0.8641179525105637
0.9021572942563714
0.9518835993123831
0.9538348084833371
0.9316712701784288
0.9301616558740563
0.9228721990853721
0.9225551362945303
0.9162412510760414
0.9116053049081897
0.8974391415990733
0.6215732803646163
0.4759890857141195
0.30387322331601563
0.2117011126371271
0.191607774458169
0.05359959309198185
-0.01786965664082699
-0.027919936113469053
-0.3859725254506057
-0.5689685031591305
-0.7629808299396994
-0.8093234926081033
-0.8113448507586141
-0.9321122136123349
-0.9536414447166544
-1.0072057128226397
-1.0435600114763832
-1.0430790564968566
-1.0373237334398595
-1.0349314491416977
-0.9828934441138311
-0.9826755765583145
-0.9729581709383737
-0.9677240350420041
-0.9655319132324365
-0.9052255298687767
-0.8264053655909889
-0.8177080118549059
-0.6447048475966105
-0.6208188691541405
-0.6172178943587069
-0.6000938859500783
-0.37937081624738855
-0.3092502609855547
-0.2635255694227242
-0.11946313071622924
0.01238871996935386
0.031197032101275307
0.3753452471123256
0.447443634131484
0.5765820512552562
0.6343049911273384
0.6574777970351812
0.7872771948863794
0.8538701913073501
0.9084668238418057
0.9092240347115184
0.9112752813331363
0.9536386132746119
0.9534193148961179
0.9317837429134079
0.9257537468825306
0.8488931067299104
0.6398975286902598
0.6316100290548692
0.5922932213293338
0.5893826083772742
0.5712362961667513
0.5164016689608526
0.48853130955799295
0.23496769438191473
0.14152476779195108
-0.07853383736918268
-0.509739913633869
-0.5263415695504027
-0.7409383737010083
-0.8304678408060392
-0.8991655714694052
-0.9392425278264828
-0.9538790691988631
-1.0342830013022242
-1.0229747503326243
-0.9817247573708173
-0.9389144535811533
-0.6939377169159261
-0.2145338093066388
-0.030629723821407752
0.1311978332070679
0.172475080926831
0.20485853898620612
0.311390713824319
0.31842728819289046
0.4483012181460825
0.48981073085267196
0.5438732839352549
0.601681014061598
0.6050319553481641
0.656895103023794
0.6653556993475627
0.8425826358199746
0.8816376981634026
0.8851544230475364
0.915026712725047
0.9291482034255597
0.9383745818838672
0.9540981533385212
0.9556291137307935
0.9546085531940721
0.9439084140336571
0.8703853293657047
0.8096087609741868
0.27485276712741263
0.0379245805298096
-0.0028329453274369976
-0.1152245074847435
-0.14526940046501136
-0.1802037744144243
-0.2396759567119642
-0.36461916226002306
-0.5608523727168878
-0.6249013445562772
-0.7102613329148585
-0.7548983613437341
-0.7579855923021548
-0.8127486052786558
-0.835548679625223
-0.8591227604503413
-0.895558502788856
-1.002022925286359
-1.0349317315094384
-1.0219919645324675
-0.9720994884596174
-0.8528197259642908
-0.7880119482111975
-0.7190309772387211
-0.5104114719058152
-0.3728093699546011
-0.24445918744836137
-0.24261198820782348
-0.0774195570699921
-0.06799817545742132
0.00926136409372004
0.32285225703732967
0.34322002807977453
0.4098918282157335
0.4458945921829112
0.6317113853235773
0.6572246413660982
0.6853178026274879
0.7339907837019638
0.8036071395800788
0.8062633182191681
0.8756765191929549
0.9308942822208124
0.9489833224172809
0.9178280069345537
0.9157385043317537
0.9006264879974089
0.8489763381234708
0.7748606680578617
0.5008230988555075
0.29948280060729326
0.24585633995361295
-0.02699966078694178
-0.03830804415512156
