-0.16813255723541767
-0.3464884817017689
-0.4506051293549197
-0.8057274482630713
-0.8305078271539068
-0.8650293554043502
-0.9968639983743937
-1.010608747416444
-1.014320388517491
-1.0119506840225174
-1.0046765228841217
-0.968347572290239
-0.9393514854958595
-0.7338258477860892
-0.6924504021418322
-0.5964723866050857
-0.4660876015523064
-0.2420031315074343
-0.24017110821084578
-0.1582633581568127
0.04973639238805377
0.09025785008597072
0.11634564144028181
0.5384080105981558
0.7932153637817827
0.8358541658503259
0.9229652748273028
0.9639157912726818
0.9704057095359945
0.9626591218568628
0.9186562334669275
0.8904749522323528
0.8573112471528976
0.8352863890035908
0.8216198701262755
0.7234170306350916
0.7188288470588592
0.6004918054964583
0.5569836878177156
0.5042879379450756
0.40008263695094354
0.3760512077174732
0.2320047031514775
0.2021097984764354
-0.15491808596389628
-0.19043757932150174
-0.28707537469268146
-0.3306156465382281
-0.37531655857504287
-0.6347322439524918
-0.6407436690360523
-0.6536491591189627
-0.7453602185554128
-0.7759830571394498
-0.9398586359660468
-0.954642204867157
-0.957308403207697
-1.00972175882894
-1.0266180281556465
-1.0122183162287381
-0.9278520062385993
-0.3607450065028639
-0.2759255728264526
-0.18735567862725436
-0.09315503506815291
-0.07873970355621014
-0.019135157971767125
0.09844526689512137
0.2032062450835353
0.5511112740350883
0.592447252825824
0.6184297871151784
0.6778344253715612
0.7219480817219465
0.895538032318258
0.9230968102840503
0.9291664733834187
0.944638947131273
0.9385950274353131
0.9312329068800806
0.9159592673422666
0.9080504469750995
0.8359898055149011
0.8269611158163521
0.7371703186046619
0.5863537511188803
0.5391035413713148
0.4237451866329637
0.40805591605365
0.2839477599506982
-0.19871228802591057
-0.25612794521722004
-0.2873109707009406
-0.2988645688644263
-0.6297192718456788
-0.8135617044677612
-0.8630014666941134
-0.8986153651916533
-0.9448467232659703
-0.9511479837300704
-0.9587327644127349
-0.9803710001572543
-1.0006575307926684
-1.0077624267261878
-1.0148582465704814
-1.0215438965888648
-1.0394455899750075
-1.0394889162975733
-1.0322181024894526
-1.0273689177975092
-1.018833264999334
-0.7448205491274238
-0.6879938024703975
-0.5641662404905378
-0.502466215315043
-0.4274638146441111
-0.4024305365268259
-0.38893090623420756
-0.33183050041161777
-0.29376864902000854
-0.2681696243899032
-0.1824154767389674
-0.1612493505039708
-0.15937895813746483
-0.10560712648201104
-0.09808532131367476
-0.05290042982559458
0.070588827642189
0.17830967697771322
0.22158660766077096
0.29823231950430956
0.3467926123495655
0.4646601207251258
0.5162572497261307
0.5451158398881295
0.6534082501257188
0.8420476631348437
0.8467195679240543
0.8577306351142541
0.9555593828652291
0.9585922808026439
0.8295652826684429
0.7621580206340987
0.7442170335168871
0.7154101966487235
0.6608623693959329
0.28360638767024904
0.23807824881691625
0.0299787873956687
-0.25000285246156645
-0.2946438682016742
-0.6090756012654117
-0.7003217052301923
-0.7404742325247312
-0.8597029636651355
-0.8869298915815993
-0.970365308396042
-0.9985367754566341
-1.0419999072141535
-0.996477598273958
-0.9930398673958138
-0.8935649358187864
-0.8377820759770908
-0.7445053045216712
-0.678295599477468
-0.6690407497136711
-0.650264421415525
-0.6301256692578163
-0.5383719307325593
-0.25935717888874843
-0.2112855864024007
-0.09962448829566589
0.3854597018553171
0.4225496122059034
0.4396984326706932
0.5199766166650956
0.5380150297431124
0.6763299758784332
0.6841418051003938
0.7115700946823961
0.749382795292504
0.8596674238643068
0.8888627382777494
0.9503755515020577
0.9567060428822088
0.9258653710138207
0.901968134377345
0.8887186484907355
0.8780662267823962
0.826640875148213
0.7121171551252602
0.6183296691554322
0.548339981150156
0.4741178308842651
0.3466009333559881
0.3448639418562404
0.24617701986007953
0.20197380150485422
0.12265997308663347
0.10901048204401913
0.036621572613320025
0.0334890813722756
0.002755481854469506
-0.18713671262134585
-0.5205229283910231
-0.5254851462917904
-0.5375497609080171
-0.5640780845144894
-0.7007457032238185
-0.7950026570266463
-0.9467558539725743
-0.9536392947822495
-0.9587690202250907
-0.9711936270702702
-0.9730564495924449
-1.0019927066761587
-1.0165427243644451
-1.043188612971261
-1.0185855250736457
-1.0026019632700875
-0.9936475056118891
-0.9596333534936919
-0.9271572339596554
-0.8836659402147975
-0.8021895728592086
-0.7783843980995273
-0.730720764348018
-0.726143959944064
-0.619479842184568
-0.3620414843929242
-0.3067524305477306
-0.2824284194316005
-0.14448997694645258
-0.1100593093731939
-0.03597476145198071
0.021151220861900646
0.04808270184306758
0.1844058230253537
0.49913463391577256
0.5914186320615895
0.707759756836783
0.7257113256381427
0.8738807355999015
0.8746286351540482
0.9173566408455668
0.9414651231211584
0.9507178731209088
0.9552353396061124
0.949656945447679
0.9438200249245141
0.7826694231515736
0.7608553550992712
0.5956345957541603
0.4696271457864517
0.35167412195591397
0.3377780301570938
0.14917629477054245
0.13435765117974885
0.1052236201240835
0.04283600622996413
-0.11659338634879823
-0.35937006410565714
-0.588615897114433
-0.8803189016471725
-0.9531527210731479
-1.0404663435322699
-1.0029173990051155
-0.9331558762443789
-0.8409095747449742
-0.7784125248787269
-0.7131661232681672
-0.6422913946815595
-0.49170996220183366
-0.2096332268744457
-0.1361306816756842
0.19442250191121938
0.3335419899905635
0.4367386557008335
0.4913814057710494
0.4919120053228023
0.5734486300759243
0.589625699461229
0.6155066485318819
0.6759535616475432
0.7621303508636328
0.8755668037907094
0.9341318873950287
0.9406353313562142
0.9458268641900773
0.9560637642265973
0.9505014806501484
0.905950091339983
0.8986366416516025
0.8915089221602677
0.7572537782255702
0.7427389513016814
0.7277756907273635
0.48123517033918906
0.4094908011274218
0.3451196352205952
0.3077708295775101
0.03263922907176037
-0.3084194282010868
-0.3241379769383044
-0.3499679390667446
-0.6871543245597974
-0.7425537218629313
-0.7563565931084097
-0.9739434410722114
-1.0365137682698484
-1.0426698836032693
-1.0435500077180546
-1.0201201550171062
-1.0194338386176134
-1.0120423053896612
-0.8055525248548788
-0.7380280385820694
-0.6928915099941679
-0.5278727386631212
-0.4906150654591115
-0.48498470898187707
-0.3932728460160337
-0.1567677530425141
0.21936294286916314
0.30133044391204883
0.3636010035650108
0.3858544898172037
0.45046797545296124
0.4613522873693975
0.7731755964823115
0.7936400964114421
0.8428026537818628
0.8451156782418278
0.8651772969098521
0.903216491809341
0.9529424353625195
0.9548935994693432
0.9327296547241383
0.931220029678266
0.9239305249219321
0.9236134601691018
0.9172995376115364
0.9126635658289417
0.8984973313040608
0.6226306558752143
0.47704615389350224
0.30492996069031086
0.2127576805264138
0.19266430581852
0.054655875683732424
-0.016813502498649404
-0.026863800067548058
-0.38491705762183226
-0.5679134170434601
-0.761926219988393
-0.8082690161875898
-0.8102903804238256
-0.9310581689971605
-0.9525874966963244
-1.0061520728100843
-1.042507027558119
-1.0420260904959358
-1.0362708969812393
-1.033878649969229
-0.9818410837538293
-0.9816232175006671
-0.971905867925364
-0.9666717607357144
-0.9644796506761694
-0.9041735464643985
-0.8253536739505066
-0.8166563493751562
-0.6436536947260589
-0.619767779403755
-0.6161668140169182
-0.5990428499899657
-0.3783203135383547
-0.30819991779429196
-0.2624753287602937
-0.11841320853903742
0.013438352169472229
0.03224662274753677
0.3763940437549045
0.4484922492645755
0.5776303159525236
0.6353530841523711
0.6585258175690116
0.788324751651818
0.8549174424736277
0.9095137378290739
0.9102709429221464
0.9123221736557974
0.9546849518853938
0.95446537672063
0.9328294421400714
0.9267993845574909
0.8499382254876486
0.640941820205275
0.6326542938263724
0.5933373627013881
0.5904267408236885
0.5722803735563553
0.5174455854942916
0.4895751470721519
0.23601086791820425
0.14256771172996258
-0.07749142310745737
-0.5086985824992156
-0.5253002839521075
-0.7398977359346903
-0.8294275277605728
-0.8981255515571406
-0.9382027096667652
-0.9528393336248931
-1.033244662947978
-1.0219365703707277
-0.9806869406026759
-0.9378769001983686
-0.6929011461037528
-0.21349855687226238
-0.029594926242186848
0.13223222996487888
0.1735093739846805
0.20589275000997304
0.3124246493239614
0.31946120511732906
0.44933478058886267
0.49084417410352366
0.5449065662028024
0.6027141152300073
0.6060650456818883
0.6579280200083446
0.6663885869258622
0.8436147806682734
0.8826696140872334
0.8861863157722875
0.9160583796739588
0.9301797343170453
0.9394060030174481
0.9551292530152281
0.9566600759038955
0.9556394056929912
0.9449390009197391
0.8714152712525605
0.8106383806589097
0.27588067656968596
0.0389518981730044
-0.0018057272330975344
-0.11419756336718244
-0.14424252977402297
-0.17917698936488585
-0.23864931841829412
-0.36359283862716046
-0.5598265752628684
-0.6238757329221216
-0.7092359860696922
-0.7538731635097629
-0.7569604051084078
-0.8117236156049776
-0.8345237780239312
-0.8580979544771473
-0.8945338561099571
-1.0009989071219951
-1.0339080865824604
-1.0209691528464437
-0.9710770853555659
-0.8517979116759166
-0.7869903790903477
-0.7180096410207942
-0.5093907418958225
-0.37178899493985595
-0.24343912670168466
-0.24159193190408562
-0.07639989275239681
-0.06697853329953549
0.010280824656958003
0.3238709624600735
0.34423868211592834
0.41091031059956584
0.4469129792883316
0.6327292370703659
0.6582424113712896
0.686335479269858
0.7350082883643261
0.8046243663043128
0.8072805333138496
0.8766933858469274
0.9319107362324256
0.9499995323258114
0.9188433122203142
0.9167537924197471
0.9016416629239355
0.8499912112972443
0.7758752131225571
0.501836777895593
0.3004959728491551
0.24686938548155257
-0.025987234175902606
-0.03729564273568103
