-0.1693870876956561
-0.34768132424124615
-0.45176015246690543
-0.8067277679982603
-0.8314941944258581
-0.8659947929463678
-0.9977080706940177
-1.0114217384818653
-1.015117734093559
-1.0126989852981745
-1.0054043226718161
-0.9690217047866887
-0.9399973182796043
-0.7343453463424101
-0.6929505299225001
-0.5969310737728398
-0.4664952538911197
-0.24233098796622118
-0.24049833757928463
-0.15856280772992462
0.049506298799832545
0.0900412583970708
0.11613776734669166
0.5383505025313634
0.793274962942929
0.8359392220253161
0.9231182208260793
0.9641266907743793
0.9706364124231897
0.9629574886931225
0.9190126130196176
0.8908552989161427
0.8577150726393356
0.8357040227102954
0.8220455419429126
0.7238925625061711
0.7193064614913462
0.6010183849442011
0.5575265390793073
0.5048496074150625
0.4006793098727498
0.37665562144089904
0.23265362937336495
0.20276764337205913
-0.15415775819508604
-0.18966717001427696
-0.2862773390981937
-0.3298050117351373
-0.3744928467955894
-0.6338275217306256
-0.6398369081635108
-0.6527379855166932
-0.7444159717836414
-0.7750269137481387
-0.9388242236528835
-0.953598353915839
-0.9562627655937124
-1.0086313306535
-1.0255018221622347
-1.0110222104823434
-0.9265936430773907
-0.35930877615311735
-0.274469860983573
-0.18588025457237273
-0.09165913936163414
-0.07724070746380092
-0.017623405716040562
0.09998202733108816
0.20476535096543905
0.5527491108179955
0.5940954647048732
0.620084717373292
0.679505427409429
0.7236318376992071
0.8972866649359703
0.9248614853483077
0.9309353383314575
0.9464205486428067
0.9404505502193018
0.933093922823776
0.9178299033486442
0.9099254356040608
0.8378950191154411
0.8288694138311558
0.7391050427099806
0.5883233045002033
0.5410826286316789
0.4257458338391896
0.41005934600638827
0.2859722689613935
-0.1966139078247242
-0.25402101831913393
-0.2851993821426195
-0.29675124816442916
-0.6275536389305529
-0.8113613921415762
-0.8607901356193657
-0.896395281209609
-0.942613681481287
-0.9489129747650931
-0.9564953015320238
-0.9781258846266924
-0.998403931809961
-1.0055053731746917
-1.012597350155235
-1.0192788529719934
-1.0371579519537337
-1.0371999554753222
-1.0299144744088622
-1.025061007470856
-1.0165195725027387
-0.7424387824550664
-0.6856033941771653
-0.5617589321840916
-0.5000511884953214
-0.4250398572139852
-0.40000368969179373
-0.3865025178811558
-0.3293957077178937
-0.2913296795154721
-0.2657278817542479
-0.17996462108008815
-0.15879628081541813
-0.15692569337629
-0.10314828909273475
-0.09562570933028125
-0.05043618555187722
0.07306561342179238
0.18079737974447943
0.2240787223178451
0.30073232595163024
0.3492976937578328
0.4671778950019401
0.51878081622007
0.5476427301810575
0.6559483475207631
0.844616335678338
0.8492891344422673
0.8603023759351217
0.9581632589675542
0.9612008134798693
0.8322177328420076
0.7648200873260033
0.7468813720082007
0.7180779986625423
0.663536231764668
0.2863130949570904
0.2407883510763776
0.032703692726919927
-0.24725888941919555
-0.2918968655762985
-0.6063061564579696
-0.6975450174741707
-0.7376941583365183
-0.8569116626742791
-0.8841356476633739
-0.9675602155792526
-0.9957267555527796
-1.0391723601794414
-0.9936343065140888
-0.9901959732226016
-0.890708600986946
-0.8349206902950849
-0.7416367972218684
-0.6754226676194437
-0.6661672299068441
-0.647389728578948
-0.6272497457744949
-0.5354907028281282
-0.25646178158828326
-0.20838793198377123
-0.0967217114491116
0.3883842873631598
0.42547594082483164
0.44262557653154566
0.52290767390044
0.5409469926622485
0.679269361181319
0.6870816432551977
0.71451156211332
0.7523266270771254
0.8626194589097248
0.8918175723482046
0.9533398728611433
0.9596734878245406
0.9288427626338586
0.9049483798474981
0.8917002011448968
0.8810487390629351
0.8296272910146733
0.7151100861579007
0.6213268650589436
0.5513400064920452
0.4771206285850889
0.3496081056565675
0.34787117109208987
0.24918739312000088
0.204985533531153
0.12567408326953858
0.1120249948936953
0.039638194679863376
0.036505793828471134
0.005773077843011107
-0.18411374453204665
-0.5174904037290395
-0.5224524728075304
-0.5345167241879695
-0.5610442415797514
-0.697707486897242
-0.7919610876261358
-0.9437075324254092
-0.9505905843952707
-0.9557200114229942
-0.968143860028627
-0.9700065639650194
-0.9989407466450179
-1.0134894556647625
-1.0401297267418466
-1.0155221560964707
-0.9995372443721411
-0.9905821501342943
-0.9565660031405864
-0.9240883438943794
-0.8805953013026909
-0.7991162153361063
-0.7753103368308356
-0.7276453813787238
-0.7230684553673747
-0.6164017069640918
-0.3589580117759374
-0.3036679246542524
-0.2793434675496979
-0.14140257460633138
-0.10697131195472542
-0.03288549961142796
0.02424144642888474
0.05117337937090037
0.18749877879761997
0.5022330116592495
0.59451873885747
0.710862252084781
0.7288142209746081
0.8769876209274283
0.8777355462419633
0.9204652649156819
0.9445751643987893
0.9538287779362775
0.9583470007047559
0.9527706446850757
0.9469342482797847
0.7857887826729973
0.7639751333230131
0.5987569753722991
0.4727511219468744
0.35479942486527744
0.3409034815116237
0.15230364252880751
0.13748514042018437
0.10835138502158949
0.04596435143733368
-0.11346360466976387
-0.35623815353137467
-0.5854819280910971
-0.8771818569893017
-0.9500146384022354
-1.0373250461254189
-0.999774942065889
-0.9300124178238741
-0.8377652433487843
-0.775267724488966
-0.7100208948994517
-0.6391457515518593
-0.48856355483176556
-0.20648564189277469
-0.13298282391799587
0.19757148750760062
0.33669142216554077
0.43988841629546876
0.49453134100068236
0.49506194225450517
0.5765988309512612
0.5927759534606978
0.6186569882413416
0.6791041060341221
0.7652812042072982
0.8787181336567991
0.9372835696557966
0.9437870704911773
0.9489786567831595
0.9592157807180166
0.9536536387577091
0.9091025044795448
0.9017890789273656
0.8946613810545755
0.7604064824510662
0.7458916724529409
0.7309284281887419
0.4843880707447642
0.41264372471571653
0.3482725732506096
0.310923773523674
0.03579216919589642
-0.30526659701710507
-0.3209851536884699
-0.34681512947911275
-0.6840017837587243
-0.7394012482089924
-0.7532041377416933
-0.9707914342421912
-1.0333621142797158
-1.0395183382080515
-1.0403985849853186
-1.0169690527153101
-1.0162827418171623
-1.0088912640096919
-0.802402360423792
-0.7348780850029815
-0.689741690055939
-0.5247233775391122
-0.4874658038343763
-0.4818354623085721
-0.39012384056286686
-0.15361936335023338
0.22251030007108405
0.3044775548252133
0.3667479190909749
0.3890013334721962
0.45361460328621683
0.4644988776833311
0.7763208605120329
0.7967852425336813
0.8459474813411785
0.8482604892232815
0.8683219560067116
0.9063608056973173
0.9560859000002526
0.958036958294775
0.9358720596934557
0.9343624094499554
0.9270727921767379
0.9267557228219331
0.9204417126864647
0.9158056808287968
0.9016392792948493
0.6257706959623934
0.4801854744356014
0.3080685070614753
0.21589583038249496
0.1958023702246433
0.057793358256098604
-0.01367632028801562
-0.02372666016917887
-0.3817814795889835
-0.5647787307720489
-0.7587926457332131
-0.8051357536999975
-0.8071571321444254
-0.9279259144774555
-0.949455467616694
-1.0030207624831704
-1.0393772477934546
-1.0388963525210753
-1.0331414611336291
-1.0307493010787525
-0.978712758108207
-0.9784948948915798
-0.968777675986523
-0.9635436357262224
-0.9613515530614164
-0.9010460996334393
-0.8222269072091102
-0.8135296506009589
-0.6405281835895339
-0.6166424153489823
-0.6130414718855811
-0.5959176112733487
-0.37519631720939706
-0.3050762930627069
-0.259351942857674
-0.1152905644502391
0.01656032092262702
0.0353684947306223
0.3795140669422764
0.4516118498857242
0.5807491008046257
0.6384714694061098
0.6616440340925195
0.7914418887951739
0.8580338684399875
0.9126293791964296
0.9133865708481622
0.915437764613101
0.9577992545405795
0.9575790354543037
0.9359422573836587
0.9299120566241507
0.8530496905685947
0.6440513614288111
0.6357637728600718
0.5964465547842095
0.5935359121512646
0.5753894168583491
0.5205542547597399
0.49268363259956816
0.23911780965484136
0.1456741196807439
-0.07438624650038395
-0.5055959235015904
-0.5221977307889883
-0.7367966883659847
-0.8263272348041707
-0.8950259397763896
-0.9351035666969827
-0.9497403825551861
-1.0301489581986474
-1.0188412335953851
-0.9775924475647457
-0.9347830190091919
-0.6898095472774398
-0.21041002005144308
-0.02650744575123197
0.13531877964991124
0.1765956828587179
0.20897886838697408
0.31551012789799293
0.32254664055790305
0.45241939290209543
0.49392850965200447
0.5479905279512567
0.605797656476238
0.6091485617707897
0.6610111335966398
0.669471632236187
0.8466961015006541
0.8857504034220017
0.8892670512459335
0.9191385909708728
0.9332596297382496
0.9424856436233214
0.9582081473353972
0.9597386510050383
0.9587177261844133
0.9480167047970506
0.8744914778295598
0.8137138393025085
0.27895216547474583
0.04202201352349408
0.001264157071331512
-0.11112831493680209
-0.14117345175794377
-0.17610811011142943
-0.23558077976368424
-0.3605250302441855
-0.5567599880174235
-0.6208095769122173
-0.7061704445526887
-0.750807967797456
-0.7538952340883628
-0.8086589029577576
-0.8314592697593698
-0.8550336681280949
-0.8914699394183064
-0.9979364489273099
-1.030846494480054
-1.0179094942103961
-0.9680183747716194
-0.8487405673170799
-0.7839336035812684
-0.7149534058987584
-0.5063359132863179
-0.368734989966802
-0.24038585086232858
-0.23853866637272875
-0.07334753665512272
-0.06392622861383704
0.013332708036199285
0.3269210939172728
0.34728869435837517
0.4139599246174623
0.4499623722663386
0.635777388064898
0.6612903727348971
0.6893832240433567
0.7380556341675668
0.8076710673340743
0.8103272073649874
0.8797392515788274
0.934955644721611
0.9530438745540142
0.9218855559794782
0.9197959962855554
0.9046836042916445
0.8530324527005344
0.7789156934312075
0.5048752493765195
0.3035332687867054
0.24990638750264002
-0.0229516677345421
-0.03426013472578592
