-0.16781627599580687
-0.34618279935154916
-0.4503059453973496
-0.805454852864795
-0.8302376304046861
-0.8647627570572016
-0.9966182727557052
-1.0103683692769796
-1.0140827025013832
-1.011721438616998
-1.0044508065370432
-0.9681310961312249
-0.9391398830953601
-0.7336360135001271
-0.6922639071676551
-0.5962930370111539
-0.46591705438022873
-0.24184635355293754
-0.24001443849378007
-0.15811148376546116
0.049876290696649575
0.09039541630275237
0.11648170181513084
0.5385180839563984
0.7933051811808112
0.8359395781000974
0.9230389361089189
0.9639794179560188
0.9704659065649545
0.9627075978254159
0.9186946570355374
0.8905092219702788
0.857341447238849
0.8353141954616897
0.8216462831239457
0.7234347989292382
0.71884625423827
0.6005007212391169
0.5569897813371275
0.5042907673507626
0.4000793941652262
0.3760466219884946
0.2319923942091646
0.2020959419263468
-0.15494972943888258
-0.1904709728978959
-0.2871135643539883
-0.3306560236437028
-0.3753592061700751
-0.6347889591069524
-0.6408007382505017
-0.6537069947159926
-0.7454237984718936
-0.7760487034601072
-0.9399378790953661
-0.9547230878678887
-0.957389596628363
-1.009810734772484
-1.0267114834995243
-1.0123256575414097
-0.9279701692336852
-0.36089409463174354
-0.2760780487975034
-0.18751158268768364
-0.09331449942057624
-0.07889970711837438
-0.019297380078709667
0.09827869523454293
0.2030357868264797
0.5509271207693097
0.5922612947126038
0.6182426602598142
0.6776445025889031
0.7217559401508735
0.8953346035749234
0.9228905903274444
0.9289595244215803
0.94442978208598
0.9383729997800079
0.9310099233413418
0.9157346097671768
0.9078250319710215
0.8357591307449541
0.8267299042836629
0.736934508208184
0.5861118792474398
0.5388600102376186
0.4234979031695483
0.4078081482694311
0.283696323429079
-0.1989765822562024
-0.2563937271162448
-0.2875775640309617
-0.2991314637003755
-0.6299952726841906
-0.8138437422285113
-0.8632854226199549
-0.8989008448552895
-0.9451344586945783
-0.9514360616186223
-0.9590212694963096
-0.9806608374747433
-1.0009488449880903
-1.0080543423283554
-1.0151508311800734
-1.0218372031910448
-1.0397428301204739
-1.0397863867369135
-1.032518126453303
-1.0276696872937177
-1.0191350411669506
-0.7451341773529312
-0.6883089352971974
-0.5644843158286781
-0.5027856345608844
-0.4277847888530607
-0.40275201383030035
-0.38925265194269887
-0.33215336123072814
-0.2940922371001705
-0.26849369532563083
-0.1827411344358382
-0.16157539370995821
-0.15970503530973273
-0.10593417396944022
-0.09841250367507576
-0.053228418773111005
0.07025865491965774
0.1779776033282376
0.22125376578313302
0.29789810344746
0.3464575125964987
0.4643228107625703
0.5159189311565245
0.5447769425383397
0.6530670529784427
0.8417014900078537
0.8463732391212765
0.8573839276802461
0.9552070793327874
0.9582391663516725
0.8292045200335227
0.7617955832486241
0.7438542004871288
0.715046760428847
0.6604978777290674
0.28323617574445614
0.2377074456119137
0.029605406013063496
-0.2503795531000724
-0.29502109824773515
-0.6094567401585427
-0.700704105683849
-0.7408572228241748
-0.8600879094610051
-0.8873153499853788
-0.9707526565147361
-0.9989249818111524
-1.0423911666327137
-0.9968716003651215
-0.9934339744268893
-0.8939612100329155
-0.838179230074809
-0.7449036992589806
-0.678694765017127
-0.6694400176805454
-0.650663893737677
-0.6305253559734517
-0.5387725415501347
-0.25976025827296645
-0.21168905902704258
-0.10002885337179757
0.3850515370109559
0.4221411436429063
0.4392898220597348
0.5195673241804875
0.5376055794489707
0.6759192322598997
0.683730982572689
0.7111589882530369
0.748971276870475
0.8592544759755791
0.8884493026295748
0.9499604625426866
0.956290409570289
0.9254480042105915
0.9015502701900984
0.8883005564775227
0.8776479675169573
0.8262219355199467
0.7116970799157057
0.6179088505570536
0.5479186693524526
0.47369603582569464
0.3461783757204023
0.3444413742955471
0.24575390421681095
0.2015504489894564
0.12223620598263828
0.10858664474140728
0.036197367597350455
0.03306486059792206
0.002331107045770199
-0.1875620240286241
-0.5209499060788394
-0.5259121499297337
-0.5379768278835584
-0.5645052920711275
-0.7011736734027022
-0.7954312119382295
-0.9471855864599545
-0.9540690950872028
-0.9591988725769358
-0.9716236116686261
-0.9734864548738037
-1.002423073769011
-1.016973319718183
-1.043620188209244
-1.01901788232974
-1.0030345560351974
-0.99408020943798
-0.9600664053664447
-0.9275905544775939
-0.8840995658793153
-0.8026236729057074
-0.7788186209510621
-0.7311552178452964
-0.7265784346630794
-0.6199147759957381
-0.3624773497822794
-0.30718847630156404
-0.2828645430372931
-0.1449265283265928
-0.11049596464139891
-0.036411637469196664
0.020714176585370336
0.04764557865540159
0.18396830204024311
0.49869616605586287
0.5909798621936728
0.707320569739997
0.7252720686461183
0.8734407814666948
0.8741886765193516
0.9169163828588364
0.9410246174432825
0.9502772165063345
0.954794550793517
0.9492158003292374
0.9433787881703325
0.7822272881620226
0.7604131468643613
0.5951919323663917
0.4691842029859416
0.3512309469124623
0.3373348291260044
0.14873276169133448
0.13391409332379667
0.10478001399258888
0.04239229846179189
-0.11703734575017902
-0.3598143965691642
-0.5890605904693436
-0.8807641346155857
-0.9535981362841376
-1.0409123236655444
-1.0033635831383383
-0.9336022366986428
-0.8413560890080077
-0.7788591218225314
-0.713612795695483
-0.6427381402941538
-0.49215684276110183
-0.21008031566146423
-0.13657781875575237
0.1939751648461137
0.3330945735694517
0.436291180842037
0.49093389980736174
0.491464499055838
0.5730010767503094
0.5891781366567485
0.6150590704287122
0.6755059469810553
0.7616826809153731
0.8751190483099347
0.9336840683744351
0.9401875020503387
0.9453790252075467
0.9556158846035256
0.9500535752069124
0.9055021390710205
0.8981886849215496
0.8910609614289078
0.756805771560648
0.742290941414555
0.7273276777250678
0.4807871251606574
0.4090427509547997
0.34467158170598555
0.30732277456357826
0.03219117141244092
-0.30886747095065603
-0.32458601849966856
-0.3504159785690548
-0.6876023218684966
-0.7430017083725139
-0.7568045766665337
-0.9743913513460308
-1.036961620175986
-1.0431177174669577
-1.0439978211669345
-1.0205679149896631
-1.0198815976704423
-1.012490055174437
-0.8060001274540919
-0.7384756056751695
-0.6933390545644963
-0.5283202058124058
-0.491062515801033
-0.48543215679770957
-0.39372025305973707
-0.1572150558752936
0.21891581511923947
0.30088335797861215
0.3631539508181815
0.385407449280357
0.45002097158980975
0.46090528988298224
0.7727288246177525
0.7931933446224179
0.8423559562457275
0.8446689835294806
0.8647306280709554
0.9027698817909054
0.9524959701269127
0.9544471522801887
0.9322833702820119
0.9307737495368711
0.9234842639858183
0.9231672000185208
0.916853292410502
0.9122173308832229
0.8980511248702946
0.6221847753612484
0.47660039638170254
0.3044843355639977
0.2123121232222937
0.19221876313168385
0.05421043253989527
-0.017258894246492167
-0.027309184574727197
-0.38536217478127976
-0.5683583814981867
-0.7623709939670753
-0.8087137367536785
-0.8107350985556379
-0.9315027168475468
-0.9530320059116827
-1.0065964588350251
-1.042951151188685
-1.0424702069610425
-1.0367149616405582
-1.0343226997174353
-0.9822849580211236
-0.982067091247163
-0.9723497192602406
-0.9671156005911485
-0.964923485832933
-0.9046172699938891
-0.8257972808127899
-0.8170999445771625
-0.6440970861597308
-0.6202111455993533
-0.6166101764505793
-0.599486194678082
-0.3787634450169589
-0.30864298549482694
-0.26291835546839265
-0.11885610791446521
0.01299556872626191
0.03180385591726605
0.37595159435233283
0.44804987242366884
0.5771880792022037
0.634910916028796
0.6580836784239021
0.7878827978958384
0.8544756108766819
0.9090720410123555
0.909829248414497
0.9118804854989662
0.9542434850577384
0.9540240205273618
0.9323882308787032
0.9263581978983491
0.849497246237006
0.6405011715893063
0.6322136558991303
0.5928967740937294
0.5899861557833688
0.5718398105207366
0.5170050867482
0.4891346799076138
0.23557066612114236
0.1421276016933048
-0.07793132145857672
-0.5091380479898838
-0.525739731244985
-0.7403369243359464
-0.8298665863963126
-0.8985644930515521
-0.9386415705377911
-0.9532781614935331
-1.0336829324799996
-1.0223747766096016
-0.9811250017112755
-0.9383148560604077
-0.6933387093446974
-0.21393559332195214
-0.03003178094635904
0.13179553541470346
0.1730727208691212
0.2054561296720982
0.31198813907462086
0.319024702289884
0.44889841939736713
0.4904078605358967
0.5444703169568808
0.6022779383429517
0.6056288731238659
0.6574919167124267
0.6659524953792658
0.8431789858788178
0.8822339107635978
0.8857506217177282
0.9156227758268228
0.9297441848307015
0.9389704973840194
0.9546938758169428
0.9562247536437135
0.955204127251878
0.9445038286008965
0.8709803566332692
0.8102035947696175
0.2754465739668772
0.03851803200573162
-0.0022395536287924123
-0.11463128030442843
-0.14467621737614988
-0.17961064275188363
-0.23908291317405844
-0.36402630767142946
-0.560259834092212
-0.6243089175144507
-0.7096690648762733
-0.754306182785078
-0.7573934201328649
-0.8121565517186153
-0.8349566789520144
-0.8585308172011535
-0.8949666551948954
-1.001431455112511
-1.0343404854637284
-1.0214012188479673
-0.9715089881296066
-0.8522295792206852
-0.7874219486921533
-0.7184411175794772
-0.5098219762795078
-0.37222008750651453
-0.24387009372177887
-0.2420228971492781
-0.0768307014040038
-0.06740933309862976
0.009850097402477727
0.3234405368728852
0.3438082770568448
0.410479974112725
0.4464826808635891
0.6322991525117296
0.6578123594668682
0.6859054646620849
0.7345783424591839
0.8041945314298004
0.8068507030851019
0.876263694812824
0.9314812100397053
0.9495701036465793
0.9184142449153431
0.916324731984834
0.9012126476940483
0.8495623166094696
0.7754464495052682
0.5014083602298232
0.3000677576336009
0.24644122088419418
-0.02641515153612124
-0.0377235500326956
