-0.16742854856415218
-0.3453432802266738
-0.4491894891140995
-0.8032061965852261
-0.8278869291008291
-0.8622590055746079
-0.9932276933592687
-1.0067508788799975
-1.010351025117664
-1.0076319702487164
-1.0002118457316345
-0.9635010117706336
-0.9343036761483329
-0.7278807303297316
-0.686367863254168
-0.5900960045979914
-0.4593496245743049
-0.2347003963899027
-0.23286393781214954
-0.1507597533179604
0.057730028724725053
0.09834681864325698
0.12449615077243989
0.5476186603267288
0.8032499631185912
0.8460676887768483
0.9336556423442596
0.9750128594748635
0.9816416797588708
0.9743694213913977
0.9307728854787393
0.9027593994908928
0.8697600246791402
0.8478317904954145
0.8342215117526569
0.7363674129406962
0.7317937913858571
0.6137990357180099
0.5704046250835619
0.5178403522201508
0.4138795418002143
0.38990216847398546
0.2461664251553354
0.2163337694433525
-0.13997919568284814
-0.1754283961521394
-0.27187360060806753
-0.315326054865012
-0.3599358291356693
-0.6187871443323866
-0.6247843716029172
-0.6376591308044214
-0.7291398973265282
-0.759679912356737
-0.9230107686596185
-0.9377286688085604
-0.9403824370398829
-0.9924842272373483
-1.0092012274404767
-0.9942460510809774
-0.9094471165331617
-0.3411049636229124
-0.25615031604139105
-0.1674436199120095
-0.07310091788703517
-0.05866407316216814
0.0010289825836237547
0.11878291420005058
0.2236989080087598
0.5721499875878755
0.6135579105003441
0.6395870304107077
0.6991031059402109
0.7433051892494545
0.9173448782265444
0.945014847872976
0.951113550301609
0.9666742959944226
0.9611426110100034
0.9538185495455037
0.938611560337157
0.9307328953336734
0.8588816424311487
0.8498743192850944
0.7602665732854031
0.6096912401265386
0.5625070590083134
0.44729801404948155
0.4316280141537137
0.3076658261963143
-0.17448275472418878
-0.23183924396642383
-0.2629899978637741
-0.2745316049278741
-0.6050241945786841
-0.7886266006317713
-0.8379901036462323
-0.8735434261419582
-0.9196851101578096
-0.925972757088111
-0.9335405559688372
-0.9551258338953954
-0.9753536586647937
-0.9824346492078715
-0.9895038769427802
-0.9961608291765419
-1.013906179396541
-1.0139403528133022
-1.0065680533942853
-1.00168923973041
-0.99311358046194
-0.7186299072978508
-0.661743381007287
-0.5377989144143185
-0.47604549856686323
-0.40098132411014503
-0.3759280600172721
-0.36241776712114265
-0.30527306321109055
-0.2671823216626421
-0.24156411600261302
-0.15574693681547253
-0.13456549713043806
-0.13269375553794482
-0.07888338088498853
-0.07135621828823195
-0.026139288077423852
0.0974367095787961
0.20523306145323186
0.24854050448868145
0.3252407946683125
0.3738361845870447
0.4917914716346757
0.5434286563724243
0.5723102318272186
0.6806939722793967
0.8695309795384868
0.8742090658592806
0.8852351675598721
0.9832861100869167
0.9863512038349925
0.8576278357627259
0.7902870545337041
0.7723617725575674
0.743578879137323
0.6890729468093154
0.31204400867409504
0.2665393367345084
0.058542195281613356
-0.22130772271571042
-0.26592773036264705
-0.5802043604283915
-0.6714004091801405
-0.7115295336440259
-0.8306806810099647
-0.8578872720971605
-0.9412477205313139
-0.9693851413239216
-1.0127271657918682
-0.9670960733154823
-0.9636541803969151
-0.8640932997313688
-0.8082755464982927
-0.7149495775133253
-0.6487093077279321
-0.6394503964856623
-0.6206659650823261
-0.6005187118693334
-0.508728332195348
-0.2296157088373681
-0.18152852671218006
-0.06983204951867779
0.4154027515367796
0.45250469870011845
0.4696591486436691
0.5499643550508891
0.568009021871793
0.7063752175722092
0.7141901734985978
0.7416297122617624
0.7794587370043756
0.8898000000232033
0.9190146374730752
0.9805929414792831
0.9869449933251591
0.956172972333258
0.9322954309157216
0.9190549659991651
0.9084091666296376
0.8570107524737958
0.7425319879489382
0.6487739274800804
0.5788037599719472
0.5046007354176373
0.3771140149226667
0.37537741615869663
0.27671218072216275
0.23251833429807234
0.15322090827252946
0.1395741943793369
0.06719983157915135
0.06406796371256346
0.03334045742870166
-0.15651469139859778
-0.489835018324713
-0.4947962102916798
-0.5068583208936946
-0.5333810868471824
-0.6700185598693764
-0.7642524038298614
-0.9159590720906954
-0.922839833772217
-0.9279675031448245
-0.9403868858498782
-0.9422488913501382
-0.971170857000713
-0.9857118593327542
-1.0123190546802256
-0.9876850968916258
-0.9716922403429185
-0.9627333997997551
-0.92870551379858
-0.8962187949951795
-0.8527154634138283
-0.7712203854707234
-0.7474103677467372
-0.6997376390259624
-0.6951599978478314
-0.5884777803929165
-0.33100270974234025
-0.2757065502798567
-0.2513794723778322
-0.11342418160504264
-0.07898942305589399
-0.004896183338336512
0.05223642309055329
0.07917101039520785
0.21550978790397843
0.5302758444010129
0.6225717152899624
0.7389292364618001
0.756883551316582
0.9050803385905991
0.9058284148470679
0.9485681690524584
0.9726863687632596
0.9819450386556511
0.9864676890062964
0.9809032613726528
0.9750699315042528
0.8139544948732171
0.7921432915717255
0.6269403235095491
0.5009437856844072
0.38299982564389856
0.36910474769984797
0.1805159595049697
0.16569828146411958
0.13656613148001076
0.07418247689043353
-0.08523711932737396
-0.32799929099246294
-0.5572311140687587
-0.8489132215704482
-0.9217399999880047
-1.0090318642781553
-0.9714750937282288
-0.9017068235401876
-0.8094546508801259
-0.7469544514011732
-0.6817051787266784
-0.6108276708255395
-0.4602411260332848
-0.1781565401632226
-0.1046521821165609
0.22590846817130786
0.3650308969123996
0.468229717925713
0.5228736111696768
0.5234042218526052
0.6049425700480077
0.621119985627544
0.6470014927249541
0.7074497356438844
0.7936285237838884
0.9070680347410145
0.9656353529829125
0.9721391547657755
0.977331023075716
0.9875693177449242
0.9820079055486258
0.9374580549560457
0.9301447481373163
0.9230171560943274
0.7887634093648452
0.7742486738717824
0.7592855004535431
0.5127457523391505
0.4410014541409743
0.37663031091427124
0.3392815024015382
0.0641495663392752
-0.2769102236877469
-0.2926288453709736
-0.31845893189280616
-0.6556476074273334
-0.7110475526889822
-0.7248505722007458
-0.9424409733940592
-1.0050140286364802
-1.0111709762744978
-1.0120520372356276
-0.9886246181619959
-0.9879383433937244
-0.9805472293038565
-0.7740640313876749
-0.7065411169063199
-0.661405582814355
-0.4963902168104028
-0.45913328044154755
-0.45350303463935865
-0.3617929556488912
-0.1252924042909447
0.25083070851944766
0.3327964055902756
0.3950655352716795
0.4173184957732159
0.48193040339998594
0.4928144411038258
0.8046280763732497
0.82509171793181
0.8742519573377513
0.8765648612179291
0.8966253753521597
0.9346620611607459
0.9843818393719518
0.9863322359820328
0.9641613786389652
0.9626515711262275
0.9553612516702066
0.9550441535987969
0.9487295970145783
0.9440931903607347
0.9299257470876441
0.6540452816262273
0.5084555867882673
0.3363338107129232
0.24415867268674646
0.2240646822360995
0.08605206068511813
0.014580519556092714
0.0045299173331263196
-0.35353457896904905
-0.5365373496841653
-0.7305581423378387
-0.776903177600068
-0.7789246438676434
-0.8996995667996202
-0.9212305124398377
-0.9748002456641175
-1.0111661763911297
-1.0106855389051645
-1.0049325110710547
-1.0025408873248711
-0.9505106535244743
-0.9502928090261078
-0.9405763955931628
-0.935342767877257
-0.933150854066661
-0.8728494112927759
-0.7940344089092929
-0.7853375709814814
-0.6123434179862849
-0.5884585553027151
-0.5848577468137233
-0.567734522871997
-0.3470208756166033
-0.27690313795773497
-0.2311802571422394
-0.08712344196421848
0.04472329008953596
0.06353086883482222
0.40766507574996125
0.47976026187801696
0.6088925004836284
0.6666124142476759
0.6897839424585779
0.8195751678224623
0.886162780543465
0.9407534744055559
0.9415105835445537
0.943561550369942
0.9859151330054459
0.9856909625301662
0.9640490092499083
0.9580179301226897
0.8811481604110266
0.6721380338866815
0.6638500640304363
0.6245310867063226
0.6216203168299009
0.6034730366652578
0.5486355816051357
0.5207638331279313
0.26718854810939335
0.17374158706006235
-0.04632632382395378
-0.4775514224115639
-0.49415387786521986
-0.7087620551984958
-0.7982972219375963
-0.8670000971929944
-0.9070805940540444
-0.9217185846273492
-1.0021470285610556
-0.9908415555888217
-0.9495979320453651
-0.9067922468556231
-0.6618327368416214
-0.18245193578308916
0.001444179563281519
0.1632647140125431
0.20454014497382553
0.23692216587999299
0.3434495140260585
0.3504857630016139
0.4803534835603153
0.521860908517972
0.5759206419309177
0.6337252001767917
0.6370759517022214
0.6889360633638418
0.6973961446821829
0.8746100744775811
0.9136611283168868
0.91717744699217
0.9470457835055187
0.9611648920322825
0.9703893488326064
0.9861072924165001
0.9876358455896844
0.9866133650788661
0.975908576226903
0.9023742014911296
0.8415919937800627
0.3068060718966583
0.06986753122450783
0.029108263763455704
-0.08328809146830685
-0.11333426897189648
-0.1482701411132041
-0.20774489067872667
-0.3326936005413751
-0.5289360147929337
-0.5929882367809477
-0.6783528563770876
-0.7229924909797599
-0.7260799080313417
-0.7808463755029789
-0.8036479901468743
-0.8272237433900554
-0.8636622715419489
-0.970137685217018
-1.0030530180184132
-0.9901278203145242
-0.9402424877800963
-0.820973019372489
-0.7561695276025143
-0.6871926280946019
-0.47858371961800067
-0.3409878228588628
-0.2126431334523163
-0.21079601186872052
-0.045610432011145195
-0.0361894377059975
0.04106692796664489
0.35464462331963037
0.37501149631423064
0.44168029663375963
0.4776813955253912
0.6634888330738737
0.6890006606926108
0.7170921904640093
0.7657621662710152
0.8353736654139088
0.8380296408389899
0.9074367532810885
0.9626473061807432
0.9807320812680278
0.9495609604577572
0.9474711573915257
0.9323571640154077
0.8807017423124295
0.8065803400969704
0.5325276419159924
0.33117849063132215
0.2775498165184134
0.004683004723430799
-0.0066258186741124745
