-0.1691008047552965
-0.34741383892810707
-0.4515041910964047
-0.8065189400804667
-0.8312896167582162
-0.865796590727207
-0.9975468313384203
-1.0112699632304474
-1.014970722493542
-1.012566904940416
-1.0052784831767636
-0.9689122001566832
-0.9398964261113492
-0.7342828909691118
-0.6928939664861421
-0.5968871137556171
-0.4664668125317248
-0.2423268049969218
-0.2404943452203738
-0.1585672588727751
0.049480771100677536
0.09001162823479006
0.11610548850745768
0.5382725507663436
0.793161456784024
0.8358179887834223
0.9229763837087258
0.9639672687375258
0.970470982107502
0.9627715319459014
0.9188090606939758
0.8906444780251226
0.8574971317204625
0.8354818946017902
0.8218209764344314
0.7236528790020941
0.7190661465771403
0.600763225273929
0.5572664466512406
0.5045838105267809
0.4004029028534415
0.37637686816674937
0.2323613850232739
0.20247269605881943
-0.15448376123313637
-0.18999622775442013
-0.2866147672924074
-0.3301462572039111
-0.37483805419787275
-0.634197270812235
-0.6402072747987596
-0.6531096888607819
-0.7447976933726437
-0.7754122388264768
-0.9392332547024447
-0.9540102435311839
-0.956675196309305
-1.0090573259580529
-1.0259356237440922
-1.0114802062651043
-0.927070489060408
-0.35983946865891
-0.27500645055568873
-0.18642281092660096
-0.09220789224756895
-0.07779039878931791
-0.018176958106944426
0.09942090554839797
0.20419746589564447
0.552157397438799
0.5935006113781776
0.6194878307934761
0.6789036769083089
0.7230262274279929
0.8966614214657366
0.924231387219088
0.9303039722977371
0.9457853284123415
0.9397929615168764
0.9324346719493865
0.9171677415615144
0.909261956773639
0.837222394742948
0.8281958561806784
0.7384234891719669
0.5876312127022149
0.5403876522210924
0.42504433422431787
0.40935700444707246
0.28526354979772506
-0.19734497651082394
-0.2547546727180474
-0.2859344468718903
-0.2974868369317305
-0.6283050538556081
-0.8121232984572893
-0.8615553753391746
-0.8971631688539761
-0.9433854890890438
-0.9496853774770544
-0.9572684465927129
-0.9789013447298255
-0.9991819582744628
-1.0062844446905312
-1.0133775841843096
-1.0200603415775111
-1.0379462755786242
-1.037988679257362
-1.0307076351269875
-1.0258554635883355
-1.0173157777488977
-0.7432555800079762
-0.6864228057525639
-0.5625834558480316
-0.5008780469195802
-0.4258694170326113
-0.40083412351553743
-0.38733341799231824
-0.3302285450477954
-0.2921637802658214
-0.2665628213322792
-0.1808023171933698
-0.15963464663332083
-0.15776411820015832
-0.10398839953414735
-0.09646605407180608
-0.051277931471996274
0.07222007395377122
0.17994853813117007
0.2232285462110894
0.299879762770463
0.3484435955294402
0.46631995751892524
0.5179211267536665
0.5467820353608565
0.6550836579476051
0.843743003068452
0.8484155314366175
0.8594281152802588
0.9572792786182817
0.9603154247080602
0.8313190610045181
0.7639185069673413
0.7459791045448924
0.7171746836602245
0.662631083818939
0.28539801324010583
0.23987224257938597
0.03178310719557283
-0.24818523869080752
-0.2928241341205389
-0.6072402122130628
-0.6984812636963265
-0.7386314287046473
-0.8578523283016916
-0.8850772032985448
-0.9685050521466406
-0.9966730821629394
-1.0401239872628016
-0.9945906949623055
-0.9911525438451014
-0.8916689337288288
-0.8358825504240338
-0.7426008109254684
-0.6763880192976848
-0.667132759378637
-0.6483556127701876
-0.6282160021077091
-0.536458563186777
-0.25743392662650444
-0.20936075954257444
-0.09769608794822059
0.38740331643117976
0.4244944428284334
0.44164383203113156
0.5219247461221166
0.5399637910358338
0.678283915298145
0.686096060447424
0.713525486677756
0.7513398367591464
0.8616301882983364
0.8908274554507114
0.9523468875271432
0.9586795581071864
0.9278458257017376
0.9039505801188336
0.8907020062217899
0.8800502540219189
0.8286276258370445
0.714108451346477
0.6203239409400266
0.5503362270221602
0.4761160110299138
0.34860216567968777
0.34686521390411595
0.24818048552516334
0.20397821519950796
0.12466604606002087
0.11101683596547895
0.03862939817877698
0.03549697000461481
0.004763986947803493
-0.18512445926012233
-0.5185040070051852
-0.5234661210649311
-0.5355304822325149
-0.5620582432997638
-0.6987228104346654
-0.7929774245700801
-0.9447259100015613
-0.951609079482917
-0.9567385966945615
-0.9691626744463965
-0.9710254142202417
-0.999960223793227
-1.0145093282914865
-1.0411512969229848
-1.0165450808408867
-1.000560577011946
-0.9916056751222976
-0.9575901308882455
-0.9251129368619072
-0.8816204226682144
-0.8001421580799656
-0.7763364921933466
-0.7286719360532056
-0.7240950467814691
-0.6174290931225873
-0.3599870103117747
-0.30469723531580956
-0.28037291293081545
-0.1424327601759866
-0.10800167726911905
-0.033916246840072356
0.02321040811684536
0.05014220455092949
0.1864669158892369
0.5011995113271099
0.5934847164041914
0.7098275084346694
0.7277793565222697
0.8759515518284962
0.876699469366066
0.9194286709133787
0.9435381425860881
0.9527914954606165
0.9573094899491206
0.9517325187660423
0.9458959641775976
0.7847489486572499
0.7629351729773346
0.5977162302150604
0.47170989520023854
0.3537577979554683
0.3398618098316456
0.15126139895494348
0.13644285418377267
0.10730901566514223
0.044921807104779596
-0.11450658208600997
-0.3572817726646673
-0.5865261675425133
-0.8782270229247329
-0.9510601169035947
-1.0383714921599796
-1.0008217368595584
-0.9310595137183763
-0.8388126016020363
-0.7763152236441798
-0.7110685226028997
-0.6401935038021712
-0.48961153648279415
-0.2075339767520029
-0.13403124053571291
0.19652273313763657
0.3356425342199064
0.4388394301904875
0.4934823027294315
0.4940129034749272
0.5755497133715789
0.5917268200277903
0.61760782923625
0.6780548859902683
0.7642318921113471
0.877668679836987
0.9362340113008311
0.9427374952936178
0.9479290657632763
0.9581661235352804
0.9526039398354443
0.9080527306988898
0.9007392980900037
0.8936115939018435
0.7593566241273998
0.7448418092693376
0.7298785603315806
0.4833381571934968
0.41159380505670895
0.34722265000497643
0.3098738489318418
0.034742248888892775
-0.3063164805350686
-0.3220350346237675
-0.3478650059794974
-0.6850515745994209
-0.7404510178947982
-0.7542539016758554
-0.9718410579476313
-1.0344116283539186
-1.0405678186146947
-1.041448027396224
-1.0180183960086948
-1.0173320834103656
-1.0099405884778658
-0.8034514144158205
-0.735927074072828
-0.6907906379947166
-0.525772184357999
-0.4885145800664677
-0.4828842339449596
-0.3911725380703924
-0.15466787175443386
0.22146210842416625
0.3034294386875585
0.36569986284494144
0.38795329925410205
0.4525666352081318
0.4634509211021278
0.7752733101416248
0.7957377282590317
0.8449000645781831
0.8472130775342797
0.867274590803012
0.9053135461335874
0.9550389002480684
0.9569899909069639
0.9348253839959684
0.9333157414565074
0.9260261585838749
0.9257090906360352
0.9193951072753893
0.9147590937837464
0.9005927433054649
0.6247247430411634
0.47913974133190895
0.30702301042047453
0.2148504548370212
0.19475702077419177
0.056748186475859275
-0.014721400357178841
-0.024771727319340325
-0.3828260699323146
-0.5658230489348165
-0.7598366245418392
-0.8061796373761458
-0.8082010114851961
-0.9289694906103543
-0.9504989749705366
-1.004064050566853
-1.040420069008354
-1.039939160989884
-1.03418417745383
-1.0317919908776185
-0.9797551358416607
-0.9795372716990087
-0.9698200129448731
-0.9645859522740503
-0.9623938612550849
-0.9020882093736513
-0.8232688095716374
-0.8145715322391284
-0.6415697031158395
-0.6176838900323663
-0.614082939884898
-0.5969590477435062
-0.37623737491908477
-0.30611723749219066
-0.2603928144825539
-0.11633120994843432
0.015519881276673433
0.034328084580854824
0.37847422028350597
0.4505721320112298
0.5797096315407994
0.6374321219182003
0.6606047380236338
0.7904029216467181
0.8569951179990323
0.9115908678269697
0.9123480635742706
0.9143992686035401
0.9567611510631576
0.9565411281643258
0.9349046070764733
0.9288744499371889
0.8520124515910563
0.6430147085198231
0.6347271388953808
0.5954100082300646
0.5924993719195155
0.5743529156252336
0.5195178674630797
0.49164730127136835
0.23808194856665696
0.14463842117843936
-0.07542156995842339
-0.5066304801874721
-0.5232322552427856
-0.7378307542987814
-0.8273610709308155
-0.896059568464893
-0.9361370526208057
-0.9507738100411243
-1.031181397148732
-1.0198735604986036
-0.978624517556192
-0.93581490270022
-0.6908407360383226
-0.21144027654745623
-0.027537380647117075
0.1342891281333279
0.1755661046551151
0.20794934817845503
0.31448080247027377
0.3215173282616032
0.451390331194389
0.4928995322003538
0.5469616642957078
0.604768920833545
0.6081198337866773
0.6599825281443297
0.6684430475694153
0.8456680418012658
0.8847225055189208
0.8882391697389621
0.918110869030253
0.9322320039538008
0.9414580954072498
0.9571808262946669
0.9587114271364087
0.9576905798201333
0.9469897461317713
0.873464974940071
0.8126875640793889
0.27792709858047504
0.04099736470546843
0.00023957857741323252
-0.11215269988896025
-0.1421977848411216
-0.17713238269737272
-0.23660494868210613
-0.3615489768922765
-0.5577835629957684
-0.6218330206392968
-0.7071937012531
-0.7518311192494729
-0.7549183780251082
-0.8096819073856939
-0.8324822119822896
-0.8560565428099154
-0.8924927015933608
-0.9989587672065919
-1.0318685491656683
-1.0189309604562802
-0.9690395524867305
-0.8497613292384201
-0.7849541923815716
-0.7159738302409661
-0.5073559095823716
-0.36975473560644756
-0.24140537460678843
-0.23955818698019313
-0.07436678049879726
-0.06494545681172387
0.012313608051852769
0.32590252708021045
0.34627016380067055
0.4129415152469848
0.44894403016231843
0.6347594239171723
0.6602724662947517
0.6883653835147944
0.737037915051329
0.8066535444309167
0.8093096926717634
0.8787219828666379
0.9339386673080133
0.9520270694585274
0.9208693894611799
0.9187798419069776
0.9036675297923036
0.8520165912026225
0.7779000635358968
0.503860230766814
0.3025186078914288
0.24889181604494764
-0.023965802353075803
-0.035274251564006605
