-0.1684734762135591
-0.34646942628136806
-0.450365415294253
-0.8045855727209195
-0.829284635259825
-0.863684201060625
-0.9948121029003074
-1.0083760051269401
-1.0119966374285718
-1.0093417571287968
-1.0019484386428101
-0.9653077169136665
-0.9361473176136014
-0.7298889531214372
-0.6884012756274633
-0.5921832645319823
-0.4615031206906134
-0.2369572835407268
-0.23512163664547978
-0.1530533962772075
0.05534675689780778
0.0959461164880035
0.12208419773150841
0.5450130246544485
0.8004939628850068
0.8432790548684387
0.9307800684399615
0.9720631692858994
0.9786666834960726
0.9713080353371842
0.9276375220253704
0.8995934967978432
0.8665642179574798
0.8446184026948972
0.8309978915599897
0.7330803538418537
0.7285040837504839
0.610447082669105
0.567031998115988
0.5144438228494735
0.41043857099914993
0.3864513730119033
0.24265915684391154
0.2128151906015231
-0.14362763701142317
-0.17908960235256166
-0.2755697772896811
-0.319038175866031
-0.36366449628236686
-0.6226182515448532
-0.6286180554182194
-0.641498391547141
-0.7330209474325898
-0.7635759903469668
-0.9270056654045399
-0.9417354765220348
-0.9443914992718269
-0.9965497948018959
-1.0132993028512807
-0.9984448327056776
-0.9137243141760586
-0.34560595567143876
-0.26067580001347807
-0.17199388209637514
-0.07767690894900561
-0.06324396045839241
-0.0035669343474662094
0.11415557590862288
0.21904349877158832
0.5673957096954101
0.608790607745174
0.6348112939047166
0.6943071956438872
0.7384932713296128
0.9124515530624697
0.9401013977216085
0.9461948443340773
0.9617396140212988
0.9561152302417285
0.9487842818215184
0.9335652321372617
0.9256811105538963
0.853791970345582
0.8447807812092638
0.7551399155185412
0.6045209381162717
0.5573248115681285
0.4420887553332914
0.4264152693029989
0.30242667577282567
-0.17981442143676016
-0.23718161245353186
-0.26833820328372465
-0.27988197915540197
-0.6104400605955289
-0.7940858747399874
-0.8434631685022476
-0.8790274454166745
-0.9251853455985141
-0.9314754542971957
-0.9390463240278988
-0.9606411783378088
-0.9808796187807659
-0.9879649320520819
-0.9950389683185034
-1.0017011098120678
-1.0194747301220504
-1.019510558544553
-1.0121566092845393
-1.0072831529194701
-0.9987147272814283
-0.7243162040867897
-0.6674404854806493
-0.5435171539419377
-0.4817733903707424
-0.40672038361117924
-0.3816707326289776
-0.36816236733704755
-0.3110256716699094
-0.27294015286920015
-0.24732541472964437
-0.16151963020654364
-0.14034095882290804
-0.1384694611374469
-0.08466605408805128
-0.0771398599753549
-0.03192872151344201
0.0916315960033779
0.19941429939594596
0.24271622681471738
0.3194066511298095
0.3679956967728052
0.4859351168110972
0.53756506109941
0.5664424817721629
0.6748097137103641
0.8636110055354538
0.8682879745574182
0.8793113588073499
0.9773221410825146
0.9803814157898346
0.8516031716903283
0.7842503756119847
0.766322255322671
0.737535034737774
0.6830215310263483
0.3059515620009944
0.26044264927803207
0.0524270175023792
-0.2274467034249163
-0.27207050729236965
-0.586375164294887
-0.6775802577319772
-0.7177136109100993
-0.8368787768848258
-0.8640890425829697
-0.9474630366816661
-0.9756066090266686
-1.0189705148918353
-0.9733590764374322
-0.9699179354636618
-0.8703725827328461
-0.8145611333449179
-0.7212440522420412
-0.6550093041015714
-0.645751126576473
-0.6269681590173345
-0.6068224415335389
-0.5150386810749683
-0.235943737628442
-0.18785937160084232
-0.0761692851674927
0.4090383114557321
0.44613808454994364
0.4632915177122138
0.5435918434567103
0.5616353807682366
0.6999923202990515
0.7078067115232137
0.7352442186251953
0.77307029517412
0.8834013301093927
0.9126124779595783
0.9741789552423974
0.9805271137232463
0.9497426963854204
0.9258615987505195
0.9126195050111662
0.9019725099252852
0.8505692320859244
0.7360823509944162
0.6423189781011795
0.5723452865158978
0.4981388092498667
0.37064664117601354
0.36890997151675237
0.2702408213659324
0.22604528322484446
0.14674489648435077
0.13309768130970273
0.060720692850458904
0.05758871246659866
0.026860106378290144
-0.16300172877858887
-0.49633394670872266
-0.501295323813534
-0.5133578862828819
-0.5398816551456604
-0.6765245678998127
-0.770762581718812
-0.9224776446855119
-0.9293588897022915
-0.9344869300031828
-0.9469072551666471
-0.9487694080600284
-0.9776939518681353
-0.9922365805016501
-1.0188507552786759
-0.9942223650784472
-0.9782311847721108
-0.9692731346304858
-0.9352477252826795
-0.9027629177664375
-0.8592617567727775
-0.777770052373609
-0.7539609077946614
-0.7062898187639154
-0.701712328440265
-0.5950333738601502
-0.33756492054492704
-0.28227004167674874
-0.2579435164622471
-0.1199912618486087
-0.08555724046656131
-0.01146556688585759
0.04566584603634883
0.07259987367544082
0.20893583058314036
0.5236951784326237
0.6159889112743213
0.7323434801827099
0.7502973006433277
0.8984891597755431
0.8992372042292142
0.9419748440992203
0.9660912952423915
0.9753489000148771
0.9798706177463798
0.9743036777795381
0.9684697021033237
0.8073479428733065
0.7855362246841429
0.6203300596756745
0.49433156169220477
0.37638597393825796
0.36249071394724147
0.1738996014438328
0.15908175010254122
0.12994926251238217
0.06756489739374885
-0.09185645643891716
-0.33462122950344275
-0.5638555634242481
-0.8555414125518387
-0.9283694505238397
-1.0156652023898036
-0.9781098279642721
-0.9083427603121723
-0.8160916329822411
-0.7535919938210465
-0.6883432316015959
-0.6174662175369783
-0.46688058023222917
-0.1847973852219323
-0.11129334779080069
0.2192659848513363
0.3583878962534218
0.46158633883271716
0.5162300316495952
0.5167606403820403
0.5982986868586739
0.6144760419008218
0.6403574514719369
0.700805462265914
0.7869839023448458
0.900422883408072
0.958989817223899
0.9654935577489893
0.9706853687172501
0.9809234261182115
0.9753618668247436
0.9308117597955863
0.9234984294717085
0.9163708165192217
0.7821168461242889
0.767602096577204
0.7526389098793903
0.5060990564039395
0.4343547539946363
0.3699836141242361
0.33263481035951753
0.05750296481928914
-0.28355658378203824
-0.2992751905318687
-0.325105251676421
-0.6622934715594053
-0.7176933096850598
-0.7314963002872424
-0.9490860155231723
-1.0116585497680626
-1.0178153390858857
-1.0186962221264717
-0.9952683420695171
-0.9945820594286143
-0.9871908661004926
-0.780706428119374
-0.7131832185079353
-0.668047497837411
-0.5030314937602363
-0.4657744194753036
-0.4601441529618848
-0.36843374027144754
-0.13193234049793992
0.24419218599626058
0.3261582189292628
0.38842761473550075
0.41068067305922584
0.4752928742231324
0.48617696292480683
0.7979923955570909
0.8184561964476038
0.8676168660088321
0.8699297922613393
0.8899905113115392
0.92802766249082
0.9777485835430961
0.9796991223586273
0.9575295452555223
0.9560197715234393
0.9487296028876046
0.9484125109839867
0.9420980717641114
0.9374617456047625
0.9232945260523893
0.647416611196683
0.5018278761011422
0.3297071314621033
0.23753252128086863
0.21743864454509523
0.07942679694942545
0.007955655139830261
-0.0020948908423590526
-0.3601573130490882
-0.5431589010843876
-0.7371782203629689
-0.7835228428096737
-0.7855442902666385
-0.9063178980848692
-0.9278485455305492
-0.9814173283890288
-1.0177812369838184
-1.0173005443161054
-1.0115471175800446
-1.0091553790378647
-0.9571237948767911
-0.9569059463724147
-0.947189360556992
-0.9419556445519013
-0.9397636946048159
-0.8794613935493318
-0.8006454945720778
-0.7919485670583463
-0.6189528491854361
-0.5950677927675906
-0.5914669554025378
-0.5743435952542049
-0.35362831219384183
-0.28351008545160306
-0.2377868903412133
-0.09372909915976388
0.03811852116279568
0.05692622716927099
0.40106286447358086
0.4731586058577004
0.6022919161511152
0.6600123547608735
0.6831841045659213
0.8129767471872792
0.8795652934320282
0.9341570169539569
0.9349141437303964
0.9369651590649775
0.9793204318389167
0.9790971058971358
0.957456258666933
0.9514253672595105
0.8745571797520763
0.66554957417324
0.6572616857887124
0.6179430843690195
0.6150323416809151
0.5968852292204204
0.5420482640927928
0.5141767562700517
0.2606034928778502
0.16715723067732702
-0.05290906838485433
-0.48413087263500154
-0.5007331896359297
-0.7153393976298961
-0.8048735775164029
-0.8735755620627643
-0.9136554459611528
-0.9282931856414874
-1.0087173864038406
-0.9974114325908967
-0.9561667066081805
-0.9133602220478718
-0.6683977307316145
-0.18901293129786026
-0.005115436922582475
0.15670631255205897
0.19798205783555045
0.23036432738515816
0.33689251058805536
0.34392881585844665
0.4737976106586845
0.5153053967944031
0.5693656180005301
0.6271707249623079
0.6305215093149681
0.6823821461795405
0.6908423165883552
0.8680584963249787
0.9071102435407907
0.9106266324798671
0.9404956527829651
0.9546151733547997
0.9638399625413714
0.979558879552636
0.9810878490840517
0.9800657006532194
0.9693617160032819
0.8958292939092859
0.8350480614959483
0.3002673151789767
0.06333056493885433
0.022571598630286877
-0.08982392780814759
-0.119869883201057
-0.15480549628687879
-0.21427980194385302
-0.3392275600637721
-0.5354683829402538
-0.5995200429752846
-0.6848838618373444
-0.7295230458416306
-0.7326104307184936
-0.787376300925968
-0.8101776492625721
-0.8337531133570895
-0.8701911598658318
-0.9766646733004029
-1.009578877765183
-0.9966511613524093
-0.9467645938933055
-0.8274933459575406
-0.7626891132882013
-0.6937115099713124
-0.4851007697150289
-0.34750380034421685
-0.21915816142946598
-0.2173110264225892
-0.05212426230616361
-0.042703201054634266
0.034553713223089394
0.3481336897386382
0.3685007179556201
0.435170036773912
0.4711714234615871
0.6569804780364773
0.6824925525421052
0.7105843642972053
0.759254859526606
0.8288671980879682
0.8315232086355586
0.9009313733829678
0.956143172421797
0.974228684647334
0.943060295418789
0.9409705442798841
0.925856892583567
0.8742023819720875
0.800081970392488
0.5260318867704556
0.324684265419193
0.2710559738208396
-0.0018089697022407626
-0.013117717058414172
