-0.16780798649248238
-0.34617477359390614
-0.4502980813493746
-0.8054476504874728
-0.8302304877217587
-0.8647557039275503
-0.9966117391119242
-1.0103619687309457
-1.0140763689631842
-1.0117153151746567
-1.0044447709396682
-0.9681252905481286
-0.939134198838883
-0.7336308711802187
-0.6922588479894468
-0.5962881557435448
-0.4659123922925975
-0.24184203434317234
-0.24001012197943813
-0.15810728667038457
0.04988018953232368
0.09039925705603252
0.11648550506390598
0.5385212399181737
0.7933078325369335
0.8359421197099489
0.9230411849521515
0.9639814167806029
0.9704678199345474
0.9627092191364519
0.9186960278539562
0.8905104892773698
0.8573426131304709
0.8353153017034242
0.8216473546399686
0.7234356550105132
0.7188471013200336
0.6005013566980045
0.5569903464592354
0.5042912511221346
0.40007972659813734
0.3760469209504973
0.23199250067814337
0.2020960098221824
-0.15495010488545918
-0.19047139196747476
-0.28711410297194223
-0.33065661678701097
-0.37535985590915477
-0.6347899595120876
-0.6408017474815737
-0.653708023051327
-0.7454249700019928
-0.7760499265022107
-0.9399394410901579
-0.9547246907435674
-0.9573912072426196
-1.0098125394021573
-1.0267133998006193
-1.012327920026834
-0.9279727015163886
-0.3608973979458391
-0.2760814365805399
-0.18751505594363266
-0.093318061446171
-0.07890328258826455
-0.019301010864435746
0.09827495599914628
0.20303195068394062
0.5509229431553408
0.5922570720960527
0.6182384085014514
0.6776401811157516
0.721751563353358
0.8953299453349487
0.9228858624887167
0.9289547784051058
0.9444249808113585
0.9383678777726412
0.9310047774985615
0.9157294221814307
0.907819825498364
0.8357537931166739
0.8267245532708173
0.7369290425190353
0.5861062624097536
0.5388543520245102
0.4234921513879508
0.4078023844107329
0.28369046808596765
-0.19898275822447015
-0.2563999401818915
-0.28758379733094874
-0.299137704518903
-0.63000174057667
-0.8138503606631255
-0.8632920888878288
-0.8989075491206505
-0.945141219212097
-0.9514428306760963
-0.9590280492067889
-0.9806676504072983
-1.0009556947497695
-1.008061207087417
-1.0151577126222957
-1.021844102637739
-1.0397498276589032
-1.0397933900182477
-1.032525193412686
-1.027676772844702
-1.01914215182167
-0.7451415835682897
-0.6883163790337412
-0.5644918329445987
-0.5027931851907876
-0.42779237826022914
-0.4027596157835191
-0.3892602605893394
-0.33216099768575247
-0.2940998916914842
-0.2685013619583049
-0.18274884063889182
-0.16158310952677998
-0.15971275197360063
-0.10594191483089449
-0.09842024790000008
-0.0532361831125852
0.07025083612139528
0.17796973712475167
0.2212458804215907
0.29789018381663906
0.34644957092804374
0.46431481397579943
0.5159109092170281
0.5447689061651664
0.6530589592526286
0.8416932721900637
0.8463650174212045
0.857375696537771
0.9551987086330198
0.9582307754289041
0.8291959383766595
0.7617869598258453
0.7438455671975301
0.7150381120965157
0.6604892030753173
0.2832273584347009
0.2376986135563553
0.02959650966069531
-0.25038853223118307
-0.295030090581743
-0.609465829975584
-0.7007132269631542
-0.7408663588137597
-0.86009709421919
-0.8873245475276407
-0.9707619011852341
-0.9989342478855302
-1.0424005088489103
-0.9968810109825043
-0.99344338766144
-0.8939706773164486
-0.8381887193024832
-0.7449132194280622
-0.6787043044099761
-0.6694495596279262
-0.6506734407816743
-0.630534908364421
-0.5387821169882336
-0.2597698952774704
-0.21169870583905864
-0.10003852244181424
0.3850417731728929
0.42213137222990027
0.4392800471039561
0.5195575322182896
0.5375957835508831
0.6759094041052257
0.6837211524499491
0.7111491510495281
0.748961429391474
0.8592445928441618
0.8884394073328651
0.9499505260102383
0.9562804594608998
0.9254380108651405
0.9015402644390074
0.8882905450440348
0.8776379519118872
0.8262119029453131
0.7116870190173046
0.6178987711168575
0.5479085776106942
0.47368593203021603
0.34616825290427033
0.3444312512318564
0.24574376748243731
0.20154030634682124
0.12222605299895857
0.10857649000676606
0.036187203690829124
0.03305469629833838
0.002320938904094995
-0.18757221553208517
-0.5209601391452975
-0.5259223836434871
-0.5379870631771947
-0.5645155308714006
-0.7011839312258359
-0.7954414843470757
-0.9471958882429072
-0.954079398561851
-0.9592091773498842
-0.9716339197404444
-0.9734967634615573
-1.0024333913821395
-1.0169836430252992
-1.04363053595992
-1.0190282495884613
-1.0030449291689336
-0.994090585342257
-0.9600767899531797
-0.9276009457660642
-0.8841099647801508
-0.8026340836408652
-0.7788290347498381
-0.7311656373980199
-0.7265888547452259
-0.6199252075310256
-0.36248780455845814
-0.3071989355775298
-0.28287500425553863
-0.14493700021721978
-0.11050643912391359
-0.03642211745917745
0.02070369239745843
0.047635092498712714
0.18395780595869698
0.49868564634956913
0.590969334951991
0.7073100320878662
0.72526152924998
0.8734302246752907
0.8741781196156228
0.9169058184853587
0.9410140468890398
0.9502666421856376
0.9547839731739343
0.9492052138181877
0.9433681993725093
0.7822166769477088
0.7604025338220392
0.595181307964338
0.46917357160998185
0.3512203097397194
0.33732419130459845
0.1487221155816389
0.13390344659562897
0.10476936605936954
0.04238164799149145
-0.11704800250200599
-0.35982506263430647
-0.5890712655446864
-0.8807748231647996
-0.9536088293843735
-1.0409230308753363
-1.0033742954442293
-0.9336129534097151
-0.8413668095622806
-0.778869844442941
-0.7136235202023119
-0.6427488666301024
-0.4921675724701636
-0.21009105057655364
-0.13658855487849225
0.1939644237211397
0.33308383045884793
0.43628043626889845
0.49092315445562684
0.4914537536965112
0.5729903302128528
0.5891673898819554
0.6150483232708405
0.6754951989075183
0.7616719314570347
0.8751082967079319
0.9336733151788017
0.9401767485966201
0.9453682715109784
0.9556051298865761
0.9500428198412251
0.9054913825275273
0.8981779282657303
0.8910502046723177
0.7567950136451866
0.7422801834175939
0.7273169196492757
0.480776366266631
0.4090319919322485
0.3446608225966509
0.3073120154149023
0.03218041218402643
-0.3088782298241271
-0.3245967773443118
-0.3504267373636789
-0.6876130796300495
-0.7430124658684683
-0.7568153340898518
-0.9744021069617953
-1.0369723743489287
-1.0431284711935565
-1.0440085743883474
-1.0205786668871097
-1.0198923495451113
-1.0125008068195651
-0.8060108754515878
-0.7384863527922284
-0.6933498011229835
-0.5283309504504142
-0.49107326002204804
-0.4854429009560498
-0.3937309962064053
-0.15722579643562712
0.21890507890563599
0.30087262280339844
0.3631432164671132
0.3853967152325187
0.45001023845278354
0.4608945569043312
0.7727180972436226
0.7931826177470459
0.842345230718272
0.8446582580721846
0.8647199032565156
0.9027591584379899
0.9524852503717797
0.9544364329735321
0.932272655020095
0.9307630343818464
0.9234735493081335
0.9231564853603603
0.9168425781239111
0.9122066168515292
0.898040411547278
0.6221740701399633
0.4765896942183729
0.3044736366920946
0.21230142603668806
0.1922080663095212
0.05419973819281729
-0.017269587315598998
-0.027319877463791623
-0.3853728610223052
-0.5683690639417045
-0.7623816716735433
-0.8087244131317568
-0.8107457748731745
-0.9315133889300039
-0.9530426770332214
-1.0066071268925534
-1.0429618127196296
-1.0424808683137545
-1.0367256217046523
-1.0343333594106279
-0.9822956133492957
-0.9820777465623802
-0.9723603740179674
-0.9671262550633225
-0.9649341401882267
-0.9046279215724065
-0.8258079294891043
-0.8171105929634139
-0.6441077294769204
-0.6202217882886946
-0.6166208190463346
-0.5994968368323792
-0.37877408186712863
-0.3086536207583247
-0.2629289897120727
-0.11886673899030334
0.012984940534684603
0.03179322813900306
0.37594097447152885
0.4480392543482067
0.5771774646122501
0.6349003031463213
0.6580730662624346
0.787872190347048
0.8544650063673827
0.9090614398566208
0.9098186473162163
0.9118698845587058
0.9542328896246218
0.9540134278471047
0.9323776418047515
0.9263476094365728
0.8494866629362069
0.6404905965159052
0.632203081091707
0.5928862005135751
0.5899755822919841
0.5718292375769187
0.5169945154041721
0.48912410934946843
0.23556010216652612
0.14211704002212366
-0.07794187786196632
-0.5091485936213456
-0.5257502764235809
-0.7403474630717795
-0.8298771219027757
-0.8985750256427955
-0.9386521011226032
-0.9532886912570302
-1.033693448348244
-1.0223852909026558
-0.9811355123924255
-0.9383253641222388
-0.693349207635093
-0.21394607850149977
-0.030042261602544737
0.1317850587445233
0.17306224523019315
0.20544565484896385
0.31197766699145235
0.3190142303914375
0.44888795102407697
0.4903973933479135
0.5444598513697985
0.6022674745568106
0.6056184094454704
0.657481454757901
0.6659420337171702
0.8431685316027752
0.8822234587640805
0.8857401699489125
0.915612326303218
0.9297337366601082
0.9389600503049035
0.9546834319345215
0.956214311128681
0.9551936858274872
0.9444933898178577
0.8709699242643258
0.810193165604756
0.27543616180913694
0.03850762573297404
-0.0022499589116153143
-0.11464168286277095
-0.1446866192043243
-0.17962104372842305
-0.2390933126912301
-0.3640367040595582
-0.5602702252479337
-0.6243193068223523
-0.7096794515510765
-0.7543165679780944
-0.7574038052200736
-0.8121669348416599
-0.8349670611992568
-0.8585411984974591
-0.8949770349071609
-1.001441828574767
-1.0343508552144824
-1.0214115803129244
-0.9715193455316091
-0.8522399307674915
-0.7874322978010114
-0.7184514643723483
-0.5098323170442536
-0.37223042474119644
-0.24388042783138997
-0.24203323121470874
-0.07684103157154173
-0.06741966304581266
0.009839769261062337
0.3234302162405371
0.343797956935481
0.4104696556982582
0.4464723633965629
0.6322888403682608
0.6578020481362297
0.6858951542598368
0.7345680337670869
0.8041842255014895
0.8068403972724341
0.8762533924650093
0.9314709117951537
0.9495598078293558
0.9184039580935541
0.9163144453340569
0.9012023621685307
0.8495520340845317
0.7754361702429906
0.5013980895791346
0.30005749202241316
0.24643095653302374
-0.026425409732913453
-0.037733807978988065
