-0.16159754435690268
-0.3391581466151474
-0.44278731011082023
-0.7959170487643111
-0.8205178783429945
-0.8547701288226061
-0.9850448965036206
-0.9983906506997492
-1.001901529586701
-0.9989028579905164
-0.9913659463349445
-0.9543496804328655
-0.9249914556751934
-0.7178517729521349
-0.6762292304915253
-0.5797229405925775
-0.4486882335347663
-0.22358903028930555
-0.22174903955680722
-0.13948844556409665
0.0693912969877347
0.11008391414970263
0.13628218946989515
0.5602470569690349
0.81653207584438
0.8594916506039894
0.9474574613738813
0.9891367503858998
0.9958755275748449
0.9889786006021506
0.945703422155868
0.9178225862950337
0.8849530957649431
0.8631012196500206
0.8495353811529206
0.7519567867347976
0.7473946667046615
0.6296702037607234
0.586365561127487
0.5339050710744777
0.4301372127194685
0.40620249355401444
0.26271191750876804
0.23292836214579576
-0.12282090974625626
-0.1582147071389374
-0.2545081347376575
-0.2978913906448064
-0.3424293561176655
-0.6008361231966466
-0.6068221697687902
-0.6196727290265167
-0.7109721641066262
-0.7414469726238201
-0.9043490781907665
-0.9190153026404375
-0.9216592897243915
-0.9735159411387007
-0.9900919180560224
-0.9746998939210734
-0.8895608320423503
-0.32024810646524093
-0.23518725092585502
-0.1463731074428074
-0.05191883781618216
-0.0374650981229525
0.022297465281983835
0.1401876436815877
0.24522535378643426
0.5941051106228378
0.6355695048513941
0.6616351903295463
0.7212387309650657
0.7655102157775242
0.9399028367925517
0.9676600532139606
0.9737815407163386
0.9894115453067329
0.98428171304605
0.9769875058938706
0.9618327974339921
0.9539777859424335
0.8822907671486445
0.8733002021173131
0.7838360203027122
0.6334498681192011
0.5863174650428583
0.471225500524655
0.4555706111633215
0.3317228763742142
-0.15002471135377204
-0.20733481712729088
-0.23846027278280457
-0.2499924798912391
-0.5802012224326887
-0.7636154989291742
-0.8129192339911714
-0.8484250812181245
-0.8944964865547248
-0.9007734645575189
-0.9083279548608706
-0.9298717303767419
-0.9500535488367008
-0.9571158055602724
-0.9641641941458476
-0.9707986572847692
-0.9884214921368073
-0.988448493227
-0.9809966697540409
-0.9760946392910685
-0.9674876318935833
-0.6926349544277404
-0.6357015930788567
-0.5116655383952657
-0.4498702949685444
-0.37475772614218994
-0.3496888049532377
-0.3361701589635397
-0.2789907521445676
-0.24087737840633777
-0.2152441466617066
-0.12937759020447837
-0.1081841544840164
-0.10631135595613722
-0.05247078825576308
-0.0449394288874033
0.0003025989134814479
0.1239465435942491
0.23180203834784058
0.27513338208360494
0.3518764236736699
0.40049930494036273
0.5185233474601008
0.5701919066287607
0.599091485613444
0.707546760598894
0.8965385281511944
0.9012214558616376
0.9122593325931954
1.0104842928236002
1.0135746007473234
0.885089010431569
0.8178002888885769
0.7998873051344606
0.7711231610054513
0.7166500348605966
0.3397988785618404
0.29431258125766596
0.08639555505110719
-0.1933512300144834
-0.2379547895562142
-0.5521099865209378
-0.6432668474330262
-0.6833776502348609
-0.8024680597285506
-0.8296587300420698
-0.9129604902127739
-0.941071258779301
-0.9843184805800789
-0.9386022366974545
-0.9351570859843819
-0.8355289310182518
-0.7796838667645092
-0.6863193917787754
-0.6200552000540871
-0.61079311006746
-0.5920023367344414
-0.5718484301660297
-0.4800293736542925
-0.20084015525629045
-0.15274077299853156
-0.04101660933353897
0.44433604667374693
0.48144741219034104
0.49860626695635213
0.5789326169293797
0.5969821768919803
0.7353884709510272
0.743205873191464
0.770654213182986
0.8084960095650907
0.9188815804816095
0.9481113346802694
1.0097408708073594
1.0161097880951346
0.9853914653792252
0.9615293285032964
0.9482959191583611
0.9376552992592796
0.8862779529387557
0.7718343461722499
0.6780992966890236
0.6081443937110774
0.5339563244423405
0.4064931996581892
0.4047569079687668
0.3061086285624174
0.26192210951454276
0.18263750722356942
0.16899296451821252
0.09662997411707397
0.0934985935894997
0.06277585081100664
-0.12705033834080862
-0.4603191648418249
-0.4652795549868495
-0.4773397085783962
-0.5038581310037723
-0.6404720452396621
-0.7346878304359405
-0.8863581440570466
-0.8932368126212469
-0.8983628756662828
-0.9107781770112426
-0.9126395442204916
-0.9415503451496721
-0.9560843048552762
-0.9826612768222672
-0.9580032103348227
-0.9420030955143651
-0.9330408324941635
-0.8990022225861567
-0.8665072280418635
-0.82299449810974
-0.7414848134946193
-0.7176710153179195
-0.6699911873125907
-0.6654128929923018
-0.5587165487513491
-0.3012128293371747
-0.24591112595525896
-0.22158165539466282
-0.08361322094288987
-0.04917527123089739
0.024924748128866997
0.08206252103591902
0.10899953100665563
0.24535051799413013
0.5601456121337272
0.6524507366922995
0.7688210349824696
0.786777489462455
0.9349956034878162
0.9357438173653154
0.9784927207710755
1.0026184865901475
1.0118817651347864
1.0164084507211943
1.010854892902669
1.0050243570531179
0.8439362715321325
0.8221272953395707
0.6569381544409816
0.5309500936098236
0.4130131722695013
0.39911888151368863
0.21054014318369843
0.19572321440912568
0.1665925240467175
0.10421194129619653
-0.05520005678800359
-0.29795098433983075
-0.5271719569058246
-0.818837900023795
-0.8916592385708414
-0.9789343194446121
-0.9413715245877747
-0.8715980670748479
-0.7793413866764016
-0.7168387715990302
-0.6515872987247581
-0.580707662685198
-0.43011720841137707
-0.14802663447548284
-0.07452089687780913
0.2560454189012743
0.3951700697791605
0.49837051523376696
0.5530152683976459
0.5535458874474404
0.6350855295136839
0.6512632045975639
0.6771451296825169
0.7375943670565089
0.8237746450986144
0.9372164205876917
0.995785377658017
1.0022894401508418
1.007481552371327
1.0177208546626935
1.0121600654575689
0.9676112960115313
0.960298087832496
0.953170583447313
0.8189177658732552
0.8044030878513276
0.7894399685457512
0.5429006295046627
0.471156337586183
0.4067851694684296
0.36943633451126406
0.09430396472611903
-0.24675692240519076
-0.2624756112276141
-0.288305811735161
-0.6254965197121567
-0.6808969404714391
-0.6947000881899033
-0.9122935226007377
-0.9748688742821502
-0.9810265189300561
-0.9819083628160233
-0.9584829706814466
-0.9577967305115208
-0.9504059646252268
-0.7439282102251764
-0.6764065899848797
-0.6312718738940006
-0.46625930426828766
-0.42900297212304705
-0.4233728170531096
-0.33166419974917805
-0.0951673631670968
0.28094956374757607
0.36291379177350863
0.42518175758053944
0.447434290295467
0.5120449143483259
0.522928729063851
0.8347345077361854
0.8551974530279977
0.9043558128390558
0.9066686189673886
0.9267282377837376
0.9647628904617864
1.0144776766832215
1.0164274522158883
0.9942510042228316
0.9927410492115682
0.9854500712305738
0.9851329462291425
0.9788178772100614
0.9741811191078663
0.9600126990684513
0.6841210999606705
0.5385272167356632
0.36640093992070144
0.2742234988050875
0.25412901221113915
0.1161130140083012
0.04463973080793437
0.034588883234198266
-0.3234846604622413
-0.5064925894389205
-0.7005198075850227
-0.7468666430458555
-0.7488881913412141
-0.8696688488653967
-0.8912010947255002
-0.944774971681487
-0.9811497184541381
-0.9806693215348893
-0.9749180327071914
-0.972526909405703
-0.9205025621907152
-0.9202847351550555
-0.910569073156111
-0.9053358303000395
-0.9031440740109237
-0.8428463724699066
-0.7640352781688251
-0.7553388307207519
-0.5823514983514764
-0.5584674800419368
-0.5548667974062004
-0.5377441671046359
-0.3170376490684401
-0.24692204286536304
-0.20120053174700292
-0.05714796989657757
0.07469489129011961
0.09350191547023744
0.43762553192041187
0.5097182986187785
0.638845867643624
0.6965634945896022
0.7197340572970347
0.8495191076904113
0.9161026531845762
0.9706888610775202
0.971445893375587
0.9734966488614469
1.0158428682365845
1.0156150185706716
0.9939682469111756
0.9879363500155975
0.9110596878343958
0.7020385798966927
0.6937502551526952
0.6544296404098314
0.6515187521030452
0.6333707414324196
0.5785311522777591
0.5506583555417701
0.2970742647604686
0.20362425974790635
-0.016450671589039106
-0.4476901184592892
-0.4642931769201581
-0.6789099312493664
-0.7684493959081968
-0.8371561503135653
-0.8772393166786339
-0.8918783999060451
-0.9723253226107765
-0.9610219436158076
-0.9197831209611402
-0.8769809168249415
-0.6320343893640612
-0.1526709992765346
0.03121911121859846
0.19303435501343924
0.2343084173123591
0.2666893555456668
0.37321306760403783
0.3802490714558949
0.5101121144831159
0.5516179667849938
0.6056755762366406
0.6634777452595255
0.6668283538486958
0.7186861786775365
0.7271458720800413
0.904350005314175
0.943398040126562
0.9469140528674668
0.976779412111439
0.9908967265713745
1.0001197361474508
1.0158334414047996
1.0173601817525122
1.0163362553676314
1.005627965038378
0.9320850886197662
0.8712986345607658
0.33649017919076385
0.09954384345019326
0.05878326485796717
-0.0536166986906601
-0.08366384319473728
-0.1186008431812902
-0.17807752538010457
-0.3030303788062829
-0.499279721319531
-0.5633343898314941
-0.6487024955001242
-0.6933440918203227
-0.6964316489470612
-0.7512007166512527
-0.7740034906808525
-0.797580502749529
-0.8340211277592322
-0.9405048141841288
-0.9734250591984462
-0.9605108266099053
-0.9106308702386383
-0.7913691488445628
-0.7265688824971286
-0.6575950469347603
-0.4489941128486329
-0.3114028855269673
-0.18306232963299604
-0.18121526648513608
-0.016034842066036458
-0.006614139198220053
0.07063983823720431
0.384207603072137
0.4045738003442806
0.4712403435093261
0.5072401895545171
0.6930405878124338
0.7185513406783098
0.7466416429136703
0.7953093575652868
0.8649172025494267
0.8675730250792956
0.9369755566357593
0.9921806848712599
1.0102622510740258
0.9790792392916774
0.9769892101790567
0.961873729427176
0.9102143416328586
0.8360886270699124
0.5620245474734401
0.3606687362797087
0.3070383970572544
0.03416345257888877
0.022854298170052016
