-0.1694024523607076
-0.34749030494488753
-0.45144262382381245
-0.8058930173687918
-0.8306128250982209
-0.8650435029171276
-0.9963516193453426
-1.0099616145049737
-1.013605438796059
-1.011023213923384
-1.003660245952094
-0.9670989129632229
-0.9379803404668733
-0.7319083787529652
-0.6904492351752894
-0.59429222490041
-0.46368712397217615
-0.23925844185041836
-0.23742371477637686
-0.15539620858703176
0.05290236043108553
0.09348196290581358
0.11960729106256376
0.5423165372818933
0.7976269572127992
0.8403750362311248
0.9277774339036441
0.9689764547533686
0.9755512588510192
0.9680945925435677
0.9243401350792626
0.8962614537671496
0.8631982383629971
0.8412324706251403
0.8276003467148177
0.7296108086935253
0.7250315325112053
0.606903880105946
0.5634653285901976
0.5108500210129977
0.4067943204560498
0.3827959694426398
0.2389396425680068
0.20908283559703028
-0.1475074343334063
-0.18298389359942577
-0.27950377682871214
-0.32299028030690563
-0.3676353892920291
-0.626705474218084
-0.6327082041874877
-0.6455948737269763
-0.7371648884771013
-0.7677369985026995
-0.9312789069608611
-0.9460222465683382
-0.9486808300168368
-1.0009033061939978
-1.0176897390035364
-1.002949663878046
-0.9183182259561552
-0.3504541230395156
-0.26555179507503845
-0.17689803053495642
-0.08261029134723571
-0.06818176991760524
-0.008522957436357958
0.10916384991254303
0.21401987629853406
0.562259740878308
0.6036398380991619
0.6296509404970358
0.6891239174202604
0.7332918024180752
0.9071575726767873
0.9347845466785443
0.9408720203838066
0.9563986342481565
0.950668900962908
0.9433301255437241
0.9280973691181795
0.9202070461036331
0.8482748463784892
0.8392592634448373
0.7495807560833858
0.5989121747118227
0.5517024714043512
0.4364357148569544
0.42075826655317444
0.2967396607817144
-0.185606591656513
-0.24298594668368767
-0.27414917199536953
-0.28569541302039975
-0.6163279359432745
-0.8000230909912601
-0.8494160605079204
-0.8849927892119674
-0.9311691222478021
-0.9374620292378546
-0.9450363896059762
-0.9666421294204675
-0.9868926367722267
-0.9939828637302607
-1.001062365908735
-1.007730406102024
-1.0255361615666776
-1.0255738712749785
-1.018240781158548
-1.013373414608858
-1.004813211689368
-0.7305114827850747
-0.6736480499988349
-0.5497487442066116
-0.4880159531258772
-0.41297564159131905
-0.3879300979331071
-0.37442392391124346
-0.3172963319013455
-0.27921675025758186
-0.2536059539585571
-0.16781312279610172
-0.14663759840110083
-0.14476637798782716
-0.09097089168030877
-0.08344579853737244
-0.038241244124394905
0.0853012481867264
0.1930684359015079
0.2363640931167976
0.3130433018030283
0.36162513518391887
0.479546517327292
0.5311682305194807
0.560040927940749
0.6683893925689524
0.857150081867885
0.861825780700019
0.8728460756421562
0.9708112018543764
0.9738638611613394
0.845023230508419
0.777656775060186
0.7597254279596962
0.7309332879186125
0.6764111764571897
0.2992945599318102
0.25378082588390766
0.04574417248284285
-0.2341566101434141
-0.2787847299764856
-0.5931212512848141
-0.6843366278450602
-0.7244747887627138
-0.843655892925443
-0.8708703364156112
-0.954259731098598
-0.9824102974059078
-1.025799081308544
-0.9802099886822464
-0.976769702643341
-0.877242004699979
-0.8214377226309874
-0.728130746875105
-0.6619022767610978
-0.6526449334627581
-0.6338636302762346
-0.6137196588989101
-0.5219434244302652
-0.24286858303816033
-0.19478741893395551
-0.08310459886407562
0.4020720656428211
0.4391693667374642
0.456321643779045
0.5366164200020399
0.554658673009869
0.6930050878035483
0.700818836929504
0.7282540339155015
0.7660767581899193
0.8763961630975747
0.9056033430062782
0.9671563722835507
0.9735001036304168
0.9427015902944305
0.9188164488077692
0.9055725028917633
0.8949241481229524
0.8435153396258572
0.7290192288188418
0.6352498148588606
0.5652721158089065
0.49106171220715517
0.3635633492320024
0.3618265989512821
0.2631529970057641
0.218955535040648
0.13965178135196865
0.12600399611393634
0.05362402171257035
0.05049191337183723
0.019762056562335647
-0.17010738250319135
-0.5034531235921305
-0.5084147112503103
-0.5204777876193368
-0.5470026970732608
-0.6836517964003164
-0.7778945526463946
-0.9296191632157557
-0.9365009579562407
-0.9416294201349151
-0.9540508172125475
-0.9559131377452763
-0.984840613867973
-0.9993850922210656
-1.0260072053954523
-1.0013851479501508
-0.9853958742906233
-0.976438723199347
-0.9424161309710861
-0.909933497513534
-0.8664348055577384
-0.7849469386198811
-0.7611387872708197
-0.7134695634540851
-0.708892244734543
-0.6022170018718047
-0.3447560764445744
-0.2894626544266487
-0.2651367579741453
-0.12718795748349712
-0.09275477476237169
-0.01866488296436409
0.03846517209627896
0.0653985629942782
0.20173131080195253
0.5164830255886547
0.6087743256444701
0.7251255351959313
0.7430787930760713
0.8912650441566551
0.8920130524184595
0.9347482861127129
0.9588627472675234
0.96811913983012
0.9726397961302072
0.9670699967306852
0.9612352859985832
0.800106329820417
0.7782940254881421
0.6130842209076294
0.48708349119231953
0.36913605009277095
0.35524058281255655
0.16664682358378421
0.1518287748922892
0.12269590284047847
0.060310728560896865
-0.09911262698671687
-0.3418803630746643
-0.5711175573159982
-0.8628076698359661
-0.9356371433256191
-1.0229373271905307
-0.9853835450128636
-0.9156178491548119
-0.8233679145777686
-0.7608689148839097
-0.695620735312582
-0.6247442850135726
-0.4741596839491068
-0.19207807789195805
-0.11857440689918251
0.2119834189559551
0.3511047383031484
0.4543027475825914
0.508946210830034
0.5094768173280807
0.5910145180885554
0.6071918037455368
0.6330731015212132
0.6935208461461054
0.7796988868681746
0.893137259199189
0.951703750584944
0.9582074205222828
0.9633991653887598
0.9736369489475449
0.968075219542976
0.923524814971152
0.9162114572824354
0.9090838199691237
0.7748295872876135
0.7603148210770927
0.74535161859574
0.4988116358365343
0.42706732624389065
0.36269618811753696
0.3253473885753421
0.05021563764175711
-0.29084364669801055
-0.3065622369573394
-0.3323922700568523
-0.6695799835490732
-0.7249797021311679
-0.7387826604553696
-0.9563716080415836
-1.0189435577710872
-1.0251001693008557
-1.025980852467541
-1.0025524542307311
-1.0018661627368886
-0.994474880297724
-0.7879890465808544
-0.7204655045315678
-0.6753295736555246
-0.5103128504890655
-0.4730556207371293
-0.46742533087568083
-0.3757145419621609
-0.1392121853618627
0.23691393623894028
0.3188803482559597
0.3811500444630348
0.40340321321422146
0.4680157457591161
0.4788998920362723
0.7907173543306824
0.8111813351863932
0.8603424906366696
0.8626554421613508
0.8827163926932954
0.9207540696080401
0.9704762819236757
0.9724269814297954
0.9502588511348644
0.9487491155820301
0.9414591174068233
0.941142032474265
0.9348277259048456
0.9301914907251547
0.9160245240401174
0.6401494925508763
0.4945618426062757
0.32244226428549233
0.23026825101540216
0.21017450287693737
0.07216353055833652
0.0006928403648072089
-0.009357642010001284
-0.36741771827660447
-0.5504179684825634
-0.7444356209738199
-0.7907797763901928
-0.7928012025659219
-0.9135733224905971
-0.9351036325516197
-0.988671340111573
-1.025032960600679
-1.0245522054904055
-1.0187983273608168
-1.016406458915303
-0.9643733466412155
-0.9641554936033906
-0.9544387127086871
-0.949204896789312
-0.9470129059475287
-0.8867096335823522
-0.8078927199072248
-0.7991956910051684
-0.6261982020442518
-0.6023129263569522
-0.5987120563097138
-0.5815885420011331
-0.36087140746900287
-0.29075262714518024
-0.24502907628809814
-0.10097018036069218
0.030878445424767104
0.04968629548454391
0.39382568395320844
0.46592205390078767
0.5950565773928657
0.6527776101617234
0.675949610827567
0.8057438579151048
0.8723334610195412
0.9269263502604873
0.9276834970051739
0.9297345672595195
0.9720917535566042
0.9718693837911411
0.9502297888454885
0.944199109979174
0.8673327139087422
0.6583279627378955
0.6500401666036518
0.6107219908212581
0.6078112789186253
0.589664356350659
0.534827945979407
0.5069567106539417
0.2533857364194748
0.15994026556375554
-0.060124208317900794
-0.4913422820470238
-0.5079444422604856
-0.722548420098193
-0.8120814824172623
-0.8807824582650017
-0.9208616479982268
-0.9354991035472394
-1.0159184989015015
-1.0046120005231014
-0.963366025988913
-0.9205586361059811
-0.6755927682815926
-0.19620344032315595
-0.012304384042277764
0.14951874159742853
0.1907948428911017
0.22317739406178025
0.3297065230785395
0.33674289211056263
0.46661290364114066
0.5081210988638626
0.5621818725685673
0.6199876010349357
0.6233384225695138
0.6751996543086811
0.683659925626592
0.8608786537958111
0.899931186382341
0.9034476549076761
0.9333174497260308
0.9474374370146308
0.9566626026904625
0.9723826222931218
0.973912063431032
0.9728902911459532
0.9621872174152722
0.888657007092924
0.8278768794143355
0.29310199562397954
0.05616727349316035
0.015408648316111807
-0.09698593930166292
-0.12703164309682374
-0.16196696273507535
-0.22144076554971232
-0.34638744556954376
-0.5426264657845291
-0.606677489253665
-0.6920404010624671
-0.7366790746380433
-0.7397664230680059
-0.7945316167054034
-0.8173326633734449
-0.8409077999247444
-0.8773453008346977
-0.9838166616939363
-1.0167295879826437
-1.0037990183677097
-0.9539110519734061
-0.8346377881608948
-0.7698327161862858
-0.700854315579178
-0.4922415002353161
-0.35464331577727565
-0.226296601227731
-0.22444945101449104
-0.05926134532602767
-0.049840208235048346
0.027417327524217952
0.3409998882402033
0.36136709230039876
0.4280369984989529
0.46403871121610396
0.6498495976419751
0.6753619518344268
0.7034540830361116
0.7521251666961964
0.8217384561991242
0.8243945065355542
0.8938038633976109
0.949017074141277
0.9671034214451666
0.935938126741954
0.9338484344300945
0.9187351698136125
0.8670816913544068
0.7929624020429301
0.5189152804034702
0.3175693922903309
0.26394153403759263
-0.008921292941161604
-0.02022995415077567
