-0.16388994661730613
-0.3415796458544273
-0.4452879318457473
-0.7987409974510199
-0.8233709528282191
-0.8576668811838726
-0.9881945778736597
-1.0016050007486312
-1.0051484144115455
-1.0022516502899605
-0.9947573008537669
-0.9578523435084852
-0.9285527492488568
-0.7216742361332774
-0.68009165492305
-0.5836707794733201
-0.45274111845795856
-0.22780584283356173
-0.22596713882252964
-0.14376352205517684
0.06497417216478989
0.10563916946242292
0.13181961757073268
0.5554776876649297
0.8115246471980709
0.8544325693246366
0.9422607940157705
0.9838228163714525
0.9905215595432334
0.983487984000776
0.9400958137008683
0.9121666874869948
0.8792499143843908
0.8573702415802639
0.843788225602308
0.7461093421733628
0.741543035444461
0.6237201844230278
0.5803828665048435
0.5278846002900963
0.42404651015960765
0.40009626572234297
0.2565164552086583
0.22671502892213505
-0.1292394015753276
-0.16465336245269174
-0.26100202733903083
-0.3044104668190592
-0.34897456569695445
-0.6075431130161731
-0.613533228381324
-0.6263925942793646
-0.7177580173086213
-0.7482565547088078
-0.9113146805707227
-0.9259997091394211
-0.9286472554466458
-0.9805931084413418
-0.9972204003251861
-0.9819873306864481
-0.8969720260509784
-0.32801243153610754
-0.24299021701235674
-0.1542151651890923
-0.05980148596543609
-0.04535389295549332
0.0143833824247089
0.13222399233863452
0.2372174207116278
0.5859412226537444
0.6273850726366405
0.6534374556096717
0.7130091766695866
0.757255413511216
0.9315196408783268
0.9592451180552484
0.9653583166680654
0.9809631259070382
0.975687107437658
0.9683820399872797
0.9532083130572853
0.9453446970072914
0.8735979342137151
0.8646012730531317
0.7750848668418205
0.6246298967710963
0.5774786586332636
0.4623441044647664
0.44668371845152166
0.32279434996765793
-0.15909910211516293
-0.2164260800687192
-0.24756073805117143
-0.259096364424966
-0.5894083566742134
-0.7728910648537547
-0.8222165402608009
-0.8577396563838261
-0.9038366251867846
-0.9101174839446907
-0.9176768151569225
-0.9392356868902227
-0.9594342398020231
-0.9665033108043223
-0.9735592794600428
-0.9802019228166249
-0.9978693214748375
-0.9978989314247024
-0.9904760339585588
-0.985582448337065
-0.9769868434467487
-0.7022683859288125
-0.6453520600278755
-0.5213493188605648
-0.4595692894272563
-0.3844743231139451
-0.3594110968838506
-0.34589548916542645
-0.2887287048288041
-0.25062356308479444
-0.22499579676644899
-0.13914720024702312
-0.1179581278263881
-0.11608571373593687
-0.062256128099123544
-0.05472629521419891
-0.009493396105781326
0.11412583438699951
0.22195981730455364
0.2652824677323136
0.34200995953597146
0.3906228415041879
0.5086218759579263
0.560279023487902
0.5891720541587695
0.6976013103622729
0.886536788175724
0.8912179549700933
0.9022515488743015
1.0004132153728182
1.0034943524227413
0.8749222781778508
0.8076146217013594
0.789697164893335
0.7609262013599041
0.7064411431133873
0.3295253251068866
0.2840323447154313
0.07608617962818846
-0.20369811601109947
-0.24830765789590634
-0.5625070212043521
-0.6536781350543025
-0.6937956015871706
-0.8129081018833183
-0.8401045626882416
-0.923427668138348
-0.951548130264605
-0.994829832218948
-0.9491445581524797
-0.9457005923062266
-0.8460969051019055
-0.7902617738810988
-0.6969113035225106
-0.6306558121879284
-0.6213948783071298
-0.602606411526297
-0.5824549247742732
-0.49064629797825043
-0.21148493696650092
-0.1633899918468142
-0.051675897623165115
0.4336338953283132
0.47074183547138737
0.4878990882426141
0.568217748497701
0.5862655288724133
0.7246572395815712
0.7324737521252922
0.7599188912115802
0.7977560427009386
0.9081254994140764
0.9373497558672288
0.9989606596790079
1.005323443297942
0.9745855915454478
0.9507178523606312
0.9374818770566549
0.9268393734978388
0.8754543652842387
0.7609979725006667
0.6672545545283967
0.5972941002633254
0.523100592187485
0.39562888635644833
0.39389248299357943
0.2952380372190795
0.2510488534451576
0.17175958759410742
0.15811425530231643
0.08574712915711076
0.08261557140162876
0.05189109630638665
-0.13794562439916047
-0.47123317947341864
-0.47619386120560275
-0.48825472647494683
-0.514774728447013
-0.6513972099192649
-0.7456195622021683
-0.8973030960875833
-0.9041825258022939
-0.9093091729789972
-0.9217259584850189
-0.9235875578045692
-0.9525024187004855
-0.9670389393938414
-0.9936269017260934
-0.9689776019550178
-0.9529801264587175
-0.9440191079495287
-0.9099843975462621
-0.8774924122697968
-0.8339830997960029
-0.7524787264643141
-0.7286663029287062
-0.6809890563420481
-0.676410999514525
-0.5697197919674579
-0.31222648946391834
-0.2569268018647059
-0.2325982012775578
-0.0946345458485504
-0.06019775642975959
0.013899797893162667
0.07103569231143528
0.09797182142427535
0.23431836919866725
0.5491029058704128
0.6414046660747045
0.7577703190639383
0.7757259956617736
0.9239363562802102
0.9246845201260686
0.9674300974004416
0.9915531126544683
1.0008147158010023
1.0053399344584357
0.9997824252012468
0.9939508736747015
0.8328528459099857
0.8110430601877803
0.645848893397256
0.519857751472043
0.4019182718846394
0.388023695026342
0.19944130417386297
0.1846241030927572
0.1554928822615239
0.09311118312817228
-0.0663035762303746
-0.3090585898386236
-0.5382835051396255
-0.8299553212445426
-0.9027786360442411
-0.9900598133077934
-0.9524992063150026
-0.8827276324808561
-0.7904725887907715
-0.7279708507054887
-0.6627201765648196
-0.5918413130418224
-0.44125227775020376
-0.15916387673735397
-0.0856586396403336
0.24490562124163748
0.3840294664410302
0.48722932306250416
0.5418737645752298
0.5424043805929212
0.6239435538200401
0.6401211348847808
0.6660029085418105
0.7264517857001583
0.8126315242279861
0.9260724801919847
0.9846408447134833
0.9911448129997485
0.9963368371017902
1.0065757755835136
1.0010147616694545
0.9564656029208798
0.9491523592851823
0.942024823402918
0.8077716731182872
0.7932569746419119
0.7782938361037943
0.5317543544949925
0.4600100618610104
0.3956389041529629
0.3582900795837052
0.08315787299022806
-0.25790260841747054
-0.2736212725011966
-0.2994514310222403
-0.6366413921446218
-0.6920416384780278
-0.7058447391796765
-0.9234370623595685
-0.9860115736752108
-0.992168963364113
-0.9930505209128062
-0.9696243876744871
-0.968938134856735
-0.9615472416844303
-0.7550674981546969
-0.6875454051494859
-0.642410390283019
-0.4773967994168665
-0.44014024663419693
-0.4345100584333316
-0.342800907418995
-0.10630271464164913
0.26981647012238125
0.3517812342716874
0.4140496248125277
0.43630231363608973
0.500913406080706
0.5117973021655534
0.8236059474321702
0.8440691467408601
0.8932281922598027
0.895541034048918
0.9156009794822648
0.953636373836347
1.0033529809940762
1.0053029830673272
0.9831285741892579
0.9816186729738492
0.9743279351695939
0.9740108199900135
0.9676959378642183
0.9630593079401703
0.9488912441379711
0.6730037052899792
0.5274113493737765
0.3552867136997591
0.26311011235266635
0.24301580666378075
0.10500103964486726
0.03352839161995222
0.023477633502704983
-0.3345926115668076
-0.5175986599620543
-0.7116235356068917
-0.7579697147961344
-0.7599912331880009
-0.880769800180548
-0.9023015720572596
-0.9558739384735672
-0.9922454715760413
-0.9917649869659215
-0.9860130642419188
-0.9836217585209966
-0.9315952655868996
-0.9313774321859831
-0.9216614962854353
-0.9164281131462562
-0.914236299439925
-0.8539372342143788
-0.7751247154317077
-0.7664281256562944
-0.5934383072434305
-0.5695539811726852
-0.5659532526654656
-0.5488304059918788
-0.32812128950445546
-0.258004906441194
-0.21228289610640821
-0.06822878404902374
0.06361548793373295
0.08242271423231556
0.42655019045957104
0.4986438389237229
0.6277731097721222
0.6854915701398236
0.7086624847198711
0.8384497855310632
0.9050348132770436
0.9596226560132791
0.9603797163147296
0.9624305488197012
1.0047794515909694
1.0045529427203523
0.9829079269936168
0.9768763281109489
0.9000021776820549
0.6909850715311315
0.6826968761122644
0.6433768580625153
0.6404660129129793
0.6223182684461258
0.5674794569754761
0.539607042233909
0.2860261603251327
0.19257726454191818
-0.027495108537833088
-0.45872932695513524
-0.4753321656847044
-0.689945794637245
-0.7794836931856347
-0.8481890340813872
-0.8882712277187235
-0.9029099127999258
-0.9833501021916486
-0.9720459601985223
-0.9308053882134848
-0.8880019156682734
-0.643050657721866
-0.16368092363118403
0.020211374821519138
0.18202854633798027
0.22330310732643766
0.25568444004504365
0.3622094769550191
0.36924557012048315
0.4991103174567508
0.5406167427715679
0.5946751261089511
0.6524781656669847
0.6558288263362413
0.7076874843921397
0.7161473191349765
0.8933550218159811
0.9324041566281706
0.9359202808379168
0.9657867248650346
0.9799046930014045
0.9891282298797599
1.004843479386895
1.0063708802431108
1.0053474806664027
0.9946404661083027
0.9211006872873295
0.8603157803849371
0.32551553503672015
0.08857203939111943
0.04781193850217398
-0.0645867103778292
-0.09463350256141084
-0.1295700916248788
-0.18904606968175713
-0.313997413430308
-0.5102442316867092
-0.5742980088288274
-0.6596648443785302
-0.7043057259654562
-0.7073932320571529
-0.7621613523919992
-0.7849637040110297
-0.8085402574394479
-0.8449801184808134
-0.951460790820916
-0.9843792461289602
-0.9714610185418812
-0.9215791034400118
-0.8023145595346232
-0.737513118053527
-0.6685381661902328
-0.45993432676358864
-0.32234139821077695
-0.19399933634273803
-0.19215225190483703
-0.026969949192979886
-0.017549140145207646
0.05970570740123297
0.37327709023495065
0.3936435336936193
0.4603108992093361
0.4963112017047486
0.6821141645886151
0.7076253090190056
0.7357160584822257
0.7843845969396119
0.8539937732409227
0.8566496514749757
0.926053851980755
0.9812609565763124
0.9993436918662346
0.9681650122935269
0.9660750655357475
0.9509601266751742
0.8993021838346446
0.8251780403746289
0.551118107324402
0.3497647225050279
0.296134989923902
0.023263008384299566
0.011953974571019151
