-0.16660985018174387
-0.34446780875070887
-0.44827922090061156
-0.8021537212600098
-0.826821642132856
-0.8611745053750498
-0.9920319194837199
-1.0055266503420783
-1.0091124803315044
-1.0063485799400222
-0.9989097239268718
-0.9621498990250604
-0.932926755351715
-0.7263888243628125
-0.6848583601030916
-0.5885488855320721
-0.4577562380750612
-0.2330347950028569
-0.23119776952344478
-0.14906848110577392
0.05948389523708249
0.10011285737324362
0.12627004628604438
0.5495277961209093
0.8052640752205861
0.8481045820570842
0.9357532242514546
0.9771621748758975
0.9838086581892603
0.9765966951211825
0.9330517881300578
0.9050596146785331
0.8720811086419462
0.8501651433489311
0.8365620051717432
0.7387521753695677
0.7341804019768964
0.616229080512052
0.5728490955217965
0.5203015007980881
0.4163716991425081
0.3924011808009499
0.2487048396048787
0.21888007528868145
-0.13734228812763064
-0.17278258324030096
-0.2692033910176567
-0.3126447220933469
-0.35724295343429036
-0.6160228065875885
-0.6220182364722502
-0.634889105330308
-0.726340720844335
-0.756870253019345
-0.9201321791564815
-0.934841771126707
-0.9374939667838175
-0.9895563438389553
-1.0062506698769556
-0.991225253097364
-0.9063716270555388
-0.3378733969178576
-0.25290166908790795
-0.1641776931996967
-0.06981704859309411
-0.055377486759297344
0.004326747504203636
0.12210259113330169
0.22703816032423615
0.5755581849994841
0.6169751905216571
0.6430101915095311
0.7025403346983213
0.7467535804425736
0.9208500355370259
0.9485340383503811
0.9546364056505626
0.9702082913529056
0.9647412439755884
0.9574219846302344
0.9422234049001929
0.9343485446296336
0.8625237094302904
0.8535190819116741
0.7639344290764891
0.6133895271945998
0.5662136750630838
0.45102346371270885
0.4353558945152913
0.3114121177135807
-0.17067195752585
-0.22802098518918562
-0.25916766941949626
-0.2707077643337158
-0.6011546917000182
-0.7847268330312179
-0.8340807209997705
-0.8696264059847096
-0.9157567839859502
-0.9220427145586723
-0.9296083724281277
-0.9511869736625153
-0.9714073971566826
-0.9784853738866288
-0.9855512491084513
-0.9922045833883611
-1.0099302237524599
-1.0099632433053802
-1.0025781502472118
-0.9976956015094313
-0.9891148990065808
-0.7145718603906199
-0.6576777991857179
-0.533718597670308
-0.47195845247303875
-0.39688649216270067
-0.37183070909784754
-0.3583190723240521
-0.30116878527097024
-0.2630744025597702
-0.23745377943713492
-0.15162865620442323
-0.13044528653822132
-0.12857337490070947
-0.0747581426363455
-0.06723030484098698
-0.02200933679540932
0.10157759256784676
0.20938345971823452
0.2526947480556576
0.3294019163749586
0.3780017292976997
0.49596807824198436
0.5476103107461825
0.5764947827546762
0.6848900322870556
0.8737519388265313
0.8784308040782793
0.8894588002638104
0.9875377406272929
0.9906068911220756
0.8619217797138473
0.7945893745581919
0.7766660712911174
0.747886194520009
0.6933855405179311
0.31638520660721026
0.2708834910710092
0.06289923986542983
-0.2169340843427475
-0.2615514455286631
-0.5758085372206858
-0.6669982806879001
-0.7071244572094098
-0.8262658318710444
-0.8534698613046224
-0.936820866770062
-0.9649539991949603
-1.008280769761698
-0.9626359761959989
-0.9591935590877536
-0.8596218537380347
-0.8037997060428119
-0.7104675412563785
-0.6442234223042935
-0.6349639995845668
-0.6161785477293827
-0.5960302239537296
-0.5042352300056969
-0.22511028198230493
-0.1770211367629166
-0.06532020459520317
0.41993356043347857
0.45703702311158684
0.4741921818393507
0.554500790484396
0.5725462446684187
0.7109188926810676
0.7187342422503801
0.746175197243991
0.7840062771107488
0.8943546698858174
0.9235717398435189
0.9851582879060847
0.9915130536863004
0.9607496737205058
0.9368746111929208
0.9236352816580096
0.9129903157694523
0.8615952918634624
0.7471221849907737
0.6533678275233957
0.5834001164464973
0.5091994985699293
0.38171657523623753
0.3799800258887191
0.2813175191361058
0.23712485189017812
0.1578294895670556
0.1441831250805209
0.07181059243166611
0.06867880299234787
0.03795206329826781
-0.15189842502330578
-0.48521046379404453
-0.49017152671920944
-0.5022333223680923
-0.5287553892911031
-0.6653890708265493
-0.7596200084258248
-0.9113208257095038
-0.9182012505171132
-0.9233286613612065
-0.9357473871952906
-0.9376092899661943
-0.9665294587103072
-0.9810693275594347
-1.0076716585065888
-0.9830338203816428
-0.9670397955860507
-0.9580804041793627
-0.9240507921045521
-0.8915627412617758
-0.8480578969359073
-0.7665604678957852
-0.7427498416623454
-0.6950759702192568
-0.690498223908932
-0.5838137325344933
-0.32633405031103213
-0.2710369984271544
-0.24670953536952844
-0.108752128783426
-0.07431685652820837
-0.0002225254309173759
0.05691091270019859
0.08384589000927513
0.22018663304270408
0.5349573642988257
0.6272547249903595
0.7436143032762537
0.7615689626164114
0.9097691836570224
0.9105172820721454
0.9532585094293977
0.9773779274221343
0.9866373394061497
0.9911606395253157
0.9855979622343544
0.9797650822918452
0.8186540503285331
0.7968432057079539
0.6316424646325659
0.5056472921861987
0.3877044659140095
0.37380951477060165
0.18522234547339644
0.17040478813396548
0.14127287328641394
0.0788897135609519
-0.08052865856665187
-0.3232890186051375
-0.5525190932702138
-0.8441985956539116
-0.9170244972137002
-1.0043136555663579
-0.9667559134581616
-0.89698680654359
-0.8047339066421337
-0.7422333173917115
-0.676983689661709
-0.6061058382942921
-0.4555186624254037
-0.17343310960013708
-0.09992852870993617
0.23063303712155453
0.3697558251691854
0.47295490894239783
0.5275989413206619
0.528129553357486
0.6096681109586911
0.6258455685468204
0.6517271433151604
0.712175547271131
0.7983545767929785
0.9117944549754847
0.9703620393506613
0.976865883511284
0.9820577914806374
0.9922962501392466
0.986734939492299
0.9421852655902838
0.9348719749352611
0.9277443972648419
0.7934908036857122
0.7789760777524978
0.7640129133540111
0.5174732353960406
0.44572893930260793
0.38135779301747913
0.34400898078698133
0.06887697873659096
-0.272182983140968
-0.2879016154038629
-0.31373171989688947
-0.6509207171211047
-0.7063207378551041
-0.7201237777252744
-0.9377146613631828
-1.0002880825211442
-1.006445141295585
-1.0073263271259154
-0.9838992314724417
-0.9832129622262925
-0.9758219037146738
-0.769339575184989
-0.7018168675241084
-0.6566814641678372
-0.49166654518753744
-0.4544097054266463
-0.4487794741319445
-0.3570696288730601
-0.12056967166257838
0.25555245141248295
0.3375179133840096
0.3997868567912915
0.42203974882428447
0.48665145100259627
0.4975354530137155
0.8093478304977412
0.8298113605706392
0.8789712990041293
0.8812841872311574
0.9013445579944918
0.9393809182146609
0.9890998969198255
0.9910501940519537
0.9688784411862437
0.9673686100452862
0.9600781850972854
0.9597610827118059
0.9534464440373174
0.9488099810821531
0.9346423813308422
0.6587601320461635
0.513169766059185
0.3410472687356776
0.2488717616192196
0.22877769165574546
0.09076452894266919
0.019292708609971683
0.009242067063889012
-0.3488238793699253
-0.5318274769231071
-0.7258492996021408
-0.7721946234523064
-0.7742161028697774
-0.8949919451383544
-0.9165230992282994
-0.970093496784901
-1.006460840987405
-1.0059802420726882
-1.0002274930638957
-0.997835949557602
-0.9458066596149972
-0.9455888179166608
-0.9358725249714912
-0.9306389589656826
-0.9284470704128062
-0.8681462275323785
-0.7893318518099308
-0.7806350764963027
-0.6076420172229786
-0.583757289941779
-0.5801565016344492
-0.5630333728882502
-0.34232086888897983
-0.2722034730422885
-0.22648081188086833
-0.08242467880443707
0.049421432471471155
0.06822892227931462
0.41236143072816295
0.4844562288256358
0.613587718509304
0.6713072655017203
0.6944786388593256
0.8242688738318582
0.890855834207218
0.9454458085514028
0.9462029053655675
0.9482538382933243
0.9906062398911235
0.990381479278695
0.9687387531277137
0.9627075428289728
0.8858366675413407
0.6768247795200394
0.6685367527364804
0.6292175127544682
0.6263067238806245
0.6081593265353549
0.5533215291435126
0.5254496125137053
0.2718729149352723
0.17842546558798536
-0.04164357149520742
-0.4728709718383471
-0.4894735240279563
-0.7040830773161244
-0.7936189335519065
-0.8623224311268607
-0.9024033562501727
-0.9170415221159467
-0.9974729306097186
-0.9861677935806376
-0.9449249402621654
-0.9021198135543991
-0.6571623864160506
-0.17778437876640923
0.006110773150903989
0.1679304587527779
0.20920567012124744
0.24158751731949507
0.3481142820771358
0.35515049172398605
0.4850174617974109
0.5265246344299257
0.580584027062743
0.638388201967566
0.641738930559429
0.6935986753071879
0.7020586943857862
0.8792710523494223
0.9183216217911112
0.9218378913796808
0.9517057501938974
0.9658245708642739
0.9750487954584511
0.9907660590040324
0.992294321309111
0.9912716088072686
0.9805662581408107
0.907030519297254
0.8462476302497753
0.3114580927790763
0.07451830134360726
0.03375882350340206
-0.07863811070620366
-0.10868444337152916
-0.14362049648332134
-0.2030955561533863
-0.3280449308811204
-0.5242884568268618
-0.5883410713800642
-0.6737062503466422
-0.7183461997243489
-0.72143363925225
-0.776200523954939
-0.7990023246330606
-0.8225782798666503
-0.8590171444794578
-0.9654938856003655
-0.9984100066185692
-0.9854865683915289
-0.935602098526969
-0.8163338732246767
-0.7515308990155117
-0.6825544911580695
-0.47394686228087374
-0.3363517147986359
-0.20800768867359642
-0.20616057646686298
-0.04097582387518014
-0.03155487633549098
0.045701106108718664
0.359277207957282
0.37964397252158355
0.4463124106449547
0.48231330849740833
0.6681196164777143
0.6936312716346804
0.7217226044276491
0.7703922173946928
0.8400031301664395
0.8426590810568987
0.9120654584178115
0.9672751408360784
0.9853594010014451
0.9541863720708325
0.9520965327313193
0.9369823006784629
0.8853262425427832
0.8112041483305135
0.537149623784145
0.33579940378706724
0.28217046247450983
0.009302345628378757
-0.0020065308865862153
