-0.16731360893892058
-0.3456950817995659
-0.4498273939398049
-0.8050138085080812
-0.8297999700624057
-0.864330173477994
-0.9962151408661502
-1.0099727838633032
-1.0136909164561063
-1.0113415655697233
-1.0040759147604046
-0.9677692480259893
-0.9387849155832259
-0.7333117833639929
-0.6919443931428079
-0.5959836152089988
-0.4656200667312788
-0.24156881940425104
-0.23973705728175865
-0.15784087847396472
0.05012997134488986
0.0906458008804739
0.1167299580455392
0.5387296030260872
0.7934880557665953
0.8361162222372336
0.9231989584994097
0.964125244513981
0.9706068808428971
0.9628319876917684
0.9188048218066931
0.8906135082341828
0.8574399738799114
0.8354093343811103
0.8217394498294577
0.7235157298723348
0.7189266740351239
0.6005691211778672
0.5570541861325917
0.5043505513344694
0.4001305817512718
0.37609590830891193
0.23203074600347226
0.2021321025322574
-0.15493875449328082
-0.19046247622159213
-0.2871118594432995
-0.33065741646530983
-0.3753638143796043
-0.6348134904355535
-0.6408257710394554
-0.6537331129478342
-0.7454580526698729
-0.7760858844826157
-0.9399943193683973
-0.9547818510487668
-0.957448799527249
-1.0098809620748788
-1.0267880563545884
-1.0124219023289462
-0.9280817458078642
-0.36104948905577544
-0.2762382438053625
-0.1876766353749139
-0.09348459718928798
-0.07907056897562563
-0.019471385746818587
0.09809852591314161
0.20285010981511462
0.5507220359838484
0.592053652134667
0.61803336135659
0.677431241310454
0.7215395343904072
0.8951022012199951
0.922654232078272
0.9287221329720357
0.9441892498248168
0.9381142372032901
0.9307498059548897
0.915472119697319
0.9075614683611373
0.8354881121603278
0.826458124907965
0.7366562105009616
0.5858249900198248
0.5385707691532624
0.423203343456711
0.40751290206696467
0.28339587703188324
-0.1992952539571206
-0.2567145075635432
-0.28789949467144704
-0.2994538217222187
-0.6303305384941789
-0.8141875655298558
-0.8636319649911722
-0.8992495471885428
-0.9454863586809787
-0.9517884470593745
-0.9593742605081462
-0.9810157170004505
-1.001305818074149
-1.008412167945169
-1.0155096051568935
-1.0221970006390404
-1.0401082036453126
-1.0401520867209633
-1.0328874462635336
-1.0280400639592624
-1.0195068448768962
-0.7455227825876917
-0.6886996734869337
-0.5648792254022992
-0.503182449301922
-0.4281838079663371
-0.40315174614999577
-0.3896527647640798
-0.33255505487949555
-0.29449496174629786
-0.26889710448986553
-0.18314679306936893
-0.1619815988608231
-0.160111288612943
-0.10634180284255637
-0.09882032375283345
-0.05363738231197278
0.06984659553210544
0.17756284906414013
0.2208379224266298
0.29748031195737906
0.34603846831360496
0.4639006331150627
0.5154953236250743
0.544352514479498
0.6526393645247858
0.8412667471199297
0.845938275531082
0.8569484273025614
0.9547636452901681
0.9577945826514249
0.8287490932328379
0.7613377820708009
0.7433958383834114
0.7145875431495103
0.6600371640819276
0.28276735209136483
0.2372377836548082
0.02913208875114974
-0.25085757639597195
-0.2954998721407431
-0.6099410560755831
-0.7011902102759248
-0.7413441637183753
-0.8605776229326505
-0.8878057902553174
-0.9712457761186445
-0.9994193182719873
-1.042889831941178
-0.9973741544765266
-0.993936677332354
-0.8944669857997891
-0.838686253443649
-0.7454124817621586
-0.6792046404667886
-0.6699500383655611
-0.6511742041858982
-0.6310359704188182
-0.53928446632138
-0.260275683374514
-0.2122050417334361
-0.10054610155735905
0.38452890072885276
0.42161807667837764
0.43876655366639966
0.519043088863659
0.5370811203511842
0.6753929391576615
0.6832045775721903
0.7106321806610624
0.7484438850433347
0.8587250570421731
0.8879191920040957
0.9494280073253805
0.9557571823857336
0.9249123186575898
0.9010138792556064
0.8877638424423875
0.8771110162855689
0.8256840193950586
0.7111575532805912
0.6173682696118687
0.5473773889201723
0.4731540699953191
0.34563532833073274
0.34389831282903477
0.24521006539673465
0.20100627420732817
0.12169144317421661
0.10804178236715542
0.03565198367620649
0.03251945432574644
0.0017854822972933546
-0.18810897722956776
-0.5214992227789399
-0.5264615034390999
-0.5385262712350118
-0.5650549348323762
-0.7017243979341901
-0.7959827659236949
-0.9477388109089337
-0.9546224157417594
-0.9597522670650499
-0.9721771937618894
-0.9740400663081009
-1.002977198475149
-1.0175277682428647
-1.0441760268660785
-1.019574830456336
-1.0035918382929316
-0.9946376492661501
-0.960624339000082
-0.9281488692688912
-0.8846583136238669
-0.8031830937361323
-0.7793782160288618
-0.7317151401886312
-0.7271383871183865
-0.6204753798767842
-0.36303927558341675
-0.3077506580524909
-0.283426835266559
-0.14548942761618158
-0.11105901136315824
-0.03697499747007256
0.020150577792779394
0.047081867871768414
0.18340402668809414
0.4981305467736541
0.5904138142321799
0.706753929525395
0.7247053292126981
0.8728730523641375
0.8736209410261077
0.916348222370811
0.9404561052888771
0.9497084900481927
0.954225636632654
0.9486463802412575
0.9428092379610259
0.7816564623380082
0.759842217010349
0.5946203560160722
0.4686122297179108
0.3506586437069336
0.33676248899938094
0.14815994978820587
0.13334124621535998
0.10420709828840141
0.04181923833560032
-0.11761076346415039
-0.3603883445049041
-0.589635051426762
-0.8813393628725944
-0.9541736237499889
-1.0414886149251446
-1.0039401647893982
-0.9341790694117722
-0.8419331407909171
-0.7794362913950823
-0.7141900728228238
-0.6433155217199843
-0.49273441655636174
-0.21065818645092688
-0.1371557584587863
0.19339693959551368
0.33251623491670596
0.435712758636847
0.4903554331122181
0.49088603192684827
0.572422542286674
0.5885995886260845
0.6144805004980861
0.6749273246939494
0.761103979418664
0.874540224112257
0.9331051528684212
0.9396085717475905
0.9448000809786934
0.955036881826443
0.9494745351702566
0.9049230312869707
0.8976095706674376
0.8904818413686246
0.7562265845688853
0.7417117496997435
0.7267484814388603
0.48020788111553486
0.40846349929026526
0.3440923248375096
0.30674351530524846
0.03161190653898316
-0.30944671697261134
-0.3251652629459682
-0.3509952202763532
-0.6881815063528507
-0.7435808780496236
-0.7573837422904188
-0.9749704157863036
-1.0375406035964974
-1.043696675796387
-1.0445767510853845
-1.0211467703994241
-1.0204604517977947
-1.0130688963774215
-0.8065787630936158
-0.7390541916574226
-0.6939176090366136
-0.5288986519138377
-0.4916409383659413
-0.48601057582486784
-0.39429861497610647
-0.15779327174341778
0.21833784482413937
0.30030544636612766
0.3625760857849205
0.38482960138601596
0.44944317517841753
0.4603275024240371
0.7721513540348659
0.7926159022449124
0.8417785900988569
0.8440916213505946
0.8641533022506889
0.9021926386362501
0.9519189304935474
0.9538701380189034
0.9317065848696029
0.9301969701728618
0.9229075116319674
0.9225904487694551
0.916276562186967
0.9116406150833879
0.8974744491726212
0.6216085581864232
0.4760243523024006
0.3039084778110332
0.21173636093562526
0.19164302142108286
0.053634830958830794
-0.0178344234709823
-0.02788470360536597
-0.3859373173806069
-0.5689333090514646
-0.7629456532513026
-0.8092883208049828
-0.811309679178146
-0.9320770576080756
-0.9536062922468196
-1.0071705716233803
-1.0435248942872646
-1.0430439399634772
-1.0372886216475383
-1.0348963387140162
-0.9828583497469925
-0.9826404822391449
-0.9729230786705675
-0.9676889438249381
-0.9654968224454531
-0.9051904492997606
-0.8263702957020862
-0.8176729430334687
-0.6446697974308343
-0.6207838212991521
-0.6171828468481627
-0.6000588400643331
-0.37933578988458516
-0.30921524046315746
-0.26349055265426813
-0.11942812560895201
0.012423714458863304
0.03123202506922293
0.3753802110051391
0.4474785913773536
0.5766169956676781
0.6343399292527161
0.6575127325057266
0.787312113371975
0.853905098600343
0.9085017187852199
0.9092589294433531
0.9113101754830462
0.9536734871433465
0.9534541786264652
0.9318185933618401
0.9257885950762939
0.8489279359150637
0.6399323275709585
0.6316448269558412
0.592328014709646
0.5894174014305997
0.5712710872030925
0.51643645410425
0.4885660918065068
0.2350024523049188
0.14155951730315314
-0.0784991072641932
-0.5097052232141649
-0.526306880799181
-0.7409037086872058
-0.8304331876907275
-0.8991309290953041
-0.9392078928452393
-0.9538444372438454
-1.0342484205478388
-1.022940175382666
-0.9816901957305566
-0.938879901593106
-0.6939032009367534
-0.21449934164490583
-0.03059527283024137
0.13123226950781408
0.1725095134268613
0.20489296847958965
0.31142513321935894
0.3184617069071202
0.4483356238679316
0.4898451322058945
0.5439076793880874
0.6017154028767174
0.6050663437661655
0.656929485088102
0.6653900803340528
0.8426169895831204
0.8816720435356475
0.8851887675694491
0.915061048971411
0.9291825346848742
0.938408909120102
0.9541324687919692
0.955663424144109
0.9546428595873171
0.9439427106909064
0.8704196023803439
0.8096430221782869
0.2748869656399439
0.03795875734848954
-0.002798772157991611
-0.11519034435870187
-0.14523524003064062
-0.1801696171195024
-0.23964180479683922
-0.3645850218798302
-0.5608182516256779
-0.6248672302770107
-0.7102272283424943
-0.7548642622339937
-0.7579514935824765
-0.8127145137999199
-0.8355145913751653
-0.8590886757059552
-0.8955244238841212
-1.001988869422822
-1.0348976893288164
-1.0219579528988394
-0.9720654918049421
-0.8527857508962544
-0.7879779821313334
-0.7189970196974234
-0.510377536589137
-0.3727754476527467
-0.24442527666824704
-0.24257807759059713
-0.07738566082388837
-0.06796428002374634
0.009295252869685154
0.3228861181277989
0.3432538872862621
0.4099256811289395
0.44592844160292294
0.6317452151156463
0.6572584681612497
0.6853516259996457
0.7340246007687483
0.8036409464566762
0.8062971246693846
0.8757103128680621
0.9309280607668751
0.9490170920135582
0.917861743363563
0.9157722401302175
0.9006602196468739
0.8490100587093238
0.7748943766137205
0.5008567756587061
0.29951645882868255
0.24588999352900853
-0.026966029904351933
-0.03827441419619339
