-0.16936589577904027
-0.34766170991301953
-0.4517415052707461
-0.8067130762325552
-0.8314798593210656
-0.8659809928318506
-0.9976973720934885
-1.01141183394517
-1.0151082292301488
-1.012690733130497
-1.0053965940769718
-0.9690153465338801
-0.9399916824956125
-0.7343429345687775
-0.6929486123073487
-0.596930213167654
-0.46649569470797714
-0.24233346295701913
-0.2405008285527555
-0.15856600667730872
0.049501332730746306
0.09003594838384385
0.11613223527570868
0.5383411417573194
0.7932626221800021
0.8359262336717486
0.9231035057959748
0.964110502168488
0.9706197203581907
0.9629390767091144
0.9189927267865223
0.8908348037088712
0.8576939809159293
0.8356825801900722
0.8220238952228115
0.7238696492674013
0.7192834953570499
0.6009941752379843
0.5575019161585194
0.5048245066415418
0.4006533203264333
0.3766294353605546
0.2326263132361922
0.20274010083047062
-0.15418790190582082
-0.18969756957084427
-0.2863084397110411
-0.32983643205440255
-0.3745245989339866
-0.6338613292167133
-0.6398707673679117
-0.6527719566663327
-0.7444507819208137
-0.7750620256589192
-0.9388613207644785
-0.9536356904054026
-0.9563001473951874
-1.008669848343823
-1.0255409935323803
-1.0110634077654257
-0.9266364187368654
-0.35935606028385075
-0.274517638844996
-0.18592853199766174
-0.09170793558244164
-0.07728958225373862
-0.017672603765637743
0.09993219555429964
0.20471495295524822
0.5526967178979573
0.5940428089118727
0.6200318913590459
0.6794521941956702
0.7235782813533247
0.8972314649584759
0.9248058789585729
0.930879625798252
0.9463645134537579
0.9403926424667901
0.9330358759250705
0.9177716127678187
0.9098670347694015
0.8378358526822787
0.8288101692710717
0.7390451287977109
0.5882625084155009
0.5410215910733915
0.42568425021955947
0.4099976919072954
0.28591008099236975
-0.1966779666535359
-0.2540852935937378
-0.28526377547349585
-0.2968156853615754
-0.6276194008986382
-0.811428032311361
-0.8608570548166998
-0.8964624220549519
-0.9426811504515868
-0.9489804935491852
-0.9565628824551302
-0.9781936593324536
-0.998471921334896
-1.0055734501763154
-1.0126655244656988
-1.0193471322974168
-1.0372268034064085
-1.0372688404231862
-1.0299837307502677
-1.0251303722434069
-1.0165890836856153
-0.7425100172990274
-0.6856748478240196
-0.5618308137297576
-0.5001232654677471
-0.4251121603012447
-0.40007606593583134
-0.38657493315479485
-0.3294682851422095
-0.2914023626915437
-0.2658006351424521
-0.1800376051974563
-0.15886932098874582
-0.15699873848856416
-0.10322147529532832
-0.09569891514435715
-0.05050950864791056
0.07299197279733322
0.18072346272367487
0.22400469359735148
0.3006580974286012
0.349223336748667
0.4671032166409639
0.5187059912154999
0.5475678210269608
0.655873104000726
0.844540368727797
0.849213144859401
0.8602263313065461
0.9580864007961869
0.9611238374233076
0.8321396449958792
0.7647417560385994
0.7468029832106671
0.7179995221868516
0.6634576018732656
0.28623363362141413
0.2407088038008351
0.03262377073144565
-0.24733929382769881
-0.2919773469257929
-0.6063872058794303
-0.6976262502313175
-0.7377754768115594
-0.8569932653215647
-0.8842173248012798
-0.9676421673194335
-0.9958088320038908
-1.039254880258389
-0.9937172250973352
-0.9902789070529484
-0.8907918496875346
-0.8350040668297263
-0.7417203539985984
-0.6755063363768312
-0.6662509135444952
-0.6474734419044961
-0.6273334902460833
-0.5355745815467633
-0.25654601890640627
-0.20847222642412194
-0.09680613552472388
0.38829931138511575
0.4253909207359666
0.4425405358124044
0.5228225341512356
0.540861829994383
0.6791840106896284
0.6869962813042023
0.7144261589340335
0.7522411640690339
0.8625337883257884
0.8917318309389004
0.953253891394865
0.9595874273241349
0.9287564504656217
0.9048619954740628
0.8916137836987498
0.88096229733767
0.8295407505275337
0.7150233808395136
0.6212400518440709
0.551253121696978
0.47703367365501004
0.3495210400605067
0.34778410405573534
0.24910024654998683
0.20489835258925593
0.125586842169645
0.11193774360801807
0.0395508900403124
0.036418486902479404
0.005685748567812017
-0.18420120969285622
-0.5175781106055398
-0.5225401834480512
-0.5346044440154465
-0.5611319817978911
-0.6977953377238044
-0.7920490232527369
-0.9437956388060166
-0.9506787006087839
-0.9558081351827399
-0.9682320029623851
-0.9700947098975041
-0.9990289450330735
-1.0135776871444881
-1.0402181002627535
-1.0156106429569833
-0.9996257653618547
-0.9906706872179949
-0.9566545906575707
-0.9241769703363025
-0.8806839719553325
-0.799204954712209
-0.7753990939962626
-0.7277341719535119
-0.723157249016056
-0.6164905671061625
-0.35904700681671237
-0.30375694580835083
-0.279432499974763
-0.1414916689567709
-0.10706042134274321
-0.03297464095046235
0.02415228073795945
0.05108420225985086
0.18740954412235808
0.5021436400045648
0.5944293235259475
0.7107727764244667
0.7287247352092243
0.8768980343962715
0.877645959060298
0.9203756344791821
0.9444854981790111
0.9537390899142596
0.9582572935892871
0.9526808861181428
0.9468444764828927
0.7856988812526502
0.763885221337932
0.5986669977571304
0.47266110406070866
0.3547093735183675
0.34081342642121115
0.15221353962039244
0.1373950339447227
0.10826127159644922
0.045874223382626686
-0.1135537689328419
-0.3563283714420798
-0.5855721978556235
-0.8772722041899625
-0.9501050117238579
-1.0374155002888563
-0.9998654253631284
-0.930102926270184
-0.8378557737051313
-0.7753582666109021
-0.7101114477544811
-0.6392363148049618
-0.48865413723423
-0.20657625377137753
-0.13307344261786433
0.19748084063711727
0.3366007641588097
0.4397977501073659
0.49444067046550777
0.49497127167697436
0.5765081538085494
0.5926852749973915
0.6185663076479967
0.6790134203573853
0.7651905108668806
0.8786274285249318
0.9371928558347348
0.9436963552709849
0.9488879402488519
0.9591250586917733
0.9535629132701012
0.9090117727934574
0.9016983466578113
0.8945706482630104
0.7603157437918971
0.7458009333946461
0.7308376887469268
0.48429732758425115
0.41255298107066085
0.34818182932841063
0.31083302950187636
0.035701425625081176
-0.3053573373953402
-0.32107589384513513
-0.3469058692556392
-0.6840925162366915
-0.7394919788913167
-0.7532948679360911
-0.9708821525645807
-1.0334528233399243
-1.039609044425988
-1.0404892879965466
-1.0170597473653575
-1.0163734363238328
-1.0089819570722773
-0.8024930306927258
-0.7349687498039729
-0.6898323513932544
-0.5248140269952559
-0.48755645071584025
-0.48192610880320097
-0.39021448081830606
-0.15370998769307526
0.22241970237315292
0.3043869634775105
0.3666573327797337
0.38891074901327555
0.45352402438875583
0.46440829975256487
0.7762303167310511
0.796694701786754
0.8458569487903116
0.8481699570988809
0.8682314277893137
0.906270286358367
0.9559954024948532
0.9579464635089521
0.9357815894165565
0.9342719398203373
0.9269823254373767
0.926665256200781
0.9203512483148418
0.9157152180002109
0.9015488207556899
0.6256802864040074
0.48009508334069634
0.30797813582690575
0.2158054693181869
0.19571201135189764
0.05770301430443541
-0.013766656537845524
-0.023816995334092456
-0.3818717747144972
-0.5648690030431125
-0.758882889510912
-0.805225989490322
-0.8072473675707522
-0.9280161244470753
-0.9495456718119233
-1.0031109482698
-1.0394673943863617
-1.0389864980439774
-1.0332315989209169
-1.0308394366396647
-0.9788028674728
-0.9785850041784391
-0.9688677819283184
-0.9636337399546965
-0.961441656588618
-0.9011361865020616
-0.8223169766703984
-0.8136197183226592
-0.6406182209163784
-0.6167324489118842
-0.6131315048874493
-0.596007641628791
-0.375286315773842
-0.30516628211925545
-0.25944192580359304
-0.1153805284171409
0.016470374232800164
0.03527855051637345
0.3794241700201093
0.45152196377176934
0.5806592355550463
0.638381614376318
0.6615541833779378
0.7913520656840776
0.8579440635150091
0.912539594334098
0.9132967863295244
0.915347981039748
0.9577095039075466
0.9574893012845797
0.935852544778714
0.9298223476795817
0.8529600124799308
0.6439617325183365
0.6356741455392302
0.5963569347980495
0.5934462926956203
0.5752998006750986
0.5204646481369207
0.4925940306730576
0.23902824718571414
0.14558457085387233
-0.07447576385835734
-0.5056853765231907
-0.5222871811061771
-0.7368861002115785
-0.8264166273683924
-0.8951153149360921
-0.9351929298784746
-0.94982974083365
-1.03023823353865
-1.0189304995347597
-0.9776816919495628
-0.9348722477637375
-0.6898987177292083
-0.21049911229012896
-0.02659651100938558
0.13522973816562148
0.17650664752493617
0.20888983791861682
0.3154211137704856
0.3224576275320348
0.4523304008988959
0.4938395247172896
0.547901552563209
0.6057086918275164
0.6090595977645653
0.6609221798698972
0.66938268025319
0.846607193558142
0.8856615090528013
0.8891781582522228
0.9190497113633602
0.9331707581973676
0.9423967785897137
0.9581193013596666
0.9596498131811132
0.9586288948623494
0.9479278892210747
0.8744027004884738
0.8136250810601866
0.27886350859721654
0.041933391717337565
0.0011755411644705088
-0.11121691460800513
-0.14126204707801482
-0.1761967003565738
-0.2356693613124883
-0.3606135931474715
-0.5568485197426818
-0.6208980976273146
-0.7062589495788711
-0.7508964639947885
-0.7539837296552708
-0.8087473868218689
-0.8315477484053744
-0.8551221411083763
-0.8915584029609033
-0.9980248752336063
-1.030934898674816
-1.0179978490441495
-0.9681067054021999
-0.8488288630692492
-0.7840218848114062
-0.7150416733335655
-0.5064241448151838
-0.3688232004698334
-0.24047404275214324
-0.23862685799940325
-0.07343570506609054
-0.06401439571239478
0.01324455169252612
0.32683298229525926
0.3472005857795535
0.4138718262040839
0.44987427949541015
0.6356893269976738
0.6612023165082883
0.6892951733455274
0.7379675936540097
0.8075830432791847
0.8102391839987597
0.8796512488458492
0.9348676664231392
0.9529559107097876
0.9217976456997091
0.9197080870240754
0.904595701730494
0.8529445680060844
0.7788278281637095
0.5047874353838572
0.3034454847991591
0.249818611017116
-0.0230394075780636
-0.03434787307789936
