-0.16806883921267818
-0.3464269894528087
-0.45054500176057977
-0.8056729040663517
-0.8304537866378867
-0.8649760704927575
-0.9968150962119338
-1.010560968036749
-1.0142731743801103
-1.0119052420479175
-1.0046318218401615
-0.9683048111817414
-0.9393097475780963
-0.7337886795520505
-0.6924139348722617
-0.5964374192041427
-0.4660544817728651
-0.2419729017153069
-0.24014090113563252
-0.1582341575143541
0.04976307961821341
0.09028404789848787
0.11637152323657371
0.5384284391059735
0.79323154208644
0.8358694198940777
0.9229780634381186
0.9639264746478702
0.9704156733962513
0.9626666267988132
0.9186616296353498
0.8904794770394598
0.8573149182689552
0.8352895580136347
0.8216227468350287
0.7234180940041358
0.7188298346804429
0.6004910119778151
0.556982302327498
0.5042858678013209
0.4000792931717352
0.37604758226037704
0.23199945779649161
0.20210422852407578
-0.15492738647584603
-0.19044724688377113
-0.2870860481341106
-0.33062677874679636
-0.37532816696515514
-0.6347468026259644
-0.6407583019626769
-0.6536639527704798
-0.7453762168907935
-0.7759994888322369
-0.9398779190780181
-0.9546618318753405
-0.9573280953136925
-1.009743082986601
-1.02664029166559
-1.012243491647849
-0.9278794509346975
-0.3607789359105027
-0.27596021261600523
-0.18739103723480446
-0.09319114021124755
-0.07877592176255949
-0.019171841369014293
0.09840767147453983
0.20316783471746971
0.5510699921149865
0.5924055924706239
0.6183878817019622
0.6777919337187395
0.7219051248430884
0.8954927088100794
0.9230509015344797
0.9291204117815721
0.9445924208785561
0.9385458042713448
0.9311834832967237
0.9159094927653305
0.9080005135889332
0.8359387693228241
0.8269099670824526
0.7371182056395675
0.5863003672665685
0.5390498096286727
0.4236906681573114
0.40800129603294427
0.2838923707259329
-0.19877037303896797
-0.2561863421379999
-0.28736953774789026
-0.2989231991256584
-0.6297798112816346
-0.813623509604972
-0.8630636739927802
-0.8986778919559958
-0.944909722971643
-0.9512110552354762
-0.9587959254833044
-0.9804344405421264
-1.000721280817423
-1.007826302840841
-1.014922262948017
-1.0216080643379883
-1.03951058242208
-1.039553957027484
-1.032283678584461
-1.027434650198669
-1.0188992084561859
-0.7448889774411189
-0.6880625462317222
-0.5642356011641202
-0.5025358577452501
-0.42753378307942586
-0.40250061043813723
-0.389001036417807
-0.3319008643829487
-0.2938391654646587
-0.2682402420672042
-0.1824864270870472
-0.16132038167552093
-0.15944999643017554
-0.1056783682049437
-0.09815659131343336
-0.0529718689290612
0.0705169307027719
0.1782373815029072
0.22151415112461326
0.29815957486752126
0.3467196824434461
0.464586727442972
0.516183644987154
0.545042113806595
0.6533340418869331
0.8419724116740847
0.8466442838256741
0.8576552716353827
0.9554828461598739
0.9585155740879316
0.8294869725138918
0.7620793593696759
0.7441382893060773
0.7153313259798189
0.6607832774539535
0.2835260964866754
0.23799783367307945
0.029897831743836492
-0.2500845039846304
-0.294725630713115
-0.6091581832506862
-0.700404551695773
-0.7405572026486177
-0.8597863437487683
-0.8870133791306849
-0.9704491921129808
-0.9986208390974655
-1.0420846109095419
-0.9965628769500442
-0.9931251680717166
-0.893650690826523
-0.837868015444608
-0.7445915040777767
-0.6783819606248439
-0.6691271323339062
-0.6503508468768234
-0.6302121396645707
-0.5384585948678556
-0.259444360532054
-0.2113728504840074
-0.0997119394691186
0.38537145411022716
0.42246130079052757
0.43961009147700447
0.5198881325265702
0.5379265125221676
0.6762411875318847
0.6840530002117845
0.7114812302783263
0.7492938445208309
0.8595781734289858
0.8887733855922128
0.9502858522302243
0.9566162294973717
0.9257751942377772
0.9018778533353857
0.8886283196900205
0.8779758629209259
0.8265503686639227
0.7120264105929295
0.618238768789841
0.5482489773977781
0.4740267258287471
0.34650966844655395
0.34477267486627766
0.24608563797973904
0.2018823699709462
0.12256845464610786
0.10891894888839106
0.03652996237738343
0.03339746783306122
0.0026638360265440475
-0.18722855477842595
-0.5206151198288899
-0.5255773431692046
-0.5376419710619641
-0.5641703241363641
-0.7008381027021642
-0.7950951790724402
-0.9468486228509081
-0.9537320778757719
-0.9588618142281135
-0.9712864487933295
-0.9731492756508401
-1.002085608573184
-1.0166356741066265
-1.04328176810269
-1.0186788441183743
-1.0026953316778082
-0.9937408972980686
-0.9597268181304148
-0.9272507549040832
-0.883759525117252
-0.8022832571903267
-0.7784781081699675
-0.7308145227604843
-0.7262377228044735
-0.6195737012673375
-0.36213553872466997
-0.30684652268147306
-0.2825225278820048
-0.14458417505181792
-0.11015352925174957
-0.03606902759560728
0.021056919454305212
0.047988383897250304
0.18431142170961212
0.49904003415942866
0.5913239690135343
0.7076650063514457
0.7256165605052356
0.873785824373326
0.8745337229841508
0.9172616659446177
0.9413700963157413
0.9506228146865658
0.9551402534697703
0.9495617846487767
0.9437248449239484
0.7825740549380971
0.7607599715387912
0.5955391168282399
0.46953160831883184
0.3515785358307228
0.3376824385872682
0.1490806336351877
0.13426198485366814
0.10512794368432651
0.042740308497630886
-0.11668913679628479
-0.35946589270311663
-0.5887118013076736
-0.8804149188627355
-0.953248776456175
-1.0405625172145203
-1.0030136154003009
-0.9332521295537881
-0.841005860252504
-0.7785088276932349
-0.7132624418822197
-0.6423877286132369
-0.49180632437523625
-0.20972963261823946
-0.13622709752291756
0.19432604423304722
0.3334455157179365
0.4366421692101185
0.4912849127777701
0.49181551226612524
0.5733521271827258
0.5895291945868848
0.6154101404601559
0.6758570459349662
0.7620338236008466
0.8754702586643077
0.934035329005684
0.9405387708207625
0.9457303016357491
0.9559671931961611
0.9504049042375344
0.9058535051749662
0.8985400545582222
0.8914123342343458
0.7571571807556106
0.742642353163538
0.7276790919434806
0.48113856491125373
0.40939419467807836
0.3450230280927301
0.30767422214786044
0.03254262117606944
-0.3085160328623329
-0.32423458134526983
-0.35006454303346934
-0.6872509195572791
-0.7426503145724774
-0.7564531851929506
-0.9740400176637306
-1.0366103325423617
-1.0427664440699749
-1.0436465638795203
-1.0202166999051607
-1.0195303833118239
-1.0121388481305922
-0.8056490365906805
-0.7381245428416404
-0.6929880095118162
-0.5279692218832751
-0.49071154514172494
-0.4850811881328242
-0.3933693165861406
-0.15686420168419382
0.21926653105953128
0.30123404089787725
0.36350460753079245
0.38575809635096947
0.45037158969965324
0.46125590295716123
0.7730792595141989
0.7935437636643621
0.8427063324415138
0.8450193574951699
0.8650809816029321
0.903120188868678
0.9528461628584697
0.9547973307588661
0.9326334202231795
0.9311237960812822
0.9238342953617005
0.9235172307739803
0.9172033113586269
0.9125673417315604
0.8984011131994477
0.6225345062683824
0.4769500301354168
0.30483386475162694
0.21266159883937935
0.19256822720301325
0.05455981798482516
-0.016909549398143108
-0.026959845445633714
-0.3850130468268473
-0.5680093741649602
-0.7620221370920608
-0.8083649220698838
-0.8103862857947087
-0.9311540385946496
-0.95268335817737
-1.0062479084116631
-1.0426028080384362
-1.0421218694710344
-1.036366665073757
-1.0339744149294596
-0.9819368118523509
-0.9817189454897906
-0.9720015912067437
-0.9667674816057488
-0.9645753705592129
-0.9042692428994803
-0.8254493458793185
-0.8167520188547143
-0.6437493214044098
-0.6198634007809604
-0.6162624346039465
-0.5991384668496316
-0.37841588561500344
-0.30829547647504535
-0.26257087883107444
-0.11850873186533348
0.0133428531928639
0.03215112726018592
0.37629861493668626
0.44839683568617883
0.5775349317965067
0.6352577144094945
0.6584304539122331
0.7882294269304061
0.8548221434077257
0.9094184670690924
0.9101756726471025
0.9122269047145163
0.9545897294260526
0.9543701774956642
0.9327342733520726
0.9267042209361481
0.8498431054233788
0.6408467695752791
0.6325592454410203
0.593242324673184
0.5903317035446272
0.5721853408982874
0.5173505663370126
0.4894801345469771
0.23591591111959967
0.1424727742006682
-0.07758631618396752
-0.5087933846787384
-0.5253950823102865
-0.7399924799286676
-0.8295222445055223
-0.8982202437040884
-0.9382973848840185
-0.9529340019121577
-1.0333392139944344
-1.022031108126882
-0.9807814478844612
-0.9379713853806304
-0.6929955488446151
-0.21359284900052666
-0.029689180208934178
0.13213800962588174
0.17341516234574358
0.20579854525338706
0.3123304676826937
0.3193670250344365
0.4492406302452123
0.49075003375941517
0.5448124393642484
0.602620003584537
0.6059709349453781
0.6578339238146709
0.6662944931991697
0.843520749250862
0.882575601874568
0.8860923055058141
0.9159643883479704
0.9300857544049538
0.9393120323129512
0.9550353092776196
0.9565661437013459
0.9555454826908875
0.9448451001995047
0.8713214246397959
0.8105445610746328
0.2757870004489877
0.03885827169418261
-0.0018993453615191794
-0.11429115851384643
-0.14433611876152916
-0.1792705711686382
-0.23874288791193526
-0.36368638172667334
-0.5599200742261979
-0.623969216298872
-0.7093294472360158
-0.753966612177113
-0.7570538528832633
-0.8118170468120147
-0.8346172018435478
-0.8581913702755904
-0.8946272585470083
-1.001092256840428
-1.0340014049946922
-1.021062401369197
-0.9711702996081413
-0.8518910765414079
-0.7870835233924641
-0.7181027657882915
-0.5094838158182156
-0.3718820390875573
-0.24353214449074026
-0.2416849493204988
-0.07649287729185704
-0.06707151598040498
0.010187857206870356
0.3237780583450779
0.3441457823108042
0.41081742519116404
0.446820101871052
0.6326364045541334
0.6581495857107796
0.6862426614397426
0.7349154849582531
0.8045315862089795
0.8071877541938883
0.8766006359506696
0.9318180209443172
0.9499068375104587
0.91875069327459
0.9166611749163722
0.9015490549112265
0.8498986285919893
0.7757826579351279
0.5017442953394297
0.30040353279658855
0.24677695605605945
-0.02607961169507483
-0.03738801814213102
