-0.16890869889205262
-0.34723213182071433
-0.45132885913547277
-0.806369684938547
-0.8311427133167762
-0.8656532149627573
-0.9974239102301828
-1.0111522801036
-1.0148556759634897
-1.0124601231179704
-1.0051751560278586
-0.9688179159990814
-0.9398069102438986
-0.7342146593756883
-0.6928289980910142
-0.5968291261583221
-0.46641742137579656
-0.24229085369130202
-0.24045849952856402
-0.1585360917324436
0.049500258361656474
0.0900288418352537
0.11612123412445553
0.5382629783499565
0.7931321695686001
0.8357844162828408
0.9229313836340001
0.9639125142952125
0.970412894622054
0.962702056674264
0.9187298225404231
0.890561206633903
0.8574099093560611
0.8353923486533069
0.8217300778830531
0.7235535905293451
0.7189665076810393
0.6006553474324563
0.5571558309589691
0.5044700285800452
0.4002832315347951
0.37625589447122887
0.23223292232628864
0.2023427328708903
-0.15463096559141143
-0.19014512810948256
-0.28676831510247236
-0.330301924497796
-0.3749959213288088
-0.6343687652851279
-0.640379112198737
-0.6532822685368195
-0.7449758363051464
-0.7755923828695687
-0.9394265638938227
-0.9542051403011904
-0.9568703935950085
-1.0092600568994334
-1.0261426903682307
-1.011700711223695
-0.9273014647399673
-0.3601003572756266
-0.2752706153581036
-0.1866902906904374
-0.09247881466102378
-0.07806184258215568
-0.018450547046240953
0.0991431111241007
0.20391591379409635
0.5518626059351455
0.5932040752215524
0.6191901648922684
0.6786033084293164
0.7227237142978492
0.8963479990670156
0.9239152672500104
0.9299871477931093
0.9454663622396071
0.9394615655425713
0.932102352314525
0.9168338043412361
0.9089272876739165
0.8368826434341505
0.827855586242034
0.7380787758259162
0.5872806430411734
0.5400354795091152
0.4246885363807971
0.40900073870842046
0.2849037398046423
-0.19771720715028562
-0.25512834037986987
-0.28630889833366713
-0.2978615796313033
-0.6286885921456703
-0.8125126675692432
-0.8619465970797692
-0.8975558622549313
-0.9437803611311988
-0.9500805802677167
-0.9576640619681419
-0.9792982467687129
-0.9995802866599539
-1.0066833539017055
-1.0137771395057695
-1.0204605941778198
-1.0383503270202548
-1.0383929531036094
-1.031114374998899
-1.0262629234387242
-1.0177242097606296
-0.743675457314932
-0.6868441359633114
-0.5630076274283147
-0.5013035161971512
-0.42629638779261647
-0.4012615800638659
-0.38776113371206444
-0.33065733751194926
-0.2925932749651916
-0.26699278226994605
-0.18123381027498164
-0.16006651195241628
-0.15819601631616148
-0.10442123455701295
-0.09689901932445422
-0.05171167553494779
0.07178422133569484
0.17951085008577394
0.2227901164140415
0.29944000616295474
0.34800298569300825
0.4658772136944771
0.5174774091145146
0.5463377589094777
0.6546371610612732
0.8432917020226934
0.8479640800929247
0.8589762983858402
0.956822059054286
0.959857422270878
0.8308536750995682
0.7634515043291065
0.7455117199712074
0.7167067167986674
0.6621620980907041
0.28492350564841773
0.23939716422971152
0.0313055401797558
-0.24866600964193505
-0.29330541607741495
-0.6077252670706073
-0.6989675362078189
-0.7391182705279382
-0.8583410575205228
-0.8855664272669398
-0.9689960999710605
-0.9971649582994353
-1.0406188099427913
-0.9950881645229659
-0.9916501146784695
-0.892168595976121
-0.836383061772443
-0.7431025194894194
-0.6768904716722558
-0.6676353105929095
-0.6488583611816614
-0.6287189574022092
-0.5369624102016892
-0.25794015563033035
-0.2098673679842344
-0.09820355750500367
0.3868921807219863
0.4239830140954156
0.44113226625287566
0.5214125224920756
0.5394514151575046
0.6777702916980597
0.6855823607220207
0.7130115130680075
0.7508254656978404
0.8611144382626793
0.8903112348992834
0.951829072173583
0.9581612176864698
0.9273258132800029
0.9034300879788326
0.8901812943511292
0.8795293808434219
0.8281060964896878
0.7135858268476198
0.6198005995534827
0.5498124100342818
0.47559172803733124
0.34807714736684237
0.346340186021139
0.2476549291712202
0.20345243045494682
0.1241398615802745
0.1104905838032078
0.038102791488199395
0.034970348120900704
0.004237216555781513
-0.1856521326144241
-0.519033286636065
-0.5239954257096874
-0.5360598479294834
-0.5625877445040759
-0.6992530467070357
-0.7935082244121944
-0.9452578446973646
-0.9521410795314669
-0.9572706468980205
-0.9696948520876651
-0.9715576117922701
-1.0004927700098183
-1.0150420944544143
-1.0416850072053772
-1.0170795445088046
-1.0010952675492584
-0.9921404726435252
-0.958125263667325
-0.925648328402177
-0.8821561081141354
-0.8006783004019076
-0.7768727527821616
-0.7292084187571533
-0.7246315499217667
-0.6179660383440582
-0.36052485246429433
-0.3052352511033128
-0.28091100366321853
-0.1429712626847197
-0.1085402797740386
-0.03445506181533979
0.022671431200770073
0.0496031516895505
0.1859274802069993
0.5006591646042068
0.5929440791628273
0.7092864698901055
0.7272382507566433
0.8754097757002108
0.8761576889098601
0.9188866026678761
0.9429958362480936
0.9522490440497271
0.9567669114854825
0.9511895979104392
0.9453529552760329
0.7842050769827988
0.7623912309733017
0.5971718512692348
0.47116524810624383
0.3532129280356445
0.33931691498118166
0.15071618562295264
0.13589761709209758
0.10676373228157002
0.04437642626953804
-0.1150522041395641
-0.3578277521854356
-0.5870724926682606
-0.878773864362221
-0.9516071325699
-1.038919047315456
-1.0013694865594713
-0.9316074314206618
-0.8393606657277622
-0.7768633664243179
-0.711616737152516
-0.640741787898339
-0.49015994870743906
-0.20808258635308113
-0.13457989584449526
0.19597388890205497
0.3350936152096232
0.43829045620496954
0.49293329951716025
0.49346389997782114
0.5750006657100796
0.591177763478701
0.6170587583490756
0.6775057808691888
0.7636827353319939
0.8771194434336542
0.9356847160697574
0.9421881905739709
0.9473797521267333
0.957616772573659
0.9520545652877355
0.9075033137386188
0.9001898771214856
0.893062169344248
0.7588071589414294
0.7442923412905795
0.7293290896635721
0.48278865986161335
0.41104430401127784
0.3466731466905782
0.3093243447129882
0.03419274594917375
-0.3068659643786496
-0.32258451709624303
-0.3484144860935025
-0.6856010086373305
-0.7410004404718665
-0.754803321133608
-0.9723904010685751
-1.0349609115629694
-1.0411170833995005
-1.0419972713768275
-1.018567585670741
-1.0178812721401498
-1.0104897678165772
-0.8040004452566929
-0.7364760692316595
-0.6913396105413461
-0.5263210792911649
-0.4890634581716411
-0.4834331095215421
-0.3917213728550628
-0.15521660243530597
0.22091355223526832
0.3028809241116347
0.36515138127925373
0.3874048298303441
0.4520182022438512
0.4629024944758729
0.7747251075205112
0.7951895455487266
0.8443519356605366
0.8466649514158823
0.866726490330612
0.9047655039475965
0.9544910014377358
0.9564421099591236
0.9342776640588731
0.9327680257724772
0.9254784618912064
0.925161394720113
0.9188474261412569
0.9142114227892567
0.9000451004988371
0.6241774222127571
0.478592541917731
0.3064759416292378
0.21430345294501835
0.19421003329885894
0.05620129716196495
-0.015268238998566021
-0.025318558822527495
-0.3833726379586131
-0.5663694665381209
-0.7603828545799816
-0.8067258148300344
-0.8087471865426809
-0.929515498060961
-0.9510449443996619
-1.0046098987776837
-1.040965659100801
-1.0404847440350018
-1.0347297095492924
-1.0323375083090505
-0.9803004807215624
-0.9800826160668638
-0.9703653352780394
-0.9651312633210797
-0.9629391676826122
-0.9026334060625085
-0.8238138915826638
-0.8151166027895512
-0.6421145734111439
-0.618228735527783
-0.6146277816837488
-0.5975038721053713
-0.3767819898032162
-0.3066617897230542
-0.26093732644592654
-0.11687559684070581
0.014975608245137453
0.03378382786447601
0.3779302752617114
0.45002825822945575
0.5791658952869048
0.6368884530304588
0.6600610975810564
0.7898594631677798
0.8564517794093962
0.9110476615022015
0.9118048595153787
0.9138560707766528
0.9562181704094257
0.9559982560567009
0.9343618771545901
0.9283317441502168
0.8514699492599781
0.6424725304768446
0.6341849713350615
0.5948678890377942
0.5919572562257136
0.5738108215111825
0.5189758363957104
0.49110530117431567
0.23754020868330555
0.14409677126620093
-0.07596301232641836
-0.5071714982189452
-0.5237732554363844
-0.7383715007341405
-0.8279016901825917
-0.8966000729110284
-0.9366774780537732
-0.9513142031314494
-1.031721243116079
-1.0204133444499346
-0.9791641593100547
-0.9363544413380818
-0.6913798900297157
-0.21197891450943576
-0.028075840591941376
0.13375082505080843
0.175027842154659
0.20741111778098573
0.3139426798935501
0.3209792129537917
0.450852354600809
0.4923616022472865
0.5464237973354551
0.604231124736198
0.60758204192883
0.6594448041155865
0.6679053350468094
0.8451306198845163
0.884185173168607
0.8877018464651538
0.9175736340889064
0.9316948222426229
0.9409209566365134
0.9566438132846251
0.9581744679195654
0.9571536635087871
0.9464529337287759
0.8729284148523936
0.8121511300278986
0.2773913334725843
0.04046183105357118
-0.000295916141326763
-0.11268808745789544
-0.1427331436939468
-0.17766770805720433
-0.23714021664853813
-0.3620841218028523
-0.5583185021369486
-0.622367887114791
-0.7077284641831847
-0.7523658239096815
-0.7554530785245462
-0.8102165306470662
-0.8330168008042245
-0.8565910942380741
-0.8930271907326262
-0.9994930105835147
-1.0324026466033
-1.0194647321002321
-0.9695731643823944
-0.8502947109238141
-0.7854874782155084
-0.7165070250195783
-0.5078888673640225
-0.3702875546060375
-0.24193807074822243
-0.24009088138474338
-0.07489932166514435
-0.0654779893153132
0.01178114653759587
0.32537036076061493
0.3457380175684257
0.41240943611441283
0.4484119882742923
0.6342275912991806
0.6597406656288756
0.6878336193435393
0.7365062181050155
0.8061219561262976
0.8087781089129283
0.878190535306044
0.9334073810382788
0.9514958786009168
0.9203385521839799
0.9182490113515713
0.9031367434662549
0.8514859228162652
0.7773695233890986
0.5033300290936216
0.3019886042885509
0.24836186196473659
-0.024495514549526334
-0.03580395391523402
