-0.16951214880150653
-0.34779620769429304
-0.45186879661967294
-0.8068108950743694
-0.83157502070846
-0.8660721680756904
-0.9977654391538834
-1.0114739849860699
-1.0151674026232185
-1.0127405738685142
-1.0054425342529842
-0.9690510780557119
-0.9400220319812383
-0.7343492680737773
-0.692951264969012
-0.5969249926441298
-0.46648078081610045
-0.24230339868250206
-0.24047064524397044
-0.15853055064135096
0.04954994916502965
0.09008712621803519
0.11618506679165332
0.5384224843202744
0.7933661536744023
0.8360345868872011
0.9232247148308159
0.9642426821619505
0.9707556485822874
0.9630878093324314
0.9191524344705015
0.8909990448070095
0.8578626626312106
0.8358538733006133
0.8221967084259013
0.7240518904767022
0.719466130317335
0.6011860671562307
0.557696883935075
0.5050230313967076
0.4008584607333181
0.3768360386703209
0.2328413280387829
0.2029568008379612
-0.15395184095697784
-0.18945960436087766
-0.2860652565751931
-0.3295908693781645
-0.37427656657551917
-0.6335979994597128
-0.6396070526910684
-0.652507408824343
-0.7441799898585337
-0.7747889876434466
-0.9385735080864581
-0.9533460962048231
-0.9560102159703662
-1.0083714633676715
-1.025237743768245
-1.0107450810639567
-0.9263063459106683
-0.3589924368422144
-0.27415034129892846
-0.18555751695517936
-0.09133305994794128
-0.07691412195225875
-0.01729473795275819
0.10031477718012628
0.2051017481261312
0.5530983577597992
0.5944464048696682
0.6204367539688532
0.6798600868562212
0.7239885784965805
0.8976539925688485
0.9252314307119666
0.9313059673715882
0.9467932559252362
0.9408353186781307
0.9334795875163816
0.9182171375836624
0.9103133799767532
0.8382878946426812
0.829262792565771
0.7395027326615289
0.5887266763891141
0.5414875558092425
0.42615427809244333
0.41046824420337014
0.2863846056983316
-0.19618952137560675
-0.2535952378086454
-0.2847728412684024
-0.29632442476134485
-0.6271182831271094
-0.8109203801734214
-0.8603473265460234
-0.8959510445917326
-0.9421673315473074
-0.9484663040015563
-0.9560482305575084
-0.9776775655813014
-0.9979542292079817
-1.0050551071739626
-1.012146457431506
-1.0188272838939243
-1.0367026980665681
-1.0367444858613442
-1.0294566128256246
-1.024602447534992
-1.0160600696092983
-0.741968178351288
-0.6851313808836293
-0.5612841630325873
-0.49957516071073566
-0.42456237315325546
-0.39952573447048556
-0.3860243112927802
-0.32891645681137477
-0.2908497475238633
-0.26524749756762134
-0.17948275090377097
-0.1583140496161549
-0.15644343036822744
-0.10266511740665246
-0.0951424113384654
-0.04995213221792417
0.07355171176218867
0.1812852581822983
0.22456732014343472
0.3012222105793463
0.3497884058831016
0.4676706767478541
0.5192745424021827
0.5481369983153593
0.6564447690858188
0.8451174163712863
0.8497903608945024
0.8608039568989607
0.9586700793909819
0.9617083931176269
0.8327324727007178
0.765336395006063
0.7473980500672746
0.7185952413897412
0.6640544625248126
0.2868366803980251
0.24131248998721652
0.03323024490575882
-0.24672923041617872
-0.29136671106071754
-0.6057723434737287
-0.6970100237836259
-0.7371586126118115
-0.8563742868465757
-0.8835977921078756
-0.9670205915572672
-0.9951863283810437
-1.0386290760108898
-0.9930884559574741
-0.9896500244740759
-0.8901606244653958
-0.8343718905206364
-0.7410868366881023
-0.6748719859312898
-0.6656164523900036
-0.6468387598725232
-0.6266985764881385
-0.5349386689941205
-0.25590743838981084
-0.2078332209217788
-0.09616616554538192
0.38894338745998464
0.4260353249892452
0.4431850935520095
0.5234678286597527
0.5415072950141568
0.6798308730868492
0.687643228956565
0.7150734133172344
0.7528888635670443
0.8631830321443602
0.8923816016818692
0.9539054481005984
0.9602395720216085
0.9294104674938695
0.9055165496844687
0.8922685839585606
0.8816172782254876
0.8301964661673408
0.7156803227584977
0.6218977964668376
0.5519113988442964
0.4776924725741355
0.3501806622803818
0.34844373699066933
0.24976047117434874
0.2055588329221584
0.12624777004524182
0.11259874726018568
0.04021229061514436
0.037079904487118766
0.006347332417646692
-0.18353861493599155
-0.5169137176453684
-0.521875762486252
-0.5339399547092707
-0.5604673407999
-0.697129873881901
-0.7913829285654912
-0.943128273853738
-0.9500112625084534
-0.9551406409452016
-0.967564366087504
-0.9694270507148214
-0.9983608956293578
-1.0129093915700438
-1.039548748043256
-1.0149404476123416
-0.9989553161341856
-0.9900001182693634
-0.9559836465438241
-0.9235057366674218
-0.8800124094127815
-0.7985328809541747
-0.7747268879088111
-0.7270617173446156
-0.7224847715415084
-0.6158175950118128
-0.35837303127326986
-0.30308277602206535
-0.2787582463500951
-0.1408169547065361
-0.10638559523766956
-0.03229957718327343
0.02482752564166122
0.051759532109538875
0.1880853021477821
0.5028204168959378
0.595106425283867
0.7114503269003043
0.7294023608446708
0.8775764094981714
0.8783243390004256
0.9210543361298442
0.9451644659669467
0.954418219854384
0.9589365655342947
0.9533605407216932
0.9475242294801257
0.7863795982566172
0.7645660169092081
0.5993482813939716
0.4733426871689375
0.3553912054488143
0.34149528618893066
0.1528957549642031
0.138077275812726
0.10894356514135226
0.04655662571020133
-0.11287109737205112
-0.3556453009910062
-0.58488874187185
-0.8765881725136451
-0.9494207858678152
-1.0367306735248676
-0.9991803820709472
-0.9294176960798171
-0.837170380700797
-0.7746727861818988
-0.7094258875766649
-0.6385506773714089
-0.48796835753550677
-0.20589025512089568
-0.1323873933053015
0.19816709913921662
0.3372871053367929
0.4404841520150316
0.495127104637533
0.4956577061633579
0.5771946370168628
0.593371768005326
0.6192528164614771
0.6796999668877309
0.7658771142483599
0.8793141193470102
0.9378796110586517
0.9443831208612853
0.949574715574565
0.959811874690409
0.9542497548897831
0.9096986602555015
0.9023852384315022
0.8952575438935403
0.7610026827115657
0.7464878752524711
0.7315246334267798
0.48498429949693855
0.4132399564788204
0.34886880670380566
0.3115200075645478
0.03638839995267629
-0.3046703872874291
-0.3203889454079725
-0.3462189236835607
-0.6834056254977384
-0.7388051016151678
-0.7526079943170364
-0.970195367831218
-1.0327661078736736
-1.0389223502069662
-1.0398026177451882
-1.0163731395910576
-1.015686829620705
-1.0082953611576413
-0.8018066050060008
-0.734282364939955
-0.6891459923863688
-0.5241277566732719
-0.48687019961011546
-0.4812398605845841
-0.38952827916337107
-0.1530239047805876
0.22310558649558418
0.30507280022859956
0.3673431319613052
0.38959653437774905
0.4542097682693155
0.46509403642251523
0.7769157987000221
0.7973801611286734
0.8465423470099446
0.8488553521381885
0.8689167936928278
0.9069555860540156
0.9566805393833779
0.9586315801191152
0.9364665232847492
0.9349568688624825
0.9276672329302216
0.9273501628122812
0.9210361381543248
0.9164000963351911
0.9022336671100042
0.626364767595091
0.48077942689175585
0.3086623313298968
0.21648958900928644
0.1963961147066577
0.05838700643596904
-0.013082721815567962
-0.02313306869870011
-0.38118814652142274
-0.564185545193847
-0.7581996440284539
-0.8045428035382215
-0.8065641843315366
-0.9273331309349219
-0.948862721335255
-1.0024281349875763
-1.0387848731974103
-1.0383039848291626
-1.0325491433550351
-1.0301569976655705
-0.9781206237214676
-0.9779027610063963
-0.9681855636844174
-0.9629515344788154
-0.9607594563387579
-0.9004541103944789
-0.8216350302834428
-0.812937784899149
-0.6399365139936841
-0.6160507700375939
-0.6124498301939023
-0.5953259866560163
-0.37460489770051086
-0.3044849348958401
-0.258760624114515
-0.11469936815233017
0.01715140575674433
0.03595956359353183
0.3801048307041578
0.4522025439203639
0.581339660237553
0.639061962908926
0.6622344997570575
0.7920321763854498
0.8586240387100664
0.9132194200417278
0.9139766094762904
0.9160277971431938
0.9583890745740388
0.9581687492846807
0.9365318321029034
0.9305016077309753
0.8536390426308051
0.6446403962577685
0.6363527974348843
0.5970355320457279
0.5941248859906282
0.5759783695887606
0.5211431458196134
0.4932724933654907
0.23970641589914923
0.14626263792575817
-0.07379793124403086
-0.5050080232387002
-0.5216098479704059
-0.7362090537000917
-0.8257397245077435
-0.8944385417428066
-0.9345162459251477
-0.949153093408761
-1.0295622040152022
-1.018254540046546
-0.9770058930436621
-0.9341965653036299
-0.6892234696232661
-0.20982444686371443
-0.025922046583729437
0.13590402548029284
0.17718088901952406
0.20956404316676805
0.31609519728274516
0.3231317028373247
0.45300431959011406
0.4945133907500052
0.5485753474756315
0.6063824067347313
0.6097333078853455
0.6615958134112915
0.6700563008041559
0.8472804860203832
0.886334700398169
0.8898513393506355
0.9197227927389982
0.9338437794793277
0.9430697513947139
0.9587921321902123
0.9603225832836737
0.9593016165284455
0.948600493584762
0.8750750200174421
0.8142972583113558
0.27953493072728863
0.042604552583363875
0.001846658083794292
-0.11054591863583269
-0.14059108351947058
-0.17552577460353033
-0.23499850034251318
-0.35994287107644923
-0.5561780299305362
-0.6202276898345801
-0.7055886586594791
-0.7502262388451629
-0.753313509201937
-0.8080772535474542
-0.830877654002747
-0.854452088911997
-0.8908884210695874
-0.997355170729844
-1.0302653588880615
-1.0173286769649572
-0.9674377136205554
-0.8481601311081044
-0.7833532610293816
-0.7143731523171559
-0.5057558912726642
-0.3681551035546706
-0.23980608449191632
-0.2379589016993778
-0.07276792170600618
-0.06334662212879368
0.013912245160225267
0.32750034262029365
0.3478679234351298
0.41453908813488577
0.45054149939429394
0.63635631072853
0.6618692641803429
0.6899620798325069
0.7386344242761693
0.8082497512972885
0.8109058868868791
0.8803177980327177
0.9355340335926121
0.9536221702068685
0.922463506185661
0.9203739399246207
0.9052615047191649
0.8536102379027831
0.77949335334598
0.5054525786123337
0.30411040451546506
0.2504834748498824
-0.02237481669611747
-0.03368329330562911
