-0.16983244769078304
-0.34807616678253556
-0.45212402666094975
-0.8069650014189995
-0.8317200102589164
-0.8662034830349543
-0.9978174932687681
-1.0115057510330823
-1.0151889579325295
-1.0127301292003041
-1.005418716610195
-0.9689922642078774
-0.9399447703525623
-0.7341897083591056
-0.6927790947559672
-0.5967258518084403
-0.4662484392765832
-0.2420191771701584
-0.24018601617410804
-0.15822786932099997
0.04989768041806861
0.09044362429781494
0.11654722467001657
0.5388821972520941
0.793901757661416
0.8365866787000829
0.9238207610609334
0.9648762317982494
0.9714020099106608
0.9637779318688701
0.9198800601233471
0.8917421601214148
0.858620949675042
0.8366210819945205
0.8229691102772354
0.7248564994838754
0.720272084344018
0.6020236403710151
0.5585449626796216
0.5058832584739965
0.4017412813176672
0.377723855082171
0.23375786827276945
0.20387909545720828
-0.15296344247437835
-0.18846470485022532
-0.28505254398555335
-0.32857003374156246
-0.3732473003600324
-0.6325165176923634
-0.6385242571416093
-0.6514217695870446
-0.7430730390091447
-0.7736743715901495
-0.9374084710419686
-0.9521749798052801
-0.9548379488193977
-1.0071703500674
-1.0240200310957543
-1.009475927218854
-0.9249971188850401
-0.35756876393954523
-0.27271413682212536
-0.1841086331520485
-0.08987100902019118
-0.07545007695345848
-0.015822488755313703
0.10180310976461074
0.20660445078304185
0.554651685134446
0.5960064028400354
0.6220010713907795
0.681434737053719
0.7255714281209374
0.89927854747672
0.9268662974636495
0.9329435272616297
0.948439002375517
0.9425285747105729
0.9351763737589921
0.9199201061255756
0.9120191456794063
0.8400130834364525
0.8309899633968807
0.7412468843822122
0.5904932075018081
0.5432602126349648
0.42794078725648055
0.4122565412544732
0.2881864455639194
-0.19434022464093842
-0.2517404508028873
-0.28291505971215125
-0.2944655305199671
-0.625225786193957
-0.8090056084056755
-0.8584254775923128
-0.8940235738495509
-0.9402315384389623
-0.946529247452008
-0.9541095979609675
-0.975734018044142
-0.9960052332060945
-1.0031038925069156
-1.010192774732913
-1.0168709377212888
-1.0347318412649917
-1.0347727795414359
-1.027475487121989
-1.022618571787486
-1.0140724805969483
-0.7399368747588745
-0.6830945282557894
-0.5592364585931173
-0.4975225001484295
-0.42250397823067104
-0.3974654842698881
-0.38396307129096185
-0.32685110463412936
-0.2887817134679585
-0.26317768292622556
-0.17740708497176022
-0.1562369621098859
-0.15436621761079136
-0.10058432661939967
-0.09306112320780247
-0.047867869844049456
0.0756440265436048
0.18338458222937215
0.2266694768233658
0.3033294341063411
0.3518988877130931
0.46978930775483
0.5213968921319745
0.5502614819805214
0.6585777318473413
0.8472687241941047
0.8519422426326821
0.8629572344968263
0.9608439867580555
0.9638852897781948
0.8349375613403652
0.7675476565572726
0.749610769890571
0.7208101844453053
0.666273295690916
0.28907659594731755
0.2435545846302128
0.035481840897153186
-0.24446540257558896
-0.28910093235502893
-0.6034921612550438
-0.6947251931299879
-0.734871608610245
-0.8540800778014951
-0.8813016944029625
-0.9647175315406812
-0.9928801064470347
-1.0363116064785751
-0.9907608830586723
-0.9873220650158886
-0.8878246821733321
-0.8320327073170093
-0.7387430839361003
-0.6725253942368502
-0.6632694834513041
-0.644491038287587
-0.624350065291565
-0.5325867543949349
-0.2535464327908442
-0.2054707672138292
-0.09380042546727302
0.3913231184064404
0.42841617412965083
0.44556646566128505
0.5258517111265681
0.5438917584532623
0.6822200976845072
0.6900327440341636
0.717463973480992
0.7552809403094123
0.8655803705792251
0.8947807353918971
0.9563106666454325
0.9626467938424094
0.9318240681951696
0.9079319804887227
0.8946848530127741
0.8840341626475496
0.8326158537410754
0.718103887946348
0.6243240962063747
0.5543395126987901
0.48012236389390245
0.3526133582124518
0.35087646942375317
0.25219521919290944
0.20799445200138725
0.1286849136475889
0.11503614898852571
0.04265104441651404
0.03951871623021033
0.008786710520430577
-0.18109579336943035
-0.5144647710819891
-0.5194267205470491
-0.5314906799839173
-0.558017549402502
-0.6946772798706344
-0.7889281859433533
-0.9406692049604863
-0.9475519444940766
-0.9526811317442309
-0.9651043711082865
-0.9669669797624617
-0.9958994957223746
-1.0104471533044168
-1.0370829113771798
-1.012471739822287
-0.996485743812548
-0.9875301382738527
-0.9535123890539751
-0.9210334932175319
-0.8775390461409961
-0.796057777029268
-0.772251333421034
-0.7245853166876429
-0.7200082930319895
-0.6133394324611857
-0.35589145245654263
-0.30060053593348
-0.27627572084921964
-0.13833286112923818
-0.10390112089058332
-0.029814293814080614
0.027313425602298935
0.05424572122373279
0.19057294872023042
0.5053115312819757
0.597598645294409
0.7139440739606704
0.7318963636741239
0.8800729626092211
0.8808209085739711
0.9235520003207995
0.9476630356397387
0.956917341196984
0.9614361699875933
0.9558614469358299
0.9500254704009445
0.7888841180263213
0.7670708038707459
0.6018547280278647
0.4758501520277025
0.3578995162380063
0.3440036916125738
0.15540536909538707
0.14058698010009932
0.11145344507633717
0.049066875379403546
-0.1103599327067249
-0.3531327809249866
-0.5823749121032527
-0.8740723877358596
-0.9469043418938877
-1.034212190525531
-0.9966611647624044
-0.9268978451743289
-0.8346499780470772
-0.7721520873495308
-0.706904918629966
-0.6360294468139654
-0.4854466453972581
-0.20336780233157786
-0.12986476924918305
0.20069042981769059
0.33981071497937415
0.44300796642939794
0.4976510277864353
0.49818163037147484
0.5797187253387145
0.5958958893226538
0.6217769909861949
0.682224268327456
0.7684016068250462
0.881838905415505
0.9404046127648238
0.9469081572216463
0.9520997844629907
0.9623370792696195
0.9567750447323047
0.9122241020487923
0.9049106944612677
0.8977830126476363
0.7635282932944155
0.7490134953605353
0.7340502626639344
0.4875100147859933
0.4157656819775127
0.35139453743464816
0.3140457398024995
0.0389141135629388
-0.3021447634618882
-0.3178633276216512
-0.3436933162328485
-0.6808802131596088
-0.7362797367566494
-0.7500826423387389
-0.9676703274090541
-1.030241309025274
-1.0363976253257885
-1.0372779762416058
-1.0138487151778959
-1.0131624089267903
-1.0057709779180664
-0.7992828118292697
-0.7317587130652086
-0.6866224299803456
-0.5216045009609306
-0.4843470103215279
-0.4787166812748286
-0.3870052607636596
-0.15050129648947408
0.22562750881167395
0.30759455916926626
0.36986476135310514
0.3921181161294627
0.45673120700270786
0.4676154502990408
0.7794363349181073
0.7999006194082945
0.849062594777164
0.8513755889528519
0.8714369301721026
0.909475494557229
0.959199887423215
0.9611508583633468
0.9389851726679008
0.9374755016406264
0.9301857915651373
0.9298687184148676
0.9235546360523929
0.9189185546526241
0.9047520154033312
0.6288818599558974
0.48329604600570847
0.3111784414902544
0.21900543857623947
0.1989119081221033
0.06090241757610298
-0.010567507976547336
-0.02061788265146286
-0.3786739859857874
-0.5616719698910455
-0.7556867982365575
-0.802030162223852
-0.8040515523353261
-0.9248211505715924
-0.9463508887707964
-0.9999167735732845
-1.0362745147716221
-1.035793653782908
-1.030039010245756
-1.0276469215230253
-0.9756112178304763
-0.9753933571041743
-0.9656762453629629
-0.9604422599908783
-0.9582501997920525
-0.8979452800238357
-0.8191266452161392
-0.8104294443313438
-0.637428950897756
-0.6135433032142569
-0.6099423777203528
-0.592818601870836
-0.3720983259981222
-0.3019786063508833
-0.256254451840779
-0.11219368122412887
0.019656650885200487
0.03846474541959052
0.3826088033144337
0.4547062401945143
0.5838428230873373
0.6415648644861909
0.6647372910162512
0.7945342619880976
0.8611256594248374
0.9157205279194348
0.9164777085687509
0.9185288720730106
0.9608893075364595
0.9606685614581205
0.9390310931168327
0.9330007751939412
0.8561374215096303
0.6471375183724
0.6388498789275565
0.5995324261070308
0.5966217664951468
0.5784751664708574
0.5236396983977489
0.49576892593704547
0.24220184023311103
0.14875771367797863
-0.0713036595487903
-0.5025153952918542
-0.5191172891165255
-0.7337174777044725
-0.8232486410895526
-0.8919479029455658
-0.9320259131219959
-0.9466628858567319
-1.0270741150879064
-1.0157666912432604
-0.9745185948092526
-0.9317096663071501
-0.6867380597841519
-0.20734103461561826
-0.023439323400683172
0.1383861415056952
0.17966284796956689
0.2120458778611652
0.3185766146594135
0.32561309208016154
0.45548517195672966
0.49699406260359785
0.5510557755303943
0.6088625605348618
0.6122134452778204
0.6640756882942656
0.6725361311568681
0.8497591917216183
0.8888130594870973
0.8923296633147869
0.9222007748720809
0.9363215556235633
0.9455473613704188
0.9612692555111497
0.9627994984448021
0.9617783656624785
0.9510768406399213
0.8775503907530275
0.8167721413716276
0.28200722557811186
0.04507595196460059
0.004317906841036237
-0.10807508441411053
-0.13812036039213804
-0.17305518105045808
-0.23252812882584548
-0.35747297561742253
-0.5537089305009495
-0.6177588715111345
-0.7031202408956976
-0.7477580464929966
-0.7508453329452675
-0.8056093760765657
-0.8284099097556433
-0.8519844893164944
-0.8884210624269284
-0.994888762755986
-1.0277995154308595
-1.0148640936984767
-0.9649737482551409
-0.8456970561710315
-0.7808905568294487
-0.71191080030059
-0.5032944558977679
-0.3656942049428952
-0.23734566104929636
-0.23549848497433415
-0.07030809764144294
-0.06088683156787406
0.01637176116733053
0.3299587169689601
0.35032622009745096
0.4169971252950972
0.4529993925150923
0.6388133945271469
0.6643262244098557
0.6924188989259611
0.7410909833908897
0.8107058902652632
0.8133620082751554
0.8827733927106782
0.9379890045281071
0.9560767721689457
0.9249167408193251
0.922827148564805
0.9077145423227214
0.8560628194315022
0.7819454389741434
0.5079033553875899
0.30656041538003914
0.2529332942185562
-0.019925932643514156
-0.031234447322250593
