-0.15778219704122798
-0.33478809916221675
-0.43808115926508434
-0.7898910220514138
-0.8143785832885078
-0.8484630928544629
-0.9778231045270287
-0.9909523261392881
-0.9943571938809036
-0.9910397058287003
-0.9833757896788816
-0.9460452893254784
-0.9165323009533547
-0.7087982421081563
-0.6670989252853373
-0.5704415168684568
-0.4392455225681725
-0.21394956567006942
-0.21210829762412267
-0.12979533314405226
0.07917920381831017
0.11988431478447767
0.14608962731965963
0.5700497058020392
0.8261685282570506
0.8690735558557783
0.9568623049923003
0.9983545738625347
1.0050219681540542
0.9978527768849748
0.9543096651027875
0.9263089541684832
0.8933168688558368
0.8713905182918485
0.8577805191668962
0.7599147963135506
0.7553401908023161
0.6373108603436038
0.5939001217430684
0.541313970720473
0.43730395163811603
0.413314205385413
0.26949687331013983
0.23964573626562888
-0.11693049113544723
-0.15241063713866604
-0.2489452687546129
-0.29244075849348194
-0.33709669218399013
-0.5962678814126479
-0.6022739135000089
-0.615167858322598
-0.7067979718809453
-0.7373941086506647
-0.901126065319179
-0.9158960967372498
-0.9185598247218738
-0.9709208813911101
-0.9877955013519859
-0.9733684803615437
-0.8890234049681917
-0.3221917424359007
-0.23742264985914172
-0.1489079184394277
-0.05476911835732933
-0.04036356136304475
0.01919962868133994
0.13669360791687926
0.24137124633829776
0.588935371748052
0.6302207807803095
0.6561698498729662
0.715492119269948
0.7595380667827462
0.932750631486667
0.96020736223062
0.9662497887241805
0.981637966408711
0.9750589081505074
0.9676538020647919
0.9523037783755826
0.944359932773342
0.8720479607836779
0.8629928152679298
0.7729690927742126
0.6218280007612209
0.5744853919180155
0.45891229203097433
0.4431947112598735
0.31886762712720196
-0.16462462537255845
-0.22214337256611216
-0.25338324375158905
-0.26495807584915987
-0.5964833133030264
-0.7808027456163746
-0.8303997357139483
-0.8661405298696349
-0.9125630460315527
-0.9188936756107676
-0.9265152220530108
-0.9482690451364472
-0.9686853759229779
-0.975843634412501
-0.9829991618008342
-0.9897496603600013
-1.008012294457415
-1.0080771580515282
-1.0010482196400994
-0.9962707262529831
-0.9878326558127045
-0.7150391616855465
-0.658376909912706
-0.5348777252202209
-0.473330676545851
-0.3985076724822492
-0.3735329935379316
-0.36006473870684946
-0.3030955273967207
-0.2651199768147033
-0.23957857480329814
-0.1540156283205896
-0.13289638533608575
-0.1310301318631218
-0.07737709450227201
-0.0698718875547313
-0.024786698545544508
0.09842879034441288
0.20590668829381398
0.2490841849585308
0.32555021029681086
0.37399370160568096
0.4915647153217388
0.5430244355657826
0.5718035694093815
0.6797758228558509
0.8676974346202265
0.8723463107445233
0.8833012196976503
0.9802747232384198
0.9831796413837656
0.8528916054750478
0.785194486529529
0.7671842660602163
0.7382713124629479
0.6835361440210546
0.3052264788181701
0.25958557307049046
0.05098551751951032
-0.22966279308446938
-0.2744125456199536
-0.5896686956976371
-0.6811893087019945
-0.7214716532680833
-0.841137650925391
-0.8684809932764498
-0.9523522089843666
-0.9807251367502622
-1.0249236973818863
-0.9800884342597094
-0.976677512473796
-0.8777652140724217
-0.8222158178290252
-0.7292733701428644
-0.6632744920946125
-0.6540478411750593
-0.6353279030154879
-0.6152484978945884
-0.5237527837063224
-0.24544563682351056
-0.1974893288176619
-0.0860925872858614
0.39782127728631067
0.43481432591294633
0.4519176673508233
0.5319759438487789
0.5499630819454014
0.6878522659480973
0.695637792356296
0.7229711321575882
0.7606451526613703
0.8704401949957304
0.8994653672837514
0.960389179418589
0.9665214247398106
0.9350343191660337
0.9109471675080693
0.8976100044784038
0.8868929382564514
0.8352021438405426
0.7202262203667895
0.6261362233058786
0.5559428824451026
0.48151882573451177
0.35367842013681433
0.35193717758244175
0.2530138461938154
0.2087074315092103
0.1292114587044787
0.11553093197014452
0.042978513940589436
0.039838979998654614
0.009036384317066465
-0.18128155488841693
-0.5154532444650893
-0.5204279961794666
-0.5325232429864437
-0.5591197620886402
-0.6961623868735878
-0.7907128754345094
-0.9430740711103951
-0.949993246708276
-0.9551504519945412
-0.9676450991245229
-0.9695189040113378
-0.9986485313583939
-1.0133217844712588
-1.0405081158690155
-1.0163504368139302
-1.0005036181601235
-0.9916140793515262
-0.957805213835558
-0.9254895039098928
-0.882182547141674
-0.8009974195808449
-0.7772685948486875
-0.7297494518362884
-0.725186014769994
-0.6188141546271505
-0.36198794784956645
-0.3068205600541034
-0.28254939530527146
-0.14490499358267542
-0.11054669641348594
-0.03661721409846232
0.02038937197056303
0.0472644920430792
0.18329982932515532
0.49731728223855337
0.5893659202138979
0.7053745404136518
0.7232695363857928
0.8708600437879553
0.8716041148122208
0.9140747503510708
0.9379660034351663
0.9470843932486176
0.9514829000934106
0.945577658551721
0.9396551497573695
0.7776289361027185
0.7557402776271136
0.5900438678705466
0.46373327547454857
0.34552121668542984
0.3315957183576633
0.14261032296467746
0.1277624372226916
0.09857117408550006
0.03606193867133048
-0.12367546229179009
-0.366928536095449
-0.5966607460497564
-0.88914731913351
-0.9622638997422773
-1.0505279536763847
-1.0133559354567518
-0.9439382608522946
-0.8520077817516986
-0.7896874339411437
-0.7246070395589899
-0.6538978970719511
-0.503635105178157
-0.22209043425915279
-0.14871965916971852
0.18124502882719834
0.3201075311131507
0.4231041936201287
0.4776362295478887
0.47816573390615275
0.5595284685978558
0.5756695087405401
0.6014915461640025
0.6617936016550877
0.747739109625127
0.8607812586298137
0.9190145240508023
0.9254601670705153
0.9305960921448394
0.9405844570721681
0.9348489171850833
0.8899398594710329
0.8825884417756371
0.8754259396914273
0.7407027080921691
0.7261481714054943
0.7111452280340651
0.4640612788796211
0.3921815877924691
0.327693948792324
0.29027928067249115
0.014686713560198614
-0.3269282911444446
-0.34267309998196466
-0.3685464653335173
-0.7063519516632186
-0.7618699647759636
-0.7757036941953557
-0.9939227912828446
-1.056890081265344
-1.0631574115888578
-1.064158246584501
-1.0410231881591077
-1.0403417068202114
-1.0329985001639523
-0.8271988439865844
-0.7598238617093365
-0.7147794896719164
-0.5500635945869258
-0.5128691141458344
-0.5072481828478854
-0.41568595104137496
-0.17954419123905418
0.1960259644289426
0.27786717496708646
0.34003931698609646
0.3622569788600743
0.4267640596016357
0.4376300484649893
0.7488352178796417
0.7692472686733596
0.8182699308391833
0.8205757455749885
0.8405716238414218
0.8784634452110269
0.9278380114182825
0.9297464307113125
0.9072065198357224
0.9056871794075131
0.8983544205982763
0.8980355911909578
0.8916881523673612
0.8870292617195615
0.8727996159900433
0.596237389561755
0.45040283351106264
0.2780241611102651
0.18571990145707787
0.16559829338718662
0.027399516703791177
-0.044166871553
-0.05423076851895785
-0.41277518911583716
-0.5960432100077555
-0.7903867129658616
-0.8368207184470081
-0.8388462242386862
-0.959900521522649
-0.9814940040285812
-1.0352611396667755
-1.0720379621209162
-1.071568372027721
-1.0658949535762914
-1.0635261588996425
-1.0117618306998806
-1.0115447679796148
-1.0018619565576863
-0.9966455096546227
-0.9944606222303088
-0.9343251106280128
-0.855681543992613
-0.8470017316608024
-0.6743020442822651
-0.650453260567597
-0.6468578227193031
-0.6297599076618862
-0.40934718201062326
-0.33931836162354734
-0.29365237292978
-0.14977102088702193
-0.018082434227976674
0.0007026047901300958
0.3444117762264789
0.41641124931487616
0.5453601495472155
0.6029909297182707
0.626124951452384
0.7556780284288953
0.8221103683300118
0.876531211975327
0.8772854243230968
0.8793284261196797
0.9214064454357735
0.921045964396165
0.8992268344715046
0.893165832789558
0.8160455184161931
0.606642074702912
0.5983415094163044
0.5589645089891162
0.5560495482246516
0.5378764348262004
0.4829636786242214
0.4550550333751142
0.20117210679783193
0.10761973372560245
-0.11268953545005418
-0.5444006433387613
-0.561023319098252
-0.7759173929966555
-0.8655946494365602
-0.9344251181839457
-0.9745930686342006
-0.9892667731696344
-1.0702923001255658
-1.0590536957137135
-1.0179628006595152
-0.9752673587308567
-0.7307154384713805
-0.2518729211768865
-0.06816036699322423
0.09349928525759589
0.13473322348004624
0.16708245819102613
0.2734999291279425
0.28052878365330686
0.4102557071752474
0.45171592351138945
0.505712001042934
0.5634450922612046
0.5667915728687754
0.6185834247523117
0.6270319402611721
0.8039550197228209
0.8429169115722255
0.8464242070897411
0.8762048479761788
0.890271212337662
0.8994531762511309
0.9150469517938239
0.9165225198889729
0.9154578323187346
0.9046510226818756
0.8308700482454331
0.7699652455288739
0.2345348461388087
-0.002624376532374628
-0.04342065362519468
-0.15591870252407097
-0.1859920937879102
-0.22095968542047809
-0.28048873646527767
-0.4055536502367535
-0.6019897107904062
-0.6661101222203615
-0.7515717361619395
-0.7962658658796283
-0.7993571717554423
-0.8541957711370872
-0.8770295132316553
-0.9006401255185645
-0.9371366642565513
-1.0438402881629856
-1.0768906413771886
-1.0642655754472976
-1.0145267791010217
-0.8954677788861356
-0.8307516800859958
-0.7618576734648269
-0.5534639483023288
-0.4159936874446758
-0.28775999473270075
-0.2859144408581661
-0.12086701292897944
-0.11145381912597235
-0.034261339325223884
0.27905140203959716
0.2994002858125728
0.3660090315269995
0.40197682040755645
0.5875974096091255
0.6130807547905526
0.6411397676542094
0.6897498865772093
0.759264762284204
0.761916697747138
0.8312028756526625
0.8862704806951532
0.9042708279145101
0.8727876674809302
0.8706919447459108
0.8555390112625821
0.8037798486390632
0.7295457993216939
0.4551965243676616
0.2536742995466905
0.20000240588699772
-0.07307520654726155
-0.08439259978389492
