-0.16690039228420703
-0.34477801477082726
-0.4486014790766318
-0.8025252336301908
-0.8271975918327811
-0.8615571095843602
-0.9924530628552269
-1.0059576487071509
-1.0095484369624768
-1.0068000681762288
-0.9993676994934224
-0.9626248415975528
-0.9334106359161732
-0.7269125264031107
-0.685388156245791
-0.5890917083739682
-0.4583150834923262
-0.23361864821187908
-0.23178181904644077
-0.14966122390110354
0.05886947688178977
0.09949422399414637
0.12564869225036596
0.548859611972437
0.8045595419044127
0.8473921606630272
0.9350197894173363
0.9764108275965255
0.9830511952379165
0.9758183556550689
0.9322555730327
0.9042560205465431
0.871270289155538
0.8493500760457655
0.8357444656202562
0.7379193088346344
0.733346895567679
0.6153805363053974
0.5719955568979942
0.5194421879221934
0.4155016505661417
0.3915287589352589
0.24781877625109247
0.21799127985199276
-0.13826245051237432
-0.17370582869294618
-0.2701350826662769
-0.313580264604972
-0.35818249211841974
-0.6169870853160426
-0.6229831374489289
-0.6358553531286131
-0.727317060579774
-0.7578502218565618
-0.9211360110556631
-0.935848479232635
-0.9385012192984971
-0.9905772407300616
-1.007279416267731
-0.9922783156454725
-0.9074436228020845
-0.33899942304849795
-0.2540336079521404
-0.16531561385141702
-0.07096118047178943
-0.0565225592251285
0.003177805350991353
0.12094606367294267
0.2258748564455194
0.574371014474761
0.6157848758923159
0.6418178410435527
0.7013431144735706
0.7455524961563244
0.9196293007824435
0.9473084458139601
0.9534095444673357
0.9689775739013047
0.963488151395782
0.9561672297408244
0.9409657389732902
0.9330895616513996
0.8612555816766415
0.8522500210383578
0.7626573742706844
0.6121019383166652
0.5649232030325605
0.44972647226840673
0.4340580616647551
0.3101079116949848
-0.17199849263159794
-0.22935010316539167
-0.26049819613488234
-0.27203881448857453
-0.6025015480945825
-0.7860841656916168
-0.8354413819460175
-0.8709897106837957
-0.9171240023017819
-0.9234105269974742
-0.9309769259851183
-0.9525578383781146
-0.9727808238465295
-0.9798598438168465
-0.9869268795208055
-0.9935814661656724
-1.0113139291472262
-1.0113473481128363
-1.0039666836011607
-0.9990854277668308
-0.990506470989389
-0.715983981801425
-0.6590925288118546
-0.535138427795912
-0.4733806119644561
-0.39831134672785734
-0.3732564356050723
-0.3597452640144374
-0.3025969095655599
-0.264503787242036
-0.2388840009234058
-0.15306162751907357
-0.1318789259149466
-0.13000707313843476
-0.0761935223336557
-0.0686659182578965
-0.02344634790627484
0.10013679745500864
0.20793937090174502
0.2512493281920461
0.32795411565140753
0.37655239755697906
0.49451491744146503
0.5461554026692179
0.5750388720403954
0.6834301377250115
0.8722834254307005
0.8769620210573071
0.8879893614713196
0.9860586104568082
0.9891263567204619
0.8604280028931537
0.7930926983906201
0.7751687102008938
0.7463877892282436
0.6918853081542671
0.31487507301200596
0.2693723341301389
0.061383621025714104
-0.21845544704012887
-0.26307372428485754
-0.5773375790794306
-0.6685295050850549
-0.708656702019757
-0.8278014594449884
-0.85500637557939
-0.9383606496696484
-0.9664952664855891
-1.009827317088715
-0.9641872660583785
-0.9607450303945807
-0.8611770719287152
-0.8053564453427813
-0.7120264251842892
-0.6457836385903032
-0.6365243929143455
-0.6177392942802551
-0.5975913410711043
-0.5057979443157788
-0.22667726236908098
-0.1785887966572539
-0.06688940653854157
0.4183577942927996
0.45546073239079565
0.472615645780114
0.552923076775528
0.5709682584219972
0.709338673035235
0.7171538863493065
0.7445943511301435
0.78242471963824
0.8927706445285711
0.9219868725018971
0.9835705669831382
0.9899243933686337
0.9591580224228456
0.9352821018606086
0.9220423793286925
0.9113971249420443
0.8600009275479126
0.7455258623596802
0.6517702231530496
0.5818016618196278
0.5076002109086463
0.3801159732475441
0.3783794067953134
0.27971595555301987
0.23552288015400677
0.15622680351477003
0.1425803180870179
0.07020715196245704
0.0670753353768864
0.03634833034096761
-0.15350377113238986
-0.4868186786929072
-0.49177978628337826
-0.5038416909471397
-0.5303639998258377
-0.6669989937083833
-0.7612309372843126
-0.9129337797566945
-0.9198143211656484
-0.9249418214935661
-0.937360774688672
-0.9392227130170079
-0.9681435037190249
-0.9826837648967993
-1.0092877795385375
-0.9846512844931926
-0.9686576640555647
-0.9596984633156541
-0.9256694486747118
-0.8931818588807453
-0.8496775381490141
-0.7681809228735214
-0.7443705072577734
-0.6966970313340699
-0.6921193214121034
-0.5854356170855961
-0.3279575310101856
-0.27266078800812993
-0.24833345825910588
-0.11037678398887352
-0.07594168953493052
-0.0018477361798090574
0.055285414087724055
0.08222025641105088
0.21856031915156374
0.5333294324251995
0.6256262774841245
0.7419851437894206
0.7599396839013062
0.908138716502697
0.9088868072486669
0.9516275247463901
0.9757465210922022
0.9850056762394397
0.9895287514752672
0.983965468397577
0.9781324327381521
0.8170198763593616
0.7952089076039978
0.6300073958029997
0.5040117508252514
0.38606853218084075
0.37217353715471885
0.18358580759883636
0.1687682084880453
0.13963621226647574
0.07725288128326192
-0.08216591446233906
-0.3249269014368885
-0.5541575811494823
-0.8458379850219451
-0.9186641900054537
-1.0059542846717595
-0.9683968787273223
-0.8986280613150429
-0.8063754130266788
-0.7438749586270045
-0.678625453734542
-0.6077477211927992
-0.4571607636444814
-0.17507554531585698
-0.10157104150904474
0.22899020765107808
0.3681128714330409
0.4713118643369193
0.5259558486011752
0.5264864601698174
0.60802494535994
0.6242023884223405
0.6500839397918516
0.7105322880677004
0.79671123413627
0.910150985377979
0.968718477779733
0.9752223072973655
0.9804142015637468
0.9906526035703782
0.9850912578514646
0.9405415229533698
0.9332282267209578
0.9261006440916895
0.7918469977197454
0.7773322684962363
0.7623691009944226
0.515829399012738
0.4440851022564954
0.37971395708687683
0.34236514617552394
0.06723316719462612
-0.27382673491725124
-0.28954536350466553
-0.315375461754908
-0.6525643473081374
-0.7079643418556874
-0.7217673746627054
-0.9393580909691525
-1.0019313852526863
-1.0080884054971573
-1.0089695480385437
-0.9855423402722342
-0.9848560691119499
-0.9774649913353879
-0.7709823614842533
-0.7034595821483371
-0.658324133485854
-0.49330905959620697
-0.4560521863583584
-0.45042195003649815
-0.3587120237856201
-0.1222118607010177
0.25391060529938153
0.3358761487252875
0.3981451566698063
0.4203980724245034
0.4850098457822483
0.4958938601593488
0.8077066733984816
0.8281702420940703
0.8773302847945704
0.8796431784443466
0.8997035988757721
0.9377400718888875
0.987459327560403
0.9894096591534094
0.9672382165080552
0.9657283935521161
0.9584380051473869
0.958120904256334
0.9518062940185097
0.9471698505664992
0.9330023050201557
0.6571206736495594
0.5115305401423499
0.3394082926496135
0.24723291338004397
0.22713887095843258
0.08912589569368085
0.017654172071312455
0.007603544145908128
-0.35046189999833843
-0.5334652111591732
-0.7274866770712602
-0.773831900964697
-0.7758533758275125
-0.8966288996719912
-0.9181599815630451
-0.9717301490215797
-1.0080970036569408
-1.0076163913828753
-1.001863545801622
-0.9994719745039008
-0.9474423576532953
-0.9472245149851631
-0.9375081803088393
-0.9322745929296422
-0.9300826956287177
-0.8697816449747335
-0.7909670522085941
-0.7822702552086249
-0.6092768171274361
-0.5853920429501249
-0.5817912476529539
-0.5646680859361598
-0.3439551859759638
-0.2738376717448266
-0.22811493450773962
-0.0840585651906724
0.047787761086198366
0.06659528169669447
0.41072837839115145
0.4828233108782647
0.6119550599412812
0.6696747339599904
0.6928461609488443
0.8226367389286756
0.8892239252335628
0.943814148770723
0.9445712498533819
0.946622194521
0.9889750051500664
0.9887504489204959
0.9671079904381349
0.9610768255680169
0.8842063331737344
0.6751950552080059
0.6669070481399172
0.6275878991234104
0.6246771168288833
0.6065297600663994
0.5516920812331206
0.5238202228389867
0.2702440144662895
0.1767967342287321
-0.043271912824385576
-0.4744985160167361
-0.49110103470454625
-0.705710111469805
-0.7952457289184578
-0.8639490109713868
-0.9040297877788345
-0.9186678929373211
-0.9990982747473932
-0.987793021375102
-0.9465499013139685
-0.9037445811941193
-0.6587864327208639
-0.17940745766991817
0.00448802789718401
0.16630800746718954
0.20758329488377902
0.23996520223954051
0.34649216903276986
0.35352839229969707
0.48339562227648325
0.5249028822926121
0.5789623929421646
0.6367667006030893
0.6401174371371496
0.6919773089520016
0.700437349585036
0.877650251894082
0.9167009890886744
0.9202172756765772
0.9500852999238415
0.9642042202823656
0.9734285252923189
0.9891460243432281
0.9906743873793328
0.9896517552186751
0.9789465991150271
0.9054113326772457
0.8446286795839708
0.3098403942282041
0.07290103594406003
0.03214163096013205
-0.0802551027440651
-0.1103013816754536
-0.1452373721155092
-0.20471232439354925
-0.3296614688725335
-0.5259046098288331
-0.5899570884333385
-0.6753220736851899
-0.7199619140536639
-0.7230493457978282
-0.7778160860099435
-0.800617822262882
-0.8241937075455401
-0.8606324556391993
-0.9671087370550654
-1.0000245851077005
-0.9871005375606925
-0.937215768947339
-0.817947113148963
-0.753143959704946
-0.6841673815856244
-0.4755593095747098
-0.33796390261306763
-0.20961964678945966
-0.20777253133546017
-0.042587492256484734
-0.0331665285216315
0.04408958663691313
0.3576662403254935
0.3780330424398353
0.44470160599382025
0.4807025734672896
0.6665092726233968
0.692020987504826
0.7201123885125069
0.768782127133008
0.8383932429682411
0.841049202355171
0.9104558342785877
0.9656658181490698
0.9837502566345175
0.9525778884953926
0.9504880617174915
0.9353739123195337
0.8837180745835154
0.809596220012966
0.5355423279451745
0.3341924780478516
0.28056362926767514
0.00769596436622769
-0.0036128937539552704
