15.586610464209706
7.67688562802945
12.57882173528504
16.77996763507356
16.47149749354966
7.05667163282765
7.662899483601092
10.065744333679973
16.904105938750337
7.450579113512746
17.41322258177734
7.1852595209753565
13.645811673573029
15.922947762268503
7.459628792932924
7.865674132788555
9.03507574712826
7.4197337499659985
7.511141289454572
7.210466841852116
12.450017643271106
11.46836052224391
10.667244833774284
11.29572808965224
7.934456077517447
13.44247796947909
7.186760720021431
8.276273581998694
7.323221729496498
8.0509445237352
7.05694071634102
9.053411842037391
10.659115254987253
8.368602162382846
7.933848189365713
7.945660353404533
9.891470966509331
8.041267653932042
7.038660867713628
7.570123552040138
10.04355905243159
14.366266401968737
7.056990560013742
10.81839794249283
15.292388698392607
7.824385134953606
9.002212344058293
12.97339675446166
7.194706170944047
7.584581172439411
