15.1044577128824
7.9583439169393975
12.34101533046194
16.200839141161183
15.917451600794749
7.6221132352129795
7.950761742218652
10.03375615055701
16.314883399611716
7.835658530534462
16.782602292968065
7.691823357248514
13.321018368293274
15.413506037867755
7.840564546690808
8.060690023522515
9.093915414612336
7.8189366285882675
7.8684905237840335
7.705488761042139
12.222712057929403
11.31795441229961
10.582709556739093
11.159749243635769
8.097978121413856
13.134261548425517
7.692637187930461
8.419378932036423
7.766615489935639
8.21875301064177
7.622259110884669
9.110509190527882
10.57529017809308
8.500668799638138
8.097648572823768
8.104052188347058
9.874707307704604
8.192009575394437
7.612349231369866
7.900466013715472
10.013508975855583
13.982737656462579
7.622286132158275
10.720657927310764
14.833800144109503
8.03830641399863
9.064174733782103
12.703422419385284
7.696944579251848
7.908303785195309
