15.575355489387363
7.780000838119448
12.589922500339469
16.759890797944447
16.453701014037453
7.2653699200783
7.76839564635869
10.096253378907516
16.883111412392243
7.592219958898027
17.388464423681384
7.372067452604788
13.648941633834024
15.909206422588642
7.599729052314193
7.936650643301902
9.076195604488234
7.5666256029464
7.642472240279344
7.392983566695286
12.462080621967107
11.486336216023304
10.691546288839913
11.315274446351335
7.993723388571005
13.44712690682234
7.37331309273742
8.332157150018183
7.4865434537519695
8.109740671783431
7.265593195748612
9.094299571056602
10.683500608725105
8.422276143329007
7.993218985187636
8.00302028743231
9.92377854330811
8.087985349510284
7.250425245083927
7.691413567268712
10.074297053634393
14.364014302102937
7.265634554207547
10.84113947109044
15.283308750434863
7.902390541103007
9.04374824023483
12.981549899916914
7.37990593768157
7.703409972568061
