15.548049394293336
7.873031786440984
12.591888912634005
16.721048688243457
16.417840841467537
7.448124183747214
7.86344990156583
10.12417266661436
16.843069275306778
7.717989560207459
17.34350072817736
7.536219537465441
13.640543173957695
15.878649002511615
7.724189480907932
8.002370485009422
9.116526738266966
7.696857451644507
7.75948060876883
7.553489032134924
12.465298253135323
11.498810316051632
10.71234985470847
11.329629938042718
8.049492883841875
13.440703655685414
7.537248006498335
8.387869987970873
7.630737222874946
8.170780648521358
7.448308532426018
9.134374481418451
10.704400347117712
8.475830524370757
8.049076420654561
8.057168915089044
9.953759476523828
8.143279533245106
7.435785037764561
7.799889261250999
10.10247879214592
14.348617255926253
7.448342680245399
10.860154902989926
15.258846855443721
7.974083459525633
9.084538597935929
12.979683361694462
7.542691422045178
7.809794153549524
