15.576376441243497
7.771228213094129
12.588906051418096
16.761713973653855
16.45531682340961
7.24798264302173
7.75942875650149
10.093419818791904
16.88501803898354
7.580303980304344
17.39071329945432
7.356466236360123
13.648648501691735
15.9104534742327
7.5879387720114275
7.930500253970362
9.072420962457151
7.554281188239073
7.631397458556468
7.37773247524573
12.460976856232687
11.484633336993998
10.689253907232345
11.313432824980492
7.988528367103554
13.446695933942621
7.357732727856175
8.327091400290595
7.472858505809966
8.104215835719277
7.248209656209821
9.090545019777384
10.681200912820508
8.417396406790832
7.988015520271726
7.997980891182567
9.920788186978992
8.083686160022793
7.2327878019951894
7.681158037726731
10.071443533107434
14.364209569124423
7.2482517069876975
10.838983084072812
15.284131914298893
7.89566665560431
9.039937589965362
12.980800934991159
7.364435933571701
7.6933552565677
