14.915286760433208
7.969234724125935
12.22906046244383
15.981727386078116
15.706240385866039
7.647603418781151
7.961981772847772
9.985200229645415
16.09259221313199
7.85187642483707
16.5472716062579
7.714286677521579
13.181680263413309
15.216041577666363
7.856569418267372
8.067136889651891
9.071744436389508
7.835880599818405
7.8832828294867285
7.727358719720818
12.114062818984095
11.233875586319915
10.518836099850265
11.07977455472107
8.102805911696628
13.00014180107771
7.715065171093969
8.416645761104633
7.785831282380852
8.22180807227177
7.647742960426972
9.087856628501658
10.511623745330631
8.495590345228898
8.10249067234173
8.108616238304677
9.830589352465672
8.195689046328326
7.638263374959668
7.913869920804157
9.965518015145406
13.8249097966487
7.647768808417577
10.652935274651519
14.652191903231657
8.045725192442912
9.042866888234006
12.581341175454746
7.719185532407265
7.921367370647553
