15.575832855440012
7.775947800403494
12.589452394408507
16.76074120585096
16.454454994590726
7.257340783509005
7.764252945569578
10.094937921159065
16.884000625766276
7.586716104077275
17.389512786236384
7.364862673690388
13.648807829728764
15.909788927230355
7.594283213630201
7.9338079003601765
9.074443600488458
7.560924003128634
7.6373566404805375
7.385940388132393
12.461569918604297
11.485545849748167
10.690481807130375
11.314419682836174
7.991321596355452
13.446929014487697
7.366117937784833
8.329807456780284
7.480223129853658
8.107178610876144
7.257565784233342
9.092556879147466
10.682432734949423
8.42001249749519
7.990813295892363
8.000690324148145
9.92239037001017
8.085941098680703
7.242280644202197
7.686676093904409
10.07297233907899
14.364107576278169
7.257607462232582
10.840138058004264
15.283694143157444
7.8992831005920285
9.041979546367898
12.981204159075595
7.372761719822546
7.698765184838611
