15.577097757122655
7.764838068143772
12.588163521605335
16.763011838324243
16.456465656347028
7.2352974801263015
7.752896655660357
10.091374106611926
16.886375878815322
7.571616880462627
17.392317109723372
7.345086208578819
13.648426012757295
15.911337285354168
7.579343524167226
7.926026265434525
9.0696949745744
7.545281015621584
7.623325049752514
7.366608295507995
12.460171548514772
11.483402541518402
10.687599744612882
11.31210184922233
7.98475249821628
13.446374342069838
7.3463679368721815
8.323428403438129
7.462878760165315
8.100219026728105
7.235527224445197
9.087833581018824
10.679541458213759
8.413868664367957
7.984233481470757
7.9943187429115925
9.918629030736515
8.080642211389552
7.219919834309038
7.67368428423254
10.069383379314989
14.364338223060507
7.2355697811239645
10.837427315275605
15.284711082288396
7.8907735939996355
9.037185525988711
12.980250717338215
7.353151786940345
7.686028244328239
