15.581934175584696
7.7224360883261225
12.583510108952662
16.77159045443873
16.464076954153434
7.15007093370808
7.709528959850824
10.078407710290023
16.895343774920697
7.513588877243312
17.402881522909194
7.268738405018079
13.64715105014226
15.917228409547196
7.521940383659881
7.896659763626121
9.052277019838066
7.485123200215274
7.569478746651483
7.292001008285262
12.455110298661488
11.47573019168454
10.677222677719648
11.303770863769714
7.960135255527708
13.444455556363692
7.2701237881773855
8.299863275426773
7.396056977998614
8.07503992618464
7.150319257718707
9.07051211800136
10.669129395243889
8.391211149205777
7.959574265291033
7.970475133618348
9.904912425298946
8.061103724305305
7.133449679690872
7.623910591314266
10.056321480160403
14.365344463123137
7.150365256005855
10.827700929790907
15.288624863313618
7.858556167427628
9.019594631143491
12.976846662285418
7.277456256133633
7.637252821897998
