15.58216157385689
7.720590273251795
12.583336704866376
16.771976107766477
16.464421700231803
7.146299798293739
7.707639727813068
10.077890783129718
16.89574589064095
7.511040542492149
17.403351154277395
7.265366442918828
13.647120648099413
15.917500410624893
7.519420141683136
7.895400001673756
9.051570386217477
7.4824791126976615
7.567118414090012
7.28870729686719
12.454919631761655
11.475437049075921
10.676817747225176
11.303449440791773
7.95908901226121
13.444397902765662
7.266756486226211
8.298893845067138
7.393113289766567
8.074002559872131
7.146548957615992
9.069809679658025
10.668722951058708
8.390281829327257
7.958526134967113
7.969463671605461
9.90436304922785
8.060291375885356
7.129622633747775
7.621733356442845
10.055800422201319
14.365410619158926
7.14659511063205
10.827324143319931
15.288813243860833
7.857168232702695
9.018880478414385
12.976726140641606
7.274113619118094
7.635120467585284
