15.57602829361305
7.774261153315703
12.58925742002021
16.761090367953447
16.454764420691763
7.253997496772157
7.7625289404060664
10.094394724887074
16.884365778913445
7.584424974749987
17.3899435219374
7.361862855168611
13.64875146585111
15.910027691150571
7.592016256698012
7.932625522000099
9.073719876429259
7.558550483444733
7.635227277418884
7.383007900318298
12.461358211536222
11.48521945792081
10.690042429215218
11.314066684897615
7.990322939900492
13.446846235938693
7.363122129082055
8.328835779898725
7.477591819083199
8.106118743399794
7.254223216239413
9.091837010590972
10.681991953877471
8.419076553791701
7.989813015721034
7.999721595182433
9.921817094337385
8.085134589613435
7.238889249315858
7.684704277037368
10.072425313650673
14.364144805221045
7.254265027374967
10.839724768957492
15.283851680752953
7.897990436118751
9.04124891217107
12.98106044313214
7.369787134034969
7.696831985396154
