15.582915448406446
7.714137530772853
12.58270991625444
16.773275197804498
16.4655798578625
7.13310770227772
7.701035009447334
10.076081813865006
16.8971016964113
7.502128713922166
17.404939562897916
7.253571605341862
13.646986678680449
15.918407949398983
7.510606648509454
7.890998668042651
9.0491042274293
7.473232113022978
7.5588646646956095
7.277186366439087
12.454233351371588
11.474401348853998
10.675396954883283
11.302315903294222
7.95543507524818
13.444170017979403
7.25497796094013
8.2955130871669
7.382817573630221
8.070384922501201
7.133359785508401
9.067358080119359
10.667296912312402
8.38704086602425
7.9548655925353104
7.965931482210048
9.902441613058478
8.05745695209809
7.11623482961405
7.614120518609703
10.053977135717908
14.365609411938632
7.13340648013451
10.826000897278675
15.289432695734863
7.852318245613664
9.016388225384908
12.976281597555648
7.262421430488705
7.627664728779139
