15.570862129612365
7.813369548747139
12.593597664590309
16.75218290151266
16.44682404115619
7.331219417894171
7.802496815435039
10.107240738417154
16.875069125605727
7.637440407464854
17.379050733469683
7.431182765345482
13.649721759923327
15.903807073726679
7.644475566539579
7.960132445065727
9.090880495494652
7.61346143216709
7.68452103009026
7.45077876471539
12.466105267265856
11.492839422710063
10.700412288076159
11.32232526887871
8.013603059898543
13.448458733365186
7.4323497872477615
8.351832776314328
7.538433645534972
8.131179807615268
7.33142860158268
9.108906046896273
10.692395279201815
8.441237228574451
8.013130491794357
8.022313187575222
9.93538052674203
8.10619189906592
7.317217971903479
7.730373438845375
10.085362655762761
14.362839635689031
7.331467349713988
10.849472386480556
15.279607933474825
7.928034659683713
9.058573673120225
12.984154473249212
7.438526526617822
7.741612694362439
