15.584189858425269
7.702185460847498
12.581492523175186
16.775533947633544
16.467584166315582
7.108635937547766
7.688800613968071
10.072736328418575
16.899462841631486
7.485608400590563
17.40772065261754
7.231695527145317
13.646659594327307
15.919959786997936
7.494269012810567
7.882857499645616
9.044559820271253
7.456089152442639
7.543566864827684
7.255819125461081
12.452908482670523
11.472459494287811
10.67276037334237
11.300195988353586
7.948682345297766
13.443673269635465
7.2331321860808915
8.2892870575124
7.363726412830922
8.063721345139559
7.108893452522154
9.062840315330039
10.664650749582194
8.381072551214519
7.948100591700666
7.95940492276804
9.898890736144217
8.05222994897365
7.091399497979496
7.600013339934091
10.050605503605734
14.365883483330677
7.108941153297066
10.823542458613929
15.290464417140253
7.843343613838374
9.011796067661297
12.975393442428949
7.240736043207634
7.613849392913266
