15.585794439993336
7.685704306218663
12.57975820296543
16.778458386097626
16.470167435804072
7.074810126539085
7.671928328421415
10.068163734955984
16.90252457746149
7.462798448544741
17.41134547310367
7.201465753555634
13.646120112792865
15.92193635870698
7.471712140477723
7.871655928787615
9.038358780605574
7.4324165913041975
7.522450570357235
7.226294289719056
12.451029924820698
11.469780798731676
10.669152131782155
11.297276073132188
7.939404302779486
13.442906090570869
7.202944394422949
8.280783614681713
7.337354835152193
8.055332377767812
7.075075166595318
9.056675581163596
10.661029474325805
8.372923096709492
7.93880554922561
7.9504402145452575
9.894038739999274
8.045072815932322
7.057070005121553
7.580546519814377
10.045997341730192
14.366150782762404
7.075124261278437
10.820176552326785
15.291743588482397
7.8309873713908
9.005529958401414
12.97410097595774
7.210770450850419
7.59478688881969
