15.533644840656923
7.884926432476539
12.585700923257349
16.7033905395142
16.401023712479272
7.4714893164879035
7.875603212973277
10.125031893805385
16.82507267319111
7.734069609807158
17.324116059310278
7.557206514161845
13.631441220871444
15.863327451509097
7.740102162102084
8.01077360062052
9.120463785020359
7.713507967785135
7.774440597164896
7.574009814515775
12.459462029446708
11.49565280327927
10.711436330346974
11.326964453873288
8.056623918544336
13.432157009648844
7.5582072194167
8.394820581956814
7.6491726710813515
8.178717440544787
7.471668688628147
9.138251824484378
10.70351078237622
8.482381529373686
8.056218697884628
8.064092733413617
9.955132324870892
8.151106330253548
7.45948326882839
7.8137584079955404
10.103403404140067
14.337547731396626
7.471701914618625
10.858795897854744
15.245244474465121
7.983250190444347
9.088582650371592
12.972417782693636
7.563503688603286
7.823395915256222
