15.564207313257906
7.843737242332378
12.595599492413626
16.742120661668135
16.437642584057915
7.390794608794905
7.833523153099587
10.116979999566663
16.86465243046291
7.678465466034374
17.367180344452986
7.48470241666321
13.64866075648536
15.896191904815609
7.685074452063319
7.981609594760298
9.104365688902469
7.6559390794881645
7.7226940575786935
7.503111337440028
12.468476831658794
11.497949319842377
10.708007240139398
11.32799774361889
8.031841088126061
13.447981406307871
7.485798743180593
8.370123545609673
7.585456296033311
8.151145032302047
7.390991120637801
9.122313163568133
10.700019212670153
8.458849539891247
8.031397147063021
8.040023577180545
9.945741060799307
8.123973427460552
7.3776413367857545
7.765768837500118
10.09518100595734
14.35971054221077
7.391027521500345
10.856528487812351
15.273793216112196
7.951456216152001
9.072198801844515
12.985023659929173
7.491601310509572
7.776327245902691
