15.580896140718547
7.731974430683002
12.584552287865407
16.769731481066497
16.462430184657237
7.169365248004751
7.719287304390247
10.081256217236621
16.89339940388542
7.526687023188143
17.400586918543482
7.2860100306326645
13.647451502680486
15.91595900033165
7.534896178062872
7.903228461039105
9.056111818223009
7.498706544016913
7.581624249002856
7.308876122506917
12.456242016743037
11.477413097667473
10.679494499587193
11.30559978114892
7.965622012307409
13.444897357911639
7.287371799916948
8.305067967123914
7.411158456784045
8.080592929389738
7.169609339329198
9.074325373870536
10.671409011297449
8.396211270558371
7.965070584157041
7.975785647033651
9.907928015814896
8.065422183826467
7.153027303491078
7.635128302124042
10.059191257115366
14.365144085939807
7.169654553574907
10.829827834501383
15.287789230530258
7.86577434116236
9.023468039733178
12.977614549297233
7.294579285855941
7.6482431142038
