15.586163286776937
7.68174832836841
12.579338316766698
16.77913918588548
16.470767599056845
7.066676752562393
7.667878148141013
10.067075830951143
16.903237827983897
7.457318203321543
17.412191810743813
7.194198471847112
13.64598280180456
15.922393126720817
7.466292848564266
7.868971519097058
9.036882913832859
7.426728589882015
7.517378236276232
7.219196789675254
12.450575926919413
11.469142159335131
10.668294219421295
11.296580048104786
7.937183167751708
13.442714929904923
7.1956872239069005
8.278756983058976
7.331016785611809
8.053361176986016
7.066943605006666
9.055208378867743
10.660168453513343
8.370981309688037
7.936580319821327
7.94829454491983
9.892884200275574
8.043363737783821
7.048815321240531
7.57587145550987
10.044900954890664
14.366204272679681
7.066993035407401
10.819376435349238
15.29203552336904
7.828024863332655
9.004038562466295
12.97378558663857
7.203566796211413
7.590209202529739
