15.15261250481484
7.954769532029132
12.369404509850494
16.256790911386847
15.971372532330768
7.614129489166257
7.947087923948016
10.045837544096461
16.37165244462685
7.830475237799225
16.84272314951054
7.684753796371756
13.356443127883136
15.46381554687849
7.835445591918018
8.058457815187325
9.099191713456051
7.813534043240618
7.863737792930668
7.69859840957034
12.250251921418055
11.339185112089652
10.598738379707498
11.179927459642052
8.096234912740595
13.168345554432381
7.685578299706662
8.419582866636794
7.7605267601998404
8.217444575738515
7.614277277865379
9.115909862838766
10.591265649587058
8.501485518049595
8.095901042418959
8.10238863556522
9.885645008399006
8.19054829969086
7.604237439248167
7.896132612478007
10.02544477544777
14.022912992267972
7.614304653498537
10.737678713260976
14.880085377697881
8.035780664879411
9.069228120637032
12.734413370443118
7.68994217856748
7.904073169238424
