15.53081736434309
7.886674246796013
12.584365484442952
16.699971651876456
16.397757698381188
7.474935031396872
7.877389315823893
10.124967012235754
16.82159226432542
7.736436961846478
17.320383339271352
7.560300206296776
13.629576292286824
15.860333291077904
7.742444739698807
8.012004586690388
9.120946962476047
7.715959762228777
7.776642153922221
7.577034498977054
12.458190509181712
11.494867418608976
10.711055263216618
11.326267530793682
8.05766660685665
13.430392984655157
7.56129680186245
8.395813987879734
7.651888677261131
8.179875664110867
7.475113666892892
9.138724491336149
10.703133988651167
8.483308154273008
8.057263050354244
8.065104748850466
9.955159052073508
8.15225074729603
7.462978290087974
7.815798494648692
10.103350184515175
14.335325279844916
7.475146756431113
10.858335375378253
15.242562810392837
7.984594209458177
9.089084665764958
12.970886537500245
7.566571519547282
7.825396422663519
