15.578240953787734
7.754448977218298
12.586957014973535
16.765080806724526
16.45829532259608
7.214637917764539
7.742275960324203
10.088080543255746
16.88854115009592
7.557480253023674
17.394877338867
7.326556005184268
13.648054889361124
15.912741402698856
7.5653567554459284
7.918763429254397
9.06530274657138
7.530633602505914
7.610191305355449
7.348495514279105
12.458864196715378
11.481421048986213
10.68493918921801
11.309958721125852
7.978628660840008
13.445844021701376
7.327862592674685
8.31751756528245
7.446633150367274
8.093862463496237
7.214872117988263
9.083464890851982
10.676872347401073
8.408177462617065
7.978099577733604
7.9883804434244245
9.915152065323568
8.075715958023292
7.1989620215851735
7.661527260205896
10.066066468580622
14.364531168528089
7.214915500056368
10.834925830606657
15.285626030277118
7.882827030144578
9.032751111609496
12.979353137102429
7.33477801592143
7.674110632147339
