15.55615996812299
7.862195035447113
12.594528592715925
16.731321617928952
16.427554825153326
7.426907499984691
7.852379077751961
10.122058533588884
16.853567142835225
7.703365331949347
17.354921111932498
7.517154907097653
13.645120920942354
15.887369017457267
7.709716708541957
7.99469330797237
9.112285273007913
7.681716993823186
7.745869952148028
7.534846272763281
12.467703975108815
11.499434093072257
10.711457711556328
11.32991961414374
8.042966844907973
13.444912069925714
7.518208500273652
8.381359017323046
7.61398153500143
8.163511381844085
7.427096352058773
9.13017514380289
10.703491688163918
8.469626801078647
8.042540208073827
8.050830391482641
9.951291295097995
8.136126325666357
7.414266924926845
7.787265734757729
10.100319588186974
14.354503627682274
7.427131334064378
10.859569837833803
15.266424301242843
7.9657152677341125
9.08022162817413
12.983039742804078
7.523784891288687
7.7974125905219305
