15.537251345457115
7.882478425766094
12.587359160499716
16.70776905228945
16.405202669400552
7.466669739127892
7.873101726125518
10.125027326816788
16.829531493658628
7.730756253569315
17.32890423809419
7.552878630416909
13.633790708311473
15.867151540015787
7.73682340997551
8.009047482291063
9.119739242369675
7.710076665226459
7.7713588182214215
7.5697783183770655
12.461036820865576
11.496592619040083
10.711846911876759
11.327788407035005
8.055160808213088
13.434374767202677
7.553885075947901
8.39341493734139
7.645372326422939
8.177090857656097
7.466850140188101
9.137541138765112
10.703915752967049
8.48106540481059
8.054753263114218
8.062672465927012
9.955007476469124
8.149500273281948
7.454594822010011
7.810902165082973
10.10338352513321
14.340363965949763
7.466883556770525
10.859310803469256
15.248660640986724
7.981366191486312
9.08783327222978
12.974331645645496
7.559211926903282
7.820594955308031
