15.574617434808857
7.786093953328861
12.590628706461871
16.758584181846164
16.452541365047388
7.2774275892116576
7.7746232653253164
10.098249257726206
16.88174565200395
7.6004894477778455
17.38685610042979
7.382888501154352
13.649135426991233
15.90830812391054
7.607911511070033
7.940928192874989
9.078853418724343
7.5751917294958
7.6501593070162395
7.403562198231028
12.46284868517396
11.487533983639135
10.69316182482687
11.316569979918885
7.997339467068781
13.447418349284852
7.384119704362422
8.335717316637986
7.496037729544779
8.113620948820984
7.27764827712494
9.096943289798965
10.685121285234832
8.425706607200055
7.996840909702574
8.006528615204974
9.92588461925208
8.091283530467344
7.2626561224656685
7.698533405777176
10.076306960725198
14.363862102921871
7.2776891562408155
10.842659429432178
15.2827108744872
7.907065164034576
9.046431317532388
12.982066614697072
7.390636138469595
7.710390773168396
