15.574533808643412
7.78677195826305
12.590706786889701
16.758436904047468
16.452410540519175
7.278768345958745
7.77531621565359
10.098471848842284
16.88159175288016
7.601409280619705
17.386675045893824
7.3840918507215845
13.649156151203723
15.908206558088079
7.608821673553776
7.941404461110634
9.079149927137305
7.576144523252389
7.651014423982272
7.4047386116153655
12.462933689486423
11.487667335482843
10.693341960583599
11.316714254530577
7.997742235901129
13.447450003733234
7.385321449769806
8.336114407401496
7.497093654667359
8.114053690314982
7.278988746333231
9.097238225481586
10.685301994796884
8.42608925295496
7.9972443281155146
8.00691941130821
9.926119511003698
8.091651271447947
7.2640161252589985
7.699325495140221
10.07653111773206
14.363844098974834
7.279029572186869
10.842828896437098
15.282642941608223
7.90758555310332
9.04673064471736
12.982123484681434
7.391829393481657
7.711167413324872
