15.582492053264534
7.717823359580403
12.583071498290906
16.772541806233825
16.464926597072946
7.14064473916883
7.704807684976976
10.077115291595184
16.896336057637736
7.507219789120172
17.404041671731676
7.260310177964004
13.647068026931269
15.91789718447055
7.515641529879514
7.893512217892877
9.050512032372055
7.478514721972805
7.563579680108851
7.283768414637922
12.454628762460246
11.474994746938155
10.676209295304123
11.302965004389762
7.957521524801423
13.444304769708175
7.261707211892744
8.297442589379074
7.388699472303061
8.072449630744849
7.140895151530086
9.068757587658574
10.668112241514098
8.388890591466502
7.956955816759527
7.967948359005823
9.903539161131906
8.059074938684802
7.12388370403984
7.618469284682855
10.055018769706315
14.365501540264614
7.140941536652771
10.826757667352101
15.289085730096954
7.855088178782315
9.017810901592139
12.976539548576135
7.269101344301142
7.631923720508303
