15.074506439436092
7.9603663742465605
12.32334697976366
16.166116321067854
15.883985794928208
7.626704027985148
7.95284211681087
10.026179866279602
16.27965471657476
7.838618133813326
16.74529896225138
7.69588166149889
13.298994109296313
15.382275569311059
7.84348667481951
8.06193069870946
9.09054586431182
7.822023963975307
7.871199336230197
7.709442680585483
12.205569540505813
11.304719106708966
10.572692289637377
11.147166104915815
8.098933967317091
13.113067384387541
7.6966892756446414
8.419130427109621
7.770102486160535
8.219434602695635
7.626848789369293
9.107062796710814
10.565305902089765
8.500043436826328
8.09860693602057
8.104961636814341
9.867838251926475
8.192787654310468
7.617014607571549
7.902930577824807
10.006022722908941
13.957772193788216
7.6268756042378945
10.710027257323823
14.80505188688295
8.039718068876901
9.060942908524474
12.684143245061765
7.700963764478263
7.910708479615315
