15.57865030617981
7.751216633647329
12.586622085408457
16.765783583142866
16.45892225202316
7.208144079091842
7.738970068362037
10.08709336397958
16.889274449782373
7.553057840227734
17.395735820736025
7.320738366614408
13.647984695042158
15.91323345409052
7.56098193184554
7.9165238604165
9.063970477224881
7.526048984401974
7.60608736850767
7.342810432462563
12.458497309039188
11.480846339433409
10.68415278932941
11.30933276761619
7.976750792927205
13.445723377423828
7.322052848401587
8.315713162335257
7.441541008272494
8.091939993963045
7.208379694334526
9.082140088714574
10.67608323387907
8.406442768262679
7.976218513143132
7.986561494999422
9.914106714026062
8.074224582632265
7.19237347040574
7.657733491077646
10.06507188391214
14.364639729184212
7.208423338513602
10.834189885253995
15.285963039084855
7.880370336467132
9.031405458938828
12.979116107162326
7.329010054080633
7.6703928907425505
