15.573720196900833
7.793222927103865
12.591442909675258
16.757013346664035
16.451144647599286
7.291515739722944
7.781909172113262
10.100593945377426
16.880104746246964
7.610157717736551
17.38492782087448
7.395533817665295
13.649342751974654
15.90722103849275
7.6174782381435735
7.945938845263243
9.081978327019357
7.585206103118849
7.6591480326738255
7.41592467333177
12.463736149058857
11.48893551283923
10.695058548928127
11.318086864389052
8.001578344370795
13.44774132559169
7.3967481765106795
8.339901829577016
7.507135026502062
8.118180706521152
7.291733408356202
9.100051611549024
10.687024063786534
8.429739077986508
8.001086607877895
8.010641773744268
9.928359095849789
8.095157553501274
7.276946364672008
7.706860314718573
10.07866817071903
14.363659650573144
7.291773728195877
10.844443583247692
15.281979711736124
7.9125391039903805
9.04958595354833
12.98265639312384
7.403175457845346
7.71855545885085
