15.56267965421187
7.84825431119322
12.595597775363274
16.73999166728498
16.43566902846632
7.399635146658176
7.8381377184090235
10.118331509543104
16.86246088251196
7.684560102006134
17.36473225149134
7.49264657722317
13.648119190589451
15.894494764655743
7.691106003343735
7.984810631969718
9.1063522373686
7.662248736362701
7.728366518797174
7.510879779503971
12.46854028367694
11.498504055568276
10.708995130980345
11.328649288856283
8.034562651140668
13.447542718106945
7.493732438985497
8.372879302158317
7.592438731548914
8.154165283690507
7.399829782738451
9.1242867020045
10.70101201800479
8.461498128082184
8.034122947624024
8.042667035960378
9.947197922527081
8.126940436699126
7.386607426450957
7.771030137432407
10.096545927381968
14.358804458675614
7.39986583614419
10.85742500356265
15.27241381606946
7.954945076118826
9.074208667917496
12.984822305692987
7.4994796191238615
7.781487762759899
