15.539598810533825
7.880729316106106
12.58840641744765
16.710631561990052
16.40793204554156
7.463230216815243
7.871314496791215
10.124962307812101
16.832447580584468
7.728390338422064
17.332040056208918
7.5497895784173865
13.63529918385806
15.869644165922303
7.734482160012715
8.007812921608672
9.119190708040414
7.707626680075598
7.7691579671799085
7.566757969719423
12.462028400772251
11.497160336536972
10.712060546420378
11.328278555059732
8.054113714873491
13.435795349431153
7.550800115513357
8.392401505193138
7.642659294740079
8.175925988355178
7.463411351270989
9.137001944564993
10.7041256213692
8.480113332161675
8.05370451295644
8.061655910191966
9.954861722881294
8.14835083369518
7.451106210793424
7.808862072043907
10.10330822848563
14.34218386628893
7.463444903703903
10.859594461811817
15.250881122003328
7.980019096348239
9.087267997780533
12.975549462156252
7.55614862204387
7.8185942669657935
