15.578095565126127
7.755786950588344
12.58711209263474
16.764817013352655
16.458062135582995
7.21730109164984
7.743643817647121
10.08850217146805
16.888265039741142
7.559301771608699
17.394550714039205
7.328944427553243
13.64810309824636
15.912562642703584
7.5671589377374735
7.919698021491937
9.065865344192236
7.532521027845676
7.611883421786728
7.350830076601592
12.459032175281418
11.481674611003598
10.68527955169662
11.31023301108809
7.979416287886019
13.445912596311995
7.330247807457625
8.318275397353041
7.448726791271732
8.094668384234957
7.217534716927475
9.08402446546306
10.677213808226536
8.408907027799035
7.978888503643714
7.989144130487955
9.915597238741643
8.076348823135913
7.201663678760748
7.663093350256967
10.066491094135667
14.364507217299913
7.217577992495467
10.835245771542343
15.285509834252704
7.883849843869586
9.033319127308154
12.97946869447594
7.337146253796823
7.6756458308509865
