15.585186187177321
7.692104306649923
12.58043563641234
16.777341772684554
16.46918222820072
7.08795670159915
7.6784804675788
10.06993213965508
16.901355082125296
7.471660169931968
17.40995909815511
7.2132135730402664
13.646337198505158
15.921184828895758
7.480475421104102
7.876002322324688
9.040756972024223
7.441613842925714
7.5306535074493075
7.2377679085684195
12.45176293018056
11.470818352808045
10.67054738497913
11.298406845514346
7.943002498876935
13.443210903642804
7.214675884138383
8.284074203889059
7.347601926915519
8.058531197245653
7.088218814614042
9.059059718728463
10.662429770851148
8.37607634395236
7.942410357819415
7.9539165325747865
9.895915258272218
8.047845047914663
7.070412497996926
7.5881078586203925
10.04777950946194
14.366057031708376
7.088267367106787
10.821478035012248
15.291260671782169
7.835782899109618
9.007953338251067
12.974608171889098
7.222415511401041
7.60219096027003
