15.572151413561677
7.804811670967175
12.592719020855196
16.754325122589133
16.44874578705327
7.314373461093889
7.793752037212472
10.104418284517049
16.877300072983676
7.625858337567915
17.38164556560694
7.41605516154315
13.649610784924747
15.905336750557325
7.633014429834609
7.9540973965957695
9.087088608291936
7.601467167749447
7.673748268115637
7.435988012820517
12.465133952671323
11.49119917723435
10.69814532028703
11.32054101715871
8.00848716223378
13.44820146558341
7.4172422443541075
8.346746523468696
7.525149666183048
8.125637954598588
7.314586240614546
9.105134632370333
10.690120803741284
8.43633557638923
8.008006470763991
8.017347015528774
9.9323971312717
8.101489423939057
7.300131332619999
7.720388872004832
10.082519713740702
14.363247007257026
7.314625654819664
10.847345008687633
15.280686926093246
7.92144785572392
9.05474509316301
12.983559714952538
7.423525160826922
7.731821328419074
