15.567509958424225
7.83126905770133
12.595093079128404
16.746923233536958
16.44205744082057
7.366368683168962
7.820785315261928
10.113078258201362
16.869611031357273
7.6616340862690935
17.37277885238123
7.462755668665387
13.649501785081394
15.899917291225474
7.66841755033857
7.972781257117849
9.098843590820387
7.638513000359375
7.707030318046626
7.481650587205157
12.467807758894015
11.496063656428092
10.705032921944177
11.325867210704523
8.024338868060056
13.448565656148144
7.46388093833709
8.362570958670975
7.5661694627896585
8.14288891535649
7.366570382948576
9.116824593670263
10.697032359888961
8.451582010141141
8.023883206898585
8.032737375827647
9.941570616151775
8.11641125125671
7.352868163167959
7.751242277433119
10.091245058230015
14.361461392764586
7.36660774479835
10.853787224943325
15.276726054908895
7.941831825621567
9.06661661189241
12.985015533354122
7.469836694154163
7.762079429110552
