14.884431696514689
7.970670166750073
12.210733500611155
15.946025814169033
15.671820315057069
7.651128946342458
7.963464347961703
9.977151236519443
16.05637492397409
7.85407450719658
16.508939254893644
7.717378871410639
13.158910445025892
15.183783844488023
7.858737003735826
8.067936126042113
9.067965453365954
7.838182629251391
7.8852768208507475
7.730365966410882
12.096272186580546
11.220072563881327
10.508306811851995
11.066638071721538
8.103373356950662
12.97821864716914
7.7181523060299275
8.415987501458918
7.788458551685559
8.22207831489914
7.651267581192557
9.083999777707191
10.50112797975267
8.494555873843833
8.10306016614333
8.109145925803414
9.823258977759643
8.19606387497242
7.6418495977474015
7.915665145388412
9.957560503305505
13.799140065237186
7.651293261212895
10.641782704909627
14.622563868931504
8.046663570344151
9.039227466003204
12.561371236357356
7.722245891637708
7.923113873895532
