15.545294250399955
7.875830800651115
12.59081276864643
16.717629214721438
16.41459309009172
7.453612238187538
7.86630955501552
10.124544575370681
16.83958069527147
7.721769763695158
17.339728728157947
7.541150077875092
13.638871874837413
15.875706623113413
7.727930448015576
8.004350975470938
9.117537337584785
7.700771390301251
7.762998234938386
7.558310282040883
12.464293954639182
11.49835345558541
10.712354335641983
11.329274423778692
8.051175158819838
13.439145773846121
7.542172038211539
8.389529520542634
7.635069605339388
8.172654493200515
7.45379542021032
9.135372583109504
10.704409794021217
8.477403221688562
8.050761331232021
8.058802612078047
9.954237840526432
8.145125432642846
7.441351180852259
7.803151160077754
10.102864252827114
14.34654409516314
7.453829351924223
10.860067051734784
15.256255501772749
7.976242965257849
9.085571596491306
12.978387128145147
7.547581004943383
7.812993368974765
