15.56788900611041
7.829542199350029
12.594979144986599
16.747496315435153
16.44258036693783
7.362982295243914
7.819021033665616
10.112523485244115
16.87020429755446
7.659301691189376
17.373454898528173
7.459713348118465
13.649562251894285
15.900351025759981
7.666109369821485
7.971559547165739
9.098075667027814
7.636098071197206
7.704859971425672
7.478675714820956
12.467672771548415
11.495772425206603
10.704600138831559
11.325543965399351
8.023301200506701
13.448592887790909
7.460842634604096
8.361529682503011
7.563496292837324
8.141752425332172
7.363184715020259
9.116061111549623
10.696597928022847
8.450579312845353
8.022843912796368
8.03172968797054
9.94098049894962
8.11540021896236
7.349433583171169
7.749229751838205
10.090685785893275
14.36163961888142
7.363222210238594
10.853385097074128
15.27705726353241
7.940499637167668
9.065840727383254
12.984966093035151
7.466819650358681
7.76010558830638
