27.920106613562425
-35.19486799880505
-56.543306179090166
-56.13402813228939
-40.732561893611866
-29.888503053306607
-43.7089544948499
17.664129177286668
-48.00776298695086
28.27649094614908
15.79062807687724
-29.03336455202725
-5.982006995546271
-14.857611054998344
43.584510093381795
26.468591760252124
26.756605477763145
-29.755946243656467
48.60097407428637
49.296224708404395
-30.84202655317543
74.51030016533343
51.069852796182545
-32.408058924574306
12.508495380830965
1.1070516957529861
-40.97684705983605
-29.064149722391022
58.21797178587164
-5.984796946898484
86.96985779828958
-8.21640140945371
-13.378871291686565
79.00560499731336
-29.362115062222472
36.38574493082396
3.164106882299606
-69.24240058819792
-26.133388780426955
51.27678218024016
8.784158893033023
14.93398733770691
-35.12431593666879
-24.908364179708457
30.20098959850759
-83.59501437891927
76.00965125302508
-59.49042612171448
46.12502413341403
-14.633357377797097
-1.506947448278595
4.445607410310274
64.7434584332662
2.4331534079223047
10.540658030847837
15.705986964275581
-20.49928309374758
-73.05510580754651
-1.2917715213447565
-1.1244926398607475
19.488483385730063
-31.559364966083095
36.631700590772255
-0.6650953640510835
-15.625844639662233
-14.44750606113341
-0.0029413350270885985
40.03886539276914
-6.869215700361536
-10.124612967925927
33.351332076385745
44.98085122871075
-50.37510737173771
-44.94174757874156
-20.278447888087257
29.010160971448826
74.57665266816986
-36.32398719953654
-55.68509740451843
-38.900474934829774
-14.824150461733709
3.6014996694928243
31.645101798364323
-14.632459390607195
77.38430602433169
9.360572068915687
37.82719523718558
64.88416981648825
-54.452065241571816
30.58569555374467
-51.83526815331761
-26.861792871817357
82.7505519308117
38.37006507102859
-34.63351877419278
62.87707866274755
-63.4342561853427
-29.704527390663472
24.88955696170254
-16.447635548384355
-1.5392863897818359
87.13829851956254
-9.262528080329247
-64.49029714966755
23.932036818362434
-7.627061602369864
-63.59715972115575
68.02830922577186
-60.69519154035644
43.64734330030524
-1.1081894398569148
-19.38318041061902
8.490586986824525
-9.569266101062325
-71.96250306746717
31.09071112566849
24.425903316320188
-3.4332902507454435
0.3405701944299011
0.6642881082488117
-27.203808786734015
-49.227961418231956
-4.506363318429905
-30.475730206739954
-28.53196849681946
4.095847595136419
-51.82733202412842
-51.85919059730608
62.17726187918444
-54.32028178675929
10.363696695700071
9.938606395144404
-29.126409107641507
24.666825205482766
-17.067166826499985
-0.689398919530305
-25.653298881598488
-58.23142649381276
57.11645063080144
-48.8363637803808
-48.36411176018107
-19.22194780328897
-36.33274164532832
-46.13274651695415
-7.958608235547672
6.336108524340403
-40.401812438353836
-27.44209867731763
-69.72372518037889
32.43603824988796
-81.73530264024099
-2.4200574103787886
-4.813000391561985
68.84434394504598
-3.5992953935799648
33.61313684306671
17.785981011532385
-29.934778556756285
-28.436872202622396
-48.23867887599926
-49.03646202428559
21.402306235594907
-34.49497166906758
-59.140647013264015
65.6620223822463
58.4631138692223
6.480651604583755
-62.564080164916774
-39.68148802677655
-27.838180119861008
76.36805907401421
-6.226077460310094
-0.4014029671794077
19.49888842932218
45.80498664557285
-10.683736008281699
5.296540098696411
78.64567405814066
-6.157042823605053
-12.777928023834306
-17.16499042901522
-58.73848497114048
27.714013266288262
43.96077199293765
88.62792040330027
1.7898750646493085
25.342986855507093
-28.535930432418198
-34.26876359757018
-41.791172459736444
-14.132029728602589
-83.8955582217881
35.77634485062734
44.14808882442199
-44.40410425622456
62.44314268077602
-45.956208348078796
-15.061120829648743
0.4968617874141472
70.53105028707779
59.96033367517845
-49.2280265971805
-54.57302510062179
15.562399898515025
-47.87901040728611
19.696978111437573
30.19980489507978
76.0563706522197
-41.51679256030263
-11.400365252080022
1.8786606867475513
28.016282699109055
25.153145147013944
81.29590577143682
33.357643093817444
18.357718035413484
41.03278861577681
-29.025236317652983
77.28460265488968
4.740448442744338
14.016009670271586
26.993634845173048
64.21634019793663
31.10989450792573
-3.8006864019342004
-37.98868209366005
-73.29906589550228
-36.441505655112515
5.9837676625209895
-28.661416969902774
70.85363285802026
39.73648103193128
-20.469121344886176
-74.5300895210807
63.53692176033462
49.112371538987446
2.5622438763560496
35.743321047851
-76.32925195721944
-30.901443406245917
34.201655526506926
-39.32587054471115
6.93376367591398
52.75278854726423
4.599327978394683
-64.5959459193595
14.654621940147763
72.633809570702
67.70969482106813
22.371320008032754
61.82119354354546
18.7060917681914
9.896082823723404
-51.287334023572534
-0.6216487223182696
59.04321046783372
74.28681859263077
-12.99233465682498
-76.52034600310483
-48.74173880849717
80.16765175566604
50.509989495530874
-27.867391018892505
-41.172232430513866
-23.041607201126638
0.9979416044657228
57.78977017645764
-23.362259985570404
-58.75506795958637
-2.508620716578349
-5.483777188466632
71.47038802967953
2.197920056027499
20.533087101270667
-26.38858881798977
63.950609330347845
-9.531944070545563
-33.89587377821587
45.23921624350632
-80.71270075491705
4.223603601071801
-41.0877342911337
-10.569391835588988
61.92331748562506
27.678570308677465
-32.57904913699812
6.208785582135576
-0.980686334964119
-2.9065296139815473
-53.52360416106124
23.56852773352051
50.97945865597211
39.694180528790014
-62.91768680112877
-40.38333158490969
70.74147245502454
13.708254118873825
-25.17914445911424
44.11069914640842
5.5724735358308095
52.511767360992906
75.8110839912656
-4.661193180872559
-67.32513522563127
33.0022861361297
26.551112144563888
-3.5154547423167486
81.18473423943195
-32.09257412192159
0.21362932716557737
-36.394785884382834
61.350810412650276
-34.08889924267545
43.03182024194513
82.00671252383549
-29.8427287347903
74.27767131292202
-35.56272048762274
24.47648243733994
22.352313804519355
-12.100573303546525
-72.13222898569893
-83.06517508490839
34.33900830448633
21.536960962362713
65.90753181414368
-37.658819379613625
-53.96047780173304
-70.27094692539961
76.50638984433985
61.958093873472336
-3.505927789695164
80.91276187567948
80.65525550712911
1.532522497251449
-7.9244675070336825
2.3816144068320995
-28.496014111788483
5.405946627521857
62.333323098421914
52.15424293030836
-58.09866739162608
-79.22686172884013
-19.875398136373704
0.6474569237612968
-51.847045536919246
-7.388563448376075
36.181057349214996
-52.10419489453965
3.358945512756989
-57.91430864523239
-4.948118685145104
35.057259700976374
-34.13844678579986
12.108780962478207
2.0833255535788737
42.04576262811955
-12.803744304766425
-19.720191435970975
-11.716935884351614
-0.41008231590927835
-34.06951874830925
-13.354840731878568
-29.26223092855119
3.5228908678029285
-52.6864778037786
15.414069051919455
80.63177189851311
0.42514186941149035
0.7544609007695584
-14.70511485249422
36.53828943636722
10.066453379249879
-50.24319689636906
49.66526936497439
-56.60048974425212
10.116345823421028
-35.708679198039086
29.26998254107521
-69.64474700581633
9.800908079054821
-29.443040231475422
40.5303798258598
42.31120481883946
6.326839240502878
-26.29539178298124
81.57746203040375
37.934124645252325
37.599900431720556
-20.121116764092562
-19.417052607417432
64.21641219764021
-21.19382960868758
48.966105656015316
49.96220934877812
74.95380211776836
-17.262400445071307
-67.30484775605078
20.2290471847207
-60.69484081563731
-62.9336951700021
32.68326292881159
-18.554098956292094
-3.401758205567461
-10.053639893761456
-34.86498704831265
40.39376174868573
-23.77896000964826
58.36631860049394
-43.26544248655389
36.81422290572263
-18.212212885015234
49.97142757548511
-16.41216760410579
13.27085839642504
3.4309433631414805
26.68034529312203
-23.04145683234607
79.92679440934586
23.07686312338889
32.54990658485147
59.399587836372206
-0.2801691451032866
7.256075981493126
40.507770566990814
-57.766203310977886
4.167044148162191
68.44261112917252
-79.47772800929984
-9.859252209544167
69.42095310503194
-68.98279521984166
-43.65331942300059
-11.199168853338605
-72.45609031408613
-38.12566262842912
37.264590154728864
-52.42894831465926
-23.303078468824012
-7.502022520001333
14.424887032745886
21.88686141560403
-62.88253161085032
-60.519607879272094
-75.74869857976768
19.987292655978735
-31.189288231886493
-62.03186663998297
17.773905016069108
2.9329878148853368
-19.039192706383105
-24.416362049158323
-9.157826804102896
-18.627574836766456
-51.773313840000846
-8.732537948804648
24.133082697214377
7.515010937119911
57.47085149978639
11.898986871045068
-6.755728035794007
-65.84028167159069
-83.45728629346848
-49.99375144492485
-41.34485944960951
-76.79303376066875
-18.11183833426253
49.2857698310396
36.49997399216619
11.19732460804326
-32.812421541310854
3.5039112793339484
-46.37865153007138
67.68813827614272
-51.852566641461394
-12.481512729301386
44.83263424557964
-46.49294615194306
-8.770232548899102
78.59531810342489
12.67961675210961
-0.271088279920761
-4.143432338827012
-13.078627958969506
52.53334124055402
18.449089203935287
72.26296743655905
5.445992079445617
-26.252775741974673
-20.811794148957674
-52.009144863084664
-21.38332274197822
-3.0582110737818766
39.23085326944431
2.0627039759476418
-71.6891521724133
-23.193005914450424
-43.87402363390131
44.54369227064629
-11.375633868015072
-40.29126515969109
10.896135308996293
7.325287561928008
38.4211529534619
-52.20856647361318
-80.6167635407353
-2.9849606852380646
-23.449554452290045
-47.20647117814835
-62.309543896493885
46.69488777775334
-61.58048363819611
-4.500209596845053
28.71188156323231
-24.836819587289924
3.0094071609400572
4.544476581925153
-5.8488343389861654
-5.2789714086865445
-46.790281438630146
-45.31532836814031
-25.537377411441
-1.9104147874967339
-45.877902482839644
20.362830040255147
-48.40504576795464
35.65682102205875
84.8959457745888
-5.353709158267904
8.507936293174268
-2.009721384037917
31.836367251755945
-16.18011070421626
-79.77018726327526
59.07252222152715
84.83804990257744
42.003441081778135
26.869330077951574
4.060084052782088
-15.109494578038863
72.37094399383705
-24.460025443484497
-82.42165986110089
-5.946792884357748
-14.239574341293391
-0.9145447790192947
-19.35730439460353
-13.810180334958744
1.076799335360164
72.43629584915689
-4.650140090614784
33.17966307030534
54.069346508851226
51.7418145625314
-71.4327484311467
-26.855220310393207
-6.804615920138701
-43.56023276344885
33.166386928605306
1.299584543659634
-57.46868454452149
14.044019324609664
-15.749083625193421
82.87601401001453
-47.63138295915238
-10.447822766948647
-0.9080400981454915
10.59829539508381
-30.09871686055149
-64.38041171459346
-59.871688800733914
16.89184797204628
-22.239133431368586
18.52349040658362
-16.35603957265998
-11.838309252888777
25.720936840249564
37.18457467036714
-7.074520367221339
-9.235841833488237
74.08359804761079
-44.07200582782538
30.545616341565307
-19.349830763744876
-13.3667896468407
17.897070737261174
16.537498240619072
85.33128453365433
-41.7729494347
-31.123167859410827
-15.82668810842327
7.929270273765582
-13.015148416934494
8.277808476350913
-39.325214322561344
-3.0601371589189625
-57.81913865234485
30.01893732795712
10.79913602149459
-1.8601065264740981
26.140803891782824
49.22475371110758
74.50101965630131
-23.819624403604763
38.010846088672906
41.88327277355236
33.357829307171016
87.58995681545409
-23.053680262642814
28.792093262787006
26.56716542925274
73.66013570605153
45.88038064937291
-1.4083681040473266
32.33348824501206
-12.41387735595518
16.835053109738666
35.38181035208774
-32.77072315441731
-62.943207372495564
9.724475406989399
-45.357971123887694
29.62822950847503
18.970026464085777
20.69431391207057
-5.318055955795785
-38.206679578818274
-1.4807168912684432
15.28481038342943
50.33255235268069
-19.00534279636578
70.52251429686964
-57.43253133438065
-29.594089215872742
-44.53774980122466
-4.597408233045215
75.57432508487676
-47.48287175512491
15.114053847299104
-47.49429944050615
-20.00078700532859
-5.507329022132666
-66.49023985755947
-58.56775630136304
69.98411142899826
-4.43200465378456
-43.74092453137086
-53.61758694921501
-11.382954468799468
-1.9864235962294288
-10.860250949692372
-72.35922040656834
-9.668049028748612
0.46090505483719824
45.128510338559124
-50.74982950698857
-17.28100194606523
-82.90992904148385
-9.245636456818914
-69.95319607491481
57.304336894696974
-44.01962925476762
76.68542507378035
-25.613067036017625
12.210536873318276
-64.37614177760764
-38.81711846293128
56.20428048784029
-30.89931638257886
22.37485541088074
-4.8235487903253755
-55.21096478721589
10.425152402108168
76.32348097890585
68.26412040567484
-69.86167031688028
14.97811061915543
-55.813708389205885
38.11035494583476
39.63670271911366
-2.061829365549727
-4.028893643626674
-44.07036172260416
11.36338408386628
-11.232909208626353
29.28325977656604
-35.19196462398686
-17.323527953685513
-43.13318911728483
-27.265220715345748
-0.1852965018448316
-13.703480332068281
6.314987339672371
-18.45019199819467
17.93070472716937
-38.24929976825018
3.9200542919872845
-80.15393553032024
-52.96718581488692
-13.919724010364092
68.97948133217474
-70.24707898169332
54.690883464124454
53.559631346807976
60.52812211675149
7.175672994138878
-71.04696222820827
51.009378856184014
-67.11475382962107
-7.380009162431648
-17.10241792120071
-18.81231070897769
53.417495337952744
-7.095951286732927
-37.305198655078605
-53.786563203068845
-8.024640075290648
-24.707264382634136
-8.216376976819646
31.47212652917804
-2.9821188568340204
57.89518869817147
-13.599590906782268
-57.004705391729544
53.58949939302673
19.25742087121057
-17.349304226040445
-0.4262531988460836
52.53358253716968
14.484962220977437
60.82701313705809
-0.1057869057098344
18.356480562566688
-24.017607143493976
-27.152849301942013
-23.88196983359194
3.909197023702575
-21.269515179527332
70.9133554193088
-12.469299332878066
35.01698282378521
-11.557115364680755
-66.57403143853097
60.91993114864903
-57.04177007853976
39.2210142881936
-50.04315301130638
3.4935281118480503
-17.56121855948369
-61.84877283655335
15.085091723476381
-11.65114126342101
-47.55721697342522
50.36076417112292
10.359925274486883
57.02864519919876
24.982425885871663
-40.96447466420163
-54.37999752189804
-43.50908866806306
-59.90938961070766
39.85115813524072
24.95838263190062
-22.247381937334268
-28.754697368587458
49.75514553191687
-10.961718810743577
-69.53216061239439
7.069312771993452
-65.41493296368162
-23.44926855795069
15.71009916316109
-39.74012955428316
8.073049125806193
20.388170682443487
-46.04937362597494
-56.58215295598996
10.839320163241311
0.28517726886845196
-14.118945435142265
-2.5633261332825583
-3.4669875087412834
28.843352749085653
-29.66620192015482
-21.29586294648837
8.471342468173532
29.002681163679895
26.98891250131986
5.439487127549256
-69.64652333639688
-0.3987200022293109
43.209232113425486
-31.36510917415542
-18.685689534230647
11.236432599435375
-41.966787166454445
84.73650292153681
-4.967341502519943
-19.502933206482382
-34.45416292399426
3.3780338226284528
-23.633245180977497
-46.2454353974922
77.44633396082625
-28.6226323607097
-33.29727163860254
-9.515338508141241
71.89492520989512
-4.195523435541745
-38.86386440019241
53.937638295367975
-40.952195309890854
-12.761556818082667
-37.180738047270665
41.644341560860056
-1.5533819089698966
27.71665426669294
-0.6002027507944518
6.886304950489617
65.7116749188695
-32.60999689466789
70.18805373999137
48.17127155386231
10.912897650721192
-29.435259192626788
-16.9763466751955
30.33246931591262
-10.319453517239907
-53.19268750086672
-23.536244923915916
85.11717207112588
-21.705506519302986
33.01715796906913
-56.147541676411
29.914464746176776
38.40479924674315
39.49966551259283
-14.69527246113438
59.122678586418914
-5.738626119883648
-7.7800507220554636
-36.34665720104055
-7.24159286642184
-31.50308585404008
-17.74454714757526
-10.29543608871252
0.6687729111386744
46.44685870960322
-63.920189149375894
16.469434313398537
36.27590467531493
71.7502003981237
12.147134787286006
-61.03169172546526
64.51742735306425
33.56972924973297
-13.419436372462854
20.603889991873444
3.086866524041298
2.559630187205485
-46.07489138222673
-79.41394327911985
-69.96641433746609
-17.486164389810924
17.721541849478882
-15.519225175998457
-69.54343035113006
-0.8769023009278811
-44.09097603348921
-76.27640080420443
28.82558748668302
1.0068297792811194
-27.8164136294793
36.936454551076366
44.22159089246429
-59.437483219437816
27.667911948189683
-10.813874886748991
-32.26935571856977
-29.3915665113706
-41.51208029295133
-32.53643148450861
29.460957329810995
49.50010286495424
-69.99951297612871
-14.68549965587384
-1.2292341832193188
-2.543293958158415
-15.69584136476469
-47.932403578504655
-59.95431998582081
50.94448754371507
37.48694850280114
-0.1840437287759471
17.12266758572551
23.494256277209715
13.038338552630748
73.43039732377889
21.46506446327176
-15.526653550948765
37.0914504543594
78.651957084283
-57.04010056393713
10.047974290420044
-60.47705852932022
15.93679733588742
51.574449556101996
-4.902778828248572
-43.64870682927576
-18.435128368285234
52.81167063010071
-5.990579921097321
-21.26182817713699
37.763344481019544
14.457072079560504
-66.97552498906346
-26.94998811284269
-6.751095707209345
28.487776749907113
29.410266202224847
-5.08034814389714
45.7629577762759
33.76429005459113
-28.97938916634935
0.012990892355176697
-27.746298717349504
-14.371136893122156
-1.8794372251690845
-30.568124260487068
-15.977252540519018
-6.903384310225675
-70.31008518094308
56.04439434900314
0.7753943680864523
25.976409550842135
18.00742026674645
-14.93564157529471
-1.124476849433563
17.80616727855849
11.623143790768196
-25.22465131484917
31.44785928060645
16.011259473000962
-68.90043496724114
-48.33058514404395
-11.592081480388046
33.054535629968626
-25.157009030336383
49.704176723065245
36.78504967067002
59.16058503671337
48.63160574488839
69.82969257276355
-70.73919360616975
26.503920447686696
14.65734407115366
-16.50498671687977
-48.6304153745369
67.61013305781583
-5.989121010011431
17.071454116580725
-51.57783789489188
-9.817742253594758
5.394145577633367
75.3647544102192
-61.14268689717808
-13.002055886474423
-21.877974911910627
-19.731967299292734
-58.92097106628058
16.10910243730376
-7.3492956731002295
-50.99881089023863
-48.167456084583
62.43612440250973
53.5547704028169
-22.948124598180883
74.45873701927687
-61.1032108652835
47.90075622919335
81.53263468914503
-44.778515004920266
74.1997088002559
42.076072785082516
4.30923092255685
-19.485617009163192
-18.289839392855527
-62.622059383200096
56.372470037308204
-12.998808948244601
-42.65273971302877
12.269480008617236
4.689426238162596
-3.9913818400479926
-22.46220248220513
-36.83093841632496
-24.99162089158412
76.30931145246711
34.523887294296344
19.95506793799727
