15.538681426433222
7.881429000726556
12.588000472992906
16.709511600818516
16.40686444838917
7.464605729472335
7.872029421681318
10.124994138341506
16.831306546447884
7.729336622262408
17.330812597520808
7.551024972823915
13.634711827888328
15.868669687243191
7.735418582696874
8.008306889225796
9.119413037214166
7.708606575156009
7.770038258287458
7.567965896486862
12.461644355816865
11.496943027041649
10.711982605870599
11.328091782744362
8.054532732929623
13.435242564617141
7.552033874109646
8.392807750446732
7.643744355988635
8.176392205611496
7.464786570716085
9.137220590410116
10.70404916443022
8.480495277882447
8.054124193409518
8.062062719294683
9.954925357499942
8.148810807005699
7.452501349225037
7.809678092001451
10.10334410772699
14.341474017333024
7.46482006883589
10.859488936513792
15.250013683204081
7.980558055311186
9.087496928507893
12.975076431359419
7.557373722727665
7.819394532900881
