27.844251517151235
-35.212324654250374
-56.55680515559261
-56.13979418146291
-40.731954456943846
-29.87153937624359
-43.75150424349618
17.62858024090491
-48.04920601041083
28.24185155597324
15.793076547823858
-28.92596011573019
-5.934315053605175
-14.754345930374384
43.587793102045026
26.385751440522583
26.720967422140774
-29.79794656864506
48.59953447460521
49.301707631571105
-30.885627097551463
74.44240257929152
51.07253429546407
-32.43960924645006
12.497603341200445
1.152816465752693
-41.02888169902905
-29.00488214502485
58.135364889647434
-5.959333193651247
86.8993651537412
-8.103918321317735
-13.253922956548635
78.94766943955838
-29.376379727165684
36.38234656932235
3.1639303755038384
-69.23059578313554
-26.12289609424944
51.20997603140688
8.779062995040789
14.912425367255906
-35.17247591791442
-24.811866143784698
30.223129357410897
-83.61819561938103
75.96286596205871
-59.5432662091155
46.13193061378112
-14.5991771887861
-1.4597282243042145
4.478395738425576
64.68955029126587
2.4398870537882544
10.619239498427888
15.765870804391568
-20.527095132572455
-73.06892910892586
-1.2947498362001255
-1.098084307809529
19.460320475409162
-31.522019708289434
36.5756030492706
-0.6300385493772183
-15.609664866048632
-14.381142937906787
0.020548965234667094
40.05441871688376
-6.754420103323
-10.067870613055547
33.323823738586725
44.992011241713726
-50.413979451162724
-44.965181950230324
-20.23267029334724
29.036747281383043
74.53116599367306
-36.316517333431904
-55.69946897508868
-38.87875482231119
-14.829216416747869
3.628396075224103
31.633171932932584
-14.589591853640442
77.31316281234146
9.4293576172781
37.82778487385161
64.8555435529569
-54.451331499338664
30.623330425386882
-51.88742692918272
-26.780311685577715
82.68096796823465
38.34264809002349
-34.66024069656935
62.76435020251489
-63.46912016365152
-29.72505564550775
24.911366435189265
-16.46973259677435
-1.5383884985857037
87.06797978322925
-9.261111941829327
-64.54978679312694
23.946921032145767
-7.593205477431312
-63.5797735076452
67.98355716518876
-60.7049705972091
43.65613554184773
-1.0647112182232092
-19.389310091122965
8.485394202442762
-9.575996350438913
-72.00240653084639
31.001923667876383
24.43951111321229
-3.406649439195519
0.3905567713312337
0.6904269320870497
-27.10362919463695
-49.28526723006197
-4.503747828162986
-30.51879908599946
-28.57183589683474
4.1338506897863425
-51.781985329398246
-51.9123098757301
62.15232821721722
-54.378705334240045
10.356711224963831
9.934017264850738
-29.136499015524663
24.69251753301856
-17.089846961548872
-0.6922983007918191
-25.576087568818167
-58.27169402972199
57.012861571613826
-48.89355085984206
-48.350973828681894
-19.150917603929116
-36.314513682021314
-46.15496967128836
-7.8877562075298755
6.335080440694227
-40.3662470925467
-27.467907273116396
-69.76834176840211
32.36005383966051
-81.73821600178385
-2.335471173362393
-4.803683112852582
68.72950846926699
-3.5770272907992364
33.53618714219084
17.784707205215625
-29.971163853260336
-28.475715206272426
-48.29042846480065
-49.06201777659025
21.435657644108957
-34.408510249221436
-59.189369868482274
65.5631779981488
58.45106261205325
6.509490525723052
-62.597387275864264
-39.66866068526776
-27.753050707737998
76.32307346365485
-6.159662506527567
-0.40425061540884144
19.478134209260475
45.68665343546792
-10.643829978019482
5.3121673810316565
78.58346391584041
-6.10512433258107
-12.742183063527563
-17.122694413123355
-58.77763563180319
27.644346395749366
43.96567482073473
88.5387064903037
1.845708265490643
25.312724446429655
-28.535229256052048
-34.306804993206676
-41.83619162213975
-14.103602008376896
-83.90300809124088
35.79597011683322
44.10979339447459
-44.32436242206324
62.41215691962549
-46.00175430719362
-14.993928060440496
0.4965291153897482
70.49787451296169
59.88266851891791
-49.27232034154227
-54.629545440375686
15.583842983868692
-47.93299151143459
19.72199338332048
30.168557581103244
76.0113295573309
-41.46351728542017
-11.38189961915495
1.9410534423492152
28.012324071920773
25.179900203471476
81.2242676539266
33.31814913524039
18.351772704749237
40.99271882550005
-28.899679101898855
77.23078812767227
4.852008177647846
14.055683107581316
26.92188930921951
64.18818087114968
31.13218633035723
-3.8065205059199627
-37.949280496577316
-73.34173046969414
-36.423552937917336
6.009235909407707
-28.66714936475522
70.81604335902449
39.74816707491442
-20.411363244064333
-74.56114585994735
63.508876003752704
49.114703374618216
2.623022952612274
35.76024634342798
-76.37823591936116
-30.86837485011057
34.09553760709099
-39.37826102103603
6.930656531456691
52.750221661168325
4.6300610844778305
-64.63108825884427
14.636654374655961
72.54096040490799
67.6763320302866
22.387073539620502
61.805477095845816
18.664288782834518
9.901519334551182
-51.25189513157305
-0.5980392060733806
58.965782097930855
74.24403370174642
-12.995835180195442
-76.51261678522742
-48.68764475730459
80.0970961061397
50.443765221896285
-27.844147514789384
-41.22442785207642
-22.95567801845165
1.0554196691271613
57.7750724095138
-23.267793982504998
-58.81642000945388
-2.4386748770617146
-5.489540486801133
71.35888742254195
2.3094140906580805
20.547011462906326
-26.412993270130883
63.83997881667341
-9.40827885651828
-33.893826747796346
45.248683779118636
-80.73887094964698
4.258224947291936
-41.01723455080938
-10.490678236562758
61.90351301383697
27.625854792099133
-32.59300261580046
6.2225893679775055
-0.9378600426239672
-2.8374273304067543
-53.51005789075101
23.595080551404834
50.89643590140335
39.62464756725393
-62.89652246945502
-40.32739378850361
70.70228390144234
13.746445671326526
-25.138475145718587
44.12205758014352
5.57929848446949
52.50695978198755
75.76408915585566
-4.667904005799812
-67.32158048674268
32.98029596905636
26.57342532979311
-3.514744247981156
81.09883233716872
-32.13505199596737
0.2187680927064406
-36.36525816990631
61.26357322763863
-34.1278900116954
43.00540164474563
81.93077948897886
-29.879732437894944
74.23466408844916
-35.60808023555196
24.416048525471055
22.384306347121594
-12.099102813434556
-72.15123129098644
-83.07584116257149
34.359051400815645
21.4816739383441
65.8422925352535
-37.66802961944469
-53.99299367985088
-70.26570141448505
76.46161746879321
61.93958380904067
-3.453189751377039
80.84200677114907
80.5759322428284
1.6059424471893493
-7.865765980174203
2.449115562460662
-28.50048242610758
5.506165529609746
62.313750684409854
52.140003211424784
-58.11201659317235
-79.24393598423259
-19.857893242156464
0.7111070553785055
-51.906566891186685
-7.325378719558515
36.12106853271305
-52.15449998694801
3.4129694726876636
-57.96587951148541
-4.938393046792385
35.02744550938357
-34.130926598615794
12.094547990576629
2.1503643980510248
41.91871359473072
-12.712387684091084
-19.5979113294361
-11.623084127881597
-0.36271346635142265
-34.107650814375006
-13.229946658573567
-29.233594481295512
3.5472816847834707
-52.66390202556986
15.46842362676638
80.56388241828992
0.4865164883275668
0.7910861188971836
-14.693587066944232
36.55321830989479
10.144941502986569
-50.26541444563344
49.66667493694257
-56.655714633466836
10.112078516821754
-35.729974710164754
29.186663606164757
-69.68017624558672
9.806643791623983
-29.444035756448898
40.54463718514671
42.277133903280685
6.3289912304582145
-26.275648063964113
81.48226004358995
37.95374713276996
37.58059802008418
-20.14495981519846
-19.44373177576162
64.19553358581885
-21.097689822287748
48.91881069132026
49.864629060569996
74.91183826413794
-17.210910799372556
-67.3498773766791
20.186749688648348
-60.672437173373844
-62.96677214258392
32.60753405365733
-18.57865467060914
-3.35366574131244
-10.040965919313692
-34.89662703833842
40.40207025324128
-23.802405223684815
58.35327847223144
-43.3195609284512
36.789568950280625
-18.236066314395202
49.91346211775999
-16.38164628788965
13.287180015517094
3.4352772570875487
26.609055662070176
-22.981078328549415
79.82498527006004
23.074041466456563
32.54914978961335
59.372765563269354
-0.21927726490538646
7.26477107656396
40.51623326423973
-57.82149413895018
4.186004006554981
68.32887142855932
-79.49424307234597
-9.831633869852027
69.39043922400842
-68.97705807057181
-43.59738731060097
-11.074026082765698
-72.50651758922412
-38.07495642530947
37.28202417870338
-52.47895570144203
-23.333098857499422
-7.475580921784953
14.46080172106123
21.882851627026398
-62.9389816179867
-60.58047377932702
-75.79042525064946
19.93353069680687
-31.20370426078695
-62.08134328813304
17.778923535159265
2.9862585111918776
-18.972737216615045
-24.45138697130639
-9.081090829365621
-18.563483244160224
-51.832459238534966
-8.744464316090387
24.184081115781595
7.529563888752165
57.33942980227573
11.954092428472435
-6.738798943541127
-65.89820264138928
-83.4893325479996
-50.01149318356752
-41.35375363003403
-76.84020880520583
-18.135521458126448
49.290040833754205
36.51975773936917
11.205856468356743
-32.82336199405876
3.5498338298115613
-46.43230094938033
67.59340551121889
-51.89370196110229
-12.497320688815648
44.75549396747084
-46.458769621017844
-8.75470446477891
78.51732376762084
12.662031363879294
-0.22618838082911452
-4.108212156537874
-13.095553762953173
52.530583503731236
18.469799176706886
72.18259008367497
5.478697041239769
-26.141599518769354
-20.723330423306848
-52.01903504597358
-21.352674893609475
-3.057923907504744
39.24177993223631
2.111730555491519
-71.70241457980332
-23.063913021914956
-43.86566696863364
44.45556612445611
-11.332153388557629
-40.26687409540807
10.898855065521005
7.386293202778788
38.439736454735936
-52.15345122865027
-80.62729953409664
-2.9860382383184003
-23.387136789873935
-47.247019106407166
-62.3136073140494
46.586348197982744
-61.61812148698811
-4.423783836502778
28.62955384065907
-24.871052282801116
3.0084681771335795
4.54510431563925
-5.851587306737656
-5.286706191805152
-46.7858026332116
-45.3413668406699
-25.522888414346482
-1.8583262211057132
-45.795139306090526
20.388729514589173
-48.4156032831505
35.563899489908664
84.8110267888238
-5.259678552040896
8.503536926328934
-1.9756630550744205
31.855101257231098
-16.08541096755694
-79.76791608379403
59.049601956290445
84.77400919313621
42.011756992838144
26.8197479669833
4.062801682684977
-15.069732520884102
72.33384115073139
-24.371472048592437
-82.44878345696935
-5.9393099202364965
-14.151961888027273
-0.8171530957773712
-19.359408357202582
-13.796213541335447
1.077153948539049
72.36173956500451
-4.5707147379855115
33.11057007053671
54.015299632297655
51.736443448243904
-71.47090857099855
-26.838934305192723
-6.762179250932931
-43.611210464028844
33.073901881242534
1.301573854740525
-57.50579303455165
14.028176236070806
-15.722816502979526
82.7959103268249
-47.58316800414236
-10.398517827271775
-0.8764096798881127
10.615432200984344
-29.99283123404392
-64.43920252654695
-59.91456896090142
16.905787855875076
-22.113013474531627
18.597883952585335
-16.37507209228407
-11.854639717061602
25.748924440240657
37.167326448874405
-6.982612876346764
-9.171363574701374
74.02893936770838
-44.12890752820524
30.585602665476586
-19.36617516210434
-13.356213051605963
17.92160493235731
16.560868297845303
85.25846410765297
-41.77148118900204
-31.166440516598513
-15.73069372204587
7.945828436055891
-13.030861828962585
8.291762114811647
-39.25827714843617
-3.0026008540364586
-57.82676720643084
30.03906416746841
10.83461461876928
-1.7836910319950192
26.161216542358062
49.227003578310615
74.39415044248221
-23.821906780657827
37.934917546493665
41.82446323939038
33.37625237600486
87.50893669997342
-23.063257795953604
28.8159566079934
26.59850747476702
73.62005206127785
45.872525890904114
-1.4069069908098584
32.35861365525156
-12.410966955229355
16.79767081521041
35.314995533116615
-32.78999995529104
-62.99008318442671
9.722594628799555
-45.39162058198972
29.53164764622599
18.961937200871063
20.699145964167826
-5.204112562279448
-38.181142068493266
-1.4180515986000586
15.27301819799061
50.31387894988936
-19.02982777292658
70.48910186827766
-57.493719899863294
-29.635260798750906
-44.575397508585155
-4.560444578624683
75.47996639512291
-47.4430639513206
15.158146581479158
-47.50848914900165
-19.882733255108946
-5.393814330327444
-66.54316061916414
-58.62903614614852
69.87438938162916
-4.348022575488471
-43.6582336597114
-53.67514244138523
-11.365957347969726
-1.9907904023225882
-10.80687243292067
-72.35255633128165
-9.57002653187196
0.513763885933102
45.13521801533906
-50.81022710917965
-17.301210196868197
-82.94600804431641
-9.247312851629061
-69.99989574912509
57.18400024405403
-44.03138104013226
76.5875475200412
-25.606452793206174
12.194542666219775
-64.37704260982042
-38.79379089099739
56.17262329786388
-30.935352570661365
22.35439029823071
-4.750514462287384
-55.23774840206301
10.417823716236512
76.26223859163241
68.20641199049805
-69.87065724375157
15.040424799947289
-55.87372466521924
38.063622716128975
39.61379685333961
-1.99770810694325
-3.9541927158695245
-44.12207608087018
11.372130973316672
-11.235673830464506
29.240156388373947
-35.13968296982528
-17.32510893931756
-43.18934625463531
-27.304074818170506
-0.1883549042803594
-13.637418693909268
6.337817490851322
-18.315694097951848
17.941133956995316
-38.16764231828072
3.9283825636817795
-80.17046172414285
-53.02714315388336
-13.803778879153313
68.94821334019514
-70.30163957759375
54.672807617232195
53.55850226581245
60.495716950000656
7.172815046109065
-71.0890133594934
50.99325613802614
-67.15667770757607
-7.323573127249006
-17.112909802154192
-18.707786636769768
53.38592361525548
-7.053980867610704
-37.3543253809853
-53.8391463527761
-8.036432658377947
-24.638671383797217
-8.209730968553089
31.4939655510355
-2.8930301027890266
57.76819826742076
-13.477991525222862
-57.01009249585169
53.517766380233724
19.206128684807553
-17.363321038355537
-0.3970921682431765
52.43717858573507
14.527631644346542
60.811013177088256
-0.0408537023194242
18.310575529669705
-23.965414466801747
-27.188180569272205
-23.763998523475877
3.909589951177992
-21.13649732681499
70.8798785166336
-12.483367495162213
34.90410878236497
-11.449455727527067
-66.59252505392062
60.89504962575805
-57.079050664131984
39.1471212149749
-49.9918261451646
3.513027603774063
-17.518202688886774
-61.89128001010984
15.096831136826296
-11.55263898664667
-47.61501750834504
50.35304836542508
10.387124294988752
57.02097311286542
24.994968756647765
-40.96070178207444
-54.42598479769036
-43.466909057854345
-59.9593368464189
39.7347661301209
24.93098293128395
-22.14374274952955
-28.736370035934172
49.659401883670085
-10.963786452630842
-69.53149082174951
7.086052406465143
-65.47137022192868
-23.3660179583742
15.695680076125754
-39.70434974754803
8.068429177356407
20.412619910582748
-46.10622965898526
-56.60988789219769
10.870493274066604
0.2942633529388985
-14.113863189053546
-2.56407868249039
-3.382062406867689
28.868426585047203
-29.665760601630282
-21.209004243993334
8.482376393594393
28.923276470836356
27.006406941593994
5.537242027651885
-69.69963824713663
-0.34973083670124083
43.22257973122967
-31.322164754221518
-18.619581146090326
11.2359841970503
-41.92278977201612
84.65953233683462
-4.930422407457115
-19.429479316094984
-34.34453795435421
3.38871152913201
-23.512374834068325
-46.24551798006468
77.34001179085595
-28.569595475626144
-33.28988303184539
-9.477581024221976
71.85123613746745
-4.0892882018209065
-38.89725765282526
53.87527916606783
-40.956283481657536
-12.763287251903137
-37.17736581525115
41.6517096217452
-1.5577731223673794
27.742826982041535
-0.5059334159643925
6.8833260387856825
65.67427641967603
-32.633771685362944
70.1265426397903
48.166802490525384
10.902388398639616
-29.35426489125817
-16.954807847630292
30.356019809233658
-10.236926758642667
-53.19342380226909
-23.524324345235044
85.0545866187403
-21.591895769531106
33.03089123939375
-56.20905481550944
29.906293792751796
38.28520539849376
39.497076082500485
-14.705378828345317
59.09007305587858
-5.708993869176425
-7.659655731043969
-36.35099331771319
-7.232889885788083
-31.401818948783514
-17.660506579560945
-10.27574124523639
0.6842386095389372
46.45553419693093
-63.96753409770242
16.489751247537555
36.28903776103468
71.71479927788104
12.139941481358079
-61.09254927156216
64.45421878855055
33.47179124032621
-13.381023057410317
20.610379569057315
3.114147860272965
2.5815284906171314
-46.0758193708482
-79.45792023818835
-70.01714778954087
-17.399021872412007
17.679204124165906
-15.538361462172418
-69.58341270509612
-0.812089644623498
-44.137917965493024
-76.32181867554641
28.783123116929474
1.0806776833298812
-27.825307229850665
36.92132932282226
44.13553844891095
-59.47896204340866
27.659036587204383
-10.792090277588954
-32.18307792581892
-29.379358388874635
-41.509200510725556
-32.46473450943253
29.498961010342498
49.49225488985226
-70.0539755296776
-14.63137582796648
-1.168768814913932
-2.4469876662629986
-15.588358028707518
-47.85825097656283
-59.98221331722947
50.873033203104455
37.50025926439025
-0.09325450200658736
17.08508881077006
23.42812024339659
13.059942719880326
73.35183117454656
21.42229203157183
-15.491163545448046
37.02827974151384
78.60075167856445
-57.01123267439291
10.123885837429995
-60.49064935652824
15.901426946039365
51.567875806256126
-4.907968542215457
-43.61417520105079
-18.402420362176585
52.809362028205754
-5.990366046802066
-21.25559606576097
37.76873523976886
14.467030955408006
-67.01598247853957
-26.83163321774836
-6.635424325159207
28.433967662004136
29.33883994337367
-5.064962973441013
45.76726119428602
33.783178991216914
-29.01304614582098
0.07789491889116107
-27.7510307489937
-14.390146609353494
-1.7913150338060007
-30.517920830063673
-15.977207882761519
-6.874097263327371
-70.36556475157938
56.034241764203756
0.7875807848611487
25.931426722309794
18.007823031740926
-14.902371031351095
-1.1208939864854415
17.826915250143045
11.609378346228567
-25.1571304296166
31.472133724410696
16.045208482846846
-68.94154068623749
-48.26568362962794
-11.599396246604954
33.08097512281702
-25.1084475445558
49.70691737898986
36.74227341563471
59.14949311739062
48.63761993161327
69.78977535558795
-70.72176307812367
26.53087405727156
14.629474760407618
-16.47424735910377
-48.5931174590913
67.52058738905512
-5.9667794543997275
17.10866037870153
-51.63859993484443
-9.788450018439974
5.408384006803431
75.32224181689739
-61.15586696745275
-12.998889569922497
-21.87859971776132
-19.685141389599366
-58.98199749380632
16.073340258684055
-7.354147565844201
-50.958515462022454
-48.152434237928304
62.383435660446025
53.53708962510228
-22.867608124826177
74.41362567750843
-61.13077913136956
47.855990060358266
81.46962554566531
-44.75933544325262
74.15575526035286
42.09055974629709
4.38415933381269
-19.510494661812388
-18.257758039649516
-62.664637849793344
56.365181463620445
-12.905874280919363
-42.6425243276568
12.275156366037578
4.68870074413455
-3.966756604921727
-22.4066055631465
-36.78499169171675
-25.00220330471916
76.26104805739743
34.48829269277533
19.966071695919936
