27.869530207060933
-35.20565639219046
-56.55480739556002
-56.14051893038558
-40.73395990634942
-29.87649725121851
-43.73659223806523
17.64030202331068
-48.03662609002981
28.252895943322443
15.791833743331068
-28.961743990605882
-5.950600141848099
-14.789408962831232
43.58960655136471
26.41355817826917
26.73238890567697
-29.783685497528793
48.599959410368996
49.30076274737851
-30.870928564241012
74.46547309541742
51.07236275533438
-32.428412353221574
12.50089868363932
1.1370046202523554
-41.01114658847793
-29.024210232187386
58.16241550670088
-5.967992473741248
86.92479109104204
-8.142456797754264
-13.296536782734094
78.96817731736073
-29.37091350881265
36.38292432981797
3.1638093108894196
-69.23404934073741
-26.125797259878937
51.231645424110496
8.780457084112527
14.919358279185971
-35.15613871428048
-24.84410958053624
30.21586832897333
-83.61169750871883
75.98105364255085
-59.52544163401625
46.12981102796937
-14.611177728881032
-1.4759831116868725
4.467844185509492
64.70740528327892
2.4374048171307265
10.593644886933816
15.74702237523951
-20.517803555061178
-73.06427209304621
-1.2938400012863127
-1.106774391867603
19.469378324767987
-31.536227732647234
36.593774631776654
-0.6415675164578687
-15.614844936074277
-14.404186349556596
0.012400989573421839
40.050447389482684
-6.7938083077131495
-10.087119519281174
33.332369245768405
44.989228673924316
-50.40248344926749
-44.95641108463976
-20.247757212458154
29.029758327551804
74.54743785305294
-36.318104286874636
-55.69711017470125
-38.88505816460631
-14.827767317314098
3.6197052349347416
31.63652809582237
-14.603907738383768
77.33753221380806
9.407070437946388
37.8271097959329
64.86759328779499
-54.454252923212174
30.612930170953746
-51.87106167394603
-26.807318511341435
82.70546523478544
38.35112941666739
-34.6505509821713
62.801608496330346
-63.45979175318803
-29.718912430737348
24.904066139782117
-16.46213251973289
-1.538797666065463
87.09339108192484
-9.261490150843272
-64.53067454039672
23.941634541771492
-7.604686679867555
-63.584776837890814
67.99876491975274
-60.70089402009566
43.65325476220153
-1.0796900595232444
-19.386849339463865
8.486855524160717
-9.573629077271917
-71.9893985105166
31.031538588712834
24.43461601879065
-3.415508399273236
0.37330839023208284
0.6813571481852421
-27.137024196052764
-49.26590537134038
-4.504664086720638
-30.50430752336233
-28.55822914609699
4.120666431186365
-51.796079387712496
-51.89416519384714
62.1631866118351
-54.359997452701016
10.358846396963145
9.935211976923156
-29.134014339021448
24.684334272018376
-17.08203443612588
-0.6914284776259763
-25.60369497728793
-58.25768860645874
57.046948674742396
-48.875007323404084
-48.35787397075168
-19.174691830964733
-36.31970703311094
-46.14658942272741
-7.911942986137305
6.335160018767496
-40.37717531487819
-27.458709470782225
-69.75369258927284
32.38517158440422
-81.73793495516237
-2.3645722059011973
-4.806865190180531
68.7676655689707
-3.5846633290092313
33.56159236372778
17.784662293928776
-29.958510580478134
-28.46279199425159
-48.274003323813254
-49.055262843805394
21.425891196647157
-34.436892291520095
-59.17469278901107
65.59586355495938
58.45562682768045
6.499443377168802
-62.58858608467336
-39.6719650406514
-27.78126151325094
76.33972531764596
-6.182382925884383
-0.40342016092745325
19.48463959011748
45.72587409803242
-10.657547578707465
5.307020950103649
78.60519340992502
-6.122856921004441
-12.754606816890174
-17.136716309185445
-58.764001656481554
27.667481149805795
43.9661536158161
88.57001675470943
1.826426235963737
25.322342464013403
-28.53476786631326
-34.29349022372627
-41.82189783326261
-14.113002195405585
-83.90151555760546
35.789678191734964
44.12190227303384
-44.350154026731424
62.422616117843546
-45.98753035716893
-15.017300941018917
0.49648727056104747
70.51079001048672
59.908112615160974
-49.258760982087786
-54.61046456490529
15.576755508026636
-47.91456700297071
19.713910847894738
30.178410465448962
76.02785699755344
-41.4804008204395
-11.388360805258287
1.9204735277518097
28.013064388743558
25.171720160169144
81.24921199624703
33.33074190374788
18.35327608520356
41.00541991389869
-28.94169099765446
77.24984177289787
4.81456000001549
14.043437412105717
26.945784065344967
64.20012802386682
31.12638389271453
-3.804607244379895
-37.96156332383206
-73.3280262785544
-36.43134842885981
6.0003357397812636
-28.666168414835184
70.83104566806193
39.74696508176257
-20.430536594610956
-74.55112783051032
63.518567636297774
49.11555563065619
2.6020334437379233
35.75635745246154
-76.36357179287121
-30.878737425268824
34.131011881815766
-39.36053908989962
6.931411731972005
52.751429741303724
4.620176250946329
-64.61900358832835
14.642338842742433
72.57200057719308
67.68810817481574
22.38152906761721
61.811883925457664
18.678157273478632
9.89941854155515
-51.26265887183397
-0.6062132852467386
58.99112307892628
74.2595534831892
-12.994449980514318
-76.51528509006437
-48.704693280767984
80.12157387655671
50.46523478466199
-27.853214558684613
-41.20664075257182
-22.984385846649133
1.036456157175607
57.78215768513729
-23.299415291640216
-58.796477974607846
-2.462727236289041
-5.487607471984006
71.39605012249774
2.2718328326857176
20.542042801518733
-26.40527837048731
63.87655820319097
-9.450625024323045
-33.89589642893664
45.24583619346026
-80.73106955508442
4.246198092754909
-41.039966183371135
-10.517471126869253
61.91067094307283
27.64311792648104
-32.589361310697086
6.2176621301262855
-0.9526179657058407
-2.8611781816331927
-53.51351804807041
23.586748749636897
50.92355849123541
39.64733042506364
-62.90275333181949
-40.3452062053069
70.71800961855905
13.73464725752234
-25.151626689000693
44.11862670458373
5.576740075366899
52.50872272815084
75.78241153320874
-4.66569915470447
-67.32219687881468
32.98699422437247
26.566011408358193
-3.5150255650836044
81.12828051648953
-32.12045912417601
0.21687720504436925
-36.374252833076135
61.29224563700609
-34.114282531756146
43.01356820676659
81.95714441855
-29.867626945342778
74.25023509432788
-35.5932149421947
24.436127058331408
22.375013785174545
-12.099802297632593
-72.14482834249026
-83.07321828839719
34.35253044927157
21.500117568162395
65.86388732412766
-37.666379603431444
-53.98133959131117
-70.26705966216795
76.47841011483033
61.94762995294323
-3.4712881252609975
80.86663243552576
80.60322383852807
1.5815598595349485
-7.885770478868238
2.4268216837129017
-28.4999349254891
5.472729137845107
62.3222145219965
52.144535077386195
-58.11016206485702
-79.2388264682407
-19.864476814963325
0.6891535961712236
-51.88664188551852
-7.346945651539102
36.14057649621458
-52.13885697867202
3.394294916863828
-57.950060312697794
-4.941710326777766
35.03674813259059
-34.134927402101525
12.09917479544427
2.127227303709617
41.961062983876815
-12.743441270421386
-19.639282300484382
-11.655453538310041
-0.37904604959673804
-34.09431321355193
-13.272542915590947
-29.242514039925524
3.5387611263368655
-52.67036529326094
15.451434996776129
80.58759110086478
0.46534975294895276
0.7784191203427184
-14.697838287575053
36.55053478377144
10.119350777003476
-50.25992916532505
49.667861875778044
-56.63706886862477
10.113160781453217
-35.72203386132582
29.214471138158686
-69.66835047025302
9.804449797640814
-29.44297995083187
40.54005078857395
42.28783103886255
6.328006065287937
-26.28166399513178
81.51475268258787
37.94984777710738
37.58638566369157
-20.136647188908697
-19.43456997847987
64.2041059960776
-21.12999185632357
48.93394875349756
49.89668672063584
74.9278757918942
-17.22807322441824
-67.33693013389401
20.200701930115997
-60.67900016881434
-62.95525225303939
32.632553820300075
-18.570463731803557
-3.369723060686866
-10.045135928074103
-34.886806943859035
40.40165610179665
-23.794091462823076
58.35952605726402
-43.3011735900799
36.79713393203545
-18.227832487232547
49.9321643488141
-16.392500604879643
13.28162283800232
3.433590167527697
26.632807965128436
-23.002663520395586
79.85949570374979
23.074444824929742
32.548843076501385
59.38168885057826
-0.2402643851166033
7.261580886486911
40.51322648318296
-57.80287455121645
4.179829612297354
68.36664509065116
-79.48933933457462
-9.840905646712244
69.40209104221427
-68.97849352163553
-43.61512420500715
-11.116809333911391
-72.49152387214342
-38.09105868749895
37.27757724118473
-52.46175989994161
-23.32270572149352
-7.4845273591950985
14.449751558787398
21.883661748352168
-62.92143133356574
-60.5608580644049
-75.77728912519231
19.951552159233216
-31.199815742042716
-62.06465902480725
17.776814821759146
2.968842524119225
-18.994950945468034
-24.439539289645964
-9.107343445557305
-18.584904693367548
-51.81262339289672
-8.740409039629
24.168764325570933
7.524391167531675
57.38295289352996
11.936626291923119
-6.744544149980612
-65.87948414550739
-83.48014695300986
-50.0045844802271
-41.35244953321504
-76.82576473104203
-18.127629334320773
49.289903541537456
36.514135226464305
11.202742177583445
-32.818903542710274
3.5339382787540075
-46.415014027972866
67.62480437328065
-51.88146185911201
-12.492046065263438
44.780672221674024
-46.46912925824472
-8.759885302786273
78.54399008222705
12.667704410192826
-0.24098216338782663
-4.119972330350706
-13.089730296106737
52.531803719020445
18.46284967259956
72.20951479406659
5.467323758535898
-26.178813816247285
-20.75301419825034
-52.01471994282353
-21.362564112660436
-3.058088263324507
39.24026360300354
2.0956900069248974
-71.69782925785007
-23.107445366561805
-43.870598349805405
44.48448617185059
-11.346802367801502
-40.27404407822552
10.897608540586617
7.366536539252834
38.43426804616129
-52.17083618708214
-80.62443548067235
-2.9857301398382674
-23.409456633131768
-47.232727524968844
-62.31146927864314
46.62219252502294
-61.60768626980712
-4.450011700428377
28.657046178829276
-24.859306727146958
3.008573534999215
4.544650231143677
-5.85071675784414
-5.284124486223348
-46.78956159815087
-45.33421062183934
-25.527156232745284
-1.8762455461004919
-45.821929055200805
20.380450662646695
-48.414157338955825
35.59473520650138
84.84054635937204
-5.291951416578655
8.50469782886428
-1.9873835641187156
31.84877685093909
-16.117460473590384
-79.76911035873287
59.06002686785851
84.79728593002403
42.01185623383597
26.835958101028154
4.061650539079537
-15.082967824300056
72.34821970264838
-24.40101249615836
-82.44091282983337
-5.941869418352141
-14.18166110980151
-0.8507006927296601
-19.358295680390796
-13.800702920252405
1.0769215541915287
72.38678335315757
-4.597972147987932
33.13328465084663
54.03276139973303
51.740349558604976
-71.45838641773042
-26.84376381612165
-6.776524952061308
-43.594770387390184
33.10469765641835
1.3007264532963774
-57.492762031854184
14.033142088607462
-15.73142241913726
82.82368370124371
-47.59824240825001
-10.415199524932987
-0.8873254697280828
10.609711491854952
-30.028044189729854
-64.42012254308733
-59.89980820481478
16.900866127059814
-22.155573460661884
18.5741921383636
-16.368787371004657
-11.849061346450895
25.741041168048554
37.17243454201707
-7.014092715893426
-9.193307283160706
74.04782317318575
-44.109890348598725
30.574402197183247
-19.360326006450777
-13.359566772180827
17.913659880457118
16.553242659276947
85.28429443827613
-41.7738567645622
-31.151982064404805
-15.763205762523128
7.939981366964773
-13.025638589023131
8.286805450040134
-39.27984821077464
-3.0223636734597505
-57.82330364462205
30.032303873394582
10.82349702464947
-1.8099893574551515
26.154306557633348
49.22787426036004
74.42994280615997
-23.820593230563475
37.959827275658085
41.84346791926461
33.37007337545734
87.53756544069748
-23.059533686091413
28.80826362982964
26.58985272346075
73.63557537943652
45.87475351149351
-1.4074499181857902
32.35245740414817
-12.411756753668655
16.81011922229807
35.336858562974754
-32.78448323249597
-62.97424220075377
9.723011572390448
-45.38172348903105
29.56406227391551
18.964150558740698
20.697063422840458
-5.243259742853041
-38.188745276763875
-1.4396223073233188
15.276554118574865
50.3197087529868
-19.021689264809822
70.50153149472592
-57.47359191371484
-29.621506476552554
-44.56203436600408
-4.573088155112927
75.51169912010255
-47.455308105501196
15.144552247404675
-47.502739115362665
-19.922633943871887
-5.432807381827004
-66.5271257408799
-58.609169832913665
69.91088623399011
-4.376858346210355
-43.68504119658858
-53.65574943119326
-11.37191842461074
-1.9894115497221208
-10.825205730742326
-72.35453093752794
-9.603514434506252
0.49552563775223746
45.13303936259078
-50.79017887445964
-17.29417116986839
-82.93559519679422
-9.246855731330555
-69.98638256435845
57.22375715660124
-44.026450447652984
76.62051662096448
-25.609602846374116
12.19969201455298
-64.37603677772707
-38.800636296642416
56.18286269604076
-30.92277356686138
22.360732241601582
-4.775562862615544
-55.23091721653881
10.420074751491612
76.28339710534144
68.22572415752975
-69.86732638325698
15.020701464704246
-55.85440736991707
38.07859166513808
39.62078162092973
-2.0197656644738373
-3.9798405091677154
-44.10538547727702
11.36894492695835
-11.234896396435872
29.254067593748005
-35.15932837490716
-17.32497005316256
-43.17065428714927
-27.29098122833925
-0.18744692770027882
-13.659727393582045
6.3304537884680485
-18.36134345020173
17.9372898143491
-38.19425133423
3.9253324353787633
-80.16562966308783
-53.00712456351221
-13.843259552248938
68.95970817261338
-70.2848803210967
54.67868821826596
53.559865492898155
60.506458133314766
7.173498851478314
-71.07526327549766
50.998311157082355
-67.14489459226382
-7.342817627498604
-17.109665475904393
-18.74308992905779
53.39601133027628
-7.068185696124971
-37.33810997344283
-53.82119839349893
-8.032467661033706
-24.66136626895438
-8.211909117731892
31.488415140927714
-2.9236692054303433
57.81021584324034
-13.51943876178369
-57.01100299731831
53.541106912507786
19.223336557619476
-17.358852469838823
-0.4071728540834414
52.46882239448465
14.5144573272067
60.81701430751076
-0.06323527663808193
18.325939542840473
-23.984238253487362
-27.175971796504825
-23.803668601577513
3.9092642080382944
-21.18148478805415
70.89264219615092
-12.478710492056308
34.941886079588755
-11.486627924027545
-66.58589361704122
60.90605752560623
-57.068513157681764
39.17130281820977
-50.00793478426967
3.5061784968576433
-17.53245497068346
-61.87905836604466
15.092624613984924
-11.586207321378268
-47.59610587550642
50.358175577393894
10.378490395910134
57.02489808625057
24.99040309537071
-40.96383442434992
-54.410070030578765
-43.48000424075781
-59.94239938344407
39.77352916134342
24.939632565152237
-22.178569610191673
-28.74182456986405
49.6908377943322
-10.963239758480668
-69.53129574379514
7.080131989880442
-65.45386661268049
-23.39378820178318
15.700105761381337
-39.71536563556373
8.069693021099212
20.404662411731664
-46.087042056657445
-56.59983564439669
10.860694885934336
0.29123150182850566
-14.115333857001474
-2.563881733932007
-3.411252190050419
28.861068003058165
-29.66700293637362
-21.239641888216838
8.47856012002191
28.949735125855725
27.000341773520276
5.504668474723601
-69.68354593456657
-0.36662074748403484
43.21867547209064
-31.338301345081177
-18.641691409276405
11.235770521494658
-41.936528043885424
84.68654514309068
-4.943039344471956
-19.45407223182727
-34.38083604169124
3.384871131035041
-23.553054814798458
-46.24763667254513
77.3758194815185
-28.586819624998867
-33.29152182228792
-9.490497434257136
71.86656861610507
-4.125809106785866
-38.88532365772709
53.89549603816502
-40.953925912211496
-12.762912843118514
-37.177563552677185
41.649085519533315
-1.5563955518676664
27.73567733243793
-0.5384103080972693
6.884038217731245
65.68991811000762
-32.62509178864498
70.14721600962883
48.17083951783897
10.905611660884404
-29.380990741641483
-16.96261267442199
30.34947106027937
-10.26526478361238
-53.19574932271215
-23.527793464485356
85.07764847012305
-21.630178907544803
33.02604099007144
-56.18891508188893
29.908414014226196
38.32514046782558
39.497445642507046
-14.701736822473137
59.100780740774695
-5.719088071324549
-7.7009434253200055
-36.34864204132847
-7.235794442274184
-31.435386102548634
-17.68881561885813
-10.282293764096778
0.6791543347329565
46.45308936769737
-63.95161005248247
16.48295401813762
36.2844692456014
71.72844236582819
12.141975873314777
-61.07289758848817
64.47507637582305
33.504458513539646
-13.393860743297708
20.60776188127896
3.1046440902193666
2.5738737007122268
-46.0776292650157
-79.4448006683235
-70.00204090112344
-17.42947796534638
17.693349050263407
-15.532004524535779
-69.57016227019574
-0.8344137523243091
-44.12305301088823
-76.30883704380224
28.796827584892853
1.0552099145501757
-27.823166803992933
36.925736720768924
44.16375798680741
-59.46462196864
27.661404833353643
-10.799650926373616
-32.21148748985438
-29.384689345399195
-41.50915056238362
-32.48815900093835
29.488367822201553
49.49758316718649
-70.03727735248827
-14.649545826454172
-1.1895881247204159
-2.4801271771571862
-15.624834529524023
-47.882090446042724
-59.97222072822776
50.89625996225013
37.497954517874746
-0.12453890928078692
17.09757759090678
23.45025557814742
13.052873815238726
73.37824898662123
21.436351062948617
-15.502923265843862
37.048851921947545
78.62043794048009
-57.0198574602082
10.099185507702558
-60.488842796157
15.913290864338393
51.5700492814062
-4.906242301156752
-43.624691812097666
-18.41312169409545
52.81051848680306
-5.9904931757924516
-21.25836244811711
37.76655309379839
14.463394482920165
-67.00238478961151
-26.87127717595922
-6.675119219087875
28.451579855114446
29.362507460136015
-5.070204999793901
45.767739555552254
33.778879659834445
-29.002126905941438
0.05552112672160092
-27.750346509099032
-14.383785548473483
-1.8216481261227813
-30.534106442395682
-15.97692271911339
-6.884036665079137
-70.34816300659473
56.03959766983726
0.7832776681008369
25.946080581334627
18.00722106266531
-14.914078392797762
-1.1222238074803244
17.819967802795773
11.613761978101877
-25.181345470795677
31.466130435998394
16.03484337156121
-68.92789057287314
-48.2863869016211
-11.597065694882843
33.074466214594
-25.124286303970365
49.706338848223226
36.75592327636414
59.15451517601713
48.63618488325079
69.80372759872105
-70.72717560268832
26.523304124783152
14.638775314168612
-16.4843497535813
-48.60450982069606
67.55026152497487
-5.974370653148483
17.097393334832603
-51.618548953333246
-9.798295512620783
5.4036643953165395
75.33817195728517
-61.15069504740222
-12.999747860652931
-21.877902931911407
-19.700608388422253
-58.96229733574998
16.085303882791692
-7.352469730675708
-50.97090978188705
-48.15636649876448
62.40076417021413
53.54610180697023
-22.894464554032055
74.43134579464837
-61.12093782398062
47.87027672976183
81.49199497865146
-44.76811579600908
74.17300330898686
42.08668174504217
4.359438172704429
-19.50188095226595
-18.26926369909073
-62.650105582792584
56.369118731745715
-12.938017050502594
-42.64802721118411
12.272926407826759
4.6886992695034735
-3.975188177769894
-22.42495560071852
-36.8025527867159
-24.999310370692186
76.2783967678032
34.49954782234121
19.96202072313237
