24.835214785286496
-31.350003401478105
-70.10137613685015
-70.96934991866712
-49.37730988529918
-25.395756933204026
-41.137364458348905
15.788303281180418
-53.33484663616115
25.33003497141523
14.357730073565335
-23.450448865550996
-4.249300034037432
-11.54857656420478
59.165715475367676
23.464577292251036
23.948557561123096
-28.379302066469663
46.53485542753495
49.990510784841945
-29.859683019202663
73.00171223117798
51.25029455659424
-29.369749244554413
11.479997596717652
1.298856815703715
-39.53673755716346
-23.978463097985923
54.15565055853409
-4.222157424479988
90.16446284285556
-6.478057167924646
-10.43706829964978
80.15332544302996
-25.728249572708123
33.3759791423461
3.068694013564226
-68.65102314554167
-22.0839309350347
47.16957266929728
8.277163709128885
13.512317224636973
-33.82243427642784
-19.94568469236006
28.88677500633331
-93.29939433877621
84.2728149542749
-60.03524747145864
44.71378300368059
-17.680224905922515
-0.6901871865284761
4.584047759586383
62.05423237064872
2.8735464161236024
19.57809224687587
24.51082511980806
-20.004168703473624
-75.27328490906217
-1.1511584497463474
-1.8143530156805383
17.4998233297364
-40.52115074788301
32.933009094358425
-1.0545138415390625
-12.617344938445754
-17.993026458814796
0.7582312492984471
41.92243893181549
-5.532665162113702
-7.662637824053974
30.059647328314995
45.83922717124605
-56.950286313791544
-41.33183636320856
-16.342818375639936
36.379345884861635
75.83701223785741
-31.683463423486913
-68.6681063555321
-33.853141952699936
-15.877759187661411
3.2935489966429543
28.639224647553178
-11.492558689540843
76.36000220600198
15.974872119673861
34.952239466978966
72.9545436640324
-69.64651075891814
46.08654566708043
-56.40456352741539
-21.77303469695883
83.71085592726368
34.83649674226547
-31.20759933864322
58.6776216932312
-75.76912119167578
-32.34703144535665
23.438322259849258
-14.806997436951448
-0.625542755093889
90.52856962659325
-7.324283320538683
-69.13931581989682
22.023934337158963
-5.590336866009807
-61.10141647819735
66.60909323792603
-58.52816590938494
41.909901121434984
-0.3345292986521571
-16.419213349671864
8.010076843142699
-7.859998364645392
-75.85330125666786
27.69589489675097
22.43535533264084
-4.364724810628687
0.6590277499900878
1.2684201068843493
-21.908597661790694
-48.7396683434171
-4.964783691091313
-29.59883591663602
-26.899355152095268
3.5858821922834636
-46.62575097588771
-50.92252208546195
70.52752055205002
-58.02633192432025
9.31508853975295
9.25381139924042
-32.70541826096424
24.10350464477189
-15.353603686747121
-0.5198744956365999
-34.813801697875896
-57.20604976734126
52.781027734022246
-51.141059756233325
-62.47543605434718
-15.242499803275976
-31.440619716808627
-42.526879955415765
-5.952368913298329
6.1849679090855005
-35.03656105708739
-24.474951861255946
-73.06746008757705
28.96587965735766
-88.08791714539917
-1.942135340499945
-3.319586183085505
64.99098114184059
-2.215335092624386
30.046830006155787
16.1170266727448
-27.48914884950642
-28.15064012897581
-51.7327851439072
-57.269931618896265
25.637510321392
-28.59857978365477
-66.87111086236729
61.83346106336464
58.118761767919295
5.418479859902007
-74.88077426533475
-34.826318699161526
-22.60017307299529
79.85028607678117
-4.55646098881094
0.17700701412205433
17.54710567738769
41.45660917279528
-12.910270945923827
4.666451303885623
78.93849075691335
-4.410722490191972
-15.42572818403292
-13.672746381938566
-57.743574544710505
24.672469653138535
50.32361343114283
89.1883976515461
1.5634134944955491
22.702102094868962
-24.512286740140567
-31.563102212031424
-44.52225423873729
-11.172499063546695
-92.12798087201826
34.65321582352851
40.35624869000529
-38.222203210036035
60.72350817234593
-49.90886905014079
-18.854375546559893
1.1086585982599075
75.18150774121429
56.07893000224681
-54.47307999442133
-54.567765086160726
14.620964476229204
-46.69085797401042
18.978533018409394
27.10721852531836
78.92117416456344
-35.80157579568778
-13.265652512478255
4.132214439973396
25.367148534603857
25.605872623913072
81.41339444478695
29.971079805707774
16.602639041870887
37.26475299270194
-23.29117235192038
78.30511044472698
14.741738925293575
17.064882997737755
24.007037976909444
72.61176216884826
35.538555987674215
-2.941369722393034
-32.61114678893274
-78.33400876027355
-45.43885195623991
5.2163392048112485
-32.542035687919494
78.62326684366525
54.36895526797966
-16.403423517828642
-78.8452075011113
62.48164979742293
52.70750145115366
1.9474450453105163
40.471836651639734
-87.06032663685251
-26.036860101421638
30.527301191355775
-38.28069234705241
6.676098049659785
51.805898557339134
4.598671974017066
-64.9251929707927
13.306319738969393
69.66267211271929
67.60379224773882
20.600430494646318
63.637863210980555
16.65821905397135
9.075632407155751
-46.26789352560343
0.25320074416661953
55.106148985681926
76.18137065897997
-10.712555248189844
-79.21082568548898
-43.14133465270098
80.0202933046696
46.39607221145113
-34.109399235568716
-39.7476142576195
-18.413860288048525
2.472079827340991
64.1181449461435
-18.631785579015627
-61.896827043619524
-1.7633041418720126
-4.3252744435098975
67.89681061941886
10.315354357927632
18.82642125276297
-27.796600704931635
59.83319234111349
-7.544962932574933
-40.15579045581716
44.1749517972799
-88.50470215689826
3.7651495350549737
-35.08883053885099
-8.066700431031876
61.595000630117795
24.706962491182665
-36.711841018214805
5.728540547726354
-0.22747612212208423
-2.044545764670616
-49.30788107063863
23.39427763357331
46.70811227139541
35.75932260995336
-60.13023270532697
-34.641872949730725
79.61494896163987
16.288789762228205
-20.725699605845904
43.18120576917539
5.433762127312207
51.009322623273846
84.46214604162407
-4.334083965809043
-66.42112320095895
29.788321306252584
25.14541259908924
-3.801945570559397
80.0181941465716
-30.11659881220237
0.9713804836430739
-31.266357615971685
57.40287508371253
-31.477042365336956
39.44169359389335
81.89422145080584
-30.389002002635877
76.07774814395927
-36.27900120041281
21.773791106823197
26.481499087654612
-13.227431936989461
-74.26115350548662
-90.96727444468384
33.02253860007545
19.119303926709435
62.94117188784699
-43.93495516989374
-51.6385059872672
-70.32937435202389
80.9642122559107
66.7365390812198
-2.3059005984064953
80.99740840050305
79.8456658540805
4.783337290158201
-5.868865773838891
5.375337876438593
-32.45273259483098
14.306979378299019
67.41363203417359
49.6017613914419
-72.44686772695198
-85.05901297718131
-23.379796187745598
0.60152509689064
-52.17451616574404
-5.457479208254739
32.49113729313373
-57.1560731144284
2.6488243339005493
-64.58522467642804
-3.4315461158631138
31.64231619168791
-41.07032099820361
10.699218935282559
1.4691850278731806
37.85009541089971
-9.887503788409305
-15.462824705627952
-13.551056471172132
0.1444755115969798
-31.385512677169928
-10.418422185139178
-24.60308651926728
3.5090809810427572
-48.123842208687016
22.73829896079951
80.96026646639845
0.4964647519582144
1.1954185285086112
-16.80019590217404
45.97397556944969
18.770171690204748
-59.4833273109275
53.377145412248694
-56.78309041829296
9.402818669659226
-31.99684455647892
26.042213778577604
-71.93567669418056
8.985619735063992
-25.395809983705803
39.12668000788133
38.595492065278506
6.121399440725099
-22.052182673478285
79.91885520727485
55.05045842064399
34.21231881950254
-17.932608554308743
-17.728795628659228
67.82798726953922
-16.780686746913958
45.081846902136505
45.595027341136785
80.37711609400108
-13.688315298054306
-78.6521163702282
18.055023440303785
-57.37162519598934
-62.59739061413263
29.193842278338508
-18.139416928990357
-3.7918875936487098
-7.811730896917908
-37.554160280383854
49.238402342385285
-21.063942875096473
63.24395308364896
-42.09562323348909
33.374327084602896
-16.387463696933224
45.9505608315242
-19.759403183643002
12.225173834338335
3.7197933287555998
23.723197348639744
-29.9834170294845
77.66337343701716
20.852324046887958
29.71230567305996
57.2900517007229
0.006951067820523349
6.619983868927221
38.24317203484941
-58.23149266423343
3.593349907791321
64.57708639151926
-85.42263342485353
-7.5063759881560514
72.4365793486993
-68.54920889316463
-37.87975728506624
-8.78756906827229
-83.25259453651985
-32.54275174062161
39.83717615216432
-51.205596935038194
-21.189952273051986
-5.504443299249715
16.632738601096335
19.765904795416972
-69.62592082820782
-64.4950205941162
-82.24575403557256
17.664532705791714
-34.88108201100769
-62.891476943305754
16.148823713997885
4.633228655886697
-15.11348761289581
-23.286222104413255
-10.36067960584586
-14.776378752494267
-51.96685351099892
-7.574100958928668
37.41608565060642
6.584072690525062
52.95903503195396
17.403703743207316
-7.948650308648439
-70.15827581136351
-94.61113361259167
-46.47985032850578
-48.99662022351107
-85.77843783005285
-17.739334925885203
51.43926999634073
37.51846544066805
10.235228626858628
-28.84713759904521
2.9717170894905394
-48.83470359722461
64.11424078675026
-58.55672541151278
-12.108026450514458
40.66281076977603
-41.215066691341164
-6.667312546831155
77.36980115214084
11.473052764878588
-0.09169749753712608
-5.074492871201059
-11.540086560810153
51.43555381244718
17.235063095869137
69.67780929533129
4.635070281244779
-20.9986200356727
-16.49712402847507
-48.39294239898915
-17.483526023900467
-1.9630593671239893
46.224278188568064
3.112736922898492
-73.26029485102231
-18.30058619735682
-54.95285725414542
40.32785187000067
-8.723322038631807
-35.16095151353894
10.004623740427732
11.657769307126358
38.60354402777003
-46.82739316308013
-86.80758321750336
-3.1173287467421744
-30.680071341222543
-44.652985889733344
-60.286366692829745
42.34203930563581
-72.58543374806187
-3.3286493357522886
25.53418575898783
-23.024391974499935
3.2848198288599946
4.664901826356626
-6.048313547730757
-4.352427455945673
-58.6829803286072
-52.08516776815338
-21.462557725954795
-1.0625989257083717
-39.65931896456357
19.846690357250736
-58.70677914141593
31.900272404254935
84.766212747687
-4.179446335204176
8.03212445958836
-0.9508359908512034
30.044906572300306
-12.621437227928823
-84.54679646845881
69.10252409247713
88.54297083346992
58.86778367326286
23.98842987462993
4.254382836814585
-11.922191837257628
77.70520825459087
-19.61725852012357
-91.70157104629136
-6.743943893256528
-11.043006727566933
-1.2064003743445397
-16.281083148999087
-11.062242597404492
0.9675129079329423
70.13025085914069
-3.477211227418394
29.670506481012055
50.26120558981242
57.76488013070386
-74.84522509685692
-22.62540912006682
-8.142740542475707
-45.702196600810254
29.59712509810184
1.870430834143903
-56.05357954640456
12.787762423310653
-12.596975017176305
82.61651998118967
-42.09849200950012
-7.9324414675826205
-0.044478604837365765
9.766993976849108
-24.40582140833645
-68.22562799146202
-59.44697223062444
15.484332075793972
-17.521142766576148
32.87684247970469
-16.30231260577196
-10.551904953949432
29.67893976159398
33.84437991896917
-5.428756367872651
-6.949631066922635
73.58761140122527
-43.99868416158524
46.93575226179345
-16.783888274789206
-10.727410260641847
17.183108459241296
15.733554205721347
86.95451498923924
-50.96081830771368
-30.644787019060132
-12.331796214894723
6.76365449096518
-12.764689150552414
7.078271990067094
-33.43342015179944
-2.011224314085865
-54.97086714085295
28.345103375454528
12.111566363053214
-1.4026497645913736
24.50123676355973
52.77938512446573
71.34584716509562
-20.28444152506691
34.14300295209327
37.91940844953288
31.61137493483278
88.86763157134973
-19.809687639385984
27.840280701096262
34.29212325117268
79.70065477413087
42.97762957319932
-1.6473765113291705
43.75520541734795
-10.039548692705978
14.928126022046243
31.717002634098918
-36.36978652917377
-63.79495208570129
8.655501895786543
-51.02223318457681
26.32384247186144
17.135268312071616
18.783749796418945
-4.437560952753401
-33.094927291233006
-0.8947357502938758
13.888008740219917
47.3044436782273
-18.726282729832533
72.73571033341557
-59.53575768677849
-29.105440243200945
-41.651554266600556
-3.074446526013162
72.95612853156445
-42.121110745973205
19.74395460791885
-43.644782750407224
-15.7033126858327
-4.561319680566342
-75.30403105504618
-61.88651030409701
66.31415016623566
-3.3744083808612686
-37.51204825750216
-53.65061958663726
-13.189434940882421
-1.3060689324235426
-13.167814584626782
-73.18430121669174
-7.450634800746386
0.6930465686670004
43.39357500993583
-51.59118658553799
-15.252719268715992
-94.59741499162328
-9.835311915584256
-81.6217749670123
52.851510537931034
-39.91848416203262
74.09703789960267
-29.780361028706295
11.039757527152332
-62.76702659521209
-33.73661747493533
53.25606062663255
-28.313416334481246
20.09679172558343
-3.533411332476007
-65.73095743049018
9.3715317777516
75.87958191356097
66.0172969454326
-70.44540674542392
23.83197094834341
-59.34599770247444
34.39048396887813
36.13897847294791
-1.345797866621183
-2.9548884600797436
-46.21572808725586
10.386082825376974
-11.97078433271301
26.20342922436184
-47.583349693583486
-19.038481874251687
-43.28427461066902
-26.302958276610894
0.049224522301202
-10.619211171236302
5.88279884125879
-14.41954141543573
16.359224486003143
-32.182592826159976
4.094524693197826
-86.5427235962217
-53.56970156795673
-10.827036773764377
70.37179738371913
-78.78760238499802
52.2940630738382
54.64770482334282
58.2501334171138
6.902138407971194
-74.72510358134885
48.183339066579464
-79.19924504828842
-5.419527293096252
-18.070363874309493
-14.762943320870292
50.16159389384231
-8.504567660556575
-37.705574877391385
-53.06279723158381
-7.268480500679075
-19.999758555549647
-6.306774918116886
36.59435126344371
-2.4137099879132506
53.41353714686596
-10.595028001480799
-72.37182256285783
49.480791051326094
16.990477230417838
-18.033571585218482
0.36522706367918545
48.17305156831745
18.46724999141027
60.873990229623075
0.051388542732084375
16.220756160209334
-30.924875491818597
-24.996288709105414
-18.933718821575084
3.737517138838939
-16.698710718024927
74.42459875756023
-12.341672861895617
31.27296220835612
-12.746382145825592
-66.48166771322829
70.37259426185955
-66.36226953599218
35.29186470907618
-44.57601594220424
3.5825998373321113
-14.009101415410115
-71.90532307841771
13.792306966606517
-8.993940669031659
-49.158135918903206
59.33169270635517
10.319579443932426
59.573210571730215
22.917872066281845
-50.117117438219346
-53.070435580732116
-37.997701740811806
-60.1988216640349
35.78613754085001
22.37131131321908
-17.631104428167205
-24.323868793922102
45.39945491525256
-11.715842339912555
-69.51951884642793
6.218240414548461
-72.68484754413228
-18.783795855270853
14.25057240616151
-34.38275763162611
7.669054558704204
19.518077635248957
-45.4371664337159
-54.42952782546786
11.408413341832158
-0.2576645955842878
-11.486670040595541
-2.6980656884597494
-2.6884882492829973
30.134176662336998
-34.421668962697076
-28.390420505628313
7.705814662322311
25.811368304993607
25.0802727262557
14.015409822326063
-78.96832722034054
0.12761934236144157
42.82350521474851
-40.779852105113605
-14.814019597672797
10.336501150612364
-36.41922008303042
85.45402079120902
-3.378446030488533
-15.467891146446632
-28.290062085497055
3.6271533690240574
-18.7088071060751
-57.18207262853389
74.66223687624233
-23.65861621130699
-28.794447520587724
-11.461218641512517
72.00219251919694
-3.544593026972393
-35.661648925521106
49.975198302513064
-36.55131232162853
-13.76563557529569
-32.61844550683152
39.39769332537628
-0.9830536627686968
32.31087288406874
-0.9330947144528636
6.627873569666946
78.29459813667009
-29.148940213428716
68.1172452449369
57.32740125717012
10.083603989592007
-24.06277441808969
-20.039403013122865
32.90254055689445
-11.84107160598964
-67.44022666752592
-19.705538590093354
90.22382540896436
-17.1294140767434
30.78286173657048
-58.47865504668798
27.07169935339975
34.42472567684072
36.52406635282287
-12.437323042285684
56.567647977694435
-4.009204019433184
-6.247573008959392
-32.025357891754425
-5.428420020754146
-25.705127429780845
-13.938307470623386
-7.9418731775475635
0.01847042175016611
45.77197342724054
-65.15748267429873
15.371476276471085
34.10938432660194
76.30572035175229
11.169674906430288
-64.9160496006885
61.43343944160864
29.95795459546906
-10.483123514258423
18.72562958878342
3.1244850356026035
2.819365529259713
-56.806544724855655
-90.10562189218763
-80.29751796716997
-22.496344012934102
15.677505369458459
-15.277285888675891
-72.24162659045552
-0.493363411063811
-47.20078006520574
-89.59655954787856
25.790046479727522
0.5993526470649613
-31.171009859794736
33.641762871943
40.025056184565386
-58.787799257515445
24.977900158898166
-12.698663167508101
-26.56087799961894
-35.166278991551486
-36.90861451482776
-26.981438262664327
43.75577846513758
59.896104755347295
-78.6320086235214
-11.478928154117156
-0.6742163080607639
-2.2450877716023285
-12.223116479696614
-41.915428608142555
-58.510755846299055
46.77964141788209
44.85976654038359
-0.5854823098485582
15.219433593331175
20.82895531619789
12.288365828830123
71.11591323664078
19.16683899373983
-12.314836709957035
33.330093316988126
86.89476151848561
-52.870729487730166
18.295694923230386
-75.96501096066606
13.926632112200622
49.57868207320524
-3.796837718877967
-38.29609936331811
-14.86775734529023
51.96688912431446
-6.409303380726655
-24.32468738418342
35.111782589416805
13.200827948813739
-68.62247750259546
-21.547735556976093
-5.460148561358636
25.435702338409754
26.21105826799007
-3.495544362759972
50.821510242824274
40.756666075678595
-29.82066601434559
0.13510811861577565
-31.47769370804251
-13.878212139380494
-1.6364062808845858
-25.465977032405306
-13.234578207895396
-4.9892607040084584
-77.35963028214087
61.26346502368551
1.467724887371844
23.20331008900679
16.323634588050055
-18.025981942979243
-0.20689212874498253
16.64150782261231
10.56876034050731
-33.59313019055661
40.73648991083883
18.083686675795747
-71.42800826218696
-42.49963188841108
-12.023514968254432
46.42368227820495
-20.60772188308296
48.70618169329606
33.16293686098152
61.55840900685325
48.323564091209334
69.5996849873938
-70.46991044559098
30.098796580838552
12.821704292262993
-13.206807330037677
-43.38158570938988
64.14520977938233
-4.235374874439685
20.601974913068418
-52.91088487454136
-7.461420785372056
4.755690089167132
79.3829594896209
-59.230411105337346
-10.548566690347428
-18.493340883681967
-15.857296220156769
-62.59396340879489
14.163256273880222
-5.866645841056879
-45.84254147508308
-43.43747010216725
59.45095200349945
67.26977995794573
-18.371626584519703
83.32451796428705
-59.9199985403257
44.03591782407577
83.05435787381853
-57.931050899108826
82.57121178702602
42.9805772598327
9.098875216841236
-17.51438432151889
-22.19218267110925
-62.94194509772073
59.47942636148056
-15.551604443168273
-53.4240253218111
11.21418601579937
4.776029080986206
-2.544621706490261
-18.155848390337127
-49.38897331752609
-27.5025546211088
78.05550947987231
31.088691150088977
18.21717867740614
