28.436860684397345
-35.3121530155536
-56.290329017663055
-55.88142074827197
-40.588533198674256
-30.101909846200726
-43.740282586230656
18.027522165993048
-47.82848288379087
28.64254190227919
15.962409661798233
-29.526604757405693
-6.0756871352914885
-15.209390885888098
43.24403169315093
27.008164161745327
27.128418668436936
-29.711012690368108
48.64901758323319
49.19667692516995
-30.78502669895974
74.56257270374113
50.991984964668745
-32.45011469625656
12.747847720421092
1.09418072458719
-40.9373699074877
-29.409792658159887
58.558536489940735
-6.01320827988161
86.80767704443437
-8.526776671584813
-13.779650999737598
78.91767096621754
-29.459358285915542
36.57252591556366
3.263183326085908
-69.4132515750828
-26.298308009979905
51.63300058920882
8.97549420583536
15.233048748873628
-35.0755530453725
-25.335248794022164
30.19906258936436
-83.41602128115265
75.75583474138293
-59.43087032501328
46.12396611978815
-14.663822375088088
-1.5514859860150807
4.340841274059613
64.87906641831864
2.5437479470312496
10.296845346013583
15.451869849417008
-20.445501289198404
-73.07943037124102
-1.2217818437817698
-1.1923789890262384
19.825723222245117
-31.485386023700144
37.05596725558908
-0.759498424873442
-15.721211288108549
-14.504161167269956
0.03747765609321618
39.893797372574
-7.172661954065305
-10.28900277477041
33.673981476256756
44.871663354399175
-50.17811284905464
-45.06485372919446
-20.509553018184647
28.758361779195667
74.48294224677716
-36.540699933176214
-55.43851245504369
-39.17861903651503
-14.797242661736291
3.5239104693572187
31.900676609428416
-14.801093924108443
77.40572434705268
9.139134793389658
37.97940199003409
64.63306650075165
-54.209961430841716
30.252763282405823
-51.64986883466612
-27.25938562226419
82.66885524766471
38.66775178951198
-34.70930421976336
63.269033401938856
-63.14838843472959
-29.62006854942409
24.914006070580086
-16.41422026177048
-1.4566286215715962
86.97051919500655
-9.25245898340306
-64.30460900676255
24.03126070986646
-7.697260917976337
-63.83472051898786
68.06255511765056
-60.84400899936992
43.66796667700143
-1.1374391092222993
-19.436981688351736
8.691513225468356
-9.537198354359418
-71.86659664992271
31.64618310844247
24.536105710833112
-3.496350247312236
0.30714442579794365
0.7043152661325394
-27.66088579579889
-49.16440971493647
-4.488606481863144
-30.41635723443774
-28.496127218907333
4.136299902875038
-52.208356176949664
-51.82806155444665
61.92139473033657
-54.1434372463251
10.595446811731335
10.129399497195195
-29.048446917239687
24.61659182607761
-17.03638750925083
-0.612792883690787
-25.627448423734393
-58.253990639945506
57.544416085168365
-48.690193330206704
-48.165020613013795
-19.520579010646188
-36.58746399504361
-46.2623240534221
-8.142065731206387
6.505013329892634
-40.73308204214721
-27.4790936160976
-69.62581438921818
32.94627713716244
-81.68851992243528
-2.5865470106835033
-4.783234500910211
69.16699022223781
-3.5935527760975816
34.12337369826403
17.98785418531014
-29.936446152385656
-28.368717137522367
-48.07536342129836
-48.8397871135504
21.198191256793194
-34.96175921221402
-58.90230895615675
65.96986315530614
58.41788584059864
6.571476660378565
-62.282191816082666
-39.93133438747751
-28.254654094256168
76.20533484978097
-6.377888433586833
-0.3048638400978092
19.804065734794676
46.38641141210999
-10.741511480105657
5.289976946436994
78.59469773140793
-6.265090855692563
-12.81978891226079
-17.356416515116678
-58.764293266823
28.210153363788223
43.72552376473226
88.55376354309107
1.7533974008927515
25.693549232472776
-28.68354847228096
-34.28860756089696
-41.65511190365229
-14.251525079054318
-83.79292721316901
35.75561261235458
44.45299226291584
-44.89237088643374
62.48670837965108
-45.79507034514137
-15.113877488640284
0.6003213494501409
70.34015614912482
60.26126073758462
-49.04445596158046
-54.50908985090289
15.564256370165964
-47.843811370424476
19.663379793693835
30.548153481852353
75.91042521112243
-41.91096512368263
-11.422729459256317
1.7180227590289832
28.239212048428286
25.050059131064543
81.25306572549911
33.7307317882393
18.587653713176664
41.368505892759856
-29.57272971749724
77.2014986493428
4.511302019218704
13.834833249585913
27.497042069623006
63.960498531014906
30.902673546631036
-3.7258205863271456
-38.323069456174856
-73.16688461209628
-36.32928836026056
6.080269902948132
-28.587875153006337
70.607804045618
39.4051617518237
-20.738951153832332
-74.45135635587826
63.53854146985839
48.93112140448781
2.518007273710765
35.53201201091804
-76.04783111105543
-31.175502922052928
34.8049708084603
-39.26882280765136
7.101726321000811
52.73057196519676
4.502684387985781
-64.60331824220128
14.936134878413839
72.82311462851504
67.66720074097901
22.461494212912882
61.69701293832358
19.095398103945527
10.011759035819011
-51.634672839218354
-0.5881638747076323
59.35438004849456
74.17036654841542
-13.00036337524702
-76.59319659952813
-49.15286482202153
80.13858877750059
50.871530397650304
-27.81364126461216
-41.13233702165635
-23.420354656007305
0.8499703104243821
57.56235758335171
-23.769551423702197
-58.59365152553415
-2.6316668221614634
-5.420881657194229
71.74566410503132
1.9902478931358871
20.635967155249816
-26.316799457724997
64.32205801836594
-9.889326759608295
-33.79628021279362
45.21635715373432
-80.56717114454302
4.275542469102376
-41.53627707534675
-10.803846048359404
61.88262237353476
28.115086468036992
-32.482127151092854
6.341808633137859
-1.006660994130641
-3.031192684737519
-53.789656631208196
23.495538477003592
51.39872921750327
40.15192877525007
-63.173692480684046
-40.78216602642789
70.48009260153799
13.536469929122205
-25.43606605656737
44.07949319667375
5.717458501372832
52.52271977077683
75.55189458025555
-4.6012346715310315
-67.4809576178632
33.30145532984659
26.565177246228032
-3.484814979884291
81.21547589864068
-32.07062482661284
0.30444097354899213
-36.68854477639324
61.670878528293656
-34.10254630339671
43.291984007319854
81.97507817436232
-29.76232529425826
74.16440681646455
-35.466424885559405
24.940867195877473
22.14990432836339
-12.088570791690259
-72.14369439335795
-82.961158631606
34.33242079645484
21.979977767751137
66.07861832243688
-37.53357617595953
-54.0375772758547
-70.40598559993585
76.32014817458222
61.76085429804567
-3.588081985620178
80.87169678190114
80.66349004873553
1.3608961327383184
-8.071452781147045
2.2109562880526
-28.423962919589968
5.180294365191301
62.130394663601805
52.248931482977866
-57.834605130707565
-79.15284207339491
-19.862286264632658
0.57575058326087
-51.75803596275129
-7.5431626814836505
36.621817449990175
-51.912692923568535
3.3431638476756547
-57.68996785779839
-4.920830643410966
35.382952002550695
-34.03902145534608
12.377277116094518
2.015127001038749
42.67923442453528
-13.09910002231372
-20.17639542010417
-11.804362671523748
-0.44350010787039196
-34.08776728570188
-13.755213844685429
-29.510608920370828
3.598042602679726
-52.98683343358531
15.174307046101276
80.57901692717553
0.3581513820755191
0.7650559140281814
-14.705597923189885
36.26018727827355
9.82643588781606
-50.03714812686267
49.48186489878918
-56.53898015971091
10.305610802796622
-35.812683392948074
29.810205886484596
-69.60227490060738
9.913426578632723
-29.59054194387889
40.527225986337356
42.61197894858944
6.491013157501911
-26.492791797150332
81.6428122978397
37.58194739329019
37.86416940966913
-20.111174614147373
-19.38549277075208
64.04574860554214
-21.586429161410507
49.266486330932764
50.44166145269958
74.7475521712013
-17.48295584568625
-67.01209266322039
20.623238008889388
-60.96815245698877
-62.96420686461343
33.19199179572968
-18.50225789197762
-3.5096585686917905
-10.085138568363718
-34.756056104462665
40.1230042812613
-23.799852034912362
58.16501329413549
-43.21758764132148
37.108186042510056
-18.185694591195514
50.305871225179715
-16.429487424007036
13.315617829378354
3.5575631430106966
27.182265709977486
-23.03445494555818
80.04409034059029
23.296654004290858
32.740841980062186
59.46691138543082
-0.3528524864782696
7.41410055606454
40.57513546842094
-57.69835546553219
4.13286505080724
68.76679223461966
-79.40263350351407
-9.933860676086255
69.26840777123152
-69.13232736960224
-44.06259058916648
-11.578118753083345
-72.16454376638191
-38.49798870218705
37.09951240526755
-52.41723606617128
-23.288165379254465
-7.549020913108862
14.261478287888565
22.112351348174684
-62.65020654633867
-60.340339134292584
-75.58535328219608
20.42184588553762
-31.099434512817382
-61.977629815459856
17.935950152869495
2.7802166175070653
-19.322241220670065
-24.36800071786142
-9.257325059438585
-18.899546077216215
-51.689314616133416
-8.678444976239291
23.82671171057899
7.658631478862176
57.98667801268445
11.68386228393598
-6.786123821372826
-65.67049104138118
-83.22203984953649
-50.142517956468105
-41.19620189121228
-76.55600280266306
-18.060435343506242
49.14006561174787
36.379645282675654
11.297825219774296
-32.94307607640988
3.5144777102115796
-46.23369942880899
67.95384324390827
-51.64837352965323
-12.433825979717213
45.28357673249221
-46.834524026574066
-8.797725060078719
78.63061742163435
12.957674909887558
-0.3898810161129376
-4.22438549946159
-13.04021956427458
52.519383133406535
18.47540555526554
72.4068908223135
5.515449989925486
-26.735030865874222
-21.177861547317093
-52.18778381067991
-21.57657928310701
-2.988207428646092
38.9844363099937
1.92309869304475
-71.73166288618633
-23.701745461426043
-43.70836918710037
45.03513751988419
-11.513348100220838
-40.58390933307155
11.040011183091423
7.1306249765819985
38.33333828866259
-52.62228642224055
-80.55272369391987
-2.9421207545109667
-23.43997627922775
-47.25222767644558
-62.47216139796249
47.23818813023203
-61.309596069664344
-4.663602980613177
29.2493652136789
-24.80865604178885
3.1369648314855425
4.689544967507601
-5.81517717862252
-5.211300976004011
-46.60372640047124
-45.14320261330925
-25.711415248655356
-1.9736819951010602
-46.37901082355323
20.312743808797464
-48.208688410814375
36.21333015614783
84.86196086721358
-5.578963025080725
8.692224794058248
-2.021001840339565
31.87408991500476
-16.51986528168017
-79.77559345873408
58.79384548701552
84.66509528924192
41.65188110951462
27.29490553826544
4.196736490713192
-15.273327639111045
72.16646705776787
-24.85910989564516
-82.24047005820485
-5.950078061019099
-14.538599912231362
-1.105569491449998
-19.425032789164234
-13.88160155151769
1.1472993310358817
72.55232030797862
-4.824112666199639
33.66411674118751
54.3445780785853
51.516092294547974
-71.35401352265069
-27.045159434655332
-6.885893703555993
-43.42588762057858
33.72930361062248
1.4077099050086588
-57.51101981146922
14.3136396626697
-15.877363763498394
82.85138223773987
-48.02200747185372
-10.593400833993357
-0.9005307080109048
10.614746188237604
-30.595397244029968
-64.21813782806296
-59.87130606613549
16.981420374335073
-22.730391092607633
18.22057132285113
-16.30796183533758
-11.792105250722898
25.521611722630055
37.441218541163096
-7.311395656444105
-9.413895658451509
74.0702112951686
-43.9845793043645
30.20562813774268
-19.365447099489515
-13.42337685237986
17.866019116365905
16.518431002180023
85.2212359808959
-41.62189280625781
-31.054306231714406
-16.166733488659006
8.070653573326794
-12.968699266123508
8.430194980051368
-39.755358168785285
-3.15180638069036
-57.990655038235964
30.049822885531682
10.658173017038237
-1.9960380299705207
26.181975686361156
49.044477455387465
74.71695399952745
-23.922535901571862
38.50008939009709
42.28788724543671
33.38771947311881
87.4890475851443
-23.124229201854988
28.76457671183718
26.311917931978897
73.44242100039259
46.01266459425952
-1.3679620746611363
32.035353269794655
-12.43738293850663
17.20369829803326
35.8506067986597
-32.67166887873756
-62.898443643408804
9.936458231863512
-45.18902531469865
30.210342374814132
19.212830829379257
20.865141553373874
-5.60317563817685
-38.4951390980856
-1.571135201172595
15.537208107391905
50.47903388737558
-18.95269226762497
70.39364263913214
-57.29821887622411
-29.527470665226744
-44.59562489855729
-4.644765240033749
75.72670786551197
-47.84486373784536
14.906522135403293
-47.658004180024676
-20.447206521590616
-5.793055578351073
-66.2261792164002
-58.40129829105743
70.27340365112198
-4.617396405543133
-44.23685287118373
-53.5473226918835
-11.402742094663068
-1.901069886416309
-10.93144941471293
-72.4778844989138
-9.950434446626176
0.42007953479966886
45.14926887596803
-50.64033785063722
-17.263825110910858
-82.65169438777562
-9.22550608159115
-69.65208062119925
57.78625800520061
-44.189248197105364
76.83536091201401
-25.5624550518654
12.48132948227176
-64.53755218699733
-39.10049738222864
56.34764066400618
-30.9095541764583
22.682366276753626
-4.980194920229863
-54.97323982598536
10.65839604415224
76.30928372618615
68.3651036131858
-69.94216982464404
14.72500386028149
-55.6397269166663
38.49107409057581
39.90539071332316
-2.1626828415796098
-4.182153056937594
-43.93480939866062
11.463344560302488
-11.211828920144484
29.681408518223023
-35.091007739751156
-17.29745572165895
-43.03901887301833
-27.210782031910327
-0.1001001162693882
-13.932749733581403
6.260740242673904
-18.93003565135089
18.054041400307554
-38.72129749573316
4.043146756516464
-80.06836498499803
-52.87109357819263
-14.299430782984615
68.8764741023978
-69.98974010279072
54.77423917674298
53.450486072466845
60.612426816406014
7.356521592961641
-70.94931932065454
51.13192284510433
-66.81664855510066
-7.514480255913071
-17.064470814837648
-19.207224574914008
53.59653736860537
-7.17504768971645
-37.21059731146871
-53.75468230072807
-7.96728545958689
-25.047635689686032
-8.212090748005892
31.252889072777776
-3.168024079609367
58.39223382721116
-13.99273209663913
-56.74566676915249
53.94077010363506
19.681726477143044
-17.306451524464777
-0.40649195111872416
52.98476262992921
14.28752777894735
60.767159480651685
-0.188966554954618
18.759781749167345
-24.0012965453204
-27.139186855274204
-24.36400050382713
4.011411930550381
-21.772067889141937
70.74873617935404
-12.424803923995825
35.638790916607746
-11.649126819556756
-66.6439057573458
60.64907638419831
-56.79984169289081
39.696889299149575
-50.44529290843731
3.5823239242374427
-17.758620802727904
-61.58277972602364
15.184410817297703
-11.955714194317935
-47.426255110468595
50.091651710652854
10.277113962854187
56.87907737899587
25.101211217170473
-40.81912516595493
-54.38702123407707
-43.87222852822644
-59.86681832904614
40.463842945592035
25.296977101142105
-22.672069298643336
-28.96507044165294
50.23021008570524
-10.942154322815185
-69.65610731908615
7.2022389992130655
-65.17421934418658
-23.823522936319307
15.976985665599742
-40.069658223503126
8.265965992199128
20.36670605497666
-45.98329034417772
-56.672791433421004
10.724880738628414
0.2933576790065615
-14.164966899264115
-2.519155459374531
-3.645218415764276
28.710507251921157
-29.59051446023514
-21.305439222086463
8.527427266964452
29.530361237562545
27.061121846791963
5.215664161250018
-69.37508069898365
-0.4368471767842692
43.14942171968835
-31.293480685318997
-18.9643297896519
11.405091713010208
-42.331670256670634
84.66300135797692
-5.018504350931849
-19.81154635979206
-34.991726115000205
3.489370522380753
-24.1216496309454
-46.06311002104983
77.61771023665162
-28.945365469564507
-33.498151574256724
-9.576221447223688
71.84782979737875
-4.445910507778393
-38.92759215817044
54.248528311264096
-41.144134874410234
-12.7425362746839
-37.38649904167186
41.708671888396
-1.466543394767072
27.50598947227533
-0.7785344046069014
7.052044300652682
65.40627463329665
-32.687889731602866
70.27779608586047
47.898924860328975
11.14800122523853
-29.851205787509045
-16.981153434412164
30.1641904284524
-10.41344038290029
-52.96019095568416
-23.686060424145353
84.91137256503777
-22.154841520017413
33.10090375631307
-56.00308702227964
30.155869714681273
39.034345007370774
39.65955254749437
-14.695589916748716
59.22971374233052
-5.776630203258549
-8.109661224260734
-36.52019254998638
-7.233933936998284
-31.99586181552526
-18.068051806643126
-10.350560393332913
0.6447814661177205
46.403670385081824
-63.8644521640123
16.490602854232165
36.34099621108561
71.56161544322984
12.363628629958214
-60.85588682459163
64.6992014688181
34.14904033329347
-13.562491555739797
20.763460181520088
3.1491213894636587
2.6318072639090957
-45.893829460459024
-79.15122152971118
-69.68069685662242
-17.526551880002785
18.110532052422883
-15.470971752459633
-69.47641329595169
-0.9675692589265026
-43.94384679284143
-75.95311343057386
29.222002979263237
0.9072487500597504
-27.745293292797626
37.1839247203105
44.70824134393192
-59.44723773328687
27.91772144343615
-10.84402407079179
-32.72149061686264
-29.32320308451358
-41.73177987981956
-32.94502279781297
29.13916970435578
49.21329446832462
-69.74000898110543
-14.888799995119555
-1.310416819715499
-2.7468304415464644
-16.06861263612727
-48.408813754731966
-60.02846154147128
51.321662204071345
37.23482191649168
-0.3476004194940714
17.49266817179752
23.977006498806134
13.022959672835427
73.54902517555996
21.86299311029559
-15.681413347963783
37.539718622044944
78.39726910093282
-57.35248454411902
9.811430279645535
-60.19627340902986
16.29634472171506
51.61960692851275
-4.83660057431878
-43.98624582277219
-18.608618777929237
52.78395985975777
-5.968805277371871
-21.231356498437478
37.882408465486975
14.5676162053214
-66.9329392806535
-27.45943660830828
-7.055974474691283
28.92744441724713
29.910811436088153
-5.070350558143346
45.550457185930895
33.51698307324713
-28.89946705962859
-0.06890105748895792
-27.67781592318562
-14.322357015105794
-2.0512843999873382
-30.895613203564523
-16.023347467635332
-6.952558957214677
-70.0853062793343
55.83523691621926
0.8548958851643249
26.38516467772807
18.199837290599262
-14.963544017723862
-1.0435864125849292
17.82903256015797
11.881774436452773
-25.202205850708125
31.172434630611974
15.851465419201588
-68.83398981639786
-48.77720850350757
-11.56077934529246
32.73764180304602
-25.43877200136164
49.681287499491845
37.15682890399168
59.01688628013022
48.572524564181464
69.7964921614631
-70.91699627134858
26.31174179995911
14.9859187337876
-16.654357826458565
-48.98457807029403
67.85722078956204
-6.008486490727989
16.880654723932608
-51.45462635204745
-9.89694868388274
5.398643102130123
75.18873466815532
-61.27479044430978
-13.031747813809943
-21.971511967226107
-19.961352257070658
-58.74629184007433
16.4702791625991
-7.303898409500334
-51.363132153449705
-48.44281735855418
62.599145725155864
53.23383623177557
-23.30967651691529
74.19700777060686
-61.172193887799104
48.200572906438765
81.42974209159996
-44.605783468021265
73.94485126463317
41.96309693554798
4.116306008964983
-19.465143946944323
-18.298532875458392
-62.605012410341544
56.20804575506571
-13.075873636001305
-42.495872040250816
12.400212262906521
4.836553246773974
-3.9965051123395483
-22.74320505723307
-36.71755482832447
-24.931682829864343
76.19870201127958
34.8764977478603
20.08033717113223
