27.85949726644023
-35.20820597097342
-56.55591270745781
-56.140560677387
-40.73339073862371
-29.87444864783589
-43.74243118507222
17.635637414884428
-48.04177996361741
28.24845400287583
15.79228027721524
-28.947542974769632
-5.944183343893641
-14.775572952965035
43.58925781225915
26.402546073504766
26.727802893540186
-29.78932158502998
48.5997868296908
49.301251143412145
-30.876750485585347
74.45636958248505
51.07252386624327
-32.43278034504178
12.499554464224161
1.1432124218320325
-41.01814796885519
-29.016490157505856
58.1516141745486
-5.9645750833885955
86.9149427645564
-8.127291518762306
-13.279744342678143
78.96018731906781
-29.373001484528743
36.382630687646525
3.1638387838730324
-69.23262337163892
-26.124576518011736
51.22296760887281
8.779871083564629
14.916579648032396
-35.16259736935848
-24.831324622011337
30.21877090005941
-83.61442491281971
75.97416045502763
-59.532499994851264
46.13067877414443
-14.606488459992093
-1.469593943980641
4.472082351720815
64.70030231201909
2.438364249040845
10.603894883778963
15.754654821008941
-20.521494075016477
-73.06611766713854
-1.2942093697063086
-1.10330951980076
19.465747076240547
-31.53080474840455
36.586497769047355
-0.636969171291625
-15.612763670258047
-14.395146360944963
0.015598218771984307
40.05217921310478
-6.778315886437355
-10.079520623939004
33.32890365985065
44.99045387842412
-50.40723449352822
-44.95978337987846
-20.241749887060067
29.032772544981484
74.54111806013492
-36.31736997703047
-55.69835043164383
-38.88244779180559
-14.828375158611152
3.6231912543629505
31.635123852271022
-14.598229537106661
77.32794088671929
9.416009542662223
37.82732289325858
64.86312608890756
-54.45342604280097
30.617338222492407
-51.87769236907418
-26.796583881082185
82.69590586018285
38.34768417025256
-34.65430837454667
62.78677427206756
-63.46378150668664
-29.721443702364894
24.906965969564382
-16.465123217775172
-1.5386459435558493
87.0835540387215
-9.26132784870758
-64.53835682852343
23.943698835475843
-7.600152756664926
-63.58269944842778
67.99276413873775
-60.70241920598379
43.654408542595036
-1.0738035704063975
-19.38777740516376
8.486246619506275
-9.574553215234815
-71.99460246241456
31.019786430622446
24.436520745074503
-3.4119881283990736
0.3800825949076483
0.6849152686726683
-27.123773332660676
-49.2735691057661
-4.504305832911513
-30.510050877794242
-28.563598101574726
4.125835902530099
-51.79036679256309
-51.901323636969124
62.15919750584894
-54.367527028403124
10.357977881431424
9.934701619740892
-29.135114610633124
24.687635055820223
-17.08510742494566
-0.6917833388775136
-25.592958735159627
-58.263185131856275
57.03335819751709
-48.8824416897294
-48.35544804183483
-19.16526948177888
-36.31754350052212
-46.14980510157287
-7.902413403976226
6.335100173776539
-40.37273040010871
-27.462292984423087
-69.75954050493314
32.375176587409726
-81.73812868594649
-2.353135047611076
-4.805609568431677
68.75249988121578
-3.5816567216156443
33.55147871854058
17.78462810255884
-29.963475520368405
-28.46793199903388
-48.28063399189502
-49.05816810962442
21.429941729102694
-34.4255782956268
-59.18071847305353
65.58285250435841
58.45388490521239
6.503377483411668
-62.59236768315506
-39.67054109833646
-27.770047736698615
76.3333236599077
-6.173436679578572
-0.40376141610572347
19.48201168068492
45.710273820434224
-10.652151727562881
5.309074184139206
78.59669285174118
-6.1158705445455865
-12.74973697296194
-17.13114267626908
-58.769350513278255
27.658289555148812
43.96623151430208
88.55778921136655
1.8339961060950571
25.318471299261518
-28.534870560520304
-34.29870523054476
-41.827668401969824
-14.1092623169137
-83.90222579954077
35.792211925869054
44.11701547075239
-44.33982647794912
62.41848084144979
-45.99330331925868
-15.008136589306005
0.49648842103509594
70.5058966877329
59.897954352299564
-49.26430016677137
-54.61801880061764
15.579581129972539
-47.921837535158076
19.717155884133277
30.174433837052717
76.02148671387911
-41.4735984129956
-11.385834785278078
1.9286784935879808
28.01270439165181
25.175063746536978
81.23944492717766
33.325675607887916
18.352626126543214
41.00029864987977
-28.925040019364147
77.2424186715609
4.8294155348090015
14.048425577055411
26.936299036148824
64.19570830583385
31.128894983761455
-3.805368680268927
-37.95658961720222
-73.33353355491332
-36.42848002857864
6.003818327134439
-28.66667769790665
70.82540171910588
39.74778685633811
-20.42291880415634
-74.55514838388224
63.51476379976759
49.115424044201745
2.6102728351400515
35.758124353909096
-76.3695991723464
-30.87454800840942
34.11694257707029
-39.36755131206705
6.931082074743799
52.75099660618622
4.624147256933128
-64.62376215061045
14.640049863203714
72.5596884911424
67.68351583412598
22.383699671313607
61.80948814772901
18.672647874253144
9.90022182988784
-51.25826494068059
-0.6030040420293119
58.98100275918469
74.2535509286395
-12.994973584972598
-76.51423758620126
-48.69781265251133
80.1119784402463
50.456635713500646
-27.849780055257355
-41.21366299413295
-22.97300218545962
1.0440153591824952
57.779621043465454
-23.286883745383705
-58.80446542977023
-2.4532720002529658
-5.488371804689351
71.38129465189846
2.286721202568657
20.5439806500344
-26.4083988298501
63.861996242992234
-9.433958781578355
-33.895250584622985
45.24700876588636
-80.73427863826952
4.2509122285892715
-41.030855450979374
-10.506905832490673
61.90790006142984
27.636230588727585
-32.59093740926831
6.219579735534822
-0.946818683788095
-2.851839974344344
-53.512022727899435
23.590125424611657
50.91272095906484
39.63826544083011
-62.90018488477494
-40.33804001159767
70.71210262997522
13.739451619155034
-25.146360196083137
44.12003685062081
5.57772387073436
52.50804526323219
75.77547308734862
-4.666577483269904
-67.32188740504544
32.984261258658194
26.56896302281234
-3.51491886566545
81.11669401712868
-32.126206044406615
0.21760903568190315
-36.37058452801345
61.28080999780039
-34.11961666774577
43.010249293698706
81.94681225271094
-29.87246783953239
74.24420932313498
-35.59915567486
24.428151966180465
22.37887866759182
-12.09955267526351
-72.14736518138344
-83.07437079658096
34.35514410517928
21.49280152307773
65.85529460528997
-37.667215441209194
-53.98587443166056
-70.26647633721544
76.47197926568177
61.94467248596621
-3.464167954043873
80.85698870980781
80.59249785330275
1.5912613869726329
-7.8778841133169095
2.435707083152323
-28.50027351914993
5.486018074258567
62.319099226775336
52.14271118177203
-58.111221641889216
-79.2409258083239
-19.861957975571855
0.6977753840992591
-51.89455067507826
-7.338447662569749
36.13277391658184
-52.14521361049349
3.40162357866366
-57.95651620298308
-4.940400964826225
35.03298015049083
-34.13352754657549
12.097326211784079
2.136311151496969
41.94424892395594
-12.731191181211514
-19.622939869575305
-11.642724650471493
-0.37262963255149373
-34.099538160151816
-13.255757510924141
-29.23890128818644
3.5420968293114328
-52.667676967889506
15.458329450043166
80.57831611329712
0.4736630635885746
0.7833916772639355
-14.696203294718728
36.55189232109362
10.129595648901002
-50.262349281903894
49.66760063448859
-56.644450516035924
10.11269445952425
-35.72508968647613
29.20343888506342
-69.67304802968658
9.805290847995792
-29.443315319420776
40.541896583213315
42.283504797012
6.328367758880958
-26.279210606261785
81.50195073605786
37.9517359353714
37.58401163843868
-20.139905648780967
-19.438177489964005
64.20090629656042
-21.117204872445797
48.9278617325584
49.88389972489597
74.92176745879752
-17.221262487288485
-67.34232780863914
20.195149584898147
-60.676290476134064
-62.95977183349592
32.62259609521246
-18.573718619848805
-3.3633478858245525
-10.043473493262809
-34.89080225128462
40.40211983835175
-23.797334839280865
58.357285969336516
-43.308439374080635
36.7940534571795
-18.231069354054313
49.92466259630092
-16.388276102580363
13.283819228088618
3.4342336283299204
26.623380704332348
-22.99427063776207
79.84586883273937
23.074224224708516
32.54890073118639
59.37814505808632
-0.2320197813355236
7.262813404041125
40.51440138139452
-57.81025155164763
4.182300658042848
68.35162930859565
-79.49135919117259
-9.83723303601829
69.39765195236473
-68.9778694532379
-43.60797932830918
-11.099962661497855
-72.49770226490341
-38.08457514218186
37.2795168562528
-52.46853068487264
-23.326788647038498
-7.480991554380978
14.454257172185109
21.883281034434773
-62.92856084444927
-60.568735715354585
-75.78260098351464
19.9444139751499
-31.201478468246563
-62.07126644562971
17.77760403339545
2.9758047889452826
-18.98614351140678
-24.444226795050923
-9.096995664286695
-18.576411084077748
-51.82049234544863
-8.742008876370392
24.17506705562974
7.5264057712523
57.3656347827891
11.943680996980703
-6.742276528237042
-65.88699391389055
-83.48397448644424
-50.00721330249044
-41.35317752021183
-76.8316576758641
-18.130766455410637
49.290121794443394
36.51649268151235
11.203950096726956
-32.820579871913196
3.5401744728823843
-46.42195894565898
67.61231508496269
-51.88650953476481
-12.494141304586748
44.77061006507225
-46.46489770800114
-8.757828605898894
78.5334888209855
12.665433243192297
-0.2350840385558115
-4.1153045308290075
-13.092020976175888
52.53135934722127
18.465607949288213
72.19884205629091
5.471779826507898
-26.16406590367201
-20.741258914714763
-52.01631610547719
-21.358601204775738
-3.058029054111813
39.241135649133895
2.1021002622419758
-71.6996328603762
-23.090232161568935
-43.868908831290966
44.47294802921152
-11.341007086879728
-40.27108696917136
10.89806671260341
7.374460512509486
38.43653370048102
-52.1638214638246
-80.62565043545838
-2.9858578337881454
-23.400778504644038
-47.23831458090775
-62.31222853289648
46.60791897697348
-61.61209374281481
-4.439695010960364
28.64614103997279
-24.86393357251768
3.0085100731776038
4.544804351114706
-5.851068327978751
-5.285147536842004
-46.78835242747921
-45.33724602744062
-25.52539703429754
-1.8692011290284682
-45.811204306261764
20.3837857584668
-48.41499194774452
35.58247784179488
84.82898297755398
-5.279258207524919
8.504204279579767
-1.9827751471830624
31.851283031857577
-16.10480094593973
-79.7686885240628
59.056240233432646
84.78829020033686
42.012184507077336
26.8294879462113
4.062081079309792
-15.07771302648976
72.3427650105929
-24.389293479940903
-82.44417884800518
-5.940861974916956
-14.169935509301908
-0.8375224087832152
-19.358689276302087
-13.798901074332122
1.0770023395759978
72.3768649876865
-4.5872506531879935
33.12423066518255
54.025759947780216
51.739066582327894
-71.46338599476144
-26.841777396311272
-6.770852237788915
-43.60137364378242
33.092469787061844
1.301043622764766
-57.49786212126858
14.031137132733548
-15.727989129590512
82.81279501545902
-47.59214362795199
-10.408608601542682
-0.8830368683033214
10.61198537848145
-30.014062004660573
-64.42776750015027
-59.90561854506395
16.902791506508038
-22.13874829542027
18.58375191169948
-16.371292998742717
-11.851260201233188
25.744355603437995
37.170331088995084
-7.001703368824778
-9.18465323651533
74.0404103242615
-44.11744294188836
30.579126648802713
-19.36260149633307
-13.358214913307037
17.916847317907255
16.55629473310657
85.27423858530426
-41.7731507599559
-31.157724912221227
-15.750366457453623
7.942262211280919
-13.02771613759306
8.288735737720259
-39.27120122501307
-3.01459119855177
-57.82457320987802
30.03498670037942
10.828002252465993
-1.7996543687974338
26.157042218650076
49.227734234487
74.41575414046238
-23.821050481605837
37.94989015657532
41.835850242630755
33.372526875555764
87.52640789559962
-23.06095038884189
28.81135524523745
26.593518796621396
73.62968534832552
45.873823593911
-1.4072399515651028
32.35518624945826
-12.411421368004241
16.805179659738045
35.3281308336189
-32.786791768989616
-62.98051166971141
9.722822410163289
-45.385822443179286
29.551223490447583
18.963218146477928
20.697837858398614
-5.227868651725757
-38.1856221296062
-1.4311449740462194
15.275107356542748
50.317347168403614
-19.024927077874196
70.49675988250226
-57.48162397961
-29.626969912010736
-44.56724790225824
-4.568108089309433
75.49913662379407
-47.45032941349879
15.150092799578829
-47.504904730467686
-19.906867436239793
-5.417475992013792
-66.53369393841389
-58.61713357272785
69.89638564762774
-4.365518052245832
-43.674314384825585
-53.663431728695606
-11.369589746719456
-1.989965859957806
-10.817990605480261
-72.35371953719041
-9.59032449017515
0.5026884472279107
45.13391506841839
-50.798157370895794
-17.296930713140853
-82.93992476323234
-9.247051196776823
-69.99200300089652
57.20792585815815
-44.02829130129599
76.6074715316607
-25.608472857636002
12.197629346917807
-64.37635553183577
-38.797811486313456
56.17875945561721
-30.92770402436787
22.358160874603897
-4.765708026233469
-55.233892837421756
10.41916045099616
76.2750915662088
68.21806664632635
-69.86861175160769
15.028673586608406
-55.86216915190838
38.07257625274076
39.617931318255074
-2.011095274273785
-3.9697533773250626
-44.11208761639283
11.370181339257798
-11.235224845378553
29.248492751302862
-35.15180084331337
-17.325076521349544
-43.1780871729224
-27.29616793853522
-0.187818433769948
-13.650909080152204
6.333409844132731
-18.343328471475587
17.938776240666286
-38.18362059756892
3.9265126716505563
-80.16762989633307
-53.015076789227265
-13.827694056012731
68.95527998850903
-70.29171325255358
54.676337184996925
53.55945012333257
60.5021869660483
7.173198633923974
-71.08075905322076
50.996266590668796
-67.14984577336247
-7.335232183559157
-17.11098829297852
-18.729136931244426
53.39195320386611
-7.062570819957003
-37.344575371702
-53.82828081903947
-8.03403742816542
-24.65234064552176
-8.21103895395072
31.490839009772344
-2.911626349476876
57.79349206575125
-13.50310301683939
-57.010978100877296
53.53176870993576
19.216522419174964
-17.36065530665725
-0.40321409194599767
52.45619665589243
14.519823775094764
60.81471680950057
-0.05444345221872027
18.319851574385652
-23.976939144129815
-27.180771108025084
-23.787969156228897
3.909373285230373
-21.16371196808376
70.88777734149923
-12.480565342046688
34.92690837343855
-11.47201367921204
-66.58847453869762
60.90203032484476
-57.07293507757965
39.161648400708
-50.00142511124343
3.5088563303737033
-17.5267888176961
-61.884155256827604
15.094263725721845
-11.572975675364233
-47.60366637667781
50.356463631383946
10.38197449406313
57.02351310811363
24.99217388658012
-40.962826322634854
-54.41632478637224
-43.47469485060209
-59.949095961809014
39.75813563366327
24.93614421312607
-22.16478387474899
-28.739583698128982
49.67829656663264
-10.963476337011343
-69.53132601451964
7.082441042691869
-65.46098212430655
-23.382771231769524
15.698307460528767
-39.71088781049157
8.069161828043491
20.407850104804695
-46.09463956241977
-56.603735239659414
10.86466142740079
0.29243600140650017
-14.114723394389031
-2.563965496874303
-3.3997765516068625
28.864118025494676
-29.66664956110698
-21.227677340271057
8.48006204313377
28.9392330917281
27.00272633182672
5.517619395041692
-69.69013683511446
-0.3599853726162934
43.220297267818125
-31.332119540589673
-18.632926469789467
11.235815959206107
-41.93096776265792
84.67599458314248
-4.9380684399664005
-19.444326347374343
-34.366404100050275
3.3863639904691354
-23.536959906712113
-46.247064434693335
77.36165057666852
-28.57993124602561
-33.29077600890078
-9.485409331015703
71.86057877443608
-4.111453173955098
-38.889970410920505
53.8873984675796
-40.95474711465882
-12.763088901664844
-37.177378064266314
41.65011052456876
-1.5569504637632008
27.73871676286153
-0.5256531697873328
6.883725612909927
65.6841099099191
-32.62845116899378
70.13902993760112
48.16955959856605
10.904302423730499
-29.370353565719356
-16.95959307213309
30.35223728889767
-10.254107125933189
-53.195146344368595
-23.52635785341988
85.0687719883966
-21.615037738953873
33.02793801229521
-56.1969638010253
29.907502886399257
38.30929488595697
39.49724179147577
-14.703150260378578
59.09651037616004
-5.715106793782823
-7.6847013112316205
-36.34947090725752
-7.234640674235209
-31.422044311330723
-17.67761764162418
-10.279690921315265
0.6811825851606983
46.45411918453624
-63.957921244711684
16.485654208059273
36.286264159426025
71.72325840734749
12.141128902181535
-61.080784678217015
64.4667687704171
33.49149405488282
-13.388769740318665
20.608750891078856
3.108367445078869
2.576870520382755
-46.077176392669
-79.45019797296668
-70.00826377963844
-17.417550967731742
17.687741404830177
-15.534533848473046
-69.57543696056766
-0.8256423510178195
-44.12905899601039
-76.31425667745057
28.791335681798614
1.065211183568323
-27.824123500558088
36.923912424777996
44.15249695567769
-59.470259654376854
27.66039714390304
-10.796687209809704
-32.20017306969754
-29.382732219781147
-41.50905383349407
-32.47880794246669
29.492843112339898
49.495811563270905
-70.04408958538195
-14.642350564785417
-1.1814066827080723
-2.4671042966887455
-15.610438610791292
-47.8725270077147
-59.976109927338705
50.88696469035429
37.499140613965864
-0.11225095906888782
17.092619116366876
23.441482899623026
13.055700417334037
73.36778993268652
21.43075004771238
-15.498247893685146
37.04062697094008
78.61295318978168
-57.01631849728813
10.109080108509332
-60.48989858957628
15.908592867369578
51.569186620906834
-4.906926278900812
-43.62040245947026
-18.408851059523116
52.810110157217366
-5.990450009217241
-21.257352785486205
37.76737619647034
14.464804421376428
-67.00777511344313
-26.85556964925395
-6.659506975326423
28.44455188500929
29.353097442359754
-5.068136472596706
45.76779222504703
33.78084087056769
-29.00650535287926
0.06430958313899282
-27.750733328913924
-14.386310292207426
-1.8097290262159476
-30.52761917435153
-15.97700045298798
-6.88011214656089
-70.35520996463916
56.037720664855925
0.7849589809781747
25.9402256414225
18.007408240746912
-14.909506907438455
-1.1217097136471779
17.8227269870726
11.612000588718956
-25.17193798262447
31.46878100951244
16.039080617721794
-68.93332110977818
-48.27806191889901
-11.598006254417655
33.07734691936295
-25.117960098456308
49.706613291118884
36.75043192044933
59.15268908193454
48.6368288439119
69.79827018991978
-70.72498148610407
26.526490103204466
14.63508709387554
-16.48032338247596
-48.59986744222834
67.53845768258
-5.971373767113761
17.102012561285164
-51.62654305937462
-9.794397132461597
5.405543884149182
75.33206966346205
-61.15265972941016
-12.999383395044063
-21.878122662932114
-19.694453837236637
-58.9702050313323
16.080562910979168
-7.35312725672955
-50.96586999704438
-48.15468139400235
62.39385518260221
53.54291943083322
-22.883809862822602
74.42464963936271
-61.124771997399186
47.86452695649544
81.48328792546687
-44.76492668501569
74.16648362592193
42.088343747592404
4.369295633868376
-19.50526425310541
-18.264796795430684
-62.655840312658654
56.367746530491814
-12.925388335125717
-42.64610479369045
12.273775312891942
4.688674066762417
-3.971867161074698
-22.41765239671554
-36.79585709754124
-25.000542221669363
76.27166866744818
34.49500778569609
19.96358744683633
