28.520644115121456
-35.350731840743514
-56.23759657165709
-55.824011071506604
-40.5552879527083
-30.14543258307245
-43.771052165986305
18.09479843020128
-47.8109438406432
28.7094975316175
16.00067905247181
-29.588149954520958
-6.07648369349981
-15.242058948639368
43.167465630270584
27.09494146524588
27.19622521820972
-29.726951632718155
48.66310929716147
49.18175165027162
-30.79896512083387
74.54859541796804
50.98073450655008
-32.47969048390884
12.795601759781107
1.1137390754093985
-40.95814502792731
-29.461976391832437
58.598563012429395
-6.010829157021092
86.74766316928756
-8.544117867032128
-13.812406480693909
78.87865258964806
-29.492797632340682
36.61457657653338
3.2816382601968996
-69.43998645432336
-26.33475328627256
51.683635276263686
9.014231480882287
15.290843020939477
-35.09321561212164
-25.38791275840643
30.21127371806699
-83.38123900368967
75.68335542627833
-59.44331987342909
46.13108027573409
-14.653626833132847
-1.5397709058470213
4.3337279683453005
64.88866358824711
2.5697039222686584
10.27714253915805
15.421928714829406
-20.452392123358933
-73.08630747519283
-1.211728366771652
-1.1950325980553913
19.889008247370825
-31.44799598924061
37.1264717877456
-0.7632829280607751
-15.739696224700523
-14.483109402915545
0.05618011847725768
39.87244913883282
-7.186755583456346
-10.30205836103957
33.734634271628465
44.856840401693745
-50.15465772042427
-45.105620152739434
-20.543684525475385
28.715436459316265
74.44792236609942
-36.58850511288554
-55.38797523378281
-39.23231999605366
-14.797007806162014
3.5195261649977
31.95338632202396
-14.822589817118669
77.38393033770527
9.121245622014897
38.015931526443325
64.56803667161867
-54.15126233076485
30.192499685759145
-51.63634609250923
-27.31260100468272
82.6262712989666
38.72324527342809
-34.7435203464741
63.30630165439055
-63.09987078632968
-29.614514350281766
24.930953605478294
-16.423217739449626
-1.441550399472007
86.90936533380221
-9.254418458742904
-64.29210361136754
24.060899678145105
-7.700287186326207
-63.87469128158902
68.05495189067148
-60.87910814645498
43.680427884731785
-1.1240834266186255
-19.45741219263641
8.733474955959082
-9.538468287539075
-71.86113572821992
31.732613538828303
24.567615201243413
-3.497833718338782
0.323875632412296
0.7247133462344948
-27.71819016420858
-49.18095837970298
-4.486507351013898
-30.42951117778756
-28.513122583457303
4.165871744368118
-52.26934315685351
-51.84879538978209
61.85653756882883
-54.13475625382087
10.646680102227933
10.168075468557774
-29.038261299080474
24.61933380379756
-17.04628056421548
-0.601210582608374
-25.580548979048913
-58.27796855286225
57.593698120454235
-48.688737982109615
-48.10993063630406
-19.55739236587756
-36.63831484301922
-46.30359090679895
-8.15179662174161
6.541117405786892
-40.791279033023436
-27.505228713984934
-69.6229553454446
33.027629889204576
-81.67259631910532
-2.583098874608112
-4.776037415242058
69.188542665439
-3.5845827168951416
34.20415290740195
18.031521645028533
-29.959872379027274
-28.37774654718565
-48.06722122029206
-48.80877982484362
21.169773324300905
-35.026478936936684
-58.87354302111658
65.99551331779361
58.407573033520436
6.609523904904435
-62.23381109565249
-39.98302224092894
-28.31015248912408
76.15538615769802
-6.382235309861713
-0.28869862995928486
19.862965572256
46.463303408134294
-10.734491756417725
5.2945146711363265
78.56166257379283
-6.266997320617918
-12.81137463543925
-17.38341110043892
-58.78825630779831
28.29180648984817
43.67801708386534
88.50455877504228
1.7736543660783326
25.75885207236155
-28.720755818706365
-34.31632592861702
-41.650399530335775
-14.269195721088195
-83.76672521803086
35.76328658568758
44.50538026358723
-44.9623849126659
62.48710707202201
-45.78432567703654
-15.091469033639314
0.61973324776298
70.2884133913962
60.29506018943238
-49.02737249298405
-54.52382662239709
15.574747749677826
-47.86508017455139
19.668693161702734
30.612691474199295
75.86420070213276
-41.97402237177987
-11.419728153136191
1.712376753471247
28.287903180424777
25.041915249258082
81.21772257843949
33.797232795186375
18.63564848365418
41.426714863203955
-29.637535371895027
77.16523911558258
4.508523730793684
13.81434417561556
27.579697309309523
63.89439592659204
30.869124719410593
-3.7165424618978307
-38.380674607309444
-73.1547031194408
-36.29367372387416
6.117002731047577
-28.57616519152326
70.5407601156245
39.33467674437844
-20.77582586064169
-74.44438552499284
63.531354111227444
48.895981264321534
2.5398951363038407
35.49534557342113
-76.00587821333903
-31.224355947117402
34.894141194689865
-39.2862210702889
7.13561144032974
52.72924213583397
4.496270669479955
-64.6196162968383
14.991018778315123
72.8265835037044
67.6483234583383
22.489306319761653
61.66777793171127
19.166163842518998
10.037828163400022
-51.69332657828825
-0.5712203181366107
59.390473429166576
74.13155413753853
-13.009154410933917
-76.59898875692872
-49.21711386930473
80.10657053305226
50.92358535410878
-27.789497385761706
-41.15306781698538
-23.467609082906392
0.8450919861435437
57.508935760547644
-23.818984057304462
-58.58885985426375
-2.626145886087258
-5.41440346206268
71.75875559384448
1.9931188696849347
20.665336630992414
-26.316803692416997
64.35588880655263
-9.912057398631248
-33.773382160997244
45.21983379177948
-80.54180677547703
4.305875415425987
-41.6030188678191
-10.821705180137911
61.869966935555
28.190225412162633
-32.469502221967815
6.379848792619853
-0.9928540779298203
-3.0266815125244335
-53.84070324106052
23.49365627865633
51.45566020456005
40.223775568431535
-63.215994447265636
-40.84525783172142
70.40835499077588
13.517474444602328
-25.478149092012515
44.081920532895936
5.753139018782022
52.527536440416156
75.47792862969956
-4.595607977030198
-67.50904210752692
33.35936900283289
26.58038845751004
-3.4811098071004807
81.18923044860355
-32.091688814644655
0.32420057121443335
-36.74241598965679
61.70440311455681
-34.1294125129582
43.340008640573956
81.94023533499171
-29.76731947100842
74.12619614171948
-35.47180213858834
25.019801810603667
22.121342195983104
-12.087934360226797
-72.15064141860559
-82.93643455929207
34.34318325542955
22.057093501906962
66.09059687248424
-37.51099006318598
-54.07056533496148
-70.42795673672731
76.26492540546587
61.713424536892006
-3.5828174410657283
80.83709789888766
80.63543858148265
1.3574223224504465
-8.079133556140775
2.2051512381828218
-28.411861452134403
5.173986412813079
62.08114935275134
52.26741318077919
-57.77889196102969
-79.13866187728847
-19.85142147981412
0.5914568835039944
-51.76962057453222
-7.550136250564194
36.694275926894704
-51.89671360967825
3.3684443990195234
-57.666202767437234
-4.913997542374261
35.443338514688435
-34.01287873566219
12.434546883634596
2.034631416090434
42.76437995308575
-13.124733929572571
-20.22335729599459
-11.77799864733403
-0.4286263250304643
-34.11521056483029
-13.787900840292295
-29.556210930016263
3.6271103708476033
-53.04114193381449
15.1458146183234
80.54319821930065
0.37353252513742063
0.7846668814851085
-14.701601136302813
36.20561579479343
9.807690714330363
-50.00177642371454
49.44583162509866
-56.55303115693607
10.344057912098364
-35.85018065071669
29.89591830490434
-69.60661621146181
9.938926400518056
-29.62845257535311
40.5367506280285
42.66532066565475
6.528478365627578
-26.531847883079166
81.61965959143805
37.50886517465628
37.9159783353669
-20.126310993922786
-19.397203992662057
64.00371535573001
-21.6319003328356
49.31392048264297
50.505139947873516
74.68871944131556
-17.511917512836675
-66.9672908268824
20.694206682615928
-61.01424852174461
-62.98489796206818
33.27307934231217
-18.507880258818517
-3.509807342242013
-10.090701148604694
-34.75080258874355
40.06765796484592
-23.821505948715497
58.11878502981253
-43.23717634456523
37.16401909387005
-18.197140756776562
50.355821223923186
-16.41827682524837
13.332311897460684
3.5860958084182784
27.2648552660888
-23.000950526364292
80.02872965661237
23.344460733827574
32.78456232785709
59.474146105613926
-0.3394854705195627
7.455617375887741
40.597236436133585
-57.710766825769404
4.133371460881264
68.7891632373202
-79.38788251382034
-9.941442533962913
69.22663351050596
-69.15752407723447
-44.12706342914372
-11.605424798106938
-72.12202277932386
-38.55838464135988
37.07418774987707
-52.44040386224553
-23.305194507787135
-7.550621242451697
14.243387229939827
22.160715980699862
-62.62630442370706
-60.33098207780218
-75.5653475788852
20.498626057409737
-31.08886334393037
-61.98877586381406
17.973602420446326
2.7722841857875125
-19.357819627220408
-24.379918106985542
-9.241681312549161
-18.933810760099277
-51.701801608598664
-8.677363143672594
23.779207769367176
7.701014778389975
58.04229873637553
11.661866961083248
-6.785939869416055
-65.66021425583236
-83.17959440385063
-50.18467779830019
-41.167504398374184
-76.52266260209758
-18.065682770365896
49.114121761917545
36.36555387307942
11.322314388790858
-32.98173633912184
3.5412762144385823
-46.231044437972905
67.97245308446213
-51.624337219023104
-12.435809365658542
45.35029293210533
-46.893977829094574
-8.800768312046799
78.6087284091241
13.013444823472085
-0.39406997171710145
-4.225137716670417
-13.045423635147898
52.519745501368874
18.491181571033863
72.40645557353832
5.5498169023420445
-26.792730074784373
-21.221171045407644
-52.23192969070669
-21.60969676303006
-2.97656433594949
38.936515682400795
1.9162100521931933
-71.74252694275494
-23.7569717640432
-43.66489480125145
45.1058323402238
-11.527280753257827
-40.63914055308782
11.071252619139287
7.11615725406574
38.32612315484732
-52.68552446033079
-80.53710669044902
-2.936859523155121
-23.404759392913988
-47.28429314779103
-62.50691984063538
47.31096318773666
-61.2665182702793
-4.6647587540108475
29.335020970499585
-24.824765353579835
3.1619761706209033
4.720302222223907
-5.8127995283560665
-5.2047673759576725
-46.55722029783329
-45.11872585697242
-25.747961240683168
-1.9637958094128862
-46.4499267609347
20.315062915990694
-48.16881245715882
36.29730660373306
84.82282192350704
-5.585378615786382
8.729479590694368
-2.009042595193108
31.893487090330694
-16.554168642448133
-79.76879734966296
58.72364561739289
84.60529054258768
41.574273499960526
27.368955425511928
4.226792078125754
-15.295324697844478
72.1099389199833
-24.909494786967414
-82.20748108514712
-5.949565699834864
-14.5670983367107
-1.0998919748885214
-19.44654401590229
-13.895760401551698
1.1595000772639992
72.5486605219227
-4.826170128623517
33.74254601361733
54.38360428554458
51.46684987478258
-71.35148527016821
-27.084209176727214
-6.882897088867864
-43.42461489914886
33.81537921327242
1.4297949010771447
-57.53785826732786
14.36658159621419
-15.898164779986828
82.81621353365534
-48.08498038193008
-10.606031139732366
-0.8851854108443575
10.625451130968798
-30.65825009848676
-64.2103290703585
-59.891224491876905
17.007230269267552
-22.783228308754857
18.183345549408102
-16.311329494469405
-11.795176727776791
25.49219150672947
37.49226142916092
-7.32219726307639
-9.425946745902408
74.04829646327099
-43.996822115551886
30.144342683639977
-19.382518304573082
-13.43590274946503
17.871397152187726
16.525589480365838
85.17135987751672
-41.586337761018335
-31.06533230177699
-16.20043995760021
8.114353839452505
-12.970821315641317
8.475189318506807
-39.82026600060484
-3.145985055598075
-58.03043164410687
30.06813896324317
10.644737669319326
-1.9896589879605813
26.202054107912062
49.00953897876866
74.71973470190915
-23.95176976399732
38.57618858023457
42.352759615773465
33.405486914267414
87.43770458099408
-23.149975275265092
28.77188843877049
26.270047737886387
73.3815324216641
46.04174106742323
-1.361736735034441
31.97958629402237
-12.446338840434677
17.27262052690739
35.9263466683291
-32.66168121886723
-62.91002482555997
9.98618105092946
-45.1697481017581
30.300096882893342
19.262873102541462
20.90518344982219
-5.612858843137971
-38.54939251226077
-1.561539355459857
15.587553041719318
50.506487945699405
-18.95801741098917
70.35599288280685
-57.29952254422728
-29.53802671857669
-44.629481508091466
-4.640291319928124
75.72184766427802
-47.90572991401039
14.881739461831444
-47.702310633688825
-20.494041079781766
-5.803189617155681
-66.1924811787119
-58.395425160276396
70.29023268315174
-4.6195784941900655
-44.30732044482978
-53.56148181099813
-11.400018949048217
-1.8884670708790168
-10.920435257138351
-72.49508603187934
-9.969190080786575
0.4367768283180311
45.160932678795405
-50.6482109036368
-17.275540506504754
-82.6064469328057
-9.225190303444663
-69.60582995247171
57.839576684973224
-44.23452607904223
76.82844534909233
-25.54897740788749
12.536414397437795
-64.56988119957961
-39.15457704329819
56.368756583191214
-30.934587084775004
22.742018762657878
-4.981716535595453
-54.93243953961346
10.709792903288132
76.28435776390904
68.3657633586266
-69.95956015187241
14.696311037160186
-55.632201912197765
38.556112000287754
39.95666923075731
-2.154986205566118
-4.181707411773218
-43.933588559964925
11.487851992296328
-11.211805974994803
29.7519075133101
-35.03823802312219
-17.295100754166555
-43.04956179754907
-27.22311582299713
-0.08666731835596408
-13.956222912172592
6.259230166652117
-18.976303018849123
18.085728427184137
-38.78856234808789
4.073679426372564
-80.05120405217357
-52.881106014732204
-14.331990688372656
68.84542359765999
-69.9575557118333
54.78867440322304
53.43069797385073
60.6207832965176
7.394511483623518
-70.94483622990222
51.155449070365336
-66.76885061295165
-7.520359552573922
-17.06482538841685
-19.249155489565723
53.625208763732275
-7.171800881520269
-37.21819819617778
-53.7744802457502
-7.965231060794352
-25.094655767456686
-8.212525395612019
31.216220432420982
-3.1669271081365764
58.44577563548245
-14.025464989450768
-56.686333030093614
53.988080664405516
19.75757352656335
-17.307811182484954
-0.38951509108424887
53.042495807373825
14.264543137865758
60.751995770147175
-0.1756840999351965
18.833092889416235
-23.969894967024317
-27.15893922599389
-24.418616307741303
4.030967176457622
-21.82411754614428
70.70299854111559
-12.426401058320067
35.72905046642066
-11.617975740960333
-66.66466850316459
60.58022540652689
-56.76401680774466
39.7708380863489
-50.508524621012874
3.6115872946675864
-17.78660286921101
-61.54364015012024
15.210935622953812
-11.979668582606848
-47.428736618742796
50.030164359186585
10.27212018105385
56.84736711380282
25.134184981584895
-40.783631149877806
-54.41164387653126
-43.93334059731716
-59.88130030680568
40.54944263913865
25.3607965721057
-22.720992686655748
-29.00740729851897
50.29357288500984
-10.94206590597905
-69.67814668396036
7.243050575883828
-65.14787083194986
-23.871050476576173
16.02964005121487
-40.12753659214075
8.305927101467304
20.374421717373195
-45.99976490641317
-56.70554327911777
10.715154609004202
0.2971368105616534
-14.177948179673706
-2.513419406668376
-3.6448226906628776
28.69534929714395
-29.574547222315076
-21.26276420620249
8.543107584506132
29.61489447805843
27.086654213186392
5.20886226367297
-69.33914093131023
-0.42215585470808037
43.14641872709598
-31.253470987329507
-18.999093664525716
11.440544434079797
-42.392703684799514
84.61903739588439
-5.015019382095616
-19.8493987103586
-35.060890693191325
3.5183766786226016
-24.176300010727417
-46.02048122310165
77.61150799341235
-28.99557852821036
-33.5430905956477
-9.571082121677904
71.82353101159279
-4.451137569632479
-38.96177840717687
54.29141877350932
-41.19121630301835
-12.742219475489023
-37.433748715021096
41.72972856467419
-1.4535885627789469
27.473136433586134
-0.7714091838843018
7.0853989333143375
65.32299026181093
-32.72139936317578
70.27442650142862
47.83790279783392
11.195493113154441
-29.90834225012513
-16.972188406489252
30.1403843507521
-10.393785731276054
-52.904928999572086
-23.718662386032506
84.84479362165783
-22.204438980954365
33.128079421573545
-56.00269731970493
30.20696522518378
39.122619958500934
39.69645775541596
-14.706077021442965
59.24276513663165
-5.774181952329187
-8.127177026444343
-36.56436164323936
-7.23241482265054
-32.05981168212726
-18.1040265670932
-10.357861649014268
0.6453924243947995
46.40244538064371
-63.873648763488944
16.50477121446758
36.36428475597532
71.50953842103439
12.40738234178167
-60.84714370611229
64.71433196285287
34.236414193849896
-13.580386323597068
20.80176674154204
3.176634273848123
2.6581097020922897
-45.85204081068506
-79.10995798545444
-69.64018929743536
-17.491471552835634
18.182078875809623
-15.47448169057131
-69.47784483494857
-0.9565346857557131
-43.937358177435
-75.89988186433334
29.292395940899212
0.922466719834361
-27.73610024164283
37.233907331120804
44.77883184370094
-59.46874007202379
27.970087733836763
-10.840866928878697
-32.78354682192952
-29.30199367613774
-41.78134210011654
-33.00446891112426
29.082162040410594
49.14699076960193
-69.70735624288176
-14.91246754752413
-1.2997648548914071
-2.745678474913092
-16.103989264221497
-48.47784891112027
-60.056768111542
51.37472014242687
37.18640073467205
-0.3386687929248495
17.561463394119997
24.05841608041176
13.029554611522869
73.54413565964884
21.934278320111943
-15.7035289272536
37.61240310261266
78.32300257289995
-57.4049872321482
9.79255418802019
-60.136338475665426
16.36571168853615
51.63092815528003
-4.829026111934681
-44.04545344117922
-18.636371699319156
52.78155662668968
-5.967206197830166
-21.22305606857688
37.91396446763284
14.595612017623566
-66.94056250981413
-27.51960811406704
-7.0698956480144375
29.002760876875328
29.99238903333743
-5.0644282027104595
45.50844752693635
33.47207405522329
-28.902739753024335
-0.05526342782918903
-27.666763782975934
-14.325848802002739
-2.0468551658420893
-30.947954482947864
-16.03894976636103
-6.953062386550343
-70.06069134397286
55.78822931844013
0.8763721515366854
26.457397481704973
18.242179964806127
-14.953260532212
-1.0272923931682527
17.843987119727075
11.934743817861673
-25.161115498518313
31.12241079542872
15.833370137977326
-68.83629645245753
-48.84408993580138
-11.561233417759226
32.67726834554327
-25.482507787526373
49.68202699701814
37.22164555049764
58.98512542263049
48.56676458891522
69.77676693473819
-70.94207551521149
26.283609454441148
15.051469506800103
-16.67767098699511
-49.0446180888139
67.87424877195551
-6.00570197373402
16.856924998133877
-51.459526552936026
-9.904705242407388
5.404755056330956
75.13675699326373
-61.30785135038401
-13.041992181586636
-21.997945843363
-19.99459553983708
-58.738414954669985
16.539240820147782
-7.301030397887118
-51.42320067435985
-48.49674627577032
62.615042862148385
53.154045741234825
-23.355744927478142
74.12303518333496
-61.19889471996227
48.24901509440963
81.38543335771286
-44.55388532086874
73.87311351863042
41.94870960221567
4.1081739433291915
-19.47845390146672
-18.284389781062103
-62.6204226136778
56.173018620419384
-13.047320632853385
-42.45352877104369
12.430179330005359
4.866817258525813
-3.988836972798211
-22.78354117786907
-36.66517759983921
-24.926330669476428
76.15887599886315
34.94022323113526
20.113100354470944
