24.84021025575032
-31.358691295471374
-70.01138910968065
-70.87123202492096
-49.30981556946057
-25.408682270315907
-41.142364961560034
15.78607297304923
-53.28850753971691
25.3396721680124
14.362553235444636
-23.477246102362784
-4.2579437735913785
-11.564074905049836
59.054299218184354
23.46571612110489
23.956878645809198
-28.369133804846072
46.54602483148736
49.97974677969253
-29.847182784181967
73.05403428059327
51.245560643795216
-29.370792016935624
11.48135871977
1.2863211854186716
-39.53029819626524
-23.99818240760702
54.1989140861327
-4.227177376179853
90.20806504602987
-6.494267780522989
-10.454426489777177
80.19440170705928
-25.73330276920781
33.3880126016748
3.0726611657711373
-68.7106104330838
-22.092668791258674
47.20270962013066
8.278310736963064
13.51157773483527
-33.81230530568696
-19.966707944874344
28.88294861036563
-93.33038353918826
84.25408503637425
-60.04351960084181
44.71705119322141
-17.65993754678948
-0.7007403265872796
4.572542709206161
62.09604338948836
2.87073172852854
19.513409385554056
24.441169136876923
-19.991855758006096
-75.32050273074924
-1.1463912372465757
-1.8158502881953353
17.502689554431072
-40.45535256391044
32.94989044016984
-1.0600644122994254
-12.621949391408151
-17.970477515679775
0.7517271585814171
41.89520813867853
-5.549590356191175
-7.672071953379415
30.073132273093364
45.823178174489385
-56.897825680452485
-41.34789173336146
-16.35378704096695
36.311740716742094
75.86692460365546
-31.70036694984023
-68.58073722031136
-33.87648728597164
-15.863025903632064
3.287097837369629
28.6506388488756
-11.500847842814977
76.41463825187344
15.92164273006398
34.96345428080227
72.91323340853032
-69.54478096891864
45.97600111992364
-56.36649620363646
-21.793895115696003
83.76173102988625
34.85352918977958
-31.212470771550855
58.731197830920934
-75.69733353496348
-32.31572548611064
23.436737319118336
-14.801537920438136
-0.6250603967362736
90.5711381258732
-7.324671947692551
-69.12651258110006
22.02753738083986
-5.596612039356302
-61.157280081820296
66.64637993676021
-58.56842947017259
41.914014315170704
-0.3446499773931322
-16.42080001353746
8.008047935485777
-7.858278676858234
-75.87703551801405
27.70410524193433
22.439577651116906
-4.36348752430915
0.6464027466396232
1.2608199932360975
-21.932370364431407
-48.73482462787805
-4.958610720851766
-29.585749567881493
-26.890752187080906
3.5712302036759382
-46.67383584297863
-50.925886944181045
70.47944224458678
-57.997583468417965
9.30633687271876
9.256256154736676
-32.66973988143042
24.093360593364622
-15.348274616477909
-0.5153546636966695
-34.74901979224132
-57.22578383405115
52.82559562212296
-51.11511343763438
-62.376856273494305
-15.256206401903341
-31.460155680955012
-42.54473949881697
-5.963776895025106
6.183006346591654
-35.065105809854224
-24.474858309699982
-73.0862452204251
28.977226077209863
-88.14188328045968
-1.9580958042346026
-3.3214474002989363
65.05277226189358
-2.22014934967396
30.059633668012765
16.122350846718177
-27.485604440905007
-28.134618855607016
-51.698310617819786
-57.20636638876604
25.59059821373927
-28.629121493774875
-66.82216592406265
61.88843834849092
58.12864690098763
5.402014180323377
-74.80739973256563
-34.848354393426
-22.622529835476342
79.86727767412552
-4.567714520986598
0.1795123227012283
17.551396921401775
41.48560683898117
-12.898236573897066
4.666465563326042
78.98541378685425
-4.419951660284752
-15.409284554897923
-13.68179130037062
-57.7645429887728
24.678083307574255
50.26714391428496
89.25357395990167
1.547900667902809
22.709678544441502
-24.52061734442556
-31.562281008898722
-44.489019565474145
-11.178617044751292
-92.1761385622645
34.64834699923091
40.378950342672226
-38.26652515683179
60.75206262136743
-49.86988199494399
-18.829827073500567
1.109669379330981
75.176236714928
56.123330812078876
-54.42812268282856
-54.56856309095252
14.618298042662332
-46.68972596665487
18.971252746607234
27.118455466979313
78.94211427647008
-35.83568053243334
-13.252471649192785
4.107656788183974
25.37611113196995
25.586708501451653
81.46752268501743
29.98483221187989
16.60799694313026
37.28505762953293
-23.320419751415045
78.34320456512046
14.685799419576995
17.028029430610246
24.01124311442166
72.56698788614989
35.48994973402225
-2.9381739108997635
-32.63740447052302
-78.35285412851663
-45.37050976224181
5.202100025046022
-32.505133011333555
78.59621319504254
54.2614530328936
-16.416129486867447
-78.87771504042081
62.50659079800792
52.67471775946976
1.9297552569999539
40.422245881199984
-87.04189044290395
-26.05386162153289
30.53871940427959
-38.27044798698422
6.67744596014947
51.812381302889435
4.588532945176254
-64.95310833001383
13.30691822106077
69.72376595929043
67.6293276879203
20.60341561134871
63.63637560562495
16.655494747917217
9.079572987613375
-46.312287327336975
0.24701147936019652
55.14949163709167
76.2056364723139
-10.712598008017522
-79.27277216570027
-43.18680013721589
80.07403076655311
46.42830344028195
-34.06103381084687
-39.74120386195735
-18.431947016193178
2.452473585483702
64.07691299950301
-18.65120238769353
-61.880870272023785
-1.77698537349292
-4.322767551528088
67.9611716445859
10.270356385982026
18.8299308990983
-27.77290433693075
59.887929221324555
-7.562072652961305
-40.10365310250005
44.17457999378195
-88.5369176347467
3.751233607629999
-35.12594705039518
-8.078831774340202
61.61079995214874
24.714650176837992
-36.6716005021203
5.718296757997123
-0.23755956454228055
-2.0578113432912346
-49.34859894794766
23.38075962973079
46.742627410612585
35.77963287532023
-60.1867546583681
-34.67491472915897
79.57995992811084
16.255225281318772
-20.739078043815937
43.17884446703147
5.427786479394314
51.02015073853883
84.44022046618699
-4.328527583340659
-66.4748776015371
29.801291863503167
25.142915900624303
-3.796188172521198
80.08196211554707
-30.110225346645322
0.9700900835223507
-31.288522777844037
57.45060175742017
-31.47547880652985
39.46177820751569
81.9516079044254
-30.368295510599822
76.10272964239303
-36.25670492306024
21.776156759842763
26.43510761293824
-13.214761495051306
-74.3044111658288
-91.01337169844864
33.01903393563828
19.117721005312347
62.987980791058504
-43.881378161823235
-51.659578332940754
-70.38655580794955
80.9742200772616
66.713125558732
-2.316231894700479
81.05096399991388
79.90558958392529
4.7545646468655605
-5.878696766620308
5.346635584900071
-32.415554897895845
14.252045736482614
67.38870223969496
49.62124587372381
-72.35382472314983
-85.10256934252624
-23.35170673381728
0.5858961722919815
-52.16728560667061
-5.468000926271003
32.50753902196564
-57.11508750741269
2.631350246887351
-64.54144495502935
-3.4334976558588863
31.657145404481213
-41.01442559814092
10.688985176107053
1.4509380304318427
37.87310836269822
-9.901241243655875
-15.482725982519511
-13.53699189444832
0.13305845665712468
-31.384463942374822
-10.43577012270957
-24.617741649998095
3.499184986075363
-48.166386794024994
22.676040213701086
81.01133297389615
0.4815258641713456
1.185256001914695
-16.78259637804048
45.8946594095425
18.707442233029724
-59.41436627021618
53.34409081146282
-56.78691990566599
9.405488737195043
-32.004662982061035
26.04824623630732
-71.96482732393525
8.98952638418453
-25.4044169834675
39.1260577690972
38.61619490185163
6.116906547368842
-22.062813082192847
79.98716929503885
54.93054189509522
34.22789146196013
-17.928813218063993
-17.722497760354244
67.81733332110909
-16.798644437699124
45.10995313991583
45.629303048402704
80.37629627259648
-13.698628272679983
-78.59624717779107
18.05513435282691
-57.42564391057112
-62.62589090448186
29.205528774989872
-18.127633068951823
-3.796945197196891
-7.814539563973796
-37.5208919264079
49.163956688467096
-21.06249669921712
63.213846900534094
-42.08903924064191
33.39001305136807
-16.382290750172444
45.98118077617076
-19.735764327006734
12.226177028831245
3.7173901357191284
23.726984872340168
-29.93455180855905
77.73323511252394
20.859352139106676
29.722420741767635
57.31650116953932
-0.007145526923110879
6.60993269534319
38.25000389437622
-58.23573946673105
3.591603321363891
64.638179318646
-85.4665332457517
-7.51168841031091
72.44114398867941
-68.60557328887353
-37.917646258337626
-8.80471278738871
-83.21747457949428
-32.57157141420916
39.80347172369352
-51.21264032347637
-21.1848895883968
-5.50952302871282
16.601573690437235
19.772558552592315
-69.59205610081102
-64.47664792909733
-82.26270398085516
17.659581925008993
-34.84375687226545
-62.904687817025525
16.153867143826957
4.610816111789802
-15.126528981477065
-23.27556883024154
-10.35519778006443
-14.788915151076921
-51.960576135552905
-7.569749746302463
37.31926388877187
6.57067061681812
53.006611334543834
17.353459614578924
-7.941702220452257
-70.15270926611953
-94.62710779065847
-46.503999790957685
-48.93472037618099
-85.77741425685397
-17.727587768682966
51.417300436411296
37.496259337963664
10.238847075689932
-28.855806587813973
2.955959404064785
-48.80555832906937
64.17074143660332
-58.50472952804654
-12.099069477819754
40.68939316881574
-41.25185476093151
-6.670515910056395
77.4286775520878
11.46848447151929
-0.10229373863410274
-5.074423698982542
-11.535527163989073
51.44301031359788
17.233971511577067
69.7346025492703
4.619532578650137
-21.022840041696654
-16.513904762701017
-48.42281758689046
-17.492867616227684
-1.9624142070728539
46.160988866881894
3.0949274658104855
-73.30745076555232
-18.32399173304003
-54.87120818171062
40.35448647565124
-8.731075456729187
-35.18667591303852
10.00872052980867
11.61741891067048
38.58876078716932
-46.87879655683402
-86.85601908342201
-3.11177147188549
-30.62914245997601
-44.66259593846898
-60.331194649480246
42.37218832119507
-72.51884869719038
-3.342004345097749
25.539459050245412
-23.01730706212453
3.285950811566778
4.6638096591215685
-6.041437744567446
-4.3487296970637885
-58.596938304968326
-52.02882392031308
-21.471672679918058
-1.0737556101281456
-39.70676219204197
19.83713704200818
-58.63055379392058
31.914889368177768
84.82950045175784
-4.1946576369205815
8.033699583080292
-0.9585777153075838
30.045443958066826
-12.636469986073251
-84.60539053398045
69.03832330483434
88.57825394200796
58.74936638213336
23.99556844301172
4.252349102895835
-11.930191903947858
77.6990391359574
-19.636855510917428
-91.72936819119386
-6.737062241048761
-11.056627882049497
-1.2257936900584525
-16.28357488141944
-11.06597439280587
0.9719574475461883
70.18492396869917
-3.490896845039842
29.683236247681805
50.29509761656848
57.71781265486581
-74.87126324525566
-22.63579322095157
-8.1391369526022
-45.67331169548932
29.608135466188074
1.8701610224208451
-56.074992679632324
12.788533186231433
-12.603221918334256
82.67680063610416
-42.14068627316804
-7.940908499325417
-0.05231480508749087
9.766777746327577
-24.433682761785178
-68.21931635132121
-59.46575125976149
15.48723289863129
-17.5433740175949
32.78146025707193
-16.290232287225976
-10.54670122237765
29.633329154894653
33.85942709305729
-5.442975871028267
-6.960076809076327
73.63053076500796
-43.98485982769519
46.82129575583761
-16.782663225795076
-10.730438238341563
17.176499319373576
15.728604837682468
87.00596323259495
-50.89011266612473
-30.62940187804456
-12.346837038225488
6.748317518855018
-12.755062963543068
7.063129862334364
-33.46719459071146
-2.022573130557788
-55.008831940871794
28.344621850793743
12.088242752812263
-1.417867790378395
24.501160058028404
52.747010134762405
71.41248458511032
-20.28905800016406
34.161318773850894
37.94178917168864
31.611573530858976
88.92600541653985
-19.812147750057505
27.83320968957034
34.22268497745566
79.69229965970379
42.99364904318003
-1.6424103930151261
43.66434662412786
-10.040878221668805
14.922047404937487
31.732400635161554
-36.33226503656739
-63.81136063712981
8.644826143382815
-50.972499915266205
26.32850087279705
17.140734494477172
18.789440529592724
-4.455186925120003
-33.11834301423727
-0.9080450160922453
13.89118477208909
47.32601770639255
-18.713726004433795
72.7488833631574
-59.52515883318791
-29.09028730342216
-41.6603153840987
-3.0817339042765752
73.02023392221659
-42.160883772683476
19.69667336250413
-43.66747495756219
-15.722941846449757
-4.578783126437671
-75.26433079172168
-61.868721813964186
66.37640372261367
-3.3888330516875413
-37.55589345245023
-53.64909619843065
-13.17634930244229
-1.3030158688242608
-13.155779704327287
-73.24372577986415
-7.465001884866467
0.6797232336366648
43.39876767495795
-51.578200550907006
-15.24899392272006
-94.60509098379896
-9.825888447646179
-81.57139708840396
52.89794475272805
-39.938070310960995
74.16316635485859
-29.74417965322786
11.034304847687295
-62.81562067684963
-33.76025004855951
53.284853170460764
-28.310919874415887
20.10306784333089
-3.546130319170416
-65.65826503376934
9.362860361690053
75.92714527824884
66.06239338128725
-70.49433503142288
23.762770279825673
-59.32101641497251
34.4086129942813
36.15630817285327
-1.358886697164749
-2.9682666290900244
-46.18709266641897
10.389676496301377
-11.959630142341254
26.213502812450187
-47.495808868758736
-19.01958166109779
-43.26817834035605
-26.290764561665952
0.05339252726822963
-10.630215791832512
5.877735596659434
-14.43992631767793
16.363392003079042
-32.21761213184162
4.089870173224313
-86.58609831711196
-53.56222157184792
-10.843602553240999
70.38799470726332
-78.76222674089013
52.315589299574185
54.63892201000559
58.28008171522163
6.900621743408621
-74.74660759139297
48.20387049758307
-79.1376872109696
-5.42913745355051
-18.054210738679757
-14.780332659454075
50.18917875178832
-8.500283041083733
-37.68534736318863
-53.06822153374001
-7.26281667596291
-20.01688902130077
-6.308185752501814
36.54112000432221
-2.4298440143114277
53.46141651807292
-10.612095700375704
-72.27138816691324
49.51712963499921
16.984360523416285
-18.018248192854003
0.35764345916429363
48.21072063104074
18.42420641579399
60.8847314817574
0.036376971142487946
16.214621696834342
-30.8757003907873
-24.99091172764672
-18.956453111760553
3.7414599019740535
-16.720915151122824
74.42870384046398
-12.331949326013998
31.28514325498662
-12.732632302650927
-66.52254119979773
70.31504006878865
-66.29941758501363
35.31164888244507
-44.622865292071
3.574279178408389
-14.01840253951272
-71.84560359712964
13.795666801317736
-9.008328157006432
-49.13576045782822
59.26355961433606
10.30845994752265
59.558193857785284
22.922590738584177
-50.046699767755015
-53.082605723086544
-38.032149191572415
-60.210745835956324
35.80595567217614
22.378811624196814
-17.65073734305021
-24.336120348621392
45.43333791934131
-11.70486220387896
-69.57370126614722
6.20496448479652
-72.65378352412179
-18.80186372580927
14.253393829187985
-34.41047635431192
7.667959238686038
19.512120771513437
-45.42918553346397
-54.45598661304365
11.39125889475359
-0.25438605287438065
-11.488854362369437
-2.692662500983573
-2.7036712651063795
30.10820342925078
-34.37974549123728
-28.33964099764387
7.708377005488131
25.817527449120547
25.08263469347429
13.961303369209674
-78.93464746298453
0.11587588290112194
42.816031851388374
-40.71153892725149
-14.826837237747725
10.340397624026707
-36.451878437632104
85.51083663291521
-3.3856269030334687
-15.48205040762879
-28.324291514492998
3.6220599620055083
-18.73165698661714
-57.10149430388949
74.73153194731765
-23.676903446989414
-28.808323569912403
-11.451530008063173
72.03520104897999
-3.5620473876237355
-35.667280604513685
50.01048822138014
-36.56999134343659
-13.752683167549677
-32.635178785611004
39.40496180044795
-0.9796528305179635
32.260910799537925
-0.9524013253519286
6.629456505588536
78.22491935259526
-29.153306506863174
68.16492391684085
57.256061065398
10.0824982439228
-24.086235074996225
-20.01614727479469
32.86699626807794
-11.831999248226623
-67.3431783962875
-19.71290834953261
90.24964407843308
-17.14978755810216
30.787503210928776
-58.46348360892874
27.081908057290747
34.44207604394549
36.53677519170054
-12.436147556143496
56.597618022537176
-4.014987311880262
-6.264762005946153
-32.039118213345816
-5.430187978942598
-25.7340700181025
-13.952816745054108
-7.9459421831735
0.019635289016619595
45.76940547950662
-65.1735960678561
15.37026732096541
34.11383265530617
76.30388633239534
11.172279754654838
-64.89970518129505
61.47853862501833
29.969097069240007
-10.49051144417355
18.73106434172341
3.114273031679332
2.811300567963386
-56.727129126744536
-90.10275911708324
-80.25715631120751
-22.460574590045027
15.671321313279947
-15.26633120276125
-72.2660997615528
-0.5075768219506926
-47.16609215588305
-89.5569800328763
25.79973683840987
0.5813618843114341
-31.13721163104367
33.65636177644939
40.05121385006677
-58.80745953819292
24.98713924286183
-12.686290930088447
-26.588488962856445
-35.119284414376594
-36.930045364767885
-27.00701401720042
43.65125414702058
59.81817180256883
-78.60500141607545
-11.488703100243328
-0.6873588518480744
-2.2626041337135376
-12.239346526867735
-41.964432283902525
-58.54035666203763
46.812958104111885
44.79336742559565
-0.6047729841891538
15.214416523096475
20.82816907897896
12.284735008748612
71.17281680858773
19.168683336348906
-12.322365729190182
33.34745985492788
86.88253171688629
-52.92180916418432
18.23476342284586
-75.86812388415885
13.916005524476773
49.592563492111765
-3.7944091797209296
-38.32886301051434
-14.875961003856048
51.972602817817716
-6.402220429401538
-24.297140897778448
35.12097789135245
13.204564839467196
-68.64645508732201
-21.573620651573805
-5.477221279436648
25.444175078807064
26.21881809273691
-3.4987206800606003
50.77527794802555
40.69169842182211
-29.798691183502243
0.11997312604967192
-31.442102437985824
-13.868738755066133
-1.6533814291457958
-25.485723137983157
-13.23628511022622
-4.994850521190813
-77.34685273331249
61.22748408304844
1.4638889359586642
23.2100248902034
16.32900436356627
-18.005142229630053
-0.20740219358164325
16.640225280739855
10.563895915541337
-33.53402813681694
40.65751276273505
18.053060720903176
-71.45132616882621
-42.547110038016505
-12.01279045384824
46.32259381702241
-20.622306819605626
48.709476212272364
33.17972401506367
61.54786691033982
48.320085550949614
69.63084780582963
-70.53353100024538
30.055668351457427
12.810822201294812
-13.213971459837722
-43.4224298196974
64.20044550290544
-4.239829884851147
20.560858085635616
-52.895396941921774
-7.46699082983109
4.756442401409885
79.39353423217318
-59.269440867291124
-10.550086247638859
-18.497300969175413
-15.868122045374307
-62.5741893013044
14.154218801932288
-5.864972038757003
-45.88788732071619
-43.47114873595947
59.49099343703716
67.17577607662955
-18.38895100589427
83.29792544255136
-59.95081745348191
44.062695781949145
83.09832430721315
-57.83743719537651
82.54747484441029
42.96206982057015
9.059840407318944
-17.509565063682928
-22.164093687825968
-62.96251694287228
59.45922763128078
-15.532583085306925
-53.344172642157936
11.218321112934419
4.775972777828969
-2.5498163418667588
-18.16950350207317
-49.299965784209164
-27.47455031457386
78.08566235854448
31.103344719241022
18.22154281197946
