27.88165140294271
-35.20275024496903
-56.55293572654441
-56.13990237245638
-40.73426110075139
-29.879117230504463
-43.72968335299419
17.645960149707534
-48.0301286288273
28.2583650344952
15.79137829941179
-28.978905887521606
-5.958274193792775
-14.805992228004413
43.589403477396786
26.426820254967595
26.738022496242294
-29.776924565403263
48.600177792533145
49.29998274670547
-30.863922364770687
74.47638699201954
51.07201285138683
-32.4232728833133
12.50258803556477
1.1296184822259363
-41.00276102145523
-29.033627388106183
58.17557595276489
-5.97208833670409
86.93628722399296
-8.160561102864776
-13.316623730242014
78.97758362838547
-29.368537183990654
36.38339255012394
3.163807553470633
-69.23587040312032
-26.127396282146876
51.24226134508734
8.781224035836573
14.922763922945222
-35.148387393373326
-24.859540869848303
30.212330041259435
-83.60814007383846
75.98883481199175
-59.51694872828524
46.128720894308344
-14.616717268060981
-1.4835972289123305
4.462638499029737
64.71601745399357
2.4362912789565456
10.58111768395328
15.737551859612367
-20.513345148502836
-73.0620481797821
-1.2933789671956077
-1.1109880147044322
19.473830215179348
-31.54240817281905
36.60267746748164
-0.6471611153101406
-15.61740532158386
-14.414921433028638
0.00860114633829312
40.048092858106
-6.812291066899547
-10.096232393096955
33.33668516953915
44.98754575181039
-50.39642481571585
-44.95253250011983
-20.255052268343718
29.025711401701926
74.55484335225998
-36.31917834716789
-55.69509020632197
-38.88840634668744
-14.826980568906166
3.6154309965735933
31.638351547580186
-14.610764172658946
77.34898961986622
9.396120739819708
37.82694961836873
64.87245866388764
-54.454680144457775
30.607137264174725
-51.862824176789076
-26.820320836872042
82.71674584222569
38.355429133211885
-34.64617084873935
62.81960944530289
-63.45447784046429
-29.715700351314297
24.90056249600096
-16.45856685331229
-1.5389614250272245
87.10486431544922
-9.261707843874959
-64.5212310023847
23.93920277562391
-7.610126124231854
-63.58744997382966
68.00595892009196
-60.699217747891964
43.65184659140232
-1.0867030730543377
-19.385815075383746
8.48764293980166
-9.572539922837862
-71.9830421907936
31.045732945869702
24.43238429927753
-3.419769271092264
0.36524419962884735
0.6771295045825809
-27.153034124280254
-49.25669085874965
-4.505088919946402
-30.497390028306555
-28.551803434124125
4.114526364671292
-51.80319375666698
-51.88559923624063
62.16746519831324
-54.350727338413066
10.359931963423918
9.935893828202452
-29.132494256058337
24.68025920151156
-17.078372994124692
-0.690982334513194
-25.616279437007776
-58.251162322195064
57.06347135127493
-48.8659048563525
-48.36026770835758
-19.186056621515178
-36.32250411666637
-46.142902815503525
-7.923339147244718
6.335282849843566
-40.38273836585443
-27.454501209078558
-69.7465722147703
32.39729122209653
-81.73755392147807
-2.3782017633220107
-4.808369277610524
68.78602628323128
-3.5882544433466848
33.57386299582765
17.784796746778184
-29.952617051498734
-28.45657018228019
-48.265807517158436
-49.05137149939447
21.420703421863934
-34.45065385584032
-59.16707186337765
65.61164935065705
58.45761605811745
6.494778610573476
-62.58352196350251
-39.67388657322667
-27.794845234151992
76.3471129730518
-6.1930718012188635
-0.40298640382972906
19.48789646052812
45.74477595524078
-10.66398282587349
5.30452289070405
78.61526026363859
-6.131210924556342
-12.760385857554908
-17.143467742585884
-58.757654076790516
27.678602666833882
43.96560660475572
88.58446438914291
1.8174190377111898
25.32711436199577
-28.53478777949576
-34.28731683548981
-41.81476585614426
-14.117538186624387
-83.90044724896552
35.7865584746811
44.12794571718388
-44.36279666866184
62.427588136755304
-45.980343180277174
-15.028175147224786
0.49651408726354873
70.51631078653253
59.92048745356442
-49.25180390316423
-54.601378294873406
15.573322862574699
-47.90586411091044
19.709929743137394
30.183330433167896
76.035237274069
-41.48880181615847
-11.391348915031116
1.910503785109455
28.01361646463468
25.16751769644209
81.26079439177951
33.336981466192555
18.354156519754937
41.011745704937
-28.9617758085802
77.25857993770086
4.796644810676952
14.037195587488768
26.957245876343777
64.2049245234681
31.1229982771047
-3.803683216783085
-37.96774969394693
-73.32125608119999
-36.43442824859609
5.996211176844795
-28.66535199638618
70.83734188763157
39.74539249408937
-20.439758022954464
-74.54619398623373
63.52309388780367
49.11536581099875
2.5922301673868304
35.753845069793215
-76.35593045914972
-30.883936744347864
34.14799015897324
-39.35211261960749
6.931864093879781
52.75187725030435
4.6152974905693895
-64.6133249420543
14.64516334178954
72.58686701568888
67.69352167700083
22.378962083510743
61.81453162684602
18.68482326535485
9.898503523639107
-51.26818543083967
-0.6100304587427559
59.00345698399647
74.26654372380915
-12.993864057508858
-76.5165293179678
-48.713211131792804
80.13297138089115
50.47575654003077
-27.857084062932486
-41.19822960541089
-22.998126854853496
1.0272724915737115
57.78475731078666
-23.314528921100575
-58.78670928095265
-2.4739983076700867
-5.486688782908004
71.41389022400111
2.2539113983372516
20.539764229054114
-26.401413956333315
63.894225897745685
-9.47052567092183
-33.89637898123414
45.24435072351304
-80.72699390327078
4.240601644254767
-41.051134240667295
-10.530121395028985
61.913902685035254
27.65150140525961
-32.58723773333834
6.215409833951455
-0.9595263961975036
-2.8723121916851255
-53.515542641504084
23.58255274347367
50.936774823295764
39.65838848591872
-62.90602662278262
-40.35403820378031
70.72458291508693
13.728637794153329
-25.158074707903296
44.11684388445482
5.575606589473807
52.50950642599841
75.79023346289912
-4.664632840596241
-67.32268649600186
32.99042627009334
26.562433762461254
-3.515146783805065
81.14211563797605
-32.113600507595294
0.21602642784708337
-36.37886115514821
61.30615689993181
-34.107960131981486
43.017712635085815
81.96941221616498
-29.86172289965961
74.25725829164736
-35.58597514202594
24.445773299446188
22.370046047743585
-12.100058950871869
-72.14177276722404
-83.07162737586876
34.349332990107456
21.50895001475908
65.87430850348181
-37.66506349634477
-53.97602489505643
-70.26784316979086
76.48578771489943
61.95080524267428
-3.4797844326932363
80.87807093664213
80.61601109128037
1.5698064642539293
-7.8952093036674995
2.4160309593513034
-28.499322320806087
5.456660011728914
62.325567045001975
52.146784358516896
-58.10832597734347
-79.23616392256646
-19.86736110256861
0.6788895176623271
-51.87709388510426
-7.357109095940061
36.15010628192965
-52.13092865701567
3.385578475684426
-57.941960115716526
-4.94327951572194
35.041432383584976
-34.136298963712456
12.10142870879767
2.116416837669675
41.981383087287725
-12.758117063931124
-19.658899856841785
-11.670617371315515
-0.3866872080877499
-34.08812627648423
-13.292621254451618
-29.2470094922527
3.5348092295873954
-52.673833182563115
15.44285404231907
80.59857572871732
0.45545229050809155
0.7725043138841272
-14.699726848031759
36.54840118811347
10.106835684259138
-50.25659106366904
49.667823319087944
-56.62819058145424
10.113790499325418
-35.71851423744258
29.227791709390672
-69.66267130223609
9.803487798822943
-29.44272456737295
40.53778098205106
42.29319714949719
6.327620734967724
-26.284746111303633
81.53006879011136
37.946995958812494
37.58938804844772
-20.1327847378502
-19.430265230939654
64.20763078351698
-21.145388472958942
48.94143814238157
49.912241632634476
74.9348245757673
-17.23630344385829
-67.32996356620141
20.207436921569112
-60.682461041190145
-62.94988847165206
32.64463119083095
-18.566529092942474
-3.3774264466135975
-10.047158029964095
-34.881818671346856
40.40059018259717
-23.790274768983977
58.36182832700504
-43.29245917574784
36.80099137357087
-18.223979090857227
49.94136257926405
-16.397462286971887
13.278988020359563
3.4328592492891516
26.64419789007043
-23.012500768515622
79.87584838462445
23.07481902702618
32.548886809464705
59.38597681316287
-0.25008288556685443
7.260149017071058
40.511842254994605
-57.79399172375528
4.176809423395284
68.3848284249153
-79.4867688475789
-9.84533142283719
69.40714314455806
-68.97934433562965
-43.62394569804353
-11.13693971084325
-72.483666912043
-38.099058850695215
37.27493910309599
-52.45368128053466
-23.317850398530638
-7.488774191404389
14.444105693425868
21.88422710005304
-62.912539466604954
-60.551187410667005
-75.77070163297087
19.960151493787734
-31.197607335119216
-62.05670737265708
17.77594718993946
2.9603498728180284
-19.005580273816264
-24.433907300966453
-9.11971426587668
-18.595155801294652
-51.80313121896224
-8.738493824081885
24.160779122751876
7.522021180538729
57.40394789198996
11.927900626138069
-6.747263868464259
-65.87027672430915
-83.47520275266237
-50.00161167798956
-41.35121255876815
-76.81836728371243
-18.123835445917635
49.28936407422631
36.51107543022013
11.201334267892733
-32.81704531188788
3.526524775461496
-46.406486882913086
67.63994188936925
-51.875042455115405
-12.489514551748925
44.79294582038182
-46.47445623143747
-8.762371580429146
78.55654460229869
12.670483305249007
-0.24815130783736095
-4.125611924697338
-13.087000490134045
52.53227573029821
18.4595205572501
72.22239062940241
5.4620361787971206
-26.196600288217226
-20.76717685955238
-52.01300023117811
-21.367421067445264
-3.0581485699446773
39.23875332114386
2.0878736445784227
-71.69568014995717
-23.12813786163221
-43.87218131180694
44.49852678444117
-11.353773694475166
-40.277816141358166
10.897121142334157
7.356828957096624
38.4313716226938
-52.179516882360346
-80.62282848713699
-2.9855670087240895
-23.41962722359105
-47.22613275081315
-62.31071189235455
46.6395148006535
-61.60190582111874
-4.462320191565695
28.670209778053163
-24.853782523237584
3.0086895096223003
4.544510873066187
-5.850283004848933
-5.28289119905638
-46.79053817637573
-45.33021299617832
-25.52939882719768
-1.8846424838507403
-45.8350535068039
20.376339898323934
-48.41270372607806
35.60957482241824
84.85426820696722
-5.307093492475019
8.505353309926619
-1.9928775338822362
31.845759784866402
-16.132655636490696
-79.76952627207747
59.06400924220512
84.80775125082718
42.010841894838904
26.843839045552173
4.061177375489947
-15.089322142022041
72.35438631919973
-24.41516741715367
-82.43671622947436
-5.943073952373382
-14.195725532588654
-0.866395491851236
-19.357906090126875
-13.80291615063922
1.076844701007957
72.39873463207277
-4.610763387606738
33.14428964358808
54.04134204521657
51.7414479566705
-71.45229721628945
-26.84628862754252
-6.783341319871369
-43.58666568435029
33.119478484326294
1.300377855815654
-57.486731558701855
14.035625581708146
-15.735603215949567
82.83662026088226
-47.60581847416239
-10.42311308990972
-0.8924322024707152
10.606960693812354
-30.04495519552387
-64.41076666724547
-59.89287821288437
16.898591765928018
-22.17579326121215
18.56239017686444
-16.3657449355522
-11.84643287337991
25.736723159069413
37.17510869403321
-7.028885782152571
-9.203670563781387
74.05664505788138
-44.100765916996565
30.56822988025135
-19.357659630532567
-13.361237497305225
17.909753350090057
16.549514313466872
85.29612080166032
-41.774305708827015
-31.145043559983108
-15.778611628798998
7.937291268905909
-13.023124027349496
8.284534147716485
-39.29045033225046
-3.0316342811890706
-57.82195810816052
30.029067146237878
10.817897333753066
-1.8223042050360192
26.15101724339057
49.227696556232274
74.44706093112018
-23.820155546827095
37.97191877312949
41.852799314345845
33.367111307857726
87.55070933560674
-23.057932076837346
28.80446664149926
26.585034594805848
73.64223600281619
45.87595807762278
-1.407694196960577
32.348680660309924
-12.412201102582301
16.81608547448367
35.34748939085745
-32.78149560050245
-62.966704177714746
9.72328010777548
-45.37648335927981
29.579526858807185
18.965373319025886
20.696221249283568
-5.2616108436415345
-38.19270747515892
-1.4497236170453789
15.278379799898033
50.32264584014817
-19.01776898477175
70.50702600848058
-57.463820201924264
-29.61490518954197
-44.55589942593151
-4.579040402937991
75.52682801011039
-47.46153640672329
15.137615329006522
-47.50033168803463
-19.94156861883198
-5.4510887593614825
-66.51884101476973
-58.59941884106507
69.92843366188316
-4.390384541283225
-43.69815941296319
-53.64650136721163
-11.37467019820825
-1.9887287311818653
-10.833814911267197
-72.35556026167814
-9.619281045073237
0.48699890079132047
45.1319660509771
-50.78051080221077
-17.29089935996963
-82.93001905295385
-9.246597991078048
-69.97914911684116
57.2429700098906
-44.024434406854326
76.63621535347983
-25.61076541786639
12.202217656176572
-64.3757955749463
-38.80424233016754
56.187889182618704
-30.91693047053718
22.363935143048423
-4.787323765655515
-55.22687029830829
10.421215318286883
76.2932811382158
68.23496664222802
-69.86583941695032
15.010833900279863
-55.844873255805744
38.08598739557567
39.624361042401745
-2.0300998870444573
-3.991872764765759
-44.097162265315426
11.367502585862326
-11.234468427271551
29.26089645110612
-35.16795662368585
-17.3247572958672
-43.16165828041646
-27.28473869849107
-0.18697780365080519
-13.670322926787875
6.3268257226307725
-18.382938413737122
17.935565324697805
-38.2072230905749
3.9239596831244796
-80.1630671503404
-52.997513078510245
-13.861892056749952
68.96483435182097
-70.27631391066156
54.68156039432688
53.56015648193471
60.51163479297986
7.173913215790549
-71.06855953377949
51.00084915074453
-67.1384404151874
-7.351893975086682
-17.108011212610776
-18.759852055850914
53.40100882424335
-7.074928981749508
-37.330255806013795
-53.812720496699974
-8.030579006639982
-24.67230717945054
-8.212970563463614
31.48511331035192
-2.9380226158454548
57.83049858451642
-13.538984572004509
-57.01045444093823
53.552515646378566
19.231542285297138
-17.3566284480967
-0.41188368368302974
52.484187828676056
14.50774279723717
60.81964983555858
-0.07370475785332076
18.33327785128745
-23.992759319716015
-27.170259259082073
-23.82256476949985
3.909169237330687
-21.202822584763766
70.89818260748035
-12.476461394941538
34.95995172077829
-11.504030398240502
-66.58286791481419
60.910346161193445
-57.062761839736396
39.1830635384168
-50.016007990373055
3.5030125891402264
-17.53932014358182
-61.8724791489347
15.090700135934597
-11.60204101489127
-47.58688568766486
50.35969811734333
10.374184083743828
57.02628047048583
24.988338656678593
-40.964651038570814
-54.4026276837916
-43.48661970688908
-59.93436018903236
39.79213871196643
24.943944759189307
-22.195167582232273
-28.74466823047912
49.7060975897119
-10.962923222411092
-69.53134337117287
7.07741022445758
-65.4449829929904
-23.407095517069763
15.702353268127737
-39.72096511745809
8.070387900403958
20.400763991499105
-46.077902602156506
-56.5952871027035
10.85577128162619
0.2897740915356479
-14.11611931856811
-2.563771226331852
-3.4249334430777196
28.85716495860241
-29.667194266232983
-21.253752292020664
8.476769721745768
28.962424169721643
26.99750382947626
5.488999490147364
-69.67523274627897
-0.3745227644259046
43.21659637678363
-31.34538634944063
-18.65226686485927
11.235786643103836
-41.94343900605097
84.69901236405235
-4.948982961256547
-19.465825629097324
-34.398324092968174
3.3831222574478375
-23.572419632952048
-46.24786856110283
77.39287158990817
-28.595237522874356
-33.292593599844736
-9.496578690327937
71.87364764543295
-4.142921637670128
-38.87987217586557
53.90540497910956
-40.953138717671536
-12.762656315499228
-37.177979107887644
41.64787891017477
-1.555710051574053
27.731664276129564
-0.553602662670599
6.884470043807113
65.69626108506219
-32.6211873027254
70.1570777172968
48.17184121473932
10.907247228470112
-29.393900006604966
-16.96612902682898
30.345846809049533
-10.278582292037214
-53.19592826639356
-23.529633284316702
85.08791186557585
-21.648386695214256
33.02380107862939
-56.17910272580587
29.909637577766517
38.34427364649261
39.49779297155172
-14.700086548018916
59.10597750297558
-5.723855701823609
-7.720324926689742
-36.34782742951453
-7.23719024102428
-31.45154556304061
-17.702284267387924
-10.285443282145721
0.6766857832441531
46.45174717105954
-63.944006172175506
16.479690776717348
36.282335929159046
71.73431767208675
12.143070274451603
-61.063223788419265
64.48516551008822
33.520118298840714
-13.400006508293686
20.606656744898146
3.100228076805948
2.5703237421968623
-46.07772256117013
-79.43794830925779
-69.99413202247935
-17.44360209015089
17.700113227475114
-15.528941716931627
-69.56376572687299
-0.8448622964111792
-44.11562150186392
-76.30182559466371
28.803554783965538
1.043303974537011
-27.82183203084226
36.92807192702253
44.17746550830188
-59.457910484507345
27.66274195625303
-10.803169781996388
-32.22523110082584
-29.38678448396095
-41.509475920816286
-32.49955641724
29.482508873978873
49.49914393820066
-70.02872989341749
-14.658213786345812
-1.1993358146330593
-2.4956443661277916
-15.642092641274672
-47.89382833983211
-59.96766112117688
50.90762046410552
37.49606302885914
-0.13917130109136622
17.10357192101651
23.460832646778854
13.049425089792365
73.3908459562393
21.443155816580386
-15.50858823534773
37.05889171718468
78.62892906431765
-57.024339972282355
10.08708753555139
-60.486984179402356
15.91894748005889
51.57109457368736
-4.905417589400514
-43.63008069886749
-18.41832464921275
52.81092868043717
-5.990534440330919
-21.25943450014779
37.76563582576145
14.461751904114621
-66.99588802583034
-26.89021530225601
-6.693743597670647
28.460136731154464
29.37390468771929
-5.072683421812883
45.76726608844277
33.776079777347036
-28.99676696982506
0.04505613932977326
-27.749686055016298
-14.380738526709834
-1.8358484840081104
-30.54205917049586
-15.97689218623826
-6.8887438934340395
-70.33940917349345
56.041445544942974
0.7812929040642018
25.953222760269497
18.007087632877102
-14.919473323055712
-1.1228201580803017
17.816634535513728
11.615928346511339
-25.19235695325851
31.462476848860405
16.029515606348795
-68.9213108614741
-48.29663922691378
-11.595905634334358
33.070487038977376
-25.132002982039083
49.70593414905366
36.76268531614954
59.15644029520945
48.635283381428025
69.81018899766212
-70.72990774331832
26.519148166388973
14.64322507749364
-16.489245855131855
-48.61033482370945
67.56456952972027
-5.977964207108556
17.09156412709997
-51.60883681405914
-9.802990772361213
5.401383857273942
75.34517566829425
-61.14847948346301
-13.00023075756826
-21.877739183753548
-19.70807498245739
-58.952596795355
16.091018768637
-7.35168999821019
-50.977214414625436
-48.15862478168012
62.409166988552386
53.54928100762004
-22.90733470716401
74.43886918980431
-61.116435733761115
47.877359950199406
81.50223173065532
-44.77146081907145
74.18033184960413
42.08446758851778
4.3474605988743775
-19.49785841993196
-18.274490410762482
-62.6432401324062
56.370455632897915
-12.953042682321751
-42.64990202861141
12.271966328925927
4.688776226913745
-3.979157024901255
-22.433818276442096
-36.810168984842925
-24.997683597264057
76.28626366164465
34.50515963650213
19.960202396743455
