24.841603794758043
-31.370487092902522
-69.8367194695629
-70.68097103473814
-49.17566510673443
-25.428833339245998
-41.14784945266095
15.775549762231094
-53.19521730387663
25.351971707684967
14.369181914320137
-23.525340016352743
-4.273406318085236
-11.590929614167209
58.83605355320111
23.45918141561087
23.966614734495494
-28.343727143088557
46.5646603464555
49.9570735761809
-29.81724287801137
73.15974545362229
51.234604110357054
-29.367347540314796
11.48048332684472
1.2607254609905993
-39.51285093688603
-24.031988878405528
54.27980964825423
-4.2354133393194076
90.30307229137233
-6.523941471897118
-10.485214784723567
80.28067274011849
-25.737788157473844
33.406570658460396
3.080755809155633
-68.83344947708565
-22.10461963831058
47.2621611753425
8.278222166319452
13.505255917469938
-33.78708720038442
-20.00337139285108
28.8729264881715
-93.40450678197782
84.22299747667478
-60.06009944424651
44.72054897079323
-17.617671937457317
-0.7214437957109823
4.551628762661792
62.177182863021585
2.8643299986817965
19.384409121683092
24.303618892477814
-19.96287177064002
-75.42069201608453
-1.1354609126978374
-1.8165098346892137
17.502652871579187
-40.32546799014253
32.975615296661516
-1.0689569758899182
-12.62702572890693
-17.926234059156158
0.7386110781155395
41.840561855318924
-5.581017052912131
-7.687957917450859
30.093222883609585
45.790040417931095
-56.79331608662557
-41.37553397984483
-16.370777907841187
36.179110103390514
75.92959693228636
-31.72861778706563
-68.41084576164694
-33.91785961509156
-15.830128987406894
3.2762382793296325
28.667448214308706
-11.51344729004191
76.52622302419826
15.816198157696249
34.98074052945313
72.8347237201032
-69.347301339451
45.75825861829043
-56.28998264549661
-21.830100405278984
83.86876687014612
34.88076862998483
-31.216668207166222
58.833397201984184
-75.55980385560159
-32.24984709357621
23.431351321797294
-14.786472837230178
-0.6233845069560999
90.6642172922796
-7.322714157359755
-69.10389079774761
22.03154012012108
-5.6068901579448465
-61.27016295522678
66.7203495147636
-58.64898788934407
41.91882918062956
-0.364633516648766
-16.41925250875221
8.00123570830145
-7.851987836365993
-75.93013917890133
27.711398031349276
22.444601743008803
-4.358599650984274
0.620919465154472
1.2452617351359407
-21.97443110823677
-48.722153224077985
-4.943804887623102
-29.554675502054806
-26.86841552151016
3.540239066586949
-46.76720595078595
-50.930092416909915
70.3871501415224
-57.9398185580497
9.284829849016916
9.258688088790436
-32.595694542382006
24.072117885953233
-15.333375342983985
-0.5051279765517762
-34.62414992280476
-57.264540148263464
52.90826012539958
-51.061238238669034
-62.18454816298744
-15.278806454827759
-31.49368292255717
-42.57621072052917
-5.984128665338645
6.177074412269874
-35.11708745792994
-24.46923252181763
-73.12837699639203
28.991192654172323
-88.26030041504609
-1.9891061792542502
-3.323648163118861
65.17350852973186
-2.22868690882558
30.07647464696734
16.129269615185777
-27.47312755986286
-28.097915097646762
-51.627837821629164
-57.08040509911112
25.49883312379444
-28.684759142016986
-66.72701315375771
61.99473244605889
58.147053093335046
5.36639771787199
-74.66647659548966
-34.88717437548242
-22.661701139321025
79.90574839042151
-4.588261088859184
0.18515090965206582
17.554644269425737
41.53451442546179
-12.872487460503507
4.667674245377967
79.08279197858585
-4.436522148345915
-15.37463570737549
-13.695423642146523
-57.80594271863472
24.680952214985894
50.15624674363821
89.39116891978031
1.5161409630111535
22.71830169294273
-24.531636944462022
-31.555228653165415
-44.419838328509606
-11.187001809146238
-92.28432732154371
34.636127579053294
40.41747866910944
-38.35086082031686
60.807197046480894
-49.79029170707887
-18.781768806095215
1.111864584319136
75.16929728396082
56.207154215685534
-54.3377296393516
-54.56858009495875
14.612402749404254
-46.68400334444632
18.956083505165523
27.13399127048079
78.98809769216032
-35.898997505337434
-13.223436571733316
4.0596274759977575
25.388732685022575
25.548332764303282
81.58010707602455
30.004930505521088
16.61452523824434
37.31843458559251
-23.37347433028529
78.42290085120288
14.570692808865687
16.95639756558478
24.011249247197526
72.4815868952033
35.39436999455961
-2.930198280783145
-32.68455988433523
-78.39704081461748
-45.23500492333524
5.1711593819145065
-32.42885013477205
78.5471284482432
54.05061594533959
-16.43656318103224
-78.94957558828685
62.55525672482952
52.60987051851015
1.8933853727594112
40.32459938416264
-87.01453266342303
-26.08216506149752
30.551907288284383
-38.245361514340864
6.678399354987491
51.822987746041235
4.570314202076418
-65.01077521136796
13.303607403216787
69.845229375661
67.68070257511553
20.606518743723242
63.63395638987299
16.643528578787
9.086204010136228
-46.39809619145613
0.23474046398376913
55.230932580463644
76.25728466844535
-10.709106151369
-79.40405570830177
-43.27419344301395
80.18529333435873
46.48581442352591
-33.963805165424624
-39.7238408258508
-18.462865535795203
2.4146048124525947
63.99698926806005
-18.684762653927663
-61.8495910376962
-1.803510317928911
-4.315827496599127
68.08817853586135
10.17686989246262
18.8341624144428
-27.721628556422743
59.99285829422979
-7.593165902768618
-39.99849158245134
44.17114781538143
-88.61176144449823
3.7216604006075045
-35.195303200630086
-8.099932924187883
61.64149577270754
24.722325970021103
-36.58876174054235
5.695337854134905
-0.25751381081455804
-2.083381739589896
-49.42762055888818
23.353297931932303
46.804296131705485
35.81188431048156
-60.30067650933217
-34.73596439106269
79.51540883393577
16.190120350029105
-20.760367205202186
43.17157111000904
5.413783692100111
51.03890672994069
84.40283308846807
-4.315290603305698
-66.58518985851548
29.820628669238587
25.135673596727273
-3.7824493903470255
80.21302408850025
-30.092218735048377
0.9675560693798673
-31.327334594904485
57.54123350153836
-31.46695885289745
39.495496941428485
82.07082979991236
-30.3225548375584
76.1557557287577
-36.20798210339996
21.773078507607494
26.344317028772267
-13.186237027135775
-74.39625491752454
-91.11700673626616
33.00939362779138
19.10715281410704
63.07907487535729
-43.773352161030395
-51.69949578426122
-70.50510658563176
80.99920726642529
66.66852607398857
-2.335815969416572
81.16225172977687
80.02899828993446
4.697287514212533
-5.8959484971063745
5.289998514428532
-32.33877891599893
14.140249269065237
67.34126757533531
49.656130464497295
-72.17373380765835
-85.19895194729669
-23.293350262488346
0.5543651402479668
-52.15066936329143
-5.486766564674511
32.53215943513129
-57.033025594805785
2.5950658306548036
-64.4558192605933
-3.435843390064008
31.679801626640966
-40.902254768649144
10.663742208845008
1.4136777791020592
37.90940288970205
-9.925008829620353
-15.517638792499412
-13.512274525497034
0.11024866150090418
-31.37695514691518
-10.466542584900992
-24.641370485770054
3.4779573328461595
-48.24884079965084
22.553502447969933
81.11768176454603
0.45143957194666484
1.164521664217645
-16.744541707262613
45.73909123906881
18.58233312433795
-59.278357406610155
53.27877720731078
-56.7936219679315
9.408379937096385
-32.0147623432873
26.05140304778689
-72.02741314825118
8.996151848847049
-25.415960866075224
39.12182592290421
38.65072468653506
6.1056948755220475
-22.078528498907076
80.12714457733742
54.69497167999708
34.2525885628809
-17.91652441002283
-17.70537211396004
67.79795712250532
-16.829496581331796
45.159605968054905
45.68992072546445
80.37963966116803
-13.714767710674181
-78.49114837256155
18.048722580906173
-57.53369351325332
-62.68397204789625
29.220181131821903
-18.099892216339583
-3.805403062413859
-7.8172524024383705
-37.45118519227158
49.01799852739205
-21.054446832767994
63.155526363356955
-42.07166627884698
33.414644197014866
-16.36753681666029
46.035645314412875
-19.68674364751132
12.227362364887995
3.711510504911928
23.72618770484084
-29.838769352714024
77.87527900075997
20.86871629031424
29.737330392571437
57.36658303001815
-0.03530235731481923
6.586959978779802
38.25958686719218
-58.24370152640802
3.589750380623258
64.75738833423208
-85.56373981760653
-7.5194543958786255
72.452822420921
-68.72186878390531
-37.98887481526346
-8.835503113181957
-83.15533335707882
-32.623902575844
39.73643726428895
-51.22427559228875
-21.16977218395263
-5.5174488789854195
16.541165468090952
19.781256138370537
-69.52762337275257
-64.44136956843982
-82.30453925264008
17.64239352106938
-34.76646791215365
-62.93209163409345
16.16076457841166
4.567633115578943
-15.147827678517274
-23.249452571336235
-10.345318023198928
-14.809267033612713
-51.945805457390456
-7.558283289990882
37.12814701817183
6.540789867599855
53.094796290329015
17.254802005923423
-7.925126071042669
-70.14491916016422
-94.67155710535592
-46.54890606147467
-48.81109354765702
-85.78448346645452
-17.699971017286757
51.37322393981643
37.45125147639399
10.244827154278312
-28.86747266813127
2.923012232927519
-48.74496557741995
64.28094617571199
-58.4014565125571
-12.077668767842525
40.7344073851383
-41.321323727390066
-6.674343798330284
77.54901354624258
11.454822028435032
-0.12157390551026026
-5.07209146217167
-11.522808020288792
51.45541275629577
17.230422013425937
69.84771208391584
4.5862122194516814
-21.065858043816732
-16.54244369019115
-48.479699680876415
-17.50647105015574
-1.9599702101606198
46.03673711896286
3.061112741389749
-73.40679660686098
-18.365590675497103
-54.7105379482815
40.39926051718061
-8.743324284653454
-35.232969898008704
10.015080541375141
11.53812035748156
38.55783313486177
-46.978943919257745
-86.96285362321937
-3.0986287625715363
-30.52955577851344
-44.677911409156515
-60.42150912961102
42.42375244513664
-72.39061553355215
-3.367214767135124
25.541147699616715
-22.998110961594676
3.287654344814584
4.660305090204972
-6.025118249736636
-4.33935315626907
-58.42814061465644
-51.91602908313281
-21.484416382822644
-1.0955148964078205
-39.79763111632801
19.817604181564462
-58.480465360021924
31.9348878361898
84.9615645923968
-4.22321677937839
8.034645676392302
-0.9735047801499377
30.04336533515908
-12.66217633358292
-84.73184133999416
68.91409501177668
88.65607947484767
58.51717091567798
24.002327276687538
4.24703017064229
-11.942122434087764
77.69102305267535
-19.67068350080632
-91.79650304583232
-6.720598493561596
-11.079880683908755
-1.264031597327815
-16.283826785429156
-11.069675308888677
0.9818162831948172
70.29408834117666
-3.516705525700914
29.700191885634425
50.357105341124964
57.62570281793583
-74.9286341675784
-22.650983098183445
-8.130143107114094
-45.61272421926086
29.62090092770495
1.869417355549217
-56.11679429449629
12.785817175440158
-12.611542869894521
82.80203933450994
-42.221262803256714
-7.954798386637492
-0.0678032210746835
9.766365767359304
-24.483898622797128
-68.20936300039988
-59.50325982575944
15.490986709320268
-17.58269536295117
32.59172427966976
-16.262189574485447
-10.532912641771304
29.54386899810129
33.883171073770484
-5.469086889947462
-6.97818933936577
73.71801237329717
-43.95350033754689
46.595696084934474
-16.77555053414818
-10.732829521193068
17.162880128193763
15.718313950208767
87.11538868906604
-50.74994503780694
-30.593881164409055
-12.372618315987637
6.714355178371733
-12.732263332363033
7.02941435708675
-33.52962807550806
-2.0443175307084687
-55.08372385361452
28.340777424927012
12.043527986725323
-1.44763468704042
24.49838138970391
52.68295963023681
71.54545060507343
-20.29299547383033
34.18929865458938
37.97868538044881
31.60881685755305
89.04994925329046
-19.811883636546042
27.817269399902926
34.08644560026994
79.68051804580327
43.02075458634607
-1.6306951170208208
43.4859358627119
-10.040082859343983
14.903658290737113
31.754770257311378
-36.25453140328003
-63.84548819404448
8.619611387857844
-50.87228311820871
26.32845015767718
17.14722445458702
18.797085221619312
-4.488431709866688
-33.15979632871195
-0.9342067589827394
13.893441130754141
47.36430258812749
-18.684435228705212
72.77758401039901
-59.503842106223566
-29.055228663920943
-41.67339246041324
-3.094920416929085
73.14897602444762
-42.23655208498639
19.604274755379436
-43.70887677006462
-15.757277652906367
-4.611655278006097
-75.19021470594991
-61.83379306228221
66.49863390096573
-3.4161563772036914
-37.639174355960044
-53.64423087041329
-13.14745101119101
-1.295787953987059
-13.130954488151602
-73.36779167379984
-7.490712608049606
0.6528115422084682
43.405750226183784
-51.55001283959764
-15.237234495678521
-94.63288163285688
-9.803999452661117
-81.47824428810584
52.98402275173723
-39.97258746400903
74.29635168979468
-29.669684719209158
11.018958567241981
-62.91432048689377
-33.80219196185554
53.3382536396978
-28.300494954531203
20.109923756195144
-3.5699901276743304
-65.51626008369396
9.34149535348827
76.02462125272396
66.1513336968458
-70.59626787117409
23.625981716898067
-59.27106215410215
34.43721985771626
36.184424385174424
-1.384406089251712
-2.9936772338406
-46.127066342500314
10.395586079646378
-11.934103062597956
26.226246681786392
-47.325308277013136
-18.978477661874877
-43.23224022380558
-26.26149743829062
0.06267912536637255
-10.648393372859488
5.869164100242969
-14.475956702633937
16.369044019287728
-32.282483711177676
4.079169631476475
-86.68265826374133
-53.5454607039283
-10.872732896426342
70.42193010834012
-78.71791807625296
52.354961954161354
54.620657608570724
58.33715549118125
6.89534344561595
-74.79481126993832
48.24040727312726
-79.02148697729297
-5.44610563752353
-18.01827187510284
-14.810339696631715
50.23942271409007
-8.48991806239394
-37.64071491674411
-53.0770908206773
-7.24878509926593
-20.045739482623276
-6.308551165959358
36.436535384204575
-2.4609900742190405
53.55041102955144
-10.642272614932025
-72.07691876274306
49.583319905245475
16.96497735544345
-17.983846955272327
0.3424970858224867
48.2786613417027
18.340256575622277
60.905438552271534
0.0063535900429627645
16.195541186028663
-30.778664660397908
-24.97492202633454
-18.996643375761323
3.7493290697387067
-16.760275708158673
74.4400425280202
-12.309033680188733
31.29968622608044
-12.710316012017529
-66.60686303622987
70.20408240868849
-66.17678565539012
35.342685234908174
-44.71332652793707
3.556247570481233
-14.032478032745189
-71.73069982916174
13.800491813173792
-9.03362032705924
-49.08850309736218
59.1304808833971
10.287593065861785
59.52864828850625
22.928418774582212
-49.90706896205739
-53.10499987223784
-38.09641377559483
-60.234707453298775
35.8359260630759
22.387460760947874
-17.684838152205685
-24.354954456186434
45.493178876073785
-11.679712113073236
-69.68592029059903
6.175520651497095
-72.59595396045366
-18.832705998373925
14.254672952281382
-34.4607266002422
7.663270369579067
19.49930837882026
-45.409616470665156
-54.50749828120807
11.358633981575082
-0.24601441758915144
-11.489407073770522
-2.6799134500207344
-2.732797527533421
30.056450010902537
-34.29401181985807
-28.24281051310423
7.713343400454846
25.82108245304221
25.084170544542715
13.851417465346842
-78.87382338015469
0.0924142005587072
42.79905815910115
-40.577161211989754
-14.84774124084538
10.345927887461741
-36.5123304023543
85.63034230259595
-3.3984871082838453
-15.505515142343313
-28.387401418465558
3.610646727753277
-18.772100401830315
-56.94295392855365
74.87114828388707
-23.70784439846392
-28.830384035383673
-11.430270965315572
72.10265321797368
-3.5953284352552686
-35.673316825366534
50.07496351585735
-36.602236250112256
-13.723496907020774
-32.663148575671656
39.415441698849804
-0.9717788792208353
32.1628570692327
-0.9905995637894733
6.6309417999073474
78.09142072620361
-29.156431620612352
68.25967295440921
57.11655438282068
10.07681006963979
-24.12757234044861
-19.967409851519875
32.79673572948883
-11.81571188658593
-67.15435755074976
-19.72234563928157
90.30918086507751
-17.185429656820943
30.79284988679234
-58.43275502245948
27.09661696995714
34.46693318566139
36.55690015823345
-12.429888755896812
56.65422946882822
-4.024824021363756
-6.296447601783441
-32.06108719644976
-5.431529239289716
-25.786450728447107
-13.977233614791288
-7.951117067905514
0.023984981241724768
45.761957021772304
-65.20758372676654
15.366859833562728
34.11884729739583
76.30404319316995
11.174332035788126
-64.86860389640964
61.5657727049111
29.981964155017366
-10.501571848090194
18.7383598795722
3.0925731359244395
2.7941276951003005
-56.570767888413776
-90.10775508064116
-80.18348431912946
-22.392828453999158
15.652375763903478
-15.24058570684106
-72.31937791463038
-0.5357391211207698
-47.094438745446205
-89.488253932086
25.81176751861271
0.5450567809982232
-31.06680965366219
33.679320432947065
40.09505417297987
-58.84653997605322
25.000026066306944
-12.658985726617132
-26.63817024349045
-35.02422710991322
-36.967870394012756
-27.05258158916608
43.44542698919719
59.665949567477526
-78.55737638756607
-11.50424338899198
-0.713283644580315
-2.296588576713333
-12.267508295288167
-42.058808596611414
-58.599381211782365
46.87255910898449
44.663048098604634
-0.643111392087917
15.198160925415664
20.818586044508834
12.27755237545351
71.2867318097176
19.16561106337248
-12.333279123768733
33.37392138351373
86.86512390155113
-53.02269128879181
18.113445398731642
-75.68137769868451
13.888445313014927
49.61685204547817
-3.7877743532944237
-38.389754960481014
-14.887710251303162
51.98176644675689
-6.385406862921371
-24.239361314982077
35.13465823555023
13.210089368323708
-68.69745351040571
-21.61996249990416
-5.508966944061825
25.453329681189047
26.225843983554213
-3.503509314230314
50.684267040611275
40.56418208432112
-29.750550424173426
0.0896613497644978
-31.36836736423352
-13.846050313553448
-1.6865638343676466
-25.519546820417418
-13.23552981483904
-5.0039637007608775
-77.32721907678626
61.15739730378746
1.4559350598289882
23.216197411778438
16.336109095725064
-17.961744194987986
-0.20791110926192857
16.63644183285254
10.54999873621962
-33.41915389836656
40.50252233051012
17.993591731750712
-71.5019875749981
-42.63848177402259
-11.988034005729162
46.12396092214294
-20.646014523132663
48.71351608649181
33.20576345428273
61.527380614474794
48.311169026990854
69.69387087238965
-70.66512993637808
29.970990135923316
12.783235135228182
-13.223977617664417
-43.50048790379337
64.30823503680224
-4.2469310868885515
20.48069265910884
-52.862565792271795
-7.475280972047571
4.758982534933054
79.41914737716519
-59.34771679723915
-10.549544217333676
-18.500138123493883
-15.884902905969597
-62.53552624689245
14.129902065308954
-5.859293701894401
-45.97554168315125
-43.53470022406479
59.56780721317392
66.99264895101976
-18.418348562596307
83.25095997566277
-60.01272827507851
44.109616285882396
83.19140366653755
-57.65434063698913
82.50597954254451
42.92411233999596
8.982093749530023
-17.49533917919429
-22.10649316160209
-63.004740335749894
59.41959885850636
-15.4980882626527
-53.186859820459716
11.224721031028622
4.774613848517959
-2.5589988035922318
-18.19159843077624
-49.126318284635204
-27.415293984382274
78.1495743314533
31.125395990435692
18.227256494435466
