28.492724204506672
-35.3377486889762
-56.25573198235205
-55.843755002520496
-40.566784738512396
-30.130821019737454
-43.76071625416522
18.07235203165206
-47.817018232120795
28.687148702425034
15.98790543824822
-29.567688948479983
-6.076224130668706
-15.231236425846916
43.1933917669036
27.06602432985673
27.17359701920553
-29.721535874114437
48.658352548019224
49.18675119412043
-30.794235170833346
74.55325699483464
50.984491818950744
-32.46969281223619
12.779684860146133
1.1071350265642934
-40.95114547197233
-29.444545093367793
58.585218837613695
-6.01157636296567
86.76777327979269
-8.538478970954031
-13.801612324994025
78.89170571865645
-29.481509189460837
36.60048530385234
3.275528905038726
-69.43136299392555
-26.3224834474196
51.66673590044681
9.001336629541953
15.27156546601293
-35.087239032190226
-25.37038551382291
30.207156750732224
-83.3933335861437
75.70776903148254
-59.43926381482244
46.128664250450186
-14.657269771573226
-1.543727736652329
4.336025353643976
64.8854342569069
2.5610780654965595
10.28372095610166
15.431981743847572
-20.450030067002587
-73.0843298629224
-1.2150269967794003
-1.1942424218288465
19.86789731572692
-31.460935993222833
37.10295004729383
-0.7621367872919222
-15.733427616584052
-14.490462788888905
0.0499449404916561
39.87962655066562
-7.182220619883978
-10.297701363365533
33.71436788515177
44.861810790773944
-50.16275771693197
-45.091968239790305
-20.532241452164556
28.729912303302953
74.45963904351501
-36.57248047638558
-55.405359896556675
-39.21436681055408
-14.797136705434824
3.520921119318473
31.935756160992526
-14.815367710649383
77.39120941909198
9.127191759349543
38.003678475867645
64.58997686674843
-54.17145543418157
30.212884221265142
-51.64104193099854
-27.294862494542258
82.64051843406699
38.70468972084183
-34.731983588654266
63.29392203395986
-63.11653158170036
-29.616492692955404
24.925255897053503
-16.42009333032972
-1.446505514899414
86.92986011265111
-9.25365825881967
-64.2964903937191
24.05096634829995
-7.699239969008559
-63.86158028120826
68.0574682466287
-60.867540330283205
43.67621916015261
-1.1285814972336112
-19.45046065107394
8.719491418302965
-9.537929867722582
-71.86323852533667
31.703826594916734
24.557056940719036
-3.4974511605431076
0.3182128167185425
0.7178971816905317
-27.699125227876266
-49.17543434572211
-4.487213147831994
-30.425047158257087
-28.507342363180157
4.1559022108147445
-52.249120029137394
-51.841886301865266
61.878431133109984
-54.13780320380813
10.629552682411969
10.155198354682383
-29.041844963503237
24.618392838508115
-17.042855019297008
-0.6050163618452302
-25.596708869261178
-58.27004721622086
57.57730232218282
-48.68931157374682
-48.12890423881338
-19.545104742972512
-36.62129042546395
-46.289783775501974
-8.148596696482699
6.529096477535717
-40.77185992820103
-27.4963679282868
-69.62415423373787
33.00052149286671
-81.67837915943488
-2.584392565432694
-4.778363451489369
69.18140323745155
-3.587537024667128
34.17723629765615
18.016942772182716
-29.95192631422077
-28.37468604222164
-48.07007635266271
-48.81947786753922
21.179313272162602
-35.00493927359171
-58.88344773525235
65.98698366213574
58.41100266287617
6.596710820641405
-62.25042793566272
-39.96573215351437
-28.291661460507157
76.1721399005358
-6.380835611380974
-0.29401715902800163
19.843314049718956
46.43773744346754
-10.737053490006147
5.292978520608216
78.57270549550799
-6.266376419519261
-12.814409448411126
-17.374346882398058
-58.78034695829384
28.26459158274332
43.69405518178192
88.52102956562035
1.7667732008435593
25.737056949451514
-28.708224096405218
-34.306956814406846
-41.652078573628074
-14.263223700499353
-83.77596960390764
35.7606886749835
44.487865108405884
-44.93913814861858
62.48693987642042
-45.788072019410755
-15.099284757794507
0.6133246095312472
70.30580610270971
60.28378421601934
-49.03328886331508
-54.518954124443205
15.57121871911444
-47.85795879346166
19.66689032954953
30.59114077008445
75.87969534441652
-41.953021936528756
-11.420874769719816
1.7141358888538463
28.271615340325653
25.044629999059325
81.229540424524
33.77503040683993
18.619628013955577
41.40726497484388
-29.616023745112386
77.17736704314831
4.509379771814594
13.821177221232347
27.55214924548868
63.91670457485725
30.88042353653114
-3.7195489590035464
-38.361442406199906
-73.15907270839097
-36.305997388279444
6.104654079838667
-28.580278031602575
70.56335435935523
39.358534411481116
-20.763490080207944
-74.44703668572373
63.533728638858975
48.90781800571844
2.532438639627628
35.50770582329372
-76.02030069043529
-31.207995675103845
34.864463807347846
-39.28035361763986
7.124344190684624
52.72965754782891
4.498339378430941
-64.61434676451114
14.972715786290777
72.82544296365992
67.65462022588147
22.47998631119762
61.67758232932292
19.14255314636742
10.029143712894879
-51.67385796015627
-0.576862918501476
59.37843263036822
74.14455098829097
-13.006098719402615
-76.59745662186218
-49.19578469156067
80.11727357469755
50.906212274460046
-27.797903592064614
-41.14608429480792
-23.451864623850597
0.8465869456142485
57.52695567682392
-23.802530133991738
-58.59060317415789
-2.6280883811799782
-5.416466704155809
71.75443164770348
1.9920471974211722
20.655503237491047
-26.31685670672502
64.34465107473537
-9.904635238939704
-33.78134078273622
45.21864023139619
-80.55070477776118
4.295662097811629
-41.58081775944581
-10.815792706635648
61.87417957788696
28.165167222325934
-32.47391998629449
6.367109685365335
-0.9975022995460137
-3.028279691679984
-53.823760731658744
23.49426593153349
51.43668644719699
40.199820823704755
-63.20210271876558
-40.82424183885812
70.43254920194514
13.523802713720954
-25.464045597845228
44.08108052863125
5.741230272045684
52.52588785527868
75.50285039928983
-4.597421850660453
-67.49992719569585
33.34001063659443
26.57526967086646
-3.4823320780770928
81.19800942627819
-32.08454769160656
0.31766408592633866
-36.724402590581825
61.69323209872971
-34.12032823552164
43.32393629059271
81.95188671276026
-29.76565163212628
74.13898989794512
-35.47001507739616
24.9934840599809
22.130933729724163
-12.088210242659002
-72.1486201086546
-82.94516868372128
34.33954962511726
22.031372913003963
66.08658348129532
-37.5188285062021
-54.05959126948581
-70.42092745371859
76.28346628492929
61.72939328254165
-3.5846154245006545
80.84866603306574
80.64481712735434
1.3584502810406889
-8.076588833474787
2.206968763917274
-28.41611034617418
5.176026250466606
62.09773304647331
52.261189564781375
-57.79804502656878
-79.1438067748978
-19.85527367353035
0.5860883830407744
-51.765787512381266
-7.54784232012689
36.67010856590798
-51.902249482321835
3.359863323730224
-57.67439867587017
-4.916202289208684
35.42316009327291
-34.02195391399618
12.415394826137799
2.0279584632208127
42.73607796727762
-13.116242451383755
-20.20779008658249
-11.787124262243182
-0.4336510804481293
-34.10593275793105
-13.77712956322992
-29.540922208312978
3.6173694169769277
-53.02311653518492
15.15536908924939
80.55517503294845
0.3682833168126365
0.7780793465621798
-14.703078120021672
36.22405578096314
9.8139419203506
-50.0139704400445
49.45797010220005
-56.54840785397054
10.331256437039514
-35.83755770630666
29.867363363494263
-69.60541178393996
9.930431501985723
-29.615686747002997
40.53352885264539
42.647484637255786
6.515984936088643
-26.518721213559274
81.6274129888858
37.53361094908419
37.898643997283244
-20.121123882599136
-19.393173711431288
64.01784389818536
-21.616772658190598
49.298063681049484
50.48400777650755
74.70849518538455
-17.502214500337814
-66.98266904600861
20.67053441895854
-60.99906291014311
-62.9781406917739
33.24605893880084
-18.505945565866995
-3.5099252690205276
-10.088753667759462
-34.75267082213658
40.08636139355468
-23.814138164316972
58.13435929800153
-43.230589866689634
37.14534986999067
-18.19319376175126
50.33913878196245
-16.42226350610423
13.326723470453715
3.5766094947252896
27.23732834863118
-23.01255874790344
80.03388683996948
23.32848243043611
32.769918945092996
59.471689300776404
-0.3440502602563953
7.441720304756885
40.58980034252397
-57.706705147391574
4.13316303586123
68.78174926162367
-79.39322257640077
-9.93885057251066
69.24065176056502
-69.1494002952411
-44.10561363664627
-11.596465069814684
-72.13662364542616
-38.538242307428874
37.082709279291635
-52.43268514068312
-23.299379611213055
-7.5500341790612
14.249414702097724
22.14455691250714
-62.63455075076678
-60.33428061204675
-75.5723722075691
20.473006259370877
-31.092574892582135
-61.98518649469336
17.961023811244814
2.774821764354158
-19.34593517019067
-24.375847730320217
-9.247177054038033
-18.922360613838038
-51.69766380984804
-8.67762014588078
23.79524847088709
7.686793832673914
58.02383762525113
11.669204266309094
-6.7860996539299805
-65.66385879050964
-83.194251058015
-50.170615452681254
-41.17743457985855
-76.53417925325301
-18.06387566389796
49.12284441708627
36.37028106329274
11.314146173904717
-32.96872136724882
3.5322146952703974
-46.23202260644892
67.96626454568957
-51.63263346702155
-12.435088641269104
45.32805406361385
-46.87418983547304
-8.799671568432473
78.6160438362756
12.994830279592705
-0.3928047390247116
-4.2250317019586845
-13.043568585911231
52.51959244580121
18.485885317947577
72.40660318927283
5.53823984304924
-26.773554253557634
-21.20674921328869
-52.21723659094345
-21.59856450344131
-2.9803653338028653
38.95269572622061
1.9183932258279697
-71.73919862820613
-23.73865706163801
-43.67989588696209
45.08228438101875
-11.522595794961703
-40.62069122272328
11.06084410478185
7.120927772405437
38.32853192964856
-52.664572706955745
-80.54276040341469
-2.9385850290165223
-23.41695054433852
-47.273553205308765
-62.495495805276185
47.28675278923723
-61.28131945613256
-4.664467184193072
29.30648325974883
-24.819268515079273
3.1536875147812964
4.710078139474035
-5.813573249110291
-5.2068539871724795
-46.57325316689005
-45.12719044697163
-25.735662591092847
-1.9671515995903661
-46.426398829596735
20.314262198494305
-48.18256165017748
36.26934413234517
84.83591669493418
-5.583368915135466
8.717081603095593
-2.013038366344418
31.886962130501416
-16.542776061030793
-79.77150903776625
58.74737079554973
84.62533929873425
41.60055669920246
27.344258372460587
4.216797820413859
-15.287927922706174
72.12894673661478
-24.892711604428754
-82.21895555184321
-5.949781360302964
-14.557635326742329
-1.1019913460658728
-19.43923598004048
-13.89093555864659
1.1554711292136517
72.54987896099726
-4.8255839892672014
33.716403364989816
54.370556449243026
51.483466380150986
-71.35260074503229
-27.071080456170606
-6.884085262597935
-43.42511699108504
33.78671610448259
1.4224842551099641
-57.52897464423073
14.348928267831567
-15.891140404674942
82.82797583675006
-48.06405468787414
-10.601797776073468
-0.8903151112973262
10.62186099039991
-30.637352924444215
-64.21312944176407
-59.88467792131994
16.998595459698066
-22.765705018897975
18.195901509187777
-16.310170294268204
-11.794042298841333
25.50208227322119
37.475181187039766
-7.318700049295018
-9.421948159203538
74.0556097652586
-43.992723259748836
30.165077069402088
-19.376682036116094
-13.431618414659042
17.869572876152844
16.523171109385032
85.18805583988396
-41.598625155466024
-31.06159780626774
-16.189250712903842
8.099673065601323
-12.970063084607801
8.46008001204973
-39.79865664948059
-3.1479866001034225
-58.017268848339086
30.061977611324323
10.649183276106143
-1.9919151480090704
26.195308005620433
49.02130719014531
74.71884284703609
-23.94188585118242
38.55082714600604
42.33111203527935
33.399506199696106
87.45489164665105
-23.141247074697475
28.769414712358753
26.284162159965348
73.40201483322565
46.031975050059145
-1.363790971686214
31.99843325130456
-12.443236893103403
17.249611022481332
35.90109540106988
-32.66518719002708
-62.90630207923126
9.969541163602543
-45.17642474168698
30.270206662896925
19.24616905056915
20.891796820628855
-5.609812256320808
-38.53125650741985
-1.5648341551463147
15.570764133687106
50.497268484720536
-18.956190536416926
70.36861101199733
-57.299196904558556
-29.534447136471556
-44.61812208211459
-4.641774620935237
75.72348915431468
-47.88549043738289
14.890028697558535
-47.68751131818836
-20.478506622751084
-5.799989002848179
-66.20406908729595
-58.39753370110349
70.28465989978008
-4.618965503799814
-44.28392206705962
-53.55679520292044
-11.401065856483626
-1.8925906880036223
-10.924367812520686
-72.4896816593745
-9.963030613390771
0.4311145935660221
45.15699063593456
-50.6456247863016
-17.271498499068343
-82.62203744237733
-9.225313244796808
-69.62170038542858
57.821863574291456
-44.21937411301884
76.83077744621158
-25.55371260180084
12.518023878585396
-64.55930114106403
-39.136499544979536
56.36166204785272
-30.92610494878018
22.72210759143016
-4.981290352660338
-54.94648072599353
10.692611542648578
76.29268153526829
68.36552337199717
-69.95403223209325
14.705940060157118
-55.63485970401496
38.534398217632656
39.93951235506992
-2.1576438674786687
-4.181950953536571
-43.93407355649225
11.479676744386751
-11.211842840728494
29.728384108093152
-35.056426275750106
-17.29598478782144
-43.04603555831891
-27.218917546757353
-0.09108599310236798
-13.948392253695573
6.25968999355382
-18.960997814550467
18.075133434186483
-38.76618704503448
4.063504888469069
-80.05735971671965
-52.877810833618035
-14.321237773658666
68.85581805809602
-69.96863797388724
54.783805416058414
53.43733172375272
60.617953603110124
7.38186085489906
-70.94659791294478
51.14754016617391
-66.78525423413365
-7.518414538063041
-17.06474650810098
-19.23523085177736
53.61559177058041
-7.17307414066768
-37.21565454883874
-53.76790289782413
-7.965830353199081
-25.078956189913526
-8.212285397013503
31.228576808718515
-3.1674410781701
58.427999320595745
-14.014669238167912
-56.70673441366111
53.9722948980295
19.73225910228588
-17.307374955540084
-0.39518699301440563
53.02327467181999
14.272221182257496
60.757054453770166
-0.18023570057722793
18.808621905064513
-23.98078942810021
-27.15221986369602
-24.400481660914295
4.024487245085382
-21.806873060394977
70.71835250711413
-12.425826450186932
35.69901940788091
-11.628704900136967
-66.65795440580077
60.603484242007426
-56.776343887593285
39.74618937189064
-50.48754367650048
3.6017995249968067
-17.77720979442985
-61.557090992766355
15.202070695642576
-11.971760966891651
-47.42796639345203
50.050946576943545
10.27374735560359
56.858023643047204
25.123137149226196
-40.795900234068164
-54.403459668907495
-43.91298589014318
-59.876569040483986
40.520972549944844
25.33949447027537
-22.704727847637187
-28.993189892709935
50.27247646656818
-10.942126478244077
-69.67107664239349
7.229354575372298
-65.15695510354928
-23.85520957415102
16.012080010279234
-40.10821922668284
8.292617670251829
20.371815281421362
-45.994245345995836
-56.6946835978541
10.718361056277828
0.295863585869256
-14.173502051940389
-2.5153027344899357
-3.64508447650185
28.700430599525575
-29.580129133802032
-21.277467275449865
8.53787613174822
29.586728818783257
27.07808455578487
5.211066293424523
-69.35149712195911
-0.4271247609876667
43.14740627126642
-31.267306009256004
-18.987480888686292
11.428733941876047
-42.37236538881274
84.63374746284578
-5.016169727807977
-19.83676886617957
-35.03791372956856
3.50870900840863
-24.158159923836052
-46.03518425426134
77.61361300583332
-28.97879199829366
-33.52800612452509
-9.5729981828554
71.83164485252661
-4.449572101204481
-38.950270910297526
54.27709328178969
-41.175447955329396
-12.742375777789064
-37.41790870680382
41.72264143810963
-1.4578332069968951
27.48419360458533
-0.7739877771898449
7.074309484419615
65.3511496410782
-32.710091526065426
70.27553631644199
47.85853031329174
11.179661202477703
-29.889300899138462
-16.975393926522017
30.148386333926297
-10.400641987156746
-52.923946443642066
-23.707673193204627
84.86713722861566
-22.18797058022244
33.118952082248825
-56.00293650537205
30.189874140561415
39.09326242764658
39.68407918440394
-14.702447144516611
59.23836576483967
-5.7749633870833605
-8.121504393346783
-36.549534129883995
-7.232834112159182
-32.03854426793805
-18.092048620136865
-10.35534595421241
0.645146945996899
46.4028317773205
-63.87073593078134
16.500014991724314
36.35645386120058
71.52703811513004
12.392802538016468
-60.85023704910905
64.70926433122995
34.20732511182115
-13.574360896649509
20.788957807138473
3.1674084136530922
2.649314222632597
-45.86645578390292
-79.12417014251326
-69.65410089928157
-17.503583656073886
18.158194870221678
-15.473261988823864
-69.47760831147636
-0.9603242913511707
-43.939646269500166
-75.91813433886115
29.268908065527967
0.9172222833801413
-27.739343659127
37.2171790479353
44.75531573960993
-59.461659754527616
27.952579621043043
-10.842074802413777
-32.7628847697152
-29.309385370208815
-41.764760037694806
-32.98465081278292
29.101436426523506
49.1694136428448
-69.71859652468166
-14.90454330839512
-1.3034089951026004
-2.7462377212039115
-16.092268546567936
-48.45495237600034
-60.0474343526422
51.35701995523573
37.20275042435176
-0.3418470329279728
17.538500971445103
24.031271721809205
13.027326590246105
73.54576895845352
21.910502097872808
-15.69608336484319
37.588163449653905
78.34800707781929
-57.38762787143418
9.798846484462388
-60.15693189345856
16.34252805597174
51.62709927826859
-4.8314575878614505
-44.02572190885737
-18.627034773259467
52.78233283397438
-5.967741449633223
-21.22601092896278
37.90337022445965
14.586261035596578
-66.93821998938348
-27.4996232768694
-7.065421855832966
28.977643653051103
29.965201382112383
-5.066340343554316
45.52261822805198
33.487228710882334
-28.90166395461371
-0.05993531281561104
-27.670651670872076
-14.324618091146704
-2.0484944800017786
-30.93045907035831
-16.03361926759392
-6.952850955681882
-70.06921028321186
55.80407565931287
0.8692382318451166
26.433303402290647
18.228040486622845
-14.95693265208159
-1.0326607947205702
17.83896611143922
11.917063305927726
-25.175306120506477
31.139302164488782
15.839406307506636
-68.83575764243673
-48.821898440774795
-11.561083986464666
32.697685288906996
-25.467866976080714
49.68174970737351
37.200002613160706
58.99579267299214
48.56867518263559
69.78334634080511
-70.93403581088826
26.293066441587015
15.029554219001739
-16.669814919997165
-49.02466153784559
67.86858051474113
-6.006577390296329
16.864864979357947
-51.45795106625728
-9.90205859353867
5.402699680027538
75.15420351502536
-61.296964860523104
-13.038459198160638
-21.98899678032548
-19.983451231587694
-58.741204206168426
16.516202148944316
-7.301881425203092
-51.40326549567668
-48.47878587750676
62.60970861143386
53.18105480320813
-23.340385339672295
74.14796821855484
-61.19011233450439
48.23281988705162
81.40026229686077
-44.57177322548355
73.89728634395033
41.953535305859305
4.110794954569016
-19.47388119588119
-18.289381835156036
-62.61541775619462
56.184800346557694
-13.057194955422304
-42.468145163568096
12.420185488154488
4.8567629653579445
-3.991359931468139
-22.77004568476086
-36.68323454182902
-24.92824737130664
76.17220814773984
34.91893934135092
20.102138904098112
