15.561758759217064
7.850689555424389
12.59553977936525
16.738730599808303
16.434495891959678
7.404399965029998
7.8406254957346375
10.119036837062449
16.861164428785568
7.687845371886769
17.363290671497428
7.496928409043016
13.647755885192424
15.893477995017353
7.694357281893439
7.986536771243334
9.107413239886583
7.6656498639341235
7.731424312226024
7.5150669305792315
12.468519143790221
11.498761496628322
10.70949674437886
11.328961166928277
8.036030439843316
13.44723759478715
7.498008632179798
8.374364335648167
7.596202366108064
8.15579560487879
7.404593590410742
9.125340450645858
10.701516384701087
8.462924293716434
8.03559301960394
8.044092740492761
9.947962272351095
8.128542246865198
7.391439894719409
7.773866388692361
10.097258768536069
14.358235001756217
7.404629456599598
10.857875424946116
15.271576790473304
7.956826300221864
9.075282671408281
12.984651405666877
7.503725968559155
7.784269710023364
