28.224816358429152
-35.22731027737216
-56.40535117963399
-56.00522802978569
-40.65963052461684
-30.0008264962227
-43.67562999587642
17.859469759748634
-47.87215780756548
28.475989871300143
15.867451567667544
-29.367188773144647
-6.071705964055411
-15.120358525211387
43.41863928553411
26.788362095489916
26.959424325002658
-29.683868594726192
48.61923572655206
49.236217097952476
-30.762349111798358
74.59805390023993
51.02310399130624
-32.38944904260936
12.62788628931986
1.0518337986660242
-40.89828785698763
-29.281030920016917
58.45710779175121
-6.021152250390145
86.95475880982241
-8.471217652940297
-13.686211768371777
79.01491818573626
-29.387496162665244
36.47232772246983
3.213396275049689
-69.33980885290316
-26.215841929626635
51.5064403741506
8.87718969812255
15.088597031998447
-35.044325715602774
-25.199539504223296
30.17299874590124
-83.48992711693346
75.92806116756918
-59.4060979179377
46.111269510370846
-14.680613944455857
-1.5760628807485801
4.361622773516885
64.85717638759192
2.4774136249929057
10.348232284260433
15.525517211731056
-20.437774609329736
-73.0564144865335
-1.2518961105786275
-1.1828755812684477
19.667545280415624
-31.56061365625571
36.87952167619852
-0.7456331577129021
-15.681572460679831
-14.541555493389197
-0.008423724707924407
39.94737265903012
-7.123904091192031
-10.254789294289182
33.524659002436266
44.91064722275357
-50.23412390208778
-44.9729978927642
-20.427299426152146
28.85999384981953
74.57080740199936
-36.42948527379118
-55.5489607194735
-39.0502126793469
-14.800444780136644
3.5371022796328333
31.772367593694526
-14.749618217125075
77.46025898241314
9.186699744231788
37.89344753078768
64.78632668490727
-54.33551510821571
30.391874724908803
-51.68612926183266
-27.124709472793086
82.77431821987045
38.5320696640496
-34.636427011083384
63.170969084310514
-63.25788195313461
-29.635662099935473
24.875578575499347
-16.40261143635938
-1.4990383330808754
87.12027594617143
-9.25467879407546
-64.33767591440204
23.96090051126005
-7.6909401111385876
-63.730843781229666
68.08401248265523
-60.75762539236166
43.64224264108998
-1.166579682457268
-19.3961425618821
8.58613448324364
-9.5423112638735
-71.87774392130822
31.426319164554997
24.461127467626056
-3.4892433924915593
0.2720853730132262
0.6552183773302431
-27.513152425847267
-49.13383784354364
-4.4966782108192405
-30.39540827756177
-28.46656124176809
4.070192080247665
-52.05401266488391
-51.78627590071698
62.07367773025186
-54.16958264893267
10.47004969535071
10.031345516305038
-29.072135122283143
24.61285276804564
-17.02273931639553
-0.6466956606425924
-25.720555114036173
-58.20026569891102
57.41708244653742
-48.70078683710123
-48.281086697898445
-19.427566787772307
-36.4671740793258
-46.16868671413332
-8.112700740876463
6.413790057343505
-40.59112979553988
-27.426643131543216
-69.6323624345945
32.740308989913586
-81.71497213934532
-2.5838024257787566
-4.805614633261655
69.1083560432871
-3.6174403416210907
33.91879843359217
17.87974988415536
-29.891396465799332
-28.356509721127978
-48.100054753092174
-48.91004868894406
21.267799524682843
-34.7971912166322
-58.97104219740307
65.90284027457875
58.4470498185035
6.484859843338796
-62.39113008635886
-39.809006022470946
-28.11374266227432
76.32806715849568
-6.361793882082395
-0.3503619888310965
19.657171921446334
46.18738180904313
-10.750600867656004
5.2785877911517645
78.67733980906556
-6.257668352992894
-12.832489529334453
-17.291927022721822
-58.710231505591274
28.003904440045105
43.83765287597123
88.6742547517942
1.712170509770587
25.53102731040289
-28.600467930627687
-34.232870771536525
-41.67188812466809
-14.211719279789847
-83.84386858850459
35.74104595153415
44.324631019404336
-44.71326435325539
62.489322118231456
-45.82472264698323
-15.154186714461304
0.5475747868504044
70.46582021576711
60.17612806661569
-49.08751305887732
-54.481096465618315
15.540043654935104
-47.8020847742981
19.6527894311986
30.38825731069295
76.02459060453268
-41.754016675116375
-11.426726526750215
1.7388220089173956
28.120909670788265
25.072380877329024
81.3408256244403
33.565608571394506
18.46859148491143
41.22505208050006
-29.402367348025905
77.29221845438806
4.525453402122935
13.887033768083498
27.288165539199937
64.11590062883974
30.983474428748707
-3.755533431223469
-38.18260213234697
-73.19392798608322
-36.40303040502535
5.995357530424684
-28.614092912126097
70.76689737098647
39.56656023965033
-20.648060645719198
-74.4637051525616
63.559845502171214
49.016479742505396
2.4746463798145015
35.619827153323314
-76.14428369876285
-31.058785694619402
34.576494464633726
-39.23793031730664
7.014932164022369
52.73825679303738
4.521414909106028
-64.56464833877928
14.798770628512486
72.81259983123067
67.71662235327423
22.39537025880935
61.770578276316314
18.918511645610053
9.945650689847255
-51.48782750402083
-0.6300455723456935
59.26348012850863
74.2671773607135
-12.987119130161219
-76.5678390435164
-48.99038600319753
80.21828842694106
50.74142362658972
-27.86204272509795
-41.093334805405185
-23.29959081428494
0.8688485373265706
57.689123813171676
-23.642067370940993
-58.61060033425978
-2.6370322453079496
-5.444105892106208
71.7087697888623
1.9922104255854691
20.565401760862144
-26.32163413646333
64.23294279077328
-9.81915021517058
-33.84504506324887
45.212388126943836
-80.62021971234233
4.206851827181325
-41.36770453730849
-10.754116377311504
61.9173402464111
27.926460288444957
-32.51151050417934
6.250645785581483
-1.036968083137424
-3.0345069565560294
-53.663918337975026
23.502839669402803
51.25441391243834
39.97095108093902
-63.063852069013514
-40.625041028045786
70.6491853296331
13.585154682538814
-25.33521700910677
44.07798641317558
5.6293801447659035
52.5155368310854
75.7272320312043
-4.621368130012954
-67.40644973924367
33.15945275696387
26.53129800708757
-3.49766375462454
81.27977230807787
-32.0314547430043
0.25197571762909377
-36.559118790711295
61.585348094893504
-34.04898617565556
43.175637117304944
82.06134248290317
-29.75824318455591
74.25980672674439
-35.46199355143228
24.742153960258292
22.219764580209144
-12.091489515022602
-72.12173750472334
-83.00938451744851
34.31028644550835
21.78645172489624
66.0497010896737
-37.5833633936637
-53.962659967191634
-70.34467586876623
76.4548105974796
61.87527758148491
-3.5968470691100265
80.95769197960192
80.7328092393779
1.377208449507961
-8.049318849677036
2.2322536455022117
-28.45080902026956
5.202369080061288
62.24888065388757
52.20782614936374
-57.95600649294928
-79.17835027304515
-19.883052250241974
0.5464313054601462
-51.73863692910834
-7.52173216243844
36.44002162142306
-51.95405624971544
3.2907138897325723
-57.748212579744425
-4.942280158823834
35.234328908993405
-34.09391534872142
12.23726187244472
1.978567797679446
42.45838996225814
-13.02880386107232
-20.050054737484743
-11.852795514299316
-0.4750962400223102
-34.032733252535806
-13.66194403967468
-29.402727887979353
3.529260974073267
-52.85206091466452
15.244802560562718
80.66814519453985
0.32894887451345767
0.7202871545574112
-14.71296114121769
36.38727415075559
9.8757612059607
-50.1162627857731
49.56927082281388
-56.51176127459092
10.208160124837406
-35.730900586830785
29.592686530462615
-69.59023362220498
9.848742838279861
-29.50589255647286
40.50851334528605
42.48147991400171
6.397688745458467
-26.402535574147166
81.6985506546703
37.74877992951852
37.73838505488368
-20.085265945279076
-19.367811118755625
64.14860433026001
-21.46825457049127
49.14998921784053
50.27905947738131
74.88988471320579
-17.4121585072361
-67.11509555796201
20.445485033283248
-60.84990153429048
-62.91534715148358
32.98672234485335
-18.497109000745724
-3.501991445704874
-10.07686785784253
-34.77246962237151
40.251938338077906
-23.758182116577203
58.27615991806903
-43.18100876014695
36.971714120760566
-18.168501031746572
50.18195658709351
-16.44900084662234
13.275023296109609
3.4847898744457098
26.973604810898266
-23.099283442744635
80.07971714486257
23.179515969383473
32.63607960492149
59.45293239752556
-0.3777722368970018
7.314014649688346
40.525621024508524
-57.67463203517863
4.132270786513885
68.70622870303822
-79.4293201554518
-9.918075532434457
69.37151941459183
-69.06371015485158
-43.901089988766515
-11.497196934621456
-72.26302371012498
-38.34888618319721
37.16195504104218
-52.36903442930175
-23.2582048566709
-7.547489299128117
14.307854025015246
21.993430050881088
-62.70900091397259
-60.36728314552226
-75.62989188398443
20.229815903418327
-31.12457556437407
-61.95452129261973
17.843313672127593
2.8055562635647107
-19.232986384644107
-24.34983169621367
-9.282561192559712
-18.813853007757046
-51.66778311904003
-8.689534708986884
23.938267170356852
7.558571907454876
57.839822512733605
11.7402157399668
-6.784789894200344
-65.69781429566024
-83.31539475075729
-50.04467229938734
-41.25898677968348
-76.63228246353114
-18.056016454117213
49.20480327691783
36.41638292427277
11.236380530306988
-32.857550315578095
3.4565141543167215
-46.2467720428177
67.90505300238436
-51.70594265731809
-12.436484248617404
45.11499565502447
-46.68776170378363
-8.79488442595455
78.68482562481839
12.81912771985452
-0.3736346445526806
-4.217160583667479
-13.037117192782304
52.52299848433594
18.438585817533053
72.40749687050908
5.437667395877682
-26.58457254502828
-21.066216983601436
-52.083131560473134
-21.499256845959238
-3.022680898895402
39.0971692799711
1.9457804039528241
-71.69954181234493
-23.55434932759364
-43.800253987733804
44.85525735506252
-11.479634506010171
-40.45097726627724
10.961061765951555
7.170675699818602
38.35423364977095
-52.46072301863278
-80.58008814918537
-2.9595086668164186
-23.50839301378541
-47.18312672186282
-62.384972700470804
47.05072941955456
-61.40774694727907
-4.652532000554501
29.03210218521498
-24.78104943504175
3.0710843694617154
4.610801911001104
-5.825467369276481
-5.234745885257368
-46.70264958467447
-45.19954814065708
-25.62813667019232
-1.9930124039117487
-46.196700700837674
20.30957597016649
-48.29565900533488
35.999185904995244
84.95812312126421
-5.552092207495505
8.597442285292445
-2.049168842278249
31.830622471454404
-16.428587995451423
-79.78008406519798
58.95689838083055
84.81153060861683
41.82859527637021
27.10918737306457
4.120108250917497
-15.221214762177112
72.3031109225168
-24.730276406657964
-82.3111404630066
-5.952413674822296
-14.462318708378149
-1.1044334849421062
-19.380991754611287
-13.85268091191891
1.1129046918505026
72.56156098215246
-4.810334636867651
33.46617955553131
54.248744925115204
51.63283393835803
-71.35810331468062
-26.95540640145198
-6.885832071007741
-43.43585307679247
33.50993487243673
1.3491981609664379
-57.450238259788186
14.181039205164723
-15.830465206074734
82.93815387468044
-47.86400538646371
-10.561629186126424
-0.9369330660621387
10.588689708613316
-30.432924002726523
-64.24026225486236
-59.82707109070133
16.918776505857792
-22.589280817588147
18.309723106569464
-16.306893502181637
-11.793823568373028
25.593228852024936
37.31748334076332
-7.275111927876239
-9.380479625134512
74.12615159935751
-43.96509745096131
30.34690992355752
-19.33409675100053
-13.398928695299219
17.855010283086102
16.502772529952395
85.34416653745501
-41.6978084016542
-31.03794172374795
-16.076625078064794
7.96853298496886
-12.970725640593358
8.324588415187193
-39.592335712102134
-3.1607398579338764
-57.89384309217524
30.00879444076513
10.693828398244136
-2.001742219603031
26.136009920407005
49.129398786677484
74.7065542393787
-23.859666569455683
38.30761655275353
42.12578547112537
33.34842294324437
87.61520036949653
-23.070907269930544
28.750236524989603
26.41128698740178
73.58894198135863
45.94541989404556
-1.3871005471462041
32.16490757794389
-12.422728267239094
17.03230776782135
35.65980430458822
-32.696297704190414
-62.873555064748125
9.815921437147622
-45.235363427656694
29.98164385579497
19.088678069296336
20.76734732278696
-5.564436999277916
-38.3649691078557
-1.5872962400936217
15.411224695277625
50.41529296736232
-18.947979383686018
70.48745999059702
-57.30142853359297
-29.512099220185746
-44.52263945256316
-4.655175922714093
75.73689600615509
-47.69339984621239
14.968609431393674
-47.55531439630435
-20.321923994979755
-5.753417587067915
-66.30592229266048
-58.42075362640032
70.22730936134084
-4.602298468160555
-44.056385107099345
-53.521129970586486
-11.406452520261183
-1.9383770084613445
-10.947805744278682
-72.42695095811861
-9.894714303269126
0.38582076599705317
45.12551058022501
-50.62990794131152
-17.24572412811439
-82.7523511626852
-9.229476692195433
-69.75844154701707
57.64663411844464
-44.084993209558505
76.85030610473675
-25.590483750212755
12.344800650362686
-64.45481437055165
-38.97093900032593
56.298853933941956
-30.86052192178731
22.534156610567052
-4.969064236708363
-55.06474466153556
10.532545102436629
76.37220462955159
68.36513914186054
-69.89441632898257
14.795945299353207
-55.66327381978097
38.3294762950772
39.780857300857434
-2.174275374566335
-4.175071498906959
-43.944709451360346
11.40192506991302
-11.214875849715966
29.5053869503936
-35.197996082732395
-17.303879687752698
-43.023474086849596
-27.191653772708463
-0.13864982788150826
-13.872341280784482
6.265848897210347
-18.803128838912713
17.976749198692687
-38.550437502624234
3.966879402953296
-80.10055340215843
-52.85511230394608
-14.208213432634722
68.95484645942639
-70.06586032448229
54.74296204545794
53.501579583097964
60.595323419313445
7.260579354841269
-70.95882661017663
51.07815855640243
-66.92571512613986
-7.4969696757420365
-17.067278221501354
-19.096061744744077
53.52882944746264
-7.175596774823475
-37.201596234052374
-53.71440782594098
-7.980139765803784
-24.930269908521822
-8.217017502330819
31.340652191746074
-3.159008300168722
58.2512036548855
-13.90000607512431
-56.87353514590229
53.82211557977266
19.492417705359472
-17.307952622160784
-0.4471594591852295
52.83687398906747
14.345541996067226
60.80787085056696
-0.21267916565717826
18.577079004187468
-24.06216743679704
-27.10300686907196
-24.219971689191283
3.959166695080995
-21.63164710355089
70.8610483864687
-12.427628072055384
35.4068721529882
-11.708192554153698
-66.5909903468645
60.809624241538614
-56.88225397840519
39.51012015404345
-50.28523289099565
3.5118069325732364
-17.69164083577266
-61.67313669458257
15.119304776908805
-11.887914546012368
-47.42831961833255
50.234711490254426
10.291412127197788
56.95770129597716
25.022648307629595
-40.89457555686528
-54.33407431813829
-43.72116971125697
-59.83662962342754
40.24310149314181
25.138321939616205
-22.544274699052707
-28.866805705847085
50.068114586711175
-10.945209317829566
-69.59570420602077
7.106129014327593
-65.23816883011085
-23.70253758733253
15.845259898663087
-39.92863451036675
8.165134423851299
20.350302872691444
-45.95364084652506
-56.596665508652805
10.751182469504869
0.28240248732574
-14.14034529106334
-2.537669309230253
-3.635645885318908
28.749381488810954
-29.62477117371175
-21.389245138691734
8.48764807396617
29.316116139998016
27.00172039362687
5.2388663261681785
-69.4595307378618
-0.4676420315498149
43.16074405572985
-31.373788141279448
-18.87708905816126
11.315537037877434
-42.18100107385465
84.77146188779122
-5.0266482022977925
-19.71561936272981
-34.81255042967034
3.4171251246959002
-23.97704827255224
-46.15439805839175
77.62991576769187
-28.822455054212355
-33.39454486551723
-9.58149656499809
71.91003777102259
-4.418837946233552
-38.85476908967992
54.14207169096241
-41.03525829389485
-12.745499964621132
-37.27706307141205
41.66177075461735
-1.5045888714861775
27.585279857311264
-0.7813237820154768
6.966496017972162
65.59840893234485
-32.61668666497894
70.28751601717423
48.04073135221964
11.028921088774922
-29.706815485461078
-16.997220600563537
30.222980472312315
-10.447310331048925
-53.07861739211854
-23.6128835779962
85.07325781658349
-22.023706900377036
33.038265928049015
-56.010552107704555
30.031595400873
38.80655573439333
39.57263768027474
-14.679247959182376
59.200951477408466
-5.783889963358035
-8.051976596265632
-36.419604732783654
-7.243097542254176
-31.831281450848707
-17.97474972745418
-10.336907752362691
0.6433701922027808
46.41095625699231
-63.844945431332235
16.457342633394177
36.2883317742733
71.6882771884726
12.253472765589208
-60.88131300133915
64.66259019892814
33.92588557204215
-13.520364099653918
20.670095403726023
3.084515390352678
2.5684641994332225
-45.98344338749226
-79.24470763305166
-69.77495974736229
-17.59388305126825
17.93241060900192
-15.469989968898759
-69.47208615657152
-0.9863826182512838
-43.96458006754278
-76.07440892602934
29.0462440826402
0.881686442613713
-27.766729588647664
37.06299968850797
44.52884845507805
-59.39916229723524
27.78975809290442
-10.847708234598954
-32.56385242152338
-29.366862395694625
-41.615643445333866
-32.7960652192706
29.271282281369963
49.36657495859089
-69.81721290641278
-14.83013554008211
-1.3294526784774945
-2.736170842660883
-15.972422697206113
-48.231731488203096
-59.961692348067515
51.18845363843829
37.34857464452725
-0.35517889998772034
17.32131931714524
23.772016364464704
13.008051127763068
73.56093864643978
21.684352733047447
-15.629772088127353
37.35710626785098
78.57414131630469
-57.219239149566725
9.861073734834434
-60.32678958653077
16.12535395423521
51.5964960130099
-4.862325627319137
-43.84100070192233
-18.543942419177483
52.79421869815877
-5.976121045552972
-21.24854255878755
37.80911050905169
14.498501609371488
-66.91491911613866
-27.301725499667967
-7.00740557948005
28.7383496098915
29.704608298394433
-5.0885651821681535
45.650685493241696
33.62296015985558
-28.898635245285647
-0.09339645992541534
-27.702499494073834
-14.321955010111353
-2.0498180090954037
-30.76772869520326
-15.99324308388664
-6.953025555476501
-70.1442749891528
55.94771740327016
0.8000546688597865
26.204264005969932
18.095221647369385
-14.980654989864789
-1.0883248470322684
17.794121297253866
11.750316800989353
-25.283080561726834
31.28955919357182
15.897620522014208
-68.8280045235959
-48.606724399218514
-11.564117965465186
32.877106228134835
-25.33263400376387
49.68398818111788
36.99604011702135
59.09589245776763
48.590632933978526
69.84777197904529
-70.8459767631089
26.380410524461425
14.824917484522686
-16.60067806401881
-48.83509908938915
67.81301253964295
-6.017999759512378
16.939956096285812
-51.45087693627576
-9.880437027576988
5.383027515349482
75.31589107196169
-61.193689199142234
-13.013978050225049
-21.91527565275065
-19.88106926118803
-58.77021112350148
16.299741332908752
-7.318523954812974
-51.21217591431157
-48.31194178131644
62.5616253310086
53.416316616224066
-23.192696535492246
74.37194362404634
-61.10876206014859
48.08174056988335
81.5395628547931
-44.71424198930395
74.11494636749308
42.00087002126949
4.142734032527741
-19.443646390188263
-18.324170200204264
-62.57043751694709
56.29403997684315
-13.129046580097977
-42.58507700509152
12.325132485106508
4.758603639659555
-4.016888403246725
-22.64427728158195
-36.824194653134604
-24.94545002750607
76.29796560503084
34.71887006601861
20.000957250406287
