28.015269582365462
-35.186181803968694
-56.502286304774806
-56.10028048903856
-40.714995985230125
-29.91817496931499
-43.67016772568439
17.71312534718504
-47.94838680005207
28.327893214633903
15.796954130488388
-29.162973191513743
-6.032547663415173
-14.973283558790385
43.54975238182317
26.570036352605456
26.80888600737913
-29.71120008341414
48.60390105443551
49.280143549655094
-30.794479725078503
74.58002462935636
51.05858902439138
-32.38054561065725
12.53000057729787
1.0615635024992116
-40.922924582211046
-29.140968951123924
58.31907204932992
-6.011077093333398
87.02446693298938
-8.337999783106383
-13.516847647316652
79.05464453384803
-29.354928456867313
36.399093024341
3.1694821633435595
-69.26497148921757
-26.153753451428756
51.36247589044973
8.798021306607353
14.96757334296916
-35.073206169407264
-25.02343157228053
30.176459275751
-83.55584018815242
76.03148949015255
-59.43431399585807
46.11582141259183
-14.665790299586376
-1.554914781805664
4.404881138160093
64.80505309453562
2.431383081574836
10.446850321483737
15.627397699780502
-20.467381958786646
-73.04236465362881
-1.2849747205757467
-1.1552243309191113
19.530850999461066
-31.583505253137574
36.707589851031116
-0.7062064020282293
-15.64701014302942
-14.512402413752241
-0.024285222475455726
40.00838756526289
-6.992627470978434
-10.187224143143908
33.39482780584359
44.95811108814064
-50.31625721226527
-44.92813304705137
-20.33515250445737
28.960424831934944
74.61291987937031
-36.345481389863096
-55.643840594909804
-38.939472540907246
-14.815480726079585
3.5686973384474925
31.670162223291868
-14.682594590699864
77.45490040053187
9.277033002980787
37.834645796755865
64.88760579114964
-54.4254008979682
30.52099476692294
-51.76596115886512
-26.961748257267374
82.81140326208575
38.41289889987746
-34.613096007130515
63.01043342958988
-63.37088976074606
-29.674218387429903
24.867498317563275
-16.424025762326536
-1.536244542983141
87.1922230010654
-9.263720375696849
-64.41589822984122
23.92195864652838
-7.663389755788344
-63.63012853093371
68.0739677945866
-60.69649047056795
43.637871856988056
-1.1519139852925804
-19.380814304446844
8.504239050903692
-9.5612537322679
-71.91542137663002
31.200509071337137
24.41776294316655
-3.4634238032094657
0.29022571471951153
0.6402748507871223
-27.324379175243976
-49.166936592675064
-4.50757684400655
-30.42843738757098
-28.49019138099969
4.059517252237626
-51.89603324897506
-51.80518104842452
62.17640766679355
-54.24659169696074
10.378744913948594
9.95223740423259
-29.106147781217217
24.63512016031258
-17.04316408693802
-0.6823829012340497
-25.720235870887834
-58.194245393404685
57.242081382914535
-48.766721983773856
-48.35315985629521
-19.30563402606124
-36.36674596066548
-46.120784855712785
-8.035263898672568
6.34444509495583
-40.45723859942836
-27.41974087190087
-69.67205633802539
32.532901513880944
-81.72609994364196
-2.5090082605825614
-4.820866881312256
68.97643679052496
-3.620886056728878
33.71130635090299
17.797393911914938
-29.899546184735726
-28.392543162702452
-48.171920289643495
-48.989597637619134
21.350591920671803
-34.60486918237634
-59.06936147785775
65.77772014923474
58.46970884661465
6.454612481022352
-62.50243534458224
-39.71041679915885
-27.942736062667876
76.3975637940141
-6.297029239315179
-0.39376504352355823
19.53326127990465
45.9489470382897
-10.724530621087993
5.279752830282376
78.70195050291349
-6.212261754321332
-12.813113050873952
-17.215999320733644
-58.70262520036371
27.802726472854104
43.932287356530736
88.70796771535726
1.7334686240310617
25.389092359153068
-28.546139751069248
-34.233327206704985
-41.7331628261239
-14.16599091396651
-83.87738368525282
35.75275431393413
44.202549552968975
-44.51069950752084
62.47570097068217
-45.89507080476173
-15.126382075915942
0.5021590844155099
70.54572716204362
60.05469278738573
-49.16571398740507
-54.512887402066106
15.539550159222387
-47.823730920696875
19.66758808905965
30.247572760617317
76.08751600868294
-41.59273115311044
-11.418011062704949
1.8064367208161087
28.03172243287976
25.115902995778185
81.36194799213828
33.414871084203355
18.374921814229694
41.09007914081033
-29.17454139062633
77.33001168521315
4.619468793758287
13.961143609207525
27.084171198922448
64.21877796996364
31.067536560018084
-3.7911114810791418
-38.047595917799825
-73.24614103459109
-36.44340959601282
5.961585220680519
-28.645579175285476
70.8668887380932
39.69468706794407
-20.53910623533386
-74.49270547132357
63.56344185766358
49.0916061692553
2.5004967628300676
35.70552990263093
-76.25590823444148
-30.949943079652115
34.33054362920561
-39.26992123311365
6.94473703490452
52.75157736337181
4.561179501447938
-64.56229227951269
14.684429367749232
72.7369229009411
67.73811144989872
22.359845420574914
61.82455363015535
18.76187700125547
9.896684396993152
-51.34459929475543
-0.6433752823774057
59.1378096074086
74.31839488058537
-12.989764824470697
-76.53099278106176
-48.82027438200237
80.23376301555672
50.59527302615638
-27.880308978293456
-41.118119601637225
-23.143965204687063
0.931350483120255
57.781531683023616
-23.474099267700552
-58.68090670929619
-2.581712937977727
-5.474989753222573
71.59665317163228
2.078623904435304
20.524266074002284
-26.356567919067572
64.08098054044672
-9.666252161809354
-33.88422210441279
45.22568451055028
-80.67381655455952
4.191060681842785
-41.182900343071566
-10.656001222014154
61.93817662702136
27.749511197132946
-32.55311735624808
6.199882358027764
-1.0236487016207292
-2.978862855299681
-53.555097526039724
23.53414870470283
51.08384269391172
39.78498302439698
-62.95549974216429
-40.46187973679929
70.75461615767921
13.655553446848018
-25.233072658707258
44.09456846151156
5.571516116234065
52.51541815826192
75.83252688972144
-4.651094845873487
-67.33909417439114
33.03932709225111
26.527727944800134
-3.5141838038647677
81.27017120323956
-32.049448320525855
0.21272930546936664
-36.441799476505075
61.455621495930075
-34.05206245555015
43.07225622260066
82.07777170841618
-29.798454764313718
74.30975411955762
-35.508951694031836
24.554285727666638
22.30190089615894
-12.099601646955563
-72.11370439307453
-83.04400430366792
34.316136389382905
21.607901756078647
65.98253587005206
-37.634100948369564
-53.93497024144212
-70.2846900896413
76.53337859571695
61.95697871254191
-3.560751933974686
80.97810004284
80.73269967850587
1.449518501274838
-7.987971426135502
2.3039025406919222
-28.481486499831732
5.294964385368118
62.33269713183233
52.173340772724345
-58.05680180697949
-79.20259716500453
-19.887629969767545
0.5822226360550928
-51.78156400845425
-7.456629112896138
36.26123320101968
-52.03588236924273
3.304742286586361
-57.84186634985093
-4.956504834873016
35.10334224930625
-34.13187992946423
12.131767897390432
2.01462068488334
42.19864367441605
-12.905313047377888
-19.859561492091984
-11.810144421430948
-0.45780497373560536
-34.033870741721074
-13.492743725015472
-29.304878799049774
3.501668217965644
-52.72870270611824
15.341370819333406
80.69340078011444
0.36234549410865213
0.7189198458509765
-14.713878876399562
36.4970274985335
9.973024799633706
-50.19847156065744
49.645223683479514
-56.541866280998974
10.129646628298602
-35.69544354853544
29.373393760023987
-69.6065315349621
9.801049340383784
-29.451687630426363
40.51355932448578
42.36112361281761
6.331422791284723
-26.326404853438106
81.67431295156729
37.88414112595743
37.63308323685786
-20.097439546917073
-19.388915704800013
64.22051215694941
-21.306035565778643
49.02968296924834
50.0831520270321
74.97588593610848
-17.323551264400166
-67.2321616400193
20.286309021405586
-60.735095487166895
-62.90390727544552
32.77991835155049
-18.525595348708265
-3.4556674365295947
-10.067892044064422
-34.82189103976771
40.35910223894686
-23.75778189322277
58.35914662177041
-43.20878178210925
36.854016191561755
-18.18733941163282
50.0472655008399
-16.43974957851769
13.25626028233394
3.432241150085588
26.770269017874952
-23.09422549831602
80.03366496974397
23.09081966381214
32.56071796704646
59.429607632009976
-0.34263471219340147
7.253053229996397
40.50196604291659
-57.70697145819422
4.145138018051327
68.57371869307084
-79.4538718853616
-9.889944405699225
69.43675703513696
-68.99818712294562
-43.73292115198065
-11.336014442655795
-72.37964857090597
-38.19743115620336
37.230434205988956
-52.37960118013139
-23.2728768171918
-7.530160809197085
14.374887987738731
21.902188042119263
-62.80555864839535
-60.44416631767787
-75.69381036800871
20.05547634921645
-31.163757733783086
-61.97945525906898
17.77723968642897
2.869559741148734
-19.11778332474549
-24.378149421270805
-9.236633975638497
-18.703330378611582
-51.70867564456632
-8.717908783161278
24.058430798104368
7.5051725605776625
57.62738247687906
11.827781273678184
-6.773492903956068
-65.76912406235034
-83.40481489004641
-49.98752565401575
-41.318015428020296
-76.72602026697248
-18.08421585597523
49.26655024659996
36.467629013346766
11.194002660997313
-32.810725857536625
3.4587107793234537
-46.312153256754044
67.79757539874848
-51.791019303893734
-12.462411700228131
44.93159424795331
-46.54833009010448
-8.786990501623976
78.67355015411218
12.707580475313478
-0.3234732074333948
-4.182952950264294
-13.059946304033701
52.53298106645914
18.42855625209171
72.35110368422485
5.415650222838295
-26.384657441881473
-20.915436600020925
-52.0125164743049
-21.423900720523037
-3.055172434810828
39.19569709700795
2.004390595804651
-71.67847887307204
-23.34212795746562
-43.861629201587306
44.654846783026954
-11.424543681698054
-40.333815128557994
10.900817980279712
7.250904274020712
38.39290505314818
-52.28846105227066
-80.59924854151376
-2.9813136031916088
-23.503996712001964
-47.17079395329142
-62.31716554760896
46.82824907814714
-61.51594905335831
-4.581153671424232
28.814025267528834
-24.80134003752181
3.016431396813772
4.550370690001202
-5.843740870203575
-5.267829752297729
-46.77223875851964
-45.27044835158098
-25.562008447980105
-1.963852502204844
-45.9882660077761
20.331200321329433
-48.37198300760003
35.772372596085944
84.97533806763488
-5.45404998174223
8.52091654972736
-2.043513347623403
31.818169886620524
-16.287431715339494
-79.77015520768644
59.0672752984035
84.88543864558883
41.96353715831279
26.936717741981155
4.063432822556791
-15.156504327221995
72.38823195969775
-24.56616285499304
-82.37868292385441
-5.953797227024211
-14.33801312294392
-1.017001544769741
-19.35962542956314
-13.827877253340318
1.0802677182870895
72.51693186314978
-4.734394305904459
33.26936050506748
54.13872612309112
51.72433419132565
-71.38881411941223
-26.88258830663787
-6.850435416012999
-43.497182161759774
33.28077118319996
1.3026593526250707
-57.43609608616303
14.071359758497877
-15.781567486541618
82.95160860378849
-47.70306286963094
-10.502545187519544
-0.9387063972396135
10.581137341112367
-30.2273458292359
-64.30908309871583
-59.830136315826266
16.88231284718769
-22.384388113665665
18.42907710007414
-16.333051553247643
-11.819650957151765
25.674216427392963
37.2153252810746
-7.173401968392795
-9.306320907931777
74.13547986993964
-44.00881062753508
30.478495273215344
-19.33523035745955
-13.380442646356855
17.86848664124041
16.511096259465106
85.3927950621179
-41.75548996485471
-31.074597863388504
-15.935172409155498
7.917036530093654
-12.996050330883236
8.26850475604192
-39.415708915477346
-3.1199784117653593
-57.82416663306283
29.998882112549552
10.75189631541933
-1.9399923148387472
26.121297125256064
49.204168027294514
74.6192848396372
-23.824025488887784
38.108582266598006
41.961974437611275
33.339355664437136
87.66002717914907
-23.049102024883737
28.763870772014286
26.51301165387156
73.67907305298445
45.895312953516026
-1.4074860982466788
32.28178172140346
-12.41836295244049
16.884907390065166
35.469386190370756
-32.73977592418072
-62.894092948901985
9.73346469378238
-45.306567178646354
29.745308309944576
18.989882069047297
20.69829539651512
-5.439860103856731
-38.249828253148586
-1.545512116591624
15.308154621554408
50.35934072261625
-18.97668193670542
70.54351512044971
-57.361254680322865
-29.54776744506364
-44.505740787303964
-4.635575956376684
75.67651028596012
-47.54489397800248
15.052947294527996
-47.49242402662824
-20.135808891070567
-5.628749767255343
-66.41350100104985
-58.49309917773245
70.10944390423006
-4.5210876582222
-43.850616852977915
-53.55584430645649
-11.399024475711755
-1.9777716128672154
-10.91476502942551
-72.37284467566028
-9.774909105118653
0.4074478058825264
45.12116724316496
-50.68138895234525
-17.260458311595542
-82.85152727964379
-9.241782114907707
-69.878571935905
57.448657346831766
-44.020332096582365
76.79081415888348
-25.611037637219823
12.236476692508688
-64.38654117782716
-38.85794262961476
56.24404843202953
-30.865083056865288
22.40951566727503
-4.9009731316268415
-55.15911777010679
10.440603648909743
76.38174331893703
68.32724045432633
-69.85807877756346
14.897519075555039
-55.73906764927377
38.17568948256368
39.6738208507204
-2.12842248383528
-4.1077636331916665
-44.00653833552769
11.359813126706939
-11.227564005533807
29.34414914532995
-35.227890480493876
-17.317552891961114
-43.069940589456586
-27.222558373089342
-0.1777465195263801
-13.778310142989213
6.287498136239108
-18.60178768238957
17.92661353761106
-38.35573703113984
3.9169905855508773
-80.12914176690553
-52.9006482459049
-14.048398238980056
69.00065651049366
-70.17026435979298
54.71313366863038
53.549427359025145
60.564910717579835
7.186361480285925
-70.99772219974327
51.03214332911199
-67.04424733083513
-7.4407663564781075
-17.08749656276099
-18.93196175263415
53.45923176592527
-7.141100692331946
-37.248231598865445
-53.733038106125164
-8.00969404732706
-24.791759218505803
-8.222944505635354
31.429177776520987
-3.076150533472628
58.046691070342604
-13.73412012831831
-56.97074667774665
53.680040435978185
19.322543169744364
-17.330810895023305
-0.4540125080409041
52.65262605745119
14.426006245677627
60.83641231843791
-0.17261844896459877
18.415706715279413
-24.061683833005816
-27.11745959500861
-24.019587142781816
3.91416165494266
-21.42150148443885
70.93100383086812
-12.451889830995881
35.15315280731474
-11.663242369136341
-66.56093973990546
60.91744095842921
-56.980114001768364
39.31660101772192
-50.11865145884986
3.477771843505053
-17.613255063116497
-61.78040910935991
15.078391039028261
-11.75968330111283
-47.48863444827679
50.341453535385114
10.325391040025266
57.02126898353788
24.975856249448086
-40.949736596313365
-54.336084895905124
-43.57301388554942
-59.85753387553441
39.992390147873294
25.001243969673283
-22.368405500811832
-28.785366350458688
49.874086196856894
-10.957180755690757
-69.54088833378322
7.057012905391019
-65.33744565464801
-23.54897786151507
15.736478855229464
-39.79557287945045
8.086026479936592
20.360247335023487
-45.98843399047491
-56.56221986276664
10.798327360854586
0.2764071593624351
-14.126785869311263
-2.5599616827953326
-3.5566916119774703
28.80493660274695
-29.65569651433472
-21.37525103842256
8.463017163534715
29.101959167781118
26.974429099000687
5.330767020196447
-69.56935663685613
-0.4482115391421644
43.188684924601915
-31.394831136591222
-18.763678794907662
11.245340844753756
-42.03234194630585
84.80509755668524
-5.005643039086479
-19.589434701739677
-34.58947362453962
3.372154348554915
-23.773817629821522
-46.223492252241655
77.56120205220452
-28.692285504115617
-33.31744783138832
-9.55458688319284
71.93329721981576
-4.30856042587439
-38.836262582769315
54.01702422258492
-40.96149665487968
-12.75697651250806
-37.197734866211306
41.639440611936806
-1.5445741038027165
27.670562026859685
-0.6991878119065973
6.897104535874789
65.71819962496505
-32.592499879495335
70.25416215575572
48.14854180609001
10.933260205903721
-29.536258943036145
-16.994361690201515
30.29231614896389
-10.40298264045174
-53.165487363680775
-23.55688960956526
85.15998690827487
-21.836921635365528
33.007136158261744
-56.074789229895835
29.935042605000262
38.54904194624879
39.51079064965663
-14.685821664346904
59.16115333118205
-5.769351396454482
-7.909927035420381
-36.354224365611756
-7.2499730729195875
-31.627535727156868
-17.84138781931277
-10.317619916068026
0.6515187063146328
46.43246299365711
-63.86967638220377
16.44904129127511
36.265225081243756
71.76740077425441
12.164415915341323
-60.956690895946664
64.59105805672237
33.68991887520525
-13.463981526892084
20.605649601890136
3.0623219691124035
2.540943796275897
-46.05227493587944
-79.34753992178676
-69.889869561817
-17.568734169889737
17.776834296910067
-15.496385181474423
-69.49883914954813
-0.9438330006244087
-44.030084622780066
-76.20173726849924
28.885704799576246
0.9304868332395415
-27.798040181821392
36.96463641580138
44.33048156075705
-59.398100490302824
27.689437890567362
-10.835369901592642
-32.37782165462262
-29.392661178083358
-41.529831943317625
-32.62895987628106
29.396569771614452
49.479393329004154
-69.92250781895095
-14.747961137079699
-1.2915438875689347
-2.6450034982115085
-15.816592592381483
-48.03353044135332
-59.93293364937499
51.03567039231186
37.44912164416385
-0.2791471262945038
17.173056739783902
23.57720105827012
13.014247713948947
73.5151025764485
21.52342207312776
-15.569207904439622
37.17517680136646
78.67823741664711
-57.089088801909526
9.957037498147528
-60.433504378771644
15.983158475841918
51.58239930055649
-4.894391824417241
-43.70390455017194
-18.476298023180604
52.80975379426653
-5.989006643948315
-21.261892264157495
37.763982163157266
14.452806044972192
-66.93263248594701
-27.09011108371037
-6.875394168072702
28.56009145883617
29.50143704708657
-5.0950727041703345
45.73716609952706
33.72175188595031
-28.93815716570515
-0.05377624998325814
-27.73195545743343
-14.348739802514359
-1.9720528737416032
-30.635695507060092
-15.98030334525734
-6.934330810987362
-70.23595195759043
56.03344459530612
0.7668848123222176
26.038651481809723
18.016768305483467
-14.966951968669477
-1.1242377358716595
17.785386905861714
11.646631753453434
-25.282678898450214
31.398434580204594
15.96319158084897
-68.85484736405226
-48.42133695770935
-11.581786003516115
33.0005108219234
-25.219695184177382
49.6974950573956
36.84595728685528
59.15730688920098
48.61857572102204
69.86541998333135
-70.76733391002097
26.458704851503455
14.695370284933858
-16.542859902512348
-48.689686683948175
67.71346081994136
-6.011972024847893
17.017710351152303
-51.50766896315558
-9.850251618874992
5.379488979771494
75.39047075185579
-61.13954054900854
-13.00713613598684
-21.883316893117865
-19.78949787214779
-58.84569360551703
16.156324952157263
-7.34240581281999
-51.06168652001628
-48.20073275982639
62.4981818114494
53.54072419745202
-23.04453253905963
74.47794799911722
-61.08170883038979
47.96171297243444
81.58533212458374
-44.77577751185852
74.21851031357667
42.04963443255056
4.222908866336326
-19.460155900407187
-18.317842071752224
-62.5793832671101
56.36320974032023
-13.090204239698437
-42.6429468023819
12.270592312629816
4.696907456522624
-4.015751110868948
-22.53104156738472
-36.85956813800895
-24.973167067434375
76.34686688929105
34.576677869387
19.950479264473884
