15.578402996526712
7.753148275051394
12.586820171158148
16.76536067212176
16.458544732088782
7.212029187170471
7.74094576144384
10.0876812098432
16.888833271928437
7.555702271471701
17.395219726854283
7.324218465847394
13.648024350915577
15.912936652725218
7.563597859625703
7.9178608811647235
9.064764665148132
7.5287905682258875
7.608541049150463
7.346211137064553
12.458714520007998
11.481187540454272
10.68462045143438
11.309704639299305
7.977871173551409
13.445793224897393
7.325528219359605
8.316789394807984
7.444586572685593
8.093086890815798
7.212263954890074
9.082929806378974
10.67655252032738
8.407477258937451
7.977340808411726
7.987646585901486
9.914729380855405
8.075113069671989
7.1963153063713685
7.660001397317987
10.065664162540962
14.364572409771935
7.212307442078251
10.834627345973036
15.28575902388361
7.881837403750779
9.032207658814418
12.979255605226022
7.332460399525339
7.6726152603135125
