27.87793764494043
-35.203620117627175
-56.55357077648201
-56.14015636423984
-40.73421309492917
-29.87829749244004
-43.731782765169264
17.644223812399304
-48.03215006045781
28.256677391663303
15.791507833502578
-28.97364693093276
-5.955932053356264
-14.800926551663181
43.589536890852514
26.422761826286177
26.736285547928077
-29.778989964184547
48.600109567636025
49.300243333983985
-30.86606528005484
74.47305284572874
51.07213769684492
-32.42483120027063
12.502062646345351
1.1318683564797993
-41.005321185834596
-29.030731475657475
58.17153129950546
-5.970837288209651
86.93281087746598
-8.155039153388714
-13.310492387740595
78.97472989939732
-29.3692480265657
36.383235790183846
3.1638039987240347
-69.23530090739425
-26.126891791429202
51.238993787928536
8.780981997377495
14.921714653500558
-35.150755762608725
-24.854814477806627
30.21341741135177
-83.60926049275682
75.98651336886633
-59.51954626619773
46.129059466843614
-14.615034583579046
-1.4812765099615035
4.4642430820720875
64.71337535948973
2.4366270129244185
10.584971357353623
15.740481387145124
-20.514710780872164
-73.06272871722328
-1.2935220223474744
-1.1096939421404244
19.47245852506596
-31.540557414077426
36.59993694169046
-0.6454430972245291
-15.616615494062174
-14.4116543099056
0.009757993890588068
40.048844111212105
-6.806655073793493
-10.093448146504429
33.33534781399251
44.98808441528166
-50.39831735060571
-44.953697732468385
-20.25281274573605
29.02699747674191
74.55260071851015
-36.318827316747964
-55.69576897577038
-38.88735768707599
-14.82722745313717
3.6167476300028483
31.637778009158666
-14.608663843216974
77.34549416611318
9.399492011645322
37.826987248409665
64.87102883822857
-54.45461501518246
30.6089650393956
-51.86537359632531
-26.81633307325957
82.71332029594598
38.35409582995959
-34.64749401045753
62.81408551174218
-63.45616260190176
-29.716701817374116
24.9016356397878
-16.459653642526547
-1.5389136520044815
87.10139604494688
-9.261638674937146
-64.52414259448673
23.939940317159866
-7.6084640126732666
-63.58661179117017
68.0037612020592
-60.699711699137815
43.652279421232436
-1.0845658199108925
-19.38612175205121
8.487395496231002
-9.572870464983126
-71.98499738125837
31.041384528794026
24.433059713704395
-3.4184629691668533
0.3677011073309018
0.6784164889547668
-27.148128602401613
-49.25950827859617
-4.504959664941367
-30.499506487369388
-28.553764713302243
4.116395457009176
-51.800989074320405
-51.88821357210076
62.166216197684065
-54.35358696022132
10.359595056688292
9.93567712199443
-29.132981627413457
24.68151746015924
-17.079488696011694
-0.6911211493276568
-25.612468841787745
-58.25314813994473
57.058397521952685
-48.86870700927062
-48.359596107735925
-19.18257667673275
-36.321625623643826
-46.1440089089919
-7.919860997376944
6.335239175078257
-40.381011287885194
-27.455776215175845
-69.7487598165724
32.39357287858732
-81.73768781974874
-2.374047449827515
-4.8079100346447206
68.780396727305
-3.5871590462177636
33.57009752590784
17.78474449667081
-29.954410200611022
-28.458477359456595
-48.26833933426062
-49.05260731146928
21.42232633061964
-34.44642654920872
-59.16944567882433
65.60680544997427
58.457019713122236
6.496197703620965
-62.58513038165621
-39.67327421755935
-27.79067903776634
76.34488916650818
-6.189810656362823
-0.4031219306875613
19.486888897367052
45.73897881331371
-10.662020948575929
5.3052901173148825
78.6121991550132
-6.128661390108661
-12.758627361201405
-17.141397088628395
-58.75958511617849
27.67519323371063
43.96582594255656
88.5800748419357
1.8201628280114335
25.325641169979022
-28.534764763703237
-34.28919310578446
-41.816968899421866
-14.116146352451238
-83.90079909594954
35.787520731936354
44.12607802585694
-44.358903699924184
62.42606751960258
-45.982569177548974
-15.024866688708826
0.4965024436489358
70.51466407860602
59.91668446860831
-49.25396546621651
-54.60415691377183
15.574376460681236
-47.9085205668675
19.711156169130945
30.18180953354488
76.03301223407277
-41.486206430187444
-11.390440686026011
1.9135643532381152
28.01343352848174
25.168823706303996
81.25727058106779
33.335055967002404
18.353875487354188
41.00979158963409
-28.955625571994574
77.2559290157447
4.802128562355833
14.039132401644181
26.953733825960228
64.20351711519837
31.124075694832328
-3.8039668854975304
-37.96583346003311
-73.32334358256364
-36.43352894474998
5.997465318755459
-28.665624994537794
70.83547263591944
39.745940360546996
-20.436930514630873
-74.54771429178176
63.52171503299991
49.11546380605154
2.5952164458394975
35.7546579216401
-76.35831298857494
-30.88232756158638
34.14279068313286
-39.354688530546255
6.931719014379155
52.75174868369095
4.616801445635517
-64.61505623256714
14.644290902368127
72.58231325628722
67.69187848351058
22.37974183553952
61.81374862424383
18.682779630255197
9.898777200676008
-51.26646659894471
-0.6088679760893996
58.99966597785797
74.26443198137261
-12.994038137723251
-76.51615058161953
-48.71057733614088
80.12950166334267
50.47251771486006
-27.855930661348197
-41.20079764899521
-22.993918054267837
1.0300916284815287
57.78401402355581
-23.309901199049477
-58.78971537782167
-2.4705625217742266
-5.48696977408872
71.40842298312293
2.259393265015518
20.540454788509095
-26.40260843752084
63.88880454484129
-9.464455290124704
-33.89626517449232
45.2448135174385
-80.72826561244952
4.242304909250436
-41.047693593819005
-10.526258657805911
61.91292575606815
27.64892551461392
-32.58791327366525
6.21609238223742
-0.9574210979758391
-2.8689179093524757
-53.51489673027865
23.583851432520063
50.932711633985804
39.654988312753176
-62.905003762652626
-40.351311757391024
70.72263342666542
13.730502260700007
-25.156089094497716
44.11739895739544
5.575947360334709
52.50927015767144
75.78790112353815
-4.664960163862787
-67.32252285277976
32.98935955356373
26.563530896705885
-3.5151105441309483
81.13789538821709
-32.11569163708171
0.2162830761285761
-36.377428521881825
61.30188400281699
-34.109882641838304
43.01642725645823
81.96567809021798
-29.86353773182242
74.25513588998334
-35.58819995982884
24.44281646059399
22.37160203888085
-12.099985348688008
-72.14270766754099
-83.072137940054
34.3503168947839
21.50624452475624
65.87111114446972
-37.665501686029664
-53.977633750706254
-70.2675938294164
76.48357217854539
61.949877897947374
-3.4771935260814786
80.87459063242329
80.61211284031293
1.5734105282269581
-7.892327662505878
2.4193428473928265
-28.499533158944843
5.461583701136334
62.32458694034824
52.146089851482856
-58.108952418357134
-79.23699429684977
-19.866495582398144
0.6820167991657087
-51.88001780134009
-7.354007083722891
36.147174622800094
-52.13338589435828
3.388233299609908
-57.94447606534595
-4.94280030441773
35.039981860502934
-34.13591534941064
12.10073568141442
2.1197102250468447
41.97515695132918
-12.753634851406886
-19.65290375446729
-11.665997017159668
-0.38435887071071306
-34.0900068773289
-13.286492562139486
-29.245616807617353
3.5360109411146965
-52.672744853440804
15.44551137128785
80.59523544776044
0.458467927679564
0.774305766772514
-14.699158090067016
36.549111176143924
10.1106849789917
-50.25766119651277
49.66787558928482
-56.63090555785663
10.113589640205774
-35.71957226720283
29.223711435008482
-69.66441143010333
9.803776028608326
-29.442785211060823
40.538480711409306
42.29153695623921
6.327732654290557
-26.28378794240112
81.52539335412857
37.947934580732294
37.58845254640539
-20.133959318531637
-19.431577688289266
64.20658985611809
-21.140677023001444
48.939127990383554
49.90746391631478
74.93274491203846
-17.23378153468674
-67.3321491105334
20.205370154805706
-60.68137872126492
-62.951520252038485
32.64092548078304
-18.567734581809205
-3.3750663974431774
-10.046536936118542
-34.88336511553709
40.40097449616576
-23.791432101963892
58.3611691698633
-43.29512116156426
36.799793730614454
-18.22515288677357
49.938528965264624
-16.39595848825013
13.27979284458172
3.4330776409023116
26.640708102684982
-23.00952197716181
79.87085083789495
23.074691653512275
32.548860074260205
59.38466226079916
-0.2470909926423701
7.260581028557482
40.51226204452604
-57.79670927429778
4.177738646337389
68.37925278982462
-79.48757148620912
-9.843976757006573
69.40563085730534
-68.97907225291286
-43.62122068922812
-11.130797599245184
-72.48611923666454
-38.0965880993012
37.27578098248017
-52.456144123332614
-23.319328732470368
-7.487475957920708
14.445858478286198
21.884041425580833
-62.91529545400753
-60.554167494189585
-75.77273939958337
19.95751954762899
-31.198306580755442
-62.05913953216127
17.776202793718554
2.9629608069313917
-19.00232480900617
-24.435628868882432
-9.115939757103106
-18.592016116554078
-51.806037142909936
-8.739078561139536
24.163267425854713
7.522739905763018
57.39750752849747
11.930596735042343
-6.746432860721754
-65.87311280202935
-83.47675467227515
-50.0024985250369
-41.35163241698136
-76.8206656916221
-18.124997995771835
49.28956081922695
36.51203694106718
11.201759417149262
-32.8175949848288
3.528782298383618
-46.40911462292583
67.63529862492433
-51.87704580072744
-12.490290030662777
44.789172075223206
-46.47279894340535
-8.761609692930207
78.55271325492402
12.669627677443529
-0.2459500818051623
-4.123884153498878
-13.087832402479634
52.53213840230666
18.46053984895083
72.21844787304624
5.46364517840199
-26.191154167476043
-20.762842044075782
-52.01350253969969
-21.36592484256309
-3.0581315100941993
39.239268195276594
2.0902763678105885
-71.69633494731833
-23.12180973986618
-43.87174894618592
44.4942135637348
-11.351641266725792
-40.27663702924335
10.89726255923155
7.3598180374034285
38.43227704975479
-52.176833103597424
-80.6233370243271
-2.9856180452045322
-23.416547626817163
-47.22813478999238
-62.310925095723164
46.63419890330394
-61.6037290717075
-4.458566938051447
28.666177981554654
-24.85546710095943
3.0086492376224214
4.544547957849616
-5.850416906649798
-5.283268800205448
-46.79029459219362
-45.33147546514856
-25.52869797510337
-1.882082920571861
-45.83101269230531
20.377608452369245
-48.41320012143412
35.605024756744
84.85009235091357
-5.302476347478219
8.505145396433377
-1.9912028411118285
31.846682592241763
-16.128011425368328
-79.76940978681091
59.06285688079657
84.80459086068805
42.011223031977664
26.841416935070285
4.06131672740338
-15.087374561448485
72.35254544208235
-24.410830773343235
-82.43803108174642
-5.942706314040748
-14.191428064608928
-0.8616127235838178
-19.358015379419513
-13.802233818730159
1.0768657206376986
72.3950766324831
-4.606862945417603
33.14091022972781
54.03869916227728
51.74116306100629
-71.4541682237425
-26.845500402829146
-6.781257357670611
-43.58916288754193
33.11494906517012
1.3004804882379233
-57.488563523325006
14.034857368805007
-15.73431842786502
82.8326816321223
-47.60347289827271
-10.420694171181083
-0.8908762589348527
10.60780367265815
-30.039771541958828
-64.41364648150548
-59.89499056783314
16.899282301945007
-22.16961042450089
18.566034011441232
-16.366678607937402
-11.847234863084594
25.738081858907663
37.174273899242564
-7.024373506939284
-9.200506013322425
74.05395751005685
-44.1035608415221
30.5701735234573
-19.358466817104485
-13.36072125258039
17.910956366118228
16.550661056738335
85.29253419004013
-41.77421447195516
-31.14716893792857
-15.773903610505926
7.938107934992658
-13.023894807213239
8.285223040062363
-39.28718374401706
-3.028807709826026
-57.82234817025127
30.03005796707305
10.819630759480447
-1.8185507821486766
26.152022875320753
49.22779061965784
74.4418190760504
-23.820276172007198
37.96820430638877
41.84992562290887
33.36801826655602
87.54672053754368
-23.058409854867733
28.805636765054317
26.586555036502105
73.64024742476096
45.875579529269004
-1.4076204988074608
32.349892396069464
-12.412060413578956
16.81425755480427
35.344222328332194
-32.782433441030804
-62.96900901341156
9.723193131212597
-45.37812157418692
29.574794189548513
18.964987284563435
20.696468173214882
-5.256016229513534
-38.19147133658522
-1.4466448989029885
15.277811190689079
50.321736223589994
-19.018970786668746
70.50537351720342
-57.466821330429134
-29.616927313256838
-44.557759607501474
-4.577224216354594
75.52219838078699
-47.45960312423171
15.139768198567452
-47.50104466032703
-19.935780255578706
-5.445515235833838
-66.5214192705074
-58.60242077824827
69.92305436192532
-4.386260357205728
-43.694121523763194
-53.649330365400296
-11.373834129901098
-1.988939572581856
-10.831189901380895
-72.355239104118
-9.614469758365303
0.48959674209291393
45.13229642673352
-50.78347564030109
-17.291894436384
-82.93176748913967
-9.246679342143025
-69.98141621558392
57.23707399171519
-44.02502759599163
76.6314126314663
-25.61043234645126
12.201439788678726
-64.3758525186424
-38.803114813048055
56.186341188000995
-30.918707146169382
22.36294246414961
-4.783737101303927
-55.2281619750322
10.4208615952748
76.29027002507846
68.23213596717324
-69.86628714551618
15.013883517010285
-55.847811857355936
38.08370665331472
39.62324859362363
-2.0269498473805356
-3.988204020350608
-44.09969566438852
11.367938283847735
-11.23460300023352
29.258793268261897
-35.16536699835268
-17.324831957136283
-43.16441573170561
-27.286648128651137
-0.18712400935618234
-13.667083286762448
6.32794368295265
-18.376341439381704
17.936085126860206
-38.20323361720705
3.924373975269205
-80.16386918833417
-53.00045772035643
-13.856203140069312
68.96328937732437
-70.27897412663656
54.680676672562726
53.56009136421315
60.5100468433763
7.17378008104275
-71.07062054348063
51.00006365031763
-67.14047210786498
-7.349123274040551
-17.108524272893263
-18.75472722809566
53.39946677396327
-7.072867772433895
-37.332666582774806
-53.81530829859091
-8.031156723817475
-24.668950646321505
-8.212644226612468
31.486167524631213
-2.933647427522189
57.824275759678756
-13.533017810119077
-57.01068905615476
53.54900579720223
19.22903118163883
-17.357314889817843
-0.4104487480787924
52.47946756123582
14.509826183910974
60.818858349191174
-0.07051455843237875
18.33103135344132
-23.990183074020266
-27.171999197533694
-23.816783272085743
3.909193888948522
-21.196300310833877
70.89652369760711
-12.477151263042416
34.95442029554414
-11.498728896453954
-66.58378392645298
60.90909818945266
-57.06457072226751
39.17944918360186
-50.01351001777866
3.503974472140058
-17.537214409781313
-61.87454316295147
15.09128301811404
-11.597207250795407
-47.58971989871093
50.35929402798965
10.375514434891642
57.025890168785565
24.988962190807896
-40.964446856384306
-54.40489412276096
-43.48456924855242
-59.93681681076513
39.78643593731351
24.94261207926624
-22.190088648204593
-28.743780971275754
49.70141007454407
-10.963023608691046
-69.53131883407215
7.078236272021556
-65.44773749695855
-23.403018514573688
15.701655759419836
-39.71922726764834
8.07016864356163
20.401963531540304
-46.080697598331014
-56.59666140229735
10.857294699412222
0.29022080013260165
-14.115873078946422
-2.563806201311195
-3.420762708633305
28.858385577507462
-29.667162515904764
-21.249469492562696
8.47731525581888
28.958536324502973
26.998368037365225
5.493801571132167
-69.67781990377347
-0.3721149199875242
43.21724687742778
-31.343259913343374
-18.649028202321233
11.23577322493523
-41.94129890307506
84.69522446374651
-4.947169136155665
-19.46222687863704
-34.39295971266436
3.383651615218014
-23.566495599885343
-46.24785023723633
77.3876547184764
-28.59264712957018
-33.29224517169666
-9.494723203280671
71.87149678557375
-4.137705124281226
-38.881523156721514
53.902354705128374
-40.9533557971501
-12.762739799178433
-37.177829290402926
41.648244690782406
-1.5559219429611488
27.732932668196582
-0.5489731101137636
6.884331247600443
65.69439482824367
-32.62236536818406
70.15405953654934
48.171596560958164
10.906739674978837
-29.38993787833506
-16.965066779535917
30.34698936829838
-10.27452147064632
-53.1959366156343
-23.52905722884536
85.08481997233835
-21.642817732670764
33.024481047961956
-56.18211866612605
29.909248284939466
38.33841302609633
39.49767470111868
-14.700585445874921
59.10438097750463
-5.722399925254635
-7.714414371107566
-36.348055047881175
-7.236762436073718
-31.446589604014605
-17.698164508073503
-10.284477771302846
0.6774441257834951
46.45216943081391
-63.94633298423705
16.480690397935163
36.28298518908906
71.73256195264969
12.142726484954679
-61.066203888035986
64.48206846150617
33.515320868334754
-13.398124078444269
20.606984663440812
3.101571508875054
2.5714031404117463
-46.07774604434397
-79.44008601391876
-69.99659998505936
-17.43930830253713
17.698041913444868
-15.529880698506886
-69.56572795405569
-0.8416780976260725
-44.11791805409099
-76.30402721835566
28.801482909049597
1.046931516185623
-27.82226127241921
36.92734116251708
44.17325413291252
-59.459954746249586
27.66231821526395
-10.802098744130518
-32.221011448577585
-29.386173413415563
-41.50935173177296
-32.49605261680851
29.484355176713095
49.4987319890177
-70.03138499828778
-14.655560884377735
-1.1963650016816558
-2.4909149006917914
-15.636820376538012
-47.890210435411475
-59.969041571709205
50.90412496018777
37.496694886084526
-0.13471252522862187
17.101734782972215
23.457594425083016
13.050485364460869
73.38699098889009
21.441066407530272
-15.506850622455545
37.055803855209774
78.62639063398271
-57.022942325651705
10.090809774657131
-60.48762068483879
15.91721654288213
51.57077381449386
-4.905670156942591
-43.62840536836774
-18.41672543549356
52.81081238911864
-5.990523011129682
-21.25912285908997
37.765907713082214
14.462247839797342
-66.99787633998798
-26.88441720824872
-6.688064571660661
28.457507322052066
29.37040943759304
-5.071926548008051
45.76745797173396
33.7769867157331
-28.998416796654396
0.04824491552652432
-27.749910354105168
-14.381671519658155
-1.8315205763057207
-30.539609029161653
-15.976894130890201
-6.887305669624652
-70.34211858246394
56.0409273990457
0.7818954874404653
25.95102645396838
18.007117504499405
-14.917835199975059
-1.1226404522822264
17.81765545690753
11.615260000028456
-25.189024427961655
31.463647645032438
16.031171644452343
-68.92332859875694
-48.29347523939612
-11.59626364336333
33.07176289845515
-25.129630017841038
49.70606634951287
36.76059875877198
59.15588259745803
48.63557356271045
69.80822443688902
-70.72906112000348
26.520456439673907
14.641862381511416
-16.487742040246616
-48.608524752293086
67.56018055362571
-5.976866401956016
17.093378323224755
-51.61181806721015
-9.801553918811663
5.402083554737644
75.34307205053182
-61.149139622944155
-13.000077854242136
-21.87777741763412
-19.705783641527688
-58.95558527475736
16.08926922134208
-7.3519272450464825
-50.97525745453233
-48.15790675903994
62.40658617241493
53.548383019829544
-22.90339159083571
74.43662898421775
-61.11779961239753
47.87517407497944
81.49912764445037
-44.77049440976614
74.17814924687539
42.08516940281251
4.351137393653204
-19.499083116877713
-18.272908623338623
-62.64533584665041
56.370082707471084
-12.948466622899389
-42.64937904217418
12.272252629540404
4.6887470658897
-3.9779461330826393
-22.431098199270167
-36.807890180711944
-24.99819765077345
76.28388330810316
34.503425538729175
19.960750577170117
