27.841876608708205
-35.21299250486435
-56.5568573656142
-56.139583277468226
-40.7316672435937
-29.871107932719084
-43.752938990978954
17.627484333636545
-48.050317606649685
28.240839231113284
15.793213408123947
-28.922596329990455
-5.932764267610665
-14.751015781865732
43.58745990964999
26.383128565828372
26.71991723817591
-29.7992962056437
48.59949589172686
49.30174655691198
-30.887012519265156
74.44021050711203
51.07250941281322
-32.440693510616825
12.497309391031436
1.154332168740396
-41.030563512093636
-29.003086540758005
58.132851423275895
-5.958510917308942
86.8968678995412
-8.100239651818384
-13.249865590147152
78.94567579848481
-29.376928032155547
36.382320046000245
3.1639497685674627
-69.2302950138135
-26.122652970744483
51.2079736669715
8.778946108035157
14.911785689516876
-35.174021177845034
-24.808830415298928
30.22380229875077
-83.61874290869692
75.96101371439059
-59.5449473726048
46.13211785103073
-14.59801740928377
-1.4581733982288512
4.479365343635038
64.68787917174578
2.4401315177713343
10.621603149244393
15.767574805831359
-20.527966367454013
-73.06936793244076
-1.294831658593651
-1.0972744701652317
19.459485118855113
-31.520590843819704
36.573923897282924
-0.6289650061941643
-15.609188787992494
-14.378932213376103
0.0213306839061147
40.054723698124064
-6.75065711680125
-10.066043796476464
33.32305288502718
44.99221964566618
-50.41497742959558
-44.96605237554956
-20.231260628763607
29.037298739171774
74.52957551154898
-36.316412740170016
-55.69955868157417
-38.87820882950922
-14.8293378541467
3.6291968512692137
31.63288782073616
-14.588244720710748
77.31083638245732
9.431410075385259
37.82787191008049
64.85427289084228
-54.45091279049706
30.62418427150496
-51.88890529064094
-26.77778019548272
82.67859302832622
38.34188550114138
-34.66118870246175
62.76086947473726
-63.469872159325185
-29.725591771932585
24.91205107133304
-16.470457432782794
-1.538345395413529
87.06548150893087
-9.261081513199457
-64.55154034960695
23.94743221129059
-7.592116481819531
-63.57934255972136
67.98211211201283
-60.705393222689025
43.65640132980076
-1.0632779618770911
-19.38956195491501
8.485269455179093
-9.576225273696593
-72.00361094528857
30.999140615267038
24.439987352213123
-3.405818654998697
0.39220909718085295
0.6912974707193342
-27.10048905410251
-49.287094685129325
-4.503659110327021
-30.52016351240499
-28.57312730837789
4.135117633971944
-51.78071163144888
-51.914032612722
62.15116726813153
-54.38041720428303
10.356520044031072
9.933920590522987
-29.13668230971713
24.69326319894735
-17.090592625727112
-0.692375795096396
-25.57339826446703
-58.273036233883325
57.00968555876875
-48.89526014063518
-48.35018981253993
-19.14867731320213
-36.314069298692004
-46.15580407911097
-7.8854526605295945
6.335085236731359
-40.36526605368378
-27.46879992660422
-69.76970345496349
32.3577053069495
-81.73820759756754
-2.3326869122039255
-4.80338083045055
68.72593183786441
-3.5762991673450983
33.53381358233065
17.784733813913846
-29.97237677692094
-28.476924000566584
-48.291922669541755
-49.06255477873146
21.436499099835288
-34.40586394255938
-59.19066174309651
65.56012306732626
58.45060286352063
6.510458562646761
-62.598089228898814
-39.66839814431938
-27.750406620626464
76.32141708787643
-6.157496165953546
-0.4043235907812459
19.47754283984932
45.682983445100575
-10.642519862179029
5.312646386804261
78.58136670908601
-6.103435365900651
-12.740989020617121
-17.121380119685057
-58.7789430542186
27.642177043036753
43.96551252701295
88.5356750273144
1.8475568557121278
25.31184408604159
-28.53530685741319
-34.30808541498986
-41.837491634672865
-14.102722323869259
-83.90309827982144
35.79654508963037
44.10869078751304
-44.32197749347903
62.411166626472124
-46.00303477829833
-14.991683614565858
0.4965397429028684
70.49655840769017
59.880303518712424
-49.27352546053243
-54.63134570468313
15.58450329035496
-47.934740050729715
19.72273650571458
30.167660490612562
76.00969274683578
-41.461973975928615
-11.381275478794706
1.9429705275695142
28.01228306914348
25.180626394069932
81.22186400404959
33.316995633720865
18.351654403738692
40.991560354103115
-28.895720533936128
77.2289357438398
4.855527990756471
14.056777791042407
26.91964500485321
64.18691690294924
31.13264051770733
-3.8066993002850325
-37.94816837057786
-73.34298869919989
-36.422722304809675
6.0100944221169215
-28.667188865604786
70.81449720800975
39.748128750506964
-20.409564619379992
-74.56206807266025
63.507946087475176
49.114532711389955
2.6250356886047967
35.760514010705435
-76.37952446400656
-30.867433683454408
34.09220046638481
-39.379934633186764
6.930598472229235
52.7500875022792
4.630969173806946
-64.63223966443086
14.636134487139543
72.53803948974155
67.67518914233739
22.387607262925314
61.80481030034446
18.66298808143958
9.901729820329521
-51.25093571668586
-0.5972557622202856
58.9634281280085
74.24250572822893
-12.995976418355312
-76.51236139026464
-48.6860914349762
80.09474230258988
50.44178189493138
-27.84322399603795
-41.226114450955905
-22.95297542726378
1.0571868635520048
57.774285831120466
-23.26481392393778
-58.818261762597494
-2.4363746896032836
-5.489723252795869
71.35539720685875
2.3129551997267015
20.547492925030582
-26.41369207942273
63.836560573753786
-9.404237879626137
-33.893555583408386
45.24893249580367
-80.73955582942573
4.2593813370082785
-41.015136182974366
-10.488130372735853
61.902809269477046
27.62424837574109
-32.59328730966084
6.223069194382106
-0.9364477532494959
-2.8351566481769623
-53.509784836709905
23.595832830662303
50.893919251949
39.62254358707884
-62.8959778209604
-40.32576109084619
70.700659237623
13.747501114675757
-25.13725908789182
44.122358464987514
5.579552762446653
52.50678401703664
75.76222067066493
-4.668109595246278
-67.32155033371849
32.9796988835422
26.574117724012922
-3.5147154355225467
81.09601934439314
-32.13644183279858
0.21895388773947388
-36.364454890053416
61.2609031635175
-34.129196655144206
43.004667992358065
81.92824282860903
-29.880853348256977
74.2331325613352
-35.6094584631701
24.41416477397047
22.385102225206623
-12.099024466302168
-72.15183483024867
-83.07604022826199
34.35965268085906
21.47993941581052
65.84027237230251
-37.66810559696328
-53.99412718106662
-70.26559281177043
76.45993620599668
61.93872410663323
-3.4514614190927517
80.83963446975665
80.57331996680773
1.6082220583487725
-7.863862756302353
2.4511934632345884
-28.500480625007953
5.509297528804169
62.31284824697346
52.13958802779578
-58.112050601486246
-79.24438570037069
-19.857233351022103
0.7132103178934983
-51.90843797003661
-7.323324957484132
36.119261802875855
-52.15590505515813
3.414761152851213
-57.96728862380868
-4.938078091135182
35.02660436177686
-34.13046864577957
12.094118933806797
2.1525824202839487
41.91473754950289
-12.709436688661256
-19.593989586712
-11.619992381362422
-0.36114973515830684
-34.1089330029291
-13.225890915978368
-29.23278723286549
3.5481026454566233
-52.663347249044115
15.46995302205508
80.56159422549504
0.4885441398791954
0.7923005635978484
-14.69316446017288
36.55334235613648
10.147306374239008
-50.26582408387587
49.666471428403014
-56.65747401633039
10.11199266023516
-35.730761615927044
29.184049234097714
-69.68128551366063
9.806862702653063
-29.44417059656287
40.54505668007036
42.276163821837656
6.329096619300941
-26.275110711404352
81.47916401585147
37.95396385637508
37.58008755836212
-20.1457580573621
-19.44460457640541
64.19463895447072
-21.094639425705836
48.91742256583859
49.861644808251185
74.91021807066383
-17.209297325975598
-67.35098179282451
20.185445272029312
-60.67186531562814
-62.96787682834431
32.60519542714232
-18.579422007452848
-3.352158028865418
-10.040577088136487
-34.89750656777758
40.401978074592904
-23.803210239271223
58.35258630647485
-43.32130162097908
36.78889197495553
-18.236852983672833
49.911739211239194
-16.38058988309298
13.287706032099862
3.435447154143475
26.60682420851664
-22.978974820359994
79.82171030096669
23.074029649941124
32.5492062469597
59.371927580466945
-0.2172676673146441
7.265085791140976
40.51652350484679
-57.823248608217106
4.186575385445067
68.32533184856544
-79.49467252798873
-9.830759250987626
69.38926257575383
-68.97694650985045
-43.59576543131784
-11.06994709639558
-72.50782814955204
-38.073482766327025
37.28236558310397
-52.48059407739149
-23.334093042361786
-7.474733573502533
14.461787671670962
21.882801018644358
-62.940559353838694
-60.582276414363555
-75.79161728347772
19.931831439868702
-31.20401715378145
-62.08291668381383
17.779142175901384
2.987872854990357
-18.970645499817053
-24.452505916035946
-9.078593664532008
-18.561466258532263
-51.834323864316204
-8.74484933399026
24.185421670423324
7.530067140926661
57.335359720946514
11.95567958011408
-6.738253309461527
-65.89992627438744
-83.49011786210986
-50.012190555121975
-41.35378441427029
-76.84149703444105
-18.1362603661633
49.28998188611607
36.52023086888596
11.206161143539404
-32.823820605566226
3.5513596919273596
-46.43388811129606
67.59046648701784
-51.89476932036585
-12.497815107877372
44.75315847786814
-46.457847298474775
-8.754217664046863
78.51478065737996
12.661506947885655
-0.22480999194033302
-4.1071071571487465
-13.096109554262299
52.53045101050509
18.470451928559413
72.18005328191299
5.479791535326328
-26.138092315763075
-20.720529326138703
-52.01949015826592
-21.35176165686738
-3.057905800044338
39.24180412998035
2.1132184403453493
-71.70285242619751
-23.059793747841923
-43.86508724466827
44.45287516741831
-11.330768434120273
-40.26624785371557
10.898987897221744
7.388112906058552
38.44020843232656
-52.15186656132836
-80.62753543592859
-2.9860646502441455
-23.384961548094154
-47.24839801204465
-62.313846348179034
46.58300116774825
-61.6189867011638
-4.421278382244253
28.626968205944394
-24.872170383068664
3.0084676235595538
4.545158298657213
-5.851666191125716
-5.286949349835041
-46.78532660314832
-45.34195406214026
-25.522515174025997
-1.8566126330483286
-45.792661027740564
20.389485802134175
-48.41562576003265
35.56101073702507
84.80818429490498
-5.256595077522533
8.503441981969189
-1.9745426586291615
31.855696906406905
-16.08237252510581
-79.76778187451774
59.04846847273927
84.77171429016744
42.01158622794088
26.818240794008545
4.062921296188065
-15.068489299327538
72.3323790556799
-24.368693313644783
-82.44946225135826
-5.939065440341992
-14.149143845184113
-0.813940427626406
-19.35953331153523
-13.795800110648884
1.077180791604249
72.35937605501422
-4.568110861542223
33.108452852758035
54.01368968065958
51.735959266957536
-71.47207229017036
-26.838510116889083
-6.760822167347996
-43.61272043404603
33.07101095201563
1.3016617884953519
-57.507047859496794
14.027724371782028
-15.722015177016061
82.79324014000721
-47.58180090518907
-10.396937020896743
-0.8753647140693488
10.61596818707801
-29.989524450236203
-64.44096363967387
-59.91597611195723
16.90626226227431
-22.108984670806265
18.60004019219626
-16.37565718518907
-11.855170131765533
25.749584025916263
37.16687944980018
-6.979608733243538
-9.169277245150596
74.02712808148087
-44.13069144809244
30.586532128811
-19.36674425716403
-13.355906668250697
17.922336481963796
16.561573583089768
85.25594945579584
-41.77115486788306
-31.16779633959007
-15.7276101624919
7.946395774913597
-13.031350222940603
8.29224454172541
-39.256286505264356
-3.0007124569824413
-57.827137483335996
30.039699195316047
10.835618815146034
-1.7811746256555523
26.161868516431696
49.226831674001545
74.39077869268579
-23.82205747151899
37.93259928807325
41.82271023454217
33.3768321677359
87.50615490313405
-23.06363381645258
28.81666249328441
26.599219458216382
73.61847403172717
45.87233624134532
-1.4068534266272792
32.35906688334899
-12.410901999819473
16.796500927890804
35.31296340827879
-32.79046599472899
-62.99157879026698
9.7225661149579
-45.39247580831975
29.528590931571188
18.961752491158364
20.699364045433626
-5.200369682852298
-38.18047258640411
-1.415987692655662
15.272704674297444
50.31335169947576
-19.03058854697683
70.48786248939152
-57.495591701998364
-29.63655045922428
-44.576691356056685
-4.5592397487864105
75.47696947671653
-47.441964196377405
15.159360344860204
-47.50907908799281
-19.878952995942882
-5.390086589334658
-66.54457880285733
-58.6308680403584
69.8709659498634
-4.345267013303996
-43.65575155346566
-53.67697020670439
-11.365380685416667
-1.9909168650031006
-10.805123367700517
-72.35238278457722
-9.566835287195389
0.5155111234848846
45.1354175642125
-50.812100750778605
-17.301885999109516
-82.94690216625348
-9.247349307645877
-70.00105427309278
57.180287447178955
-44.031893786912185
76.58443078285862
-25.606104096674244
12.194067206344116
-64.37717150584821
-38.79319365990044
56.17167795349985
-30.936560673724713
22.35381789031956
-4.748122603326337
-55.23827540989518
10.417621558228802
76.26020898937503
68.20459338612679
-69.87098591339154
15.042214262744096
-55.8754980080889
38.06224862000116
39.61317442730527
-1.9955983926649736
-3.9517420570190893
-44.12360983149132
11.372442383098061
-11.235737794269085
29.238872617010088
-35.137720301154026
-17.325099147874965
-43.191095558373895
-27.305308723779774
-0.18843536046863107
-13.635306477039478
6.338494937669864
-18.311359195414184
17.941511991278105
-38.16517143161507
3.9286824381375
-80.17088068481517
-53.0290203230154
-13.800023189370066
68.9470739080447
-70.30313583242204
54.67226210686911
53.558318881555294
60.49471069737663
7.172763295267259
-71.09028860786268
50.99279751390344
-67.15766603417167
-7.321741638876745
-17.11319880747952
-18.704443289810257
53.38499917652959
-7.052636172724675
-37.355835302142275
-53.84084974607464
-8.036806673161124
-24.636546164658313
-8.209528601483086
31.49439043869458
-2.8900992341370824
57.764270990995385
-13.474046547095924
-57.00986111255351
53.515605709246984
19.204505401128415
-17.36372761974603
-0.396126385020807
52.434234447085544
14.528809239202957
60.81041192862634
-0.0387103031836773
18.309127920737623
-23.96357123048132
-27.189347093645026
-23.760250520590702
3.9096292700718323
-21.13223354142417
70.87859055055671
-12.483801806800486
34.90055283350574
-11.445904021580375
-66.59316991328012
60.893865349049236
-57.07993661475892
39.14487408981316
-49.990362047711955
3.513689030947475
-17.516867207836597
-61.89232153668361
15.097239400223543
-11.549444460234866
-47.61676998926926
50.35242506944462
10.38791061541508
57.0205283745118
24.995415426525113
-40.9603050332787
-54.427506130741584
-43.46572628578704
-59.96093886405333
39.73112825591025
24.9301942067561
-22.14045361883386
-28.73588984515628
49.656476479699506
-10.963828867717694
-69.53152938651796
7.086626910525567
-65.47294172469644
-23.363405825327206
15.695282273947186
-39.703359662738116
8.06832324278966
20.413354621860364
-46.10803944387091
-56.610870712648975
10.871380158332713
0.2945478867086564
-14.113736319005426
-2.564094584494086
-3.3792712795110162
28.869061397019593
-29.66558268742142
-21.206041544350796
8.482740424505309
28.920791046276534
27.00698639952371
5.5402910928991105
-69.70106202178697
-0.3481137425060581
43.22291474146962
-31.320551895473002
-18.617498537226794
11.236021199794976
-41.92154470017771
84.6569176582392
-4.929220695860252
-19.427161479504676
-34.34113739836462
3.389086125812085
-23.508529599340164
-46.245202112052645
77.33662703150208
-28.56799903481675
-33.289769688670674
-9.476350609090815
71.84975278425296
-4.085795240970356
-38.89841706571098
53.87341154691714
-40.95655381158877
-12.763310028130931
-37.17739284617567
41.65196303587609
-1.5578989863207084
27.743410542761424
-0.5028230267355838
6.883272026838682
65.6726311089567
-32.6346236420863
70.12459092310183
48.16628194341058
10.902098524207346
-29.3517658578574
-16.954040220936506
30.35656209511893
-10.234226041283321
-53.19306648284506
-23.524023341554894
85.0522970997527
-21.58827474177788
33.03135885641089
-56.2109225039921
29.906124663114213
38.2814517211433
39.4970659937039
-14.705734614168719
59.08907545099706
-5.708034299291668
-7.655712421999411
-36.35125871104392
-7.232617238599133
-31.398672362136992
-17.657829639000326
-10.275126271654855
0.6847120368582722
46.455737603838486
-63.96903375926082
16.49038870030472
36.28947467167325
71.71341556787894
12.139767364039585
-61.09435739325416
64.45227122559504
33.4687218072292
-13.379814632414892
20.6106469826274
3.1150623461540476
2.5822659540791477
-46.0755338891016
-79.45907123177486
-70.01846903290621
-17.396091224117
17.677872576088035
-15.538955524964095
-69.58465077094836
-0.8099527341219357
-44.13926788783534
-76.32292323798963
28.781858380312258
1.0831180111951397
-27.825461193945188
36.92094768886045
44.13291370045695
-59.480332116183966
27.65884333508616
-10.791363441005899
-32.18042451818009
-29.37878817056398
-41.50925489838294
-32.462556133195775
29.499837151850286
49.491603859864426
-70.05546450343132
-14.629661035298682
-1.1667765410190896
-2.44381635211181
-15.584894570217827
-47.85605411157814
-59.983184871233746
50.8708842621503
37.500357044598104
-0.09025795665110081
17.083916348818647
23.426035175235867
13.060597712037634
73.34933645580992
21.42098028594016
-15.490061679191868
37.0263730345859
78.59875708216282
-57.0104717244321
10.126165769086498
-60.4906723602436
15.900307988351997
51.56767120148987
-4.9081311507788286
-43.613236191107255
-18.40142454535345
52.809230834112185
-5.990350624183506
-21.255297276046264
37.768958694114104
14.467386927997651
-67.01726263521208
-26.827895634349005
-6.63163168010081
28.432329364367433
29.33662356586234
-5.064465074105115
45.767110038330145
33.783471433866765
-29.014051978651963
0.08003771627114986
-27.751044413388158
-14.390743803034269
-1.7884118544696292
-30.516426743315066
-15.977249713674624
-6.873154265891472
-70.3671390615024
56.03362941824341
0.7879967422666851
25.93006681505338
18.00790185472016
-14.90123816771613
-1.120763055505023
17.82756707010374
11.608975945671673
-25.15476732152186
31.47258041006259
16.046128540093605
-68.94281747430472
-48.263784193188854
-11.599608017394289
33.08145613592416
-25.106976014372904
49.70695178831173
36.74102301003282
59.14894773342772
48.63772192817228
69.78842850851524
-70.72127428281522
26.53150599989179
14.62859995074713
-16.47330502209887
-48.592098506672436
67.51781001146884
-5.966059034803109
17.109654592935954
-51.64046756802775
-9.787520645748899
5.408824778976438
75.32064767235414
-61.15639046609513
-12.998818987443315
-21.878689351563395
-19.683694446733767
-58.98380950948845
16.072213343627567
-7.354308716878364
-50.95740225708734
-48.15211782676914
62.381820648977
53.53606981038766
-22.86508205140514
74.41181241615149
-61.131734336270505
47.85468222294864
81.4674472809046
-44.75838206125609
74.15399113468933
42.090870229297906
4.386461248476479
-19.51131887941331
-18.25663345992554
-62.6660171036693
56.364727869819916
-12.902799351487758
-42.641893525078856
12.275381410491804
4.688712034420632
-3.9659531351687747
-22.404889553451795
-36.78322279726262
-25.002438166591418
76.25934795719172
34.48726687068623
19.966469931723992
