27.898605607198647
-35.199015964443156
-56.54936119295729
-56.13802743653193
-40.73399545689814
-29.883052701576204
-43.72030540545037
17.653922450868933
-48.02057312101981
28.266206723829697
15.790906319892812
-29.002921838173435
-5.968861295607326
-14.828945691485643
43.58801867718631
26.445293342704375
26.746077353167735
-29.76757361978467
48.600506836450904
49.29855854010813
-30.854191845479036
74.49149177699124
51.07125139064311
-32.41635010529704
12.505080145502504
1.1194976838634858
-40.99118819298523
-29.04696704537173
58.194168002905
-5.977752566490551
86.95164476901414
-8.185489144334454
-13.344355219073819
78.99029309793815
-29.365490302339296
36.384261252291395
3.1638745888553075
-69.2386032664902
-26.129864833205687
51.2573375427055
8.782414260632507
14.927624916506346
-35.13766060194413
-24.881099190832032
30.207338422390876
-83.60268759175518
75.9987388755529
-59.505155696188766
46.12712941034488
-14.624234147444554
-1.4940522473697087
4.455213376493347
64.72810985072886
2.4348247995894496
10.563377563582918
15.72388868453011
-20.507121528214455
-73.05895646336698
-1.2927026396297236
-1.116925314604515
19.48018356125465
-31.550379968581552
36.61533025858412
-0.6550445586355238
-15.621070113649367
-14.429580389086908
0.003407061401119904
40.04434003906806
-6.837718787386223
-10.108852590831631
33.34296072015951
44.98483760319783
-50.3873956132745
-44.947480982703865
-20.265324638849222
29.019340947119062
74.56478545094123
-36.321031448746716
-55.69133541001832
-38.89345330644342
-14.82579192815517
3.6093475814920595
31.64114043062824
-14.620346147716646
77.36477330986821
9.380568441728428
37.826910385815125
64.8783144542775
-54.454253569649396
30.598226264653505
-51.85091667541571
-26.83857010542951
82.73203825654184
38.36169479824022
-34.64034942047536
62.84490813209388
-63.44616812889131
-29.71094505657655
24.895676161321646
-16.453672279694587
-1.5391482994240135
87.12017338425113
-9.262049246892062
-64.50775081722975
23.935928186377808
-7.617660616150317
-63.591495570563296
68.01591492171605
-60.6971903621981
43.64986075143588
-1.096328257455653
-19.384531093726366
8.488847806359061
-9.571065114710564
-71.97404014894089
31.065576474736417
24.42940252383336
-3.4257379407658135
0.35418611272100975
0.671351685971743
-27.175431043559314
-49.24390861852573
-4.50566767166049
-30.487772158082933
-28.54294280336599
4.106132355543636
-51.813541155316116
-51.8737921847479
62.172484878361956
-54.337472984188295
10.36152292178977
9.936976915130984
-29.13003650493127
24.674416343481326
-17.07335148672061
-0.6903214055210896
-25.633160954074512
-58.24226251512062
57.086748591229906
-48.85298071894168
-48.36265179314819
-19.2019183532947
-36.32675931962801
-46.138124834427764
-7.939063839332732
6.335555698972925
-40.3908795869521
-27.448847488459478
-69.7365293447902
32.414321213442776
-81.73675152838942
-2.3969237871044413
-4.810444244154581
68.81175586014069
-3.59319639765161
33.59111720006422
17.785166176081404
-29.94458003191994
-28.447863999638145
-48.25403406057238
-49.045257309053625
21.412934980420744
-34.4700750700378
-59.15581691123636
65.63383036460232
58.46019339809169
6.488416039087426
-62.575558638141665
-39.6769515076033
-27.8139125041768
76.3568225089802
-6.207802304919866
-0.40233397056780973
19.492610518899212
45.7712950060172
-10.672824956172931
5.3010050493120815
78.62897092411399
-6.142734475834089
-12.768275104835752
-17.152942749265705
-58.74900443524056
27.694190012521346
43.96403996770016
88.60408798122393
1.8050732145247395
25.333968711713823
-28.535085910921083
-34.27893078234932
-41.80452361539508
-14.123913493127972
-83.89856705263243
35.78210249945141
44.13664923187872
-44.380787731740945
62.43449607400251
-45.96992935430295
-15.04300835585532
0.49661043886061407
70.52333142588904
59.93796586458015
-49.24161669263593
-54.588767539579266
15.568500317215452
-47.89386296379539
19.704265618432032
30.190427429598117
76.04499077297413
-41.50089265648473
-11.395413485158954
1.8964807821535032
28.014611801906014
25.16136014247826
81.27659874817249
33.34592706675119
18.355572561160912
41.020843685802504
-28.98981268958073
77.27038480984098
4.771702314713764
14.028094212902232
26.973283387681207
64.2106637476455
31.117644946694185
-3.8023790556531054
-37.97673349222681
-73.31158863563508
-36.43804496584577
5.99059608712534
-28.663858618334785
70.84521337460723
39.742173571422455
-20.452689416124187
-74.53916456350449
63.52929781007745
49.11448284239316
2.578792401306629
35.749665888494945
-76.34460317168967
-30.89146607678633
34.171695062700365
-39.340432083534004
6.932605096327293
52.752371925116336
4.608336475872491
-64.60552776206478
14.64923109308404
72.60763113330444
67.70084863869843
22.37548617948822
61.817794175001836
18.694171188258764
9.897335586437137
-51.27632261835716
-0.6152539492770899
59.02088712768929
74.27584838536006
-12.993129789000477
-76.51823227465806
-48.72550692561094
80.14855681548909
50.490703209488714
-27.861993740984047
-41.18662039192066
-23.0173254120527
1.0143562364029606
57.787565193620765
-23.33562160425059
-58.77285591096191
-2.489484808362647
-5.485408897943898
71.43884847360226
2.2290186626462685
20.53670460268087
-26.395853259526547
63.919051196702014
-9.497935903423127
-33.8965266654881
45.24215842891462
-80.72093607418114
4.232956774107379
-41.067054620962715
-10.547605926656288
61.91821470353676
27.66334455906481
-32.583885797553776
6.212382482392286
-0.9690066606157899
-2.8876145819364467
-53.51878387273166
23.576487776193943
50.95546907657328
39.674042460838564
-62.91092401591862
-40.36671597564312
70.73276967839075
13.719878867839356
-25.16725202273703
44.1142177691803
5.574129079570014
52.51054433874688
75.80016987038556
-4.663130070706529
-67.3235912898628
32.995468854233366
26.557423260286598
-3.51530052224426
81.16116652988995
-32.104179171855975
0.21490471177516213
-36.385636390555206
61.32576989124962
-34.0993565817094
43.02375430921694
81.9861799133528
-29.853382984955772
74.26661775665289
-35.575757641326476
24.459289381306093
22.36257731936476
-12.100340787835478
-72.13752582206699
-83.06903915984836
34.344802485272425
21.52129690105761
65.8889452695795
-37.662683345113905
-53.96890932758947
-70.26908954984567
76.49540262098367
61.954536523119174
-3.4914718927487485
80.89368308735246
80.63358213118045
1.5533392667823165
-7.908246260101535
2.4008650159630918
-28.498109318429528
5.434209073708388
62.329522111536704
52.15001459134115
-58.104765037707
-79.23221364707109
-19.871111639637576
0.6648106755749268
-51.86377779067695
-7.3711337766388
36.16362077846611
-52.11941344811858
3.3736368999918938
-57.930109196215916
-4.945445913736947
35.04822733311994
-34.137648823593835
12.104624306239216
2.101593276384648
42.009799961228396
-12.778417408191501
-19.68610972076017
-11.691403386100632
-0.39716968369587846
-34.07971842725862
-13.320340504066053
-29.25354095205418
3.5294292821719324
-52.67909574542054
15.430427267956006
80.61353829952287
0.4418757571403944
0.7644047504844309
-14.702214879081168
36.544547775047704
10.089122716485306
-50.25119014688773
49.66714209968188
-56.615869148831976
10.114802689383083
-35.71391933338547
29.246407454432585
-69.6547357904779
9.8022516351418
-29.442648845615693
40.534545774918854
42.300954839669174
6.327184075819048
-26.28927712311122
81.55121263189085
37.94200914153171
37.593835334098685
-20.127525557024327
-19.424350721210274
64.21195127478146
-21.16682983119938
48.95215266918436
49.93417442372697
74.94377039727422
-17.247817894126953
-67.31942998156009
20.21691272143562
-60.68765237759615
-62.94257952123413
32.6616069613481
-18.561031907323837
-3.3881894074692127
-10.050008389876965
-34.874569152166174
40.398206050329634
-23.785131284369967
58.36432868514089
-43.280410240112914
36.8066368232044
-18.218700863939915
49.95446394146765
-16.404143278262623
13.27534893831185
3.4319298885127836
26.660131228211142
-23.0256997586078
79.89851131924365
23.075549632584483
32.549163463390386
59.391983889688845
-0.26355578941500823
7.258256205264175
40.50997970551353
-57.78164528009705
4.172529274174224
68.41031666629016
-79.48293975069775
-9.851497934494631
69.41365111298887
-68.98071858866817
-43.636637163894804
-11.164692229193633
-72.47198137595677
-38.11056001495491
37.27073181226518
-52.442589637749826
-23.311211430972435
-7.494664562456293
14.435859116813816
21.88522092367124
-62.89962047399793
-60.537407726366986
-75.76119062313758
19.972138947768613
-31.19417241471571
-62.045663420540514
17.77490234322083
2.948344274386031
-19.020426826669166
-24.426100842808864
-9.136753902008621
-18.60947490044613
-51.7899070732986
-8.735846928645785
24.148977751924377
7.518826546156248
57.43341879842083
11.915357141142877
-6.751030629384616
-65.85717596640463
-83.46770828385048
-49.997840475914735
-41.3488505760131
-76.80752795749385
-18.118532011311586
49.28812264237607
36.506427803227666
11.199470023265164
-32.81476188713077
3.516376408455997
-46.39433785910715
67.66118524481709
-51.86550455431508
-12.485978542369452
44.810315019061335
-46.48230798633369
-8.76584827918792
78.5738584137084
12.674441891182909
-0.25824333875142713
-4.133492444384331
-13.083254020058774
52.53282424990215
18.454883884584973
72.24035470471023
5.454817101442956
-26.22142336984642
-20.786914860461636
-52.01099053465055
-21.374342444409564
-3.058206720352757
39.23583441880669
2.076828093659742
-71.692737846732
-23.156893526243394
-43.87357615408916
44.518336404723044
-11.363466788548052
-40.28346515339829
10.896571042784927
7.343035720020623
38.427046401757906
-52.19204179123509
-80.62032834702136
-2.9853202449046705
-23.433271140911458
-47.21721204300976
-62.30995652685039
46.66386773950151
-61.59301413655199
-4.47925171628799
28.68860019393729
-24.846188656551988
3.0089318378225585
4.544410115182501
-5.849659942968486
-5.281168152799211
-46.791038662186054
-45.32404285441996
-25.532754189351564
-1.8961768807822637
-45.85372197210639
20.37045683982508
-48.409879750235646
35.63038064994146
84.87301090102778
-5.32792171786987
8.506388077173085
-2.0004225691672275
31.84157305317595
-16.153727865265466
-79.7699365681014
59.06852416257365
84.82166512030304
42.00833706381033
26.854982745708753
4.060609704327248
-15.098219194486077
72.36225216168242
-24.434961233287325
-82.43039293828579
-5.944735693777702
-14.215211274626583
-0.8879399483053589
-19.35752137373113
-13.806077113249444
1.0767810042310941
72.415383118949
-4.628358941944327
33.1598014434237
54.05355528909976
51.742182212656985
-71.44370550530878
-26.850053202271596
-6.7927983225535655
-43.575124389532185
33.140161837194796
1.2999611722026287
-57.4785554403551
14.039220477976329
-15.741510268243275
82.85431698821404
-47.61680251918256
-10.434089282840276
-0.8994338287661918
10.60311752598038
-30.0686450490941
-64.39748615872807
-59.88336918313128
16.89551790208911
-22.20388049944404
18.54547323515274
-16.361470409326685
-11.842810139851267
25.73013482722648
37.17909502164497
-7.049257941342759
-9.217995549900905
74.06873757336689
-44.0880294140629
30.55879510857156
-19.354086767478876
-13.363641728052954
17.90420208217884
16.544238386553033
85.31208113739862
-41.77421467164383
-31.135357732178264
-15.799966749662246
7.933650473745772
-13.019604292564225
8.281470706313513
-39.30556865894739
-3.044380260502379
-57.82043363466983
30.024562311884324
10.80979591128515
-1.8392171634062322
26.14645952198491
49.226833925794864
74.47094515299915
-23.81975844224398
37.98898160649304
41.866078399565
33.36298558680778
87.56848932580687
-23.05589890528516
28.79905865366935
26.577616514253705
73.65073567522211
45.87779395257749
-1.4080151687607128
32.34255840523193
-12.412893141446403
16.824433769601953
35.36251310873982
-32.776974040892426
-62.95624757107297
9.7237341215598
-45.36865385732444
29.601069539247092
18.967269863250294
20.695225821858983
-5.2868384248911156
-38.19860268376632
-1.4635946956917394
15.281085563170137
50.32690626658783
-19.01228095588567
70.51422465769627
-57.450055139179845
-29.605689398234574
-44.54763650392562
-4.5872437956253975
75.54788866868088
-47.47064600131823
15.127495521025622
-47.497360993961365
-19.967846733272324
-5.476223009641629
-66.50663990487965
-58.58557043648256
69.9530096169857
-4.408985702536981
-43.71680306502503
-53.63365183128523
-11.378408351714754
-1.9877442935032832
-10.845648187671301
-72.35709453090432
-9.641026406422782
0.47530596883024145
45.13044579646953
-50.76696213698544
-17.286441992744244
-82.92159619271659
-9.246201060000203
-69.96824500010327
57.26997589110414
-44.02200845882474
76.65804949440349
-25.612033381762046
12.205819280425189
-64.37573169851206
-38.80964753975887
56.19504099499599
-30.908980195808823
22.36859942768625
-4.803507828610421
-55.220409696247906
10.422882667225565
76.30682964695501
68.24786916443264
-69.86388936907657
14.996640395857952
-55.83127958719551
38.09656357354481
39.629616754048556
-2.044296091513999
-4.008419877159653
-44.085457116330986
11.365590227190268
-11.233817534203183
29.270622176005475
-35.179174525299075
-17.324314866707653
-43.14907188904447
-27.27606710722722
-0.1862788569116418
-13.685035194857448
6.321657141701621
-18.41283578409245
17.933296040994193
-38.22560564292757
3.9221442162631774
-80.15921991920263
-52.98408823203961
-13.887639288916986
68.9716011406604
-70.26378596140421
54.68563530908605
53.56019087377979
60.51890127035452
7.174596117913083
-71.05908200063412
51.00452281391705
-67.1285739486867
-7.364425703364972
-17.105604444373085
-18.783124430806083
53.40816661496396
-7.084278286205361
-37.31921531315874
-53.801029499419705
-8.027951898138028
-24.6876787700336
-8.214470270755399
31.479838870764127
-2.957742991725425
57.85898444135486
-13.56597822567197
-57.00865159379118
53.56868980162352
19.242975399592098
-17.353443677107094
-0.4183360424492122
52.50586430356546
14.497954299112905
60.82308547311027
-0.08807050496099578
18.34351633550635
-24.00413104087913
-27.16243938861517
-23.848866964104815
3.909111691691649
-21.232424710650065
70.90532667294906
-12.473306080643866
34.98515767492361
-11.527868442474812
-66.57881745497116
60.91531646121405
-57.053996953703624
39.19968276010613
-50.02768850722126
3.4987168208510013
-17.548957958152783
-61.862533065546856
15.08812252094907
-11.62391044361631
-47.57385977452071
50.36085880522228
10.367996361654775
57.02769680567127
24.985600601304284
-40.965078459406804
-54.39244831739527
-43.49624760222743
-59.92323121655817
39.81817657881996
24.950161689657904
-22.21827997484266
-28.748900269347857
49.72762131846292
-10.962428749741832
-69.53157160487658
7.0737307803857306
-65.43205856130028
-23.425704572915834
15.70564348126588
-39.72915104606466
8.071466031781952
20.39523994544905
-46.065216170242664
-56.589239601161395
10.8486592626505
0.2877361587668048
-14.117305227960045
-2.5635968910174682
-3.443736672760039
28.851326934346616
-29.66704673291501
-21.272837532086484
8.474319473486034
28.9801736827998
26.993626308503664
5.467091879819662
-69.66298804071424
-0.38536364566759573
43.213483577674396
-31.354598928154743
-18.667033341143394
11.235949649181592
-41.953465899950366
84.7159454716321
-4.957178782712717
-19.48222685280271
-34.422883332557284
3.3807833157221268
-23.59936072618615
-46.24737377695044
77.41659002663741
-28.607189764418237
-33.29441293007835
-9.504958379814497
71.88326172708733
-4.166438449534823
-38.87256065215897
53.91948158808103
-40.95242420842546
-12.762223159340778
-37.17892023181942
41.64625799352467
-1.5547182277702092
27.72545372303685
-0.574455683466212
6.885182460086668
65.70393061599466
-32.61602035001209
70.17081128924141
48.17227633378954
10.909642424487004
-29.412064838198575
-16.970810428771017
30.34028379201655
-10.296885823418677
-53.19519539640769
-23.53240299655951
85.10144039775312
-21.673700304832565
33.02077482567623
-56.16524402683931
29.91158112589899
38.37100375242218
39.498469182024024
-14.69788501591276
59.11330999543108
-5.730442278059144
-7.746997186895825
-36.347040111347646
-7.239141886025109
-31.474224950460325
-17.72101307934372
-10.28985450150904
0.6732051498102862
46.44970245783094
-63.93342908568145
16.47513790356686
36.27942761369113
71.74183985664914
12.144741253248071
-61.04945446902294
64.49936043146604
33.54201017812494
-13.408591755670457
20.605286922025698
3.0942063812324534
2.5654931727904966
-46.0770443585958
-79.4277708412498
-69.98237902376836
-17.462811979601582
17.709560272289167
-15.524652885699354
-69.55479126114342
-0.8592050478787456
-44.104933498370244
-76.2911895058916
28.813135970343325
1.026971465855155
-27.819654272023953
36.93158163040019
44.19681287929137
-59.44872494267507
27.664839305837944
-10.807979059365735
-32.24459298791483
-29.389235297942705
-41.510323244674915
-32.515684305326005
29.47353154433503
49.50029867184358
-70.01621762195666
-14.670290729506675
-1.212719112310353
-2.516957132559156
-15.665987331411245
-47.91058801223347
-59.961554453943684
50.92373476081514
37.49260861391821
-0.15925342812766985
17.11196930965525
23.475590447501062
13.044552023807341
73.40838370728866
21.45274903281843
-15.516540825716433
37.073117995866966
78.63981729433647
-57.03099656402078
10.069945380303466
-60.48334182776992
15.926828696892969
51.572566076956434
-4.904263081211042
-43.6380041883884
-18.42568155317724
52.811358051964476
-5.990572599069566
-21.26067387828232
37.76450227564109
14.459577514709963
-66.98684671780244
-26.91663537387433
-6.7193638513849265
28.472228257032853
29.38989811143371
-5.076107071124312
45.765878442636904
33.77140611460129
-28.989160908027216
0.030697371521696937
-27.748424833432566
-14.376489172998461
-1.8553489882772851
-30.55339702940904
-15.976966465747296
-6.895261236533429
-70.326748219796
56.04328318696275
0.7786088133491376
25.96334227077351
18.007081753196957
-14.926784206219125
-1.1236022913156916
17.811986356943095
11.619036371393577
-25.20710195764407
31.456575505585448
16.021702502799215
-68.91209012705582
-48.31134107091806
-11.594244726918731
33.064050222381695
-25.14293318604716
49.705243400010545
36.772375563416574
59.15863226157907
48.63380840914894
69.81898541895796
-70.73388215194731
26.512798330595018
14.649442486465716
-16.496151350648674
-48.61888612088958
67.58465117539859
-5.982936229893099
17.08298045591644
-51.59518089580174
-9.809528212104624
5.398184167887976
75.35430882420016
-61.145683048130415
-13.000983244699313
-21.87770029263983
-19.71857549432471
-58.93878752294686
16.098993705323053
-7.3506233366798455
-50.98643541005658
-48.162200712846904
62.42101166321464
53.55254608371155
-22.925333131601704
74.44837800598452
-61.110392810502724
47.887509657270584
81.51603905185897
-44.77522676439383
74.18960075194354
42.081011100078285
4.330618057377947
-19.49235856046006
-18.281491751006627
-62.63377170124735
56.37175499246047
-12.973605466471227
-42.65172352707598
12.270754412237281
4.688977609888312
-3.9846236592530175
-22.446287496104034
-36.81996150032409
-24.99516997803063
76.29679412449147
34.513241845049805
19.957807808389205
