15.573588197604515
7.794243144397995
12.591557989560297
16.756784112174312
16.450940547373307
7.293530181876066
7.782951809689069
10.1009301562908
16.87986539692133
7.611540712336942
17.384646988532314
7.397342128908844
13.649370245565255
15.907061634306238
7.618846725789406
7.946656427940975
9.082426785386058
7.5866385439224215
7.660433943975062
7.417692576352933
12.463861802120572
11.489135810351925
10.69533034258648
11.318303769778765
8.002185667170764
13.447785510291585
7.39855408127933
8.340502324633615
7.508722179470605
8.118834982847634
7.293747419158984
9.100497686363315
10.68729672807617
8.430317781879346
8.00169490514396
8.01123113569572
9.928713970441642
8.095713284676211
7.2789896787153845
7.708051675377361
10.079006757548836
14.363628003999718
7.293787659097494
10.8446991892747
15.281871685740505
7.913322874384558
9.05003868390665
12.982739083421528
7.404968625776575
7.7197236434353895
