28.360365083970734
-35.27878545952645
-56.33465156845633
-55.92953718298693
-40.61614156247777
-30.06363875261897
-43.71388570603304
17.966346989691417
-47.843621169039004
28.581797999116645
15.927640131434288
-29.47017283843401
-6.074937613693564
-15.17897536072087
43.310462412381156
26.928914755002296
27.066849604648723
-29.698207256411393
48.636957081363335
49.21036755676397
-30.77391320597316
74.57552560997843
51.00248365361756
-32.42512872790941
12.70425326208293
1.07715948875844
-40.920076112695696
-29.362860892076725
58.52215140432247
-6.015900812005043
86.86180444429328
-8.509553693486154
-13.748556025345366
78.95314382560792
-29.430744709860463
36.534999331261474
3.24578002003274
-69.38742442502715
-26.266615697803573
51.58712036912303
8.939944102068779
15.180442385700161
-35.06114760548975
-25.287121470515658
30.18848548344596
-83.44467465913388
75.8200626915175
-59.41990922291252
46.11814119871923
-14.671468294323049
-1.5616773847772265
4.3477532529422405
64.87079478516614
2.5197676513140976
10.314716282940054
15.478534188865638
-20.4404760275539
-73.07160486396015
-1.231707094137164
-1.1894515397350744
19.76815276580473
-31.515975819091736
36.991909731150116
-0.7553274367449205
-15.705595632005611
-14.520757711365064
0.020395592180747713
39.91295170360368
-7.15818560570554
-10.277198835911832
33.61919545160808
44.88519179868268
-50.19819537043725
-45.02912291018323
-20.47925573510703
28.796118974988318
74.51481635508901
-36.49853052254699
-55.480997068962935
-39.130734490623205
-14.797607700787125
3.528247115327062
31.853251262897686
-14.782166852950184
77.42570893559343
9.155549469487767
37.9469492067455
64.6903846050478
-54.25904081025802
30.30520528629731
-51.66175549710223
-27.211078608368666
82.70751378445735
38.61778355025751
-34.680021161687826
63.234704630276696
-63.18961309898327
-29.624881621305335
24.89906648445428
-16.40765728789644
-1.4711903975303358
87.02564823821072
-9.251900005836774
-64.31541667667872
24.004779836270103
-7.6949481295887665
-63.797399480679786
68.06991403277809
-60.81189526364257
43.65734024057943
-1.149184149075836
-19.420052691465344
8.653171505361897
-9.537396352392534
-71.87039077858178
31.56713003959527
24.50793636625866
-3.4943710466791345
0.29271521211278184
0.6858481128491292
-27.608470360728248
-49.15051084443858
-4.490863344967423
-30.405917409129216
-28.482432469448014
4.1104075435685985
-52.152547764724936
-51.81025995708607
61.97844642033496
-54.15124652407029
10.549174314450042
10.093928761750433
-29.05691262357665
24.614408107849272
-17.029039309068693
-0.6241160237324408
-25.66599600190473
-58.232639141720675
57.49923652477938
-48.69191546120623
-48.21084651291033
-19.487293293420606
-36.54233963576967
-46.22604647251587
-8.132780915709958
6.4719083881770985
-40.680782099122546
-27.457240051605964
-69.62755435874057
32.872007468119335
-81.70012080173214
-2.5882685600600723
-4.790620091153826
69.14699633348084
-3.6021449137386696
34.04962556694588
17.948235979824787
-29.917056618554014
-28.361767093705296
-48.08271487420609
-48.86599608784908
21.223527546585615
-34.902769779157296
-58.92703974374994
65.94637804070726
58.42767467212869
6.538020903888523
-62.32326508057542
-39.88540081839562
-28.204193349612453
76.25031630864956
-6.373454952689542
-0.3204353295361244
19.750519885891762
46.31568819420673
-10.746384896737041
5.285829030071312
78.62483082710145
-6.263239858194041
-12.825905812364624
-17.332595670741057
-58.742895062061145
28.13565464471337
43.767287891402276
88.5982819913134
1.736173758216637
25.634275063162264
-28.65130684174487
-34.265293901427896
-41.65953229733027
-14.236356767101668
-83.81361983016131
35.749168489189856
44.405821378449616
-44.82822901702923
62.486921728483054
-45.80455123080383
-15.131625365104242
0.5819037726118097
70.38642050297432
60.230641161822604
-49.05925249851774
-54.49648037233141
15.554926570717697
-47.82577883295076
19.65882702369322
30.48970126551464
75.9521599126642
-41.85384778595473
-11.424681756411374
1.7240863230196624
28.195409719652005
25.057561407731654
81.28523763608433
33.670471882532695
18.544086282394133
41.31595507173543
-29.512946711495687
77.23450733143011
4.514511265070425
13.853416812894153
27.42161514939066
64.01869502924052
30.932366639363153
-3.735324787350237
-38.27134914566296
-73.17659821230066
-36.358615045856844
6.047761695393405
-28.59752823136165
70.6671314413986
39.46639222643361
-20.70591983158259
-74.45612215724711
63.54557741282872
48.96236337777751
2.499602549418796
35.5643974791912
-76.08362506616432
-31.13207729034218
34.72319792175537
-39.25454534704831
7.070488216672771
52.73232782606857
4.508917152866886
-64.5882191238118
14.886139258366
72.81994827736565
67.6846863170106
22.436622856136452
61.72348700916942
19.031049495408496
9.98783478512398
-51.581221469656235
-0.6037065895040712
59.32166673020575
74.20557011951553
-12.993811915882489
-76.58558746300378
-49.09416931018643
80.16778092277173
50.82435534798395
-27.83321653914966
-41.11507578145737
-23.377346803031386
0.8553762342178572
57.60951699587892
-23.724386976867066
-58.59801198133056
-2.6356999591826167
-5.427929827308233
71.73344922159774
1.9886743640926738
20.609602311281236
-26.317131838508544
64.29090816033673
-9.867054874123923
-33.81515515340476
45.2137609939378
-80.58772924049293
4.248858575112266
-41.47549269449111
-10.787187056879759
61.89452857100946
28.046684890133065
-32.492689970664074
6.307666599898411
-1.0188203448296775
-3.0343816281475426
-53.74333543587378
23.497472537417195
51.346851179573974
40.086508405113705
-63.13425637791738
-40.72502557838981
70.54338515151844
13.553745349253532
-25.39869762874865
44.0778153478729
5.685035770857226
52.518993921756646
75.6173664390229
-4.60727002014977
-67.45426964615906
33.24921935378387
26.55183943864897
-3.4886773638571924
81.23935173198188
-32.05330532634194
0.2858522882941372
-36.64046799297036
61.6403720858755
-34.080007023748536
43.248915889486426
82.00677975147292
-29.758673669817412
74.19908232615808
-35.46244714496177
24.868926804478107
22.175351647089016
-12.08913269175541
-72.13599279034464
-82.98066280848833
34.32320177804078
21.90977273366606
66.0680605435492
-37.552391372611076
-54.00835434759755
-70.38448069268333
76.36969100567316
61.803047081543895
-3.5924767323461992
80.90320467070669
80.68905448325768
1.3650802568144655
-8.06432868094575
2.2171438471079625
-28.43391854009448
5.186621516876215
62.17415751896655
52.232887805111176
-57.881445395866464
-79.16337830455879
-19.870793571291273
0.5627243178636689
-51.748392655180616
-7.53652678043774
36.555917630601016
-51.92663425547425
3.3215982753958286
-57.71050069637208
-4.927883714230958
35.328422969806695
-34.06053033826037
12.325614517846248
1.9990060330120798
42.600820027985804
-13.075229411546545
-20.132779887074605
-11.825621487960944
-0.4564227204461986
-34.064706231824246
-13.724180706818345
-29.470246526220137
3.5720161515342426
-52.937455176747534
15.199769891724344
80.61162847119812
0.34531480260135083
0.7476474230908252
-14.708538433609363
36.30789954472036
9.843498390010566
-50.066975956147026
49.51388868053368
-56.526831114709616
10.270354250195581
-35.78032991017259
29.73187414654744
-69.59743827057645
9.890021045760903
-29.55767648320797
40.519191335183365
42.563963303364176
6.456859955934107
-26.458564682045136
81.6637909655972
37.64533395417277
37.81763459965262
-20.099195833719264
-19.37653065425029
64.08339135654444
-21.54478747975925
49.22377583081547
50.383561532397124
74.80011412310841
-17.457159017092607
-67.0503740861086
20.558653722122898
-60.92547892437119
-62.945279131657394
33.117969241566186
-18.498313952225843
-3.5083412564763137
-10.081124382395274
-34.760776671119054
40.171412202597764
-23.782034750992608
58.20604363237206
-43.20126078278924
37.05790772667282
-18.176980521104838
50.26073069371125
-16.43804908897266
13.300531130192041
3.531249259881662
27.106904663466167
-23.061618503647566
80.05792093371252
23.253485040342596
32.70172696934742
59.46097920176467
-0.363978858146794
7.376776658308302
40.55581477203407
-57.687583451381016
4.132510738326914
68.74606821552959
-79.41364737322914
-9.927683128826374
69.30602853953013
-69.10803434504653
-44.00400925233014
-11.551802941864693
-72.20093955884047
-38.44350856190877
37.122098179498664
-52.39718955416205
-23.274511689195748
-7.548171247652419
14.277929135860376
22.06861552769263
-62.670872400080206
-60.348589347088144
-75.60180828110401
20.352043401183153
-31.108296655070447
-61.96758774087582
17.901859961003268
2.788202481608309
-19.29016989158248
-24.35873235250412
-9.269361139188533
-18.868706727164295
-51.67887861474114
-8.680733853713619
23.868283497955275
7.62085563561196
57.93523076196968
11.703811960057394
-6.785856101117062
-65.67926060909369
-83.25764432564429
-50.10508866745308
-41.220150457505895
-76.5842382676185
-18.056802971263693
49.163358429051186
36.39243121914913
11.275446970771938
-32.90961239226954
3.4912779247331827
-46.23644339060373
67.9368487317015
-51.6689847290237
-12.433071119512519
45.22279249612964
-46.780737288571586
-8.795879968772681
78.65063110500591
12.907023989356631
-0.3851669588586617
-4.222772527959393
-13.036999205874793
52.51963188212315
18.461352588655302
72.40743813056184
5.485267099484631
-26.682021487800455
-21.138340934080574
-52.14826632748575
-21.54752084605157
-2.999741929717601
39.02649882425655
1.9301628650650713
-71.72037638793225
-23.650560488242448
-43.74447207615638
44.970548391713436
-11.50112643911929
-40.534518141558095
11.011391679205502
7.144176770176813
38.340107778126935
-52.5642079067372
-80.56429725088151
-2.9475198285874455
-23.468588413244532
-47.22443832357424
-62.44009338780618
47.171391648157936
-61.34626225268914
-4.661628509871392
29.1710990896849
-24.79579359321525
3.1135915740668736
4.6611610169565125
-5.817926009416382
-5.2183825487783935
-46.64245085735389
-45.16391636833151
-25.679563852782877
-1.9821180680246613
-46.313889323777765
20.31089329764322
-48.24209132922629
36.13646966736374
84.89746823014215
-5.571835433765102
8.657995306481595
-2.031848216807532
31.857085997453964
-16.488226828511245
-79.7790905816156
58.85529668885104
84.7189704473594
41.71916090335
27.22751416032368
4.169036726390303
-15.254029650665302
72.21692281131075
-24.813218352850512
-82.26769007592864
-5.950577187010595
-14.51229806294863
-1.1087119219176884
-19.407064375475542
-13.869900016170064
1.1355804953895898
72.55586343827059
-4.821255060405321
33.59260664466814
54.30948860614396
51.55949911704096
-71.35520674009109
-27.010997002850843
-6.887321326883438
-43.42746587562875
33.650527157188606
1.38698609829828
-57.4871134898892
14.265390383404295
-15.859451468399058
82.88335129326677
-47.964670525828346
-10.582176917348832
-0.9144115291151422
10.605055849864016
-30.537797397293573
-64.22483480266558
-59.853498534770054
16.958147638533376
-22.681423144455266
18.253288277904147
-16.3058300808529
-11.790736030614653
25.547763558718444
37.39539467552609
-7.300524362122928
-9.40275885608645
74.0903974051611
-43.97465378044466
30.258922581271463
-19.351679197156543
-13.41320757645721
17.86138029281979
16.512155143068
85.26639521770116
-41.65143289681114
-31.045651524860872
-16.135591187058694
8.031874748433736
-12.967756753972466
8.390207223931824
-39.69640192974558
-3.156526652236934
-57.95454468026563
30.033758705857338
10.670590163854555
-2.0005793783381876
26.164237866570772
49.075548018875224
74.71421229167771
-23.897600964196215
38.43067476702882
42.22901665440193
33.372207764486944
87.53551027342675
-23.10256074495952
28.758362060656566
26.348776446128383
73.4966699150691
45.987026791802606
-1.3741478291126583
32.08404335791846
-12.430561504617629
17.14115166354621
35.781609715904324
-32.68012939983123
-62.88790070671493
9.891717258649237
-45.205499749462355
30.128196352187416
19.1674103554507
20.829005758614628
-5.592542133706715
-38.44671423263
-1.5789475374203477
15.491340589501348
50.45482706585446
-18.94895506924685
70.42771769346189
-57.29732365294816
-29.51923355844167
-44.566349983149586
-4.648966088147489
75.73109822251283
-47.789615122026554
14.92882499613468
-47.61875609288765
-20.40381052337179
-5.782047920115701
-66.25512997840067
-58.40660401352062
70.25780528164509
-4.614277304830196
-44.1722808565536
-53.535294377609794
-11.404505474078718
-1.9134958717801283
-10.93956735030278
-72.46043949377182
-9.932422431000077
0.4057876192094483
45.13936916138542
-50.63399650429722
-17.254870124938492
-82.68986721917103
-9.22612763779324
-69.69162344543574
57.737107296236445
-44.14930803258922
76.84157238560104
-25.573351808091417
12.43134429869913
-64.50741461373057
-39.05224334271883
56.32910701769828
-30.888711100323178
22.62823183078099
-4.978014657562014
-55.007748031497584
10.611968710265245
76.33214799790514
68.36490153216857
-69.92510996276516
14.750597852164773
-55.64652993846841
38.432154873402
39.859340059032206
-2.1688023765774602
-4.181626632334911
-43.93634588591237
11.440960198133638
-11.212120740471804
29.617368060735743
-35.13450504367012
-17.29936799075267
-43.03058428113134
-27.201097683151858
-0.11312517875575168
-13.911474482201655
6.262296099902514
-18.88672584000112
18.025434611740877
-38.65995175300517
4.015233711369049
-80.08147403101003
-52.862778634009544
-14.268762467031138
68.90473353050433
-70.01734436482303
54.761841021334675
53.468513129682805
60.60545191551853
7.32170841022311
-70.9523546326211
51.11129853654373
-66.85741726768592
-7.509006182984265
-17.064442260760686
-19.168544781031926
53.57113147510151
-7.176694391398328
-37.20475066663451
-53.737580710142176
-7.970320541426446
-25.00521992607156
-8.212773966605369
31.285271831476337
-3.1675592249580546
58.34276660278087
-13.961752230368091
-56.795400964031145
53.89787029386795
19.612826892533775
-17.305707479210255
-0.4218778275243693
52.93195029842286
14.308283908861384
60.781271861668074
-0.199867502851248
18.69321494415182
-24.026707511991134
-27.123096926749923
-24.31362563801656
3.9930505111341716
-21.72363738169817
70.7898459772741
-12.42425694210938
35.55593219111219
-11.674608583811107
-66.62431156556306
60.70945809167284
-56.830351548512844
39.629481633252
-50.38747436060788
3.555935942458703
-17.733899864086553
-61.61620170852036
15.160390322783485
-11.933122576362535
-47.42464337792789
50.14545386157101
10.281859641365713
56.907560165962366
25.071724904328633
-40.84857427892338
-54.36548095935975
-43.816978130111266
-59.85397410889941
40.385176469752224
25.239069636853998
-22.62715098490885
-28.927868482477464
50.172243998315366
-10.942484082557556
-69.63470524854904
7.165888279416123
-65.19693724962758
-23.780329082851893
15.929027469837266
-40.01767706557077
8.229373420774024
20.359999066574332
-45.96960158682143
-56.64348552741593
10.733934744845357
0.2897236979293467
-14.154507384987596
-2.5249826033317504
-3.6442968737468675
28.724193601655415
-29.603606074067415
-21.340467942571664
8.513023641595964
29.45314368899075
27.038467654284744
5.222436719447629
-69.40591118765076
-0.4495535508484778
43.15253864959607
-31.326237547621304
-18.932995677735406
11.372627973522256
-42.276547274001096
84.70287854827845
-5.021838189836004
-19.777272656868405
-34.92821664661216
3.4628698490585066
-24.071176294471826
-46.09864252788623
77.62315484673115
-28.900352892735256
-33.45868513491227
-9.579537741881808
71.87016525347872
-4.439387796333719
-38.8982562910265
54.209800457266596
-41.102607934697836
-12.742935588743507
-37.344870044548756
41.69030298315306
-1.479260120071146
27.535096487657142
-0.7830323352734183
7.021277767611622
65.47903481155359
-32.65926713921836
70.28120891331139
47.952282628228716
11.104669348034108
-29.79932835502663
-16.987992975745414
30.185436349769873
-10.428912266504256
-53.00639653125979
-23.657833459719185
84.97111867436669
-22.10908103374524
33.07689537747646
-56.003727615231
30.109900007548248
38.95318928786921
39.626766206499866
-14.687630567218903
59.218488758345245
-5.77926569959763
-8.092031775472975
-36.48151845344654
-7.2363035824936475
-31.93733958486564
-18.035197694306348
-10.344831616239972
0.6442885083364729
46.40525833205447
-63.855965034904706
16.477949920722594
36.3205554970867
71.60822440114859
12.323639412555792
-60.86358427753512
64.6857996072452
34.06901163353774
-13.546880581165311
20.72891333061804
3.124545608416156
2.6080672814083954
-45.92866822329264
-79.1862122757012
-69.71540249979157
-17.555140065573937
18.0455863328321
-15.468803928570907
-69.47426503179523
-0.9765434620225335
-43.94977143603839
-75.99856936884962
29.158055824620263
0.8950470857544843
-27.752914903532158
37.139083305762085
44.64377632751379
-59.42802501634479
27.870515183645807
-10.846019124021012
-32.66498493970046
-29.3404831328766
-41.687855090619564
-32.89118046725579
29.188853946162254
49.27116245761658
-69.76802253073114
-14.86765914100694
-1.319220047808983
-2.7461490492413105
-16.03568444324638
-48.34542891236681
-60.002865531815246
51.27349796674258
37.277298590932276
-0.35377324645993724
17.430194240008134
23.90281187500588
13.017121041626652
73.55363891263696
21.798110716891713
-15.662111929480162
37.47358433024323
78.46317376891966
-57.30423173233952
9.828625728973904
-60.24669096374345
16.233629818403287
51.61004251963706
-4.844612520767015
-43.93286342511937
-18.584338001060075
52.78666974634356
-5.970667949474958
-21.237952317490084
37.85449236178775
14.542209439429172
-66.92548867730738
-27.40402747770385
-7.041618465828961
28.85888243070427
29.836368274801643
-5.076449389870021
45.58754123466727
33.55643956472491
-28.89721185332627
-0.08010766115224044
-27.686903704950765
-14.320324028717124
-2.0537179976136315
-30.84869557633023
-16.010642335024414
-6.952600539341475
-70.10635497939813
55.87685728733783
0.8350150105776635
26.31945627415577
18.161449122547168
-14.971278763733295
-1.059159897964193
17.81570651350046
11.833672087878341
-25.235797338249427
31.21624725382958
15.86787538407296
-68.83113434608721
-48.71593724280174
-11.560881099060197
32.7902317892069
-25.39974701279118
49.68117289547831
37.098137406413684
59.04547586068804
48.57814987033589
69.81474188165046
-70.89239796385164
26.33676913559958
14.926723236618102
-16.63409720590468
-48.93004283597561
67.84174517019395
-6.011623549317989
16.901994375422476
-51.45084012902921
-9.890572936902686
5.393015172465297
75.23542698206478
-61.24453676126473
-13.02377150686658
-21.94908259855177
-19.931829188106192
-58.753318270303076
16.40784358191722
-7.307742149260022
-51.30832558574945
-48.39428552411461
62.58516273540059
53.303208815881334
-23.267859539386507
74.26240269453106
-61.14793368231941
48.15696475073875
81.4699317114223
-44.64883085192476
74.00834277988938
41.976202623967225
4.124423769600796
-19.454786464419115
-18.309542638279197
-62.591005454051476
56.239377505294186
-13.098978941585443
-42.53099119103311
12.372857272606197
4.808558773901083
-4.003882314130919
-22.707107163517122
-36.76074813297474
-24.93617143284834
76.23484555230056
34.81884268943895
20.05084212449748
