27.95071881327901
-35.19021561214415
-56.53209224974145
-56.1255208003546
-40.728604562570794
-29.89713408901956
-43.69409363998735
17.679005500903074
-47.988565856224376
28.291870129057983
15.791044823134527
-29.076436996334465
-5.999975095051838
-14.897298986511615
43.57640542521716
26.50151490453601
26.772289351516406
-29.74005212922249
48.60175517700881
49.29196821060444
-30.825276599481853
74.53593401915415
51.067077447801495
-32.397359242287834
12.514024216102456
1.0903115352305122
-40.95737544872263
-29.088993984284713
58.251894091869474
-5.994392329582027
86.99288489373927
-8.258765666652053
-13.426448472620308
79.0254343477553
-29.358334560100346
36.388696879344934
3.1648632336937794
-69.24853327386697
-26.139151557290404
51.304831819100826
8.787272233779746
14.943587859781275
-35.10608097399769
-24.946808734032302
30.192137982252888
-83.58287843825605
76.02179431465879
-59.47024422885836
46.121939960791764
-14.645421817162031
-1.5243815352523882
4.4318076576097525
64.76498287793586
2.43131329863688
10.508463452976343
15.679885488175515
-20.48834993992037
-73.04994948926272
-1.2902037762455763
-1.135158688952373
19.50090864221785
-31.56995714727711
36.655586014128005
-0.6792797852523051
-15.632800971170923
-14.471425830253182
-0.011324600269304597
40.029887210683825
-6.912313566191898
-10.146376882656583
33.36410590139951
44.974249470480515
-50.35637992726114
-44.935059398406224
-20.297183539650987
28.99529847903149
74.59178693599236
-36.329402939778525
-55.67370956194374
-38.91167366983698
-14.821582416052863
3.590276905440348
31.651673437963268
-14.649476932255695
77.41068354193365
9.332083941563553
37.82835137667033
64.88941977979951
-54.44605426077325
30.565925025359377
-51.812347758534926
-26.894818093947677
82.77472708633809
38.38281326621609
-34.625010948441535
62.92248376269674
-63.4150747123206
-29.694836624099324
24.88122748774235
-16.4394192649672
-1.539157080530785
87.16115300903948
-9.263212065875365
-64.46518842938201
23.927216324583824
-7.639975486224714
-63.60631715210734
68.04518225228756
-60.6936097109942
43.6438630619603
-1.1241904936914722
-19.381794128321317
8.493649981693025
-9.566785108384522
-71.94615806295982
31.12637846215054
24.42167714110643
-3.4438411602328216
0.3222036875792327
0.6549422215834682
-27.24393032095651
-49.20611843358818
-4.507204192241176
-30.459116254722744
-28.51704500634935
4.0821252786513895
-51.84821702280575
-51.839452488846256
62.18098166389436
-54.295497834351835
10.36727455211934
9.941597231348553
-29.120415926796696
24.655917100398767
-17.05877040511082
-0.6878155770403964
-25.67921466348801
-58.21715175044159
57.158628591146595
-48.81266794874086
-48.36337176308547
-19.250104908041237
-36.342395001389455
-46.12657857818055
-7.985432242844311
6.337473557655514
-40.418517992166414
-27.433419194840397
-69.70569867389861
32.467142004241765
-81.7325568552464
-2.4515513672810982
-4.816357075083943
68.89002473717781
-3.607480603247936
33.64469100479616
17.787998510571384
-29.921753637410873
-28.421532861435054
-48.216393526776855
-49.022271661033145
21.38600491727965
-34.53074952173573
-59.117760725694595
65.7017351856054
58.466518350438065
6.470401334225556
-62.54549859452608
-39.68923352717895
-27.87270181153029
76.38168047368436
-6.251078915395908
-0.3997516371941714
19.50855751919127
45.85273384178498
-10.698495452939511
5.290348697934718
78.66768752709822
-6.176611980022656
-12.79083666762753
-17.182063784522327
-58.724655506275454
27.742358161779734
43.9538388120439
88.65923359690686
1.7693624748752086
25.356564887077752
-28.538060744781504
-34.25539075437921
-41.771807955167205
-14.143520401853067
-83.89024149464566
35.76813696698625
44.16506922484626
-44.438119028751366
62.45501045931718
-45.93605276326319
-15.085240057678291
0.4976123615271604
70.53957429170794
59.99216363319886
-49.207772695676795
-54.55145692435829
15.553972650147287
-47.858900307098466
19.686646921424128
30.213959002589434
76.07035492331684
-41.54044152252512
-11.406942258127202
1.853632361984367
28.019604801249173
25.140927116937547
81.32147226798489
33.375068553986296
18.361627952225547
41.05052770047661
-29.075133159939398
77.3030023920463
4.697423213772865
13.998094498496854
27.02265189070087
64.22128748844301
31.097285324511773
-3.798109112000148
-38.006714230038575
-73.28106403397787
-36.444358123785904
5.974824289615867
-28.65702161191693
70.86245964415014
39.72557982612261
-20.49241887912028
-74.5171324260655
63.54709694665419
49.107569924426315
2.539879966825552
35.732523295198234
-76.30591533455167
-30.91641884452875
34.2439807438582
-39.305926220040675
6.936006853299702
52.75297206244298
4.586385389316348
-64.58316850032108
14.662910675728696
72.67020417427409
67.72117848036146
22.36607507453749
61.82452322199876
18.723311252200915
9.894923459341854
-51.304336562341064
-0.6301183386759277
59.07502069628748
74.30053091476756
-12.991418338260345
-76.52337015906501
-48.7660109958068
80.19304809987997
50.537836816739656
-27.873488431756073
-41.152694326251165
-23.075839843883756
0.9748798828200478
57.79032189052651
-23.3997430198131
-58.72974819988612
-2.5346435089934687
-5.48135241139228
71.51443075554207
2.1552770730871345
20.52866064625914
-26.378012085531537
63.99511430990779
-9.578601995844565
-33.893469969595756
45.23481724031504
-80.70017006472156
4.211168819668316
-41.117992517824554
-10.599422253516877
61.929731307611036
27.700694614362305
-32.57122771836899
6.204334490392242
-0.996433808353757
-2.9322641495501074
-53.53190102180559
23.556932299166846
51.01384634248154
39.723284428759655
-62.92843033952428
-40.407934329466606
70.75049042533374
13.691029708114087
-25.19646631310266
44.10544579790803
5.570728843567338
52.51330943576079
75.8231611022839
-4.658309887913148
-67.32821472524397
33.01288303372789
26.542441962689068
-3.515515327320969
81.21656720572292
-32.076930372455806
0.21225629360019127
-36.40885975090262
61.38632832163967
-34.0750896383673
43.04405197371574
82.03400732797266
-29.82763985606917
74.29152627240228
-35.54429720874174
24.501119743280427
22.336497075276625
-12.100650074363969
-72.1250717069806
-83.05873741511603
34.33086623080814
21.559359874371395
65.93362828072412
-37.65190196492927
-53.949854755683376
-70.27423687712496
76.51942562797123
61.96084774474659
-3.5255788423666843
80.93803816026696
80.68439107713994
1.5034958404008592
-7.9467442199572815
2.3546229480465826
-28.492088655189548
5.3667919816544725
62.336344060966184
52.16044814012179
-58.08728411381688
-79.21879363467463
-19.880575947833293
0.6239635092345566
-51.823900998185884
-7.412466030043333
36.20640484821578
-52.081755445527044
3.339141866562642
-57.89076544066777
-4.951642566118906
35.07095785045675
-34.13794608359546
12.115071505144854
2.058593354707284
42.09651868227019
-12.838744334368073
-19.767602998460987
-11.751175432154696
-0.4275040905754821
-34.056089978571755
-13.402394783138291
-29.275337164404903
3.5143399360432426
-52.698387469978094
15.390077870552176
80.65582069798836
0.4024952949339422
0.7411530445384784
-14.708720956540375
36.527022463095875
10.034356855628133
-50.229947381224555
49.660768459541515
-56.579428184782586
10.11922107597836
-35.70248679576038
29.30345573561047
-69.63095512258609
9.799611056635399
-29.44457551289247
40.524474171861186
42.32654422093026
6.326937560333846
-26.30476928858792
81.61312147804682
37.9202531686756
37.60939954997693
-20.112568428378438
-19.40713943552764
64.22070434558808
-21.23166208450634
48.98650773103026
50.002206695344796
74.96531314341499
-17.28296360259705
-67.28217928884631
20.246664115583485
-60.70628639306515
-62.92204904804211
32.71429234940089
-18.54440123375359
-3.420634446457015
-10.058730699538316
-34.85085827145821
40.38493856342447
-23.77094098265465
58.36688149690164
-43.24505401612404
36.82588203377264
-18.2034380754436
49.9960362155916
-16.422623318478387
13.264916287102267
3.4300855930072345
26.70916017069456
-23.061777030934408
79.965529886685
23.079657052581254
32.551858660916054
59.410203529569145
-0.30266667237938805
7.253594712398339
40.50503753865513
-57.74499698522015
4.159301248568383
68.48790560294626
-79.46983110640599
-9.870017186093008
69.42932248028919
-68.98650500213563
-43.678119243015104
-11.246559485947543
-72.43184823142315
-38.1480798450018
37.25451460536246
-52.41066369156211
-23.292169643570332
-7.512122914648174
14.408583872100465
21.890108540529653
-62.85729565837751
-60.494076125672734
-75.73041994752542
20.008870028846417
-31.1815016247224
-62.012967271874714
17.77331757990038
2.911231970626133
-19.065605712631225
-24.40296897587558
-9.18636986788755
-18.653048779755608
-51.75040670751194
-8.727882096335449
24.109151708810913
7.5102372889912345
57.52370193579546
11.875221229367924
-6.7621567366924324
-65.81610445777574
-83.44098479701155
-49.98943660728806
-41.33749507535064
-76.77134223426835
-18.102463521915297
49.28102067242537
36.489922362270306
11.194884434206358
-32.8102471083327
3.4871776580905873
-46.35616404642489
67.72598746897509
-51.83291831159062
-12.475215550876456
44.864765714637144
-46.50939053568461
-8.77629972701375
78.62437558230559
12.687450916267338
-0.2891782170117523
-4.157271586250232
-13.07229062160522
52.53372812773347
18.441235445933117
72.29431269701615
5.434285061536684
-26.296909804755543
-20.846698485825414
-52.00801751937489
-21.396407734684146
-3.0579600668303186
39.221534130772255
2.0426982683497386
-71.68451507420284
-23.243437304727635
-43.87230047991641
44.58000747029209
-11.392542130428794
-40.30359681942238
10.896205217574291
7.299967631160428
38.41216861352834
-52.23326175991565
-80.61111054630746
-2.9842758313814244
-23.4705414419886
-47.19253854560391
-62.3101487716805
46.738989929016526
-61.56065260311763
-4.52880227037906
28.744928962404188
-24.824132847539175
3.010564651633956
4.545118916571155
-5.84753600865487
-5.275746476973239
-46.786741382677036
-45.30152514096022
-25.54464184464588
-1.9297049098111358
-45.91315102013806
20.351901288470344
-48.396035835990595
35.694446475909814
84.92641768107444
-5.38894078582085
8.51077058494674
-2.0222376985776407
31.829359199558837
-16.21676655634316
-79.77015000713016
59.07491816475783
84.85852175763137
41.99345896432146
26.890233058128132
4.059886294420409
-15.125387739045323
72.38064383277435
-24.495423652423085
-82.40811992428148
-5.949547447424038
-14.273346389895977
-0.9507588192211216
-19.357506208052286
-13.816113218996293
1.0771385762690073
72.46518516473901
-4.679865006175717
33.20826720075371
54.09216198565471
51.738888702069005
-71.41733342380286
-26.86330827964393
-6.820870870581615
-43.538901466258665
33.20362308849295
1.2994979705659233
-57.45585877993719
14.051483226518087
-15.759913925905352
82.9049177711997
-47.65334251345397
-10.466827966397418
-0.9195627295172386
10.591732050693324
-30.14134900169286
-64.35607108311913
-59.856090037809885
16.887278883719617
-22.288322611260384
18.49177633812127
-16.34835916202185
-11.8320821800815
25.706519638973134
37.19324841626687
-7.109113240954898
-9.260411653326798
74.10343918600717
-44.04979132008069
30.52497008649854
-19.344338904719706
-13.371377008690146
17.886983317310424
16.528042734196248
85.35612680315603
-41.76913286157685
-31.106235631642363
-15.863783569993174
7.9236965089837526
-13.008851042674678
8.273226891439975
-39.353973606882626
-3.081552466802023
-57.81867358445355
30.011313688327178
10.783503582578291
-1.8885100340089735
26.133218108749105
49.22000494245711
74.54277546722324
-23.82016028741664
38.04229664844806
41.90831895940957
33.35083099857414
87.61789485647643
-23.0512490742461
28.78220480080404
26.55062986298347
73.67064980034135
45.88457139092921
-1.4086664797656852
32.318412443458584
-12.415414173874822
16.85036770033375
35.40969656894808
-32.76103972506007
-62.92539584115325
9.726037385398527
-45.34164960518498
29.666531500340398
18.974805314197425
20.693889953077004
-5.360707069295756
-38.21932760936926
-1.503946623745918
15.29085321576953
50.34098572480923
-18.995610662794974
70.53246778492638
-57.40786550167487
-29.577968139313683
-44.52505044800509
-4.611223756474331
75.61083668885917
-47.50154681756719
15.094120700924648
-47.49145118178491
-20.046659252538234
-5.549835112557446
-66.46556062635808
-58.542339375929735
70.02764040119862
-4.4634133717172375
-43.776032812069715
-53.595526498830644
-11.388976094666944
-1.9842948455680727
-10.879994872559962
-72.36270156514986
-9.705180916922714
0.4414632360304296
45.125823613568826
-50.725923041792186
-17.27370947878849
-82.8917518300787
-9.24468730635347
-69.92987161074635
57.35295649431072
-44.01771713491572
76.72317326674607
-25.613499254276448
12.217713491308828
-64.37780375233154
-38.82894204219175
56.21757996851778
-30.88654264505402
22.38456393272358
-4.850901073756006
-55.195479463224046
10.428864717041122
76.34572273950522
68.28664786643253
-69.85916836181701
14.951212028770456
-55.78848373213865
38.13068202978272
39.6476168175532
-2.085641509055705
-4.056804736692143
-44.0487523152192
11.360858912626426
-11.231448025528849
29.30189392490533
-35.20731849599524
-17.32200869855353
-43.111078213340164
-27.250265162677593
-0.18359851964909524
-13.729125840998762
6.305470391201183
-18.501983930826256
17.92777826410267
-38.28360678306532
3.9176756721372783
-80.14584036685855
-52.94374347684851
-13.964018704883387
68.98912427599353
-70.2221592674928
54.69840414806171
53.55770239999333
60.54104155747848
7.177791379621397
-71.02983637463447
51.016604120638874
-67.09300404611139
-7.401384947233353
-17.097683277280524
-18.852972356953302
53.43110527061012
-7.111989439477654
-37.285520935050236
-53.766996953834415
-8.019930148743825
-24.735157416018794
-8.218992863396522
31.45945712974273
-3.0153309724934445
57.94633817334571
-13.645949777944438
-56.99620281149439
53.619393342498824
19.277986902018114
-17.343288549663583
-0.4368108136722668
52.573111864881525
14.465710991264558
60.83166422361171
-0.1297938214751042
18.375014937387107
-24.034804558602943
-27.13998670785662
-23.928335949771323
3.9097708997237817
-21.32114486194216
70.92258996694844
-12.463609215609395
35.06186181096635
-11.596252094780112
-66.56809710121813
60.92325233119897
-57.022629668464205
39.25175286563757
-50.06636762605978
3.486843625351213
-17.578607825197523
-61.827408735702974
15.081444531768241
-11.688671511682116
-47.533672880076914
50.357745453728825
10.34823843903412
57.02836155203585
24.97868745623424
-40.9615929460184
-54.36345714858524
-43.52854345232207
-59.890544782760095
39.89779981208477
24.970855176647845
-22.28816232743874
-28.76375662968664
49.79443986160487
-10.960536074213593
-69.53370598598059
7.063707569341531
-65.38958771431514
-23.48254363799782
15.717158607481025
-39.75687639279333
8.075897428368918
20.378226781108694
-46.027638301856456
-56.57341187920642
10.825667505608223
0.2817091803599254
-14.121478115095258
-2.5627576096223663
-3.498676664049114
28.83115900341066
-29.66385264422651
-21.325974926273133
8.467537617975964
29.034704584557545
26.982809483199247
5.4011935894238405
-69.6217301839806
-0.41675063910902566
43.20273338469735
-31.377748960975154
-18.71193002835824
11.237836204126225
-41.98686701504168
84.76347573542876
-4.981171715070744
-19.532036022593786
-34.49871732174824
3.3747261671236686
-23.6806626126142
-46.240384375661954
77.48737448752232
-28.645050692642158
-33.302433358926976
-9.52945303174944
71.910184726919
-4.235218272584476
-38.85279096196863
53.96379761345921
-40.95326914860509
-12.760383811555286
-37.18458586026473
41.64198700576242
-1.5512183941248026
27.702647156889597
-0.6352355198440875
6.888496385842188
65.71884269019318
-32.602574110204074
70.21184217680602
48.1670027361761
10.918127869970235
-29.46840400935571
-16.983398875842028
30.320144102033566
-10.349888052805156
-53.18635292648745
-23.54231991885733
85.136426562543
-21.74994788476461
33.01261474790337
-56.122512451038176
29.91951198329606
38.4524908265449
39.502103682025734
-14.691885428436592
59.13594082507069
-5.749775840761487
-7.825316459715864
-36.3473773427831
-7.244916099927266
-31.544143291902188
-17.777409277210495
-10.303231104930475
0.6625733348064529
46.44242262767011
-63.90200783344026
16.461677022248267
36.271368941951636
71.75962761132485
12.151250334529479
-61.00625655710842
64.54288269647293
33.60900097796815
-13.43464212944194
20.602759234472444
3.077200941183264
2.5519934793333903
-46.06957173660142
-79.39286048555917
-69.94209665865992
-17.517037321134495
17.738725521301433
-15.511581100269112
-69.52760289079555
-0.9009025489342832
-44.07068844439936
-76.25327828327198
28.84395640857177
0.9795123573809263
-27.811018237886344
36.944268567013864
44.257109907950706
-59.42255592040026
27.673227742768006
-10.821776764478955
-32.30482523537472
-29.39345964500042
-41.51596996564281
-32.56638530393472
29.441198094782507
49.49677880967997
-69.97456468287032
-14.706769475262334
-1.2516237229648084
-2.5791770623093555
-15.737206768522157
-47.96441863697052
-59.94523566433563
50.974372386564085
37.47668203864734
-0.21775802094434482
17.138125810064267
23.520790540896996
13.029649481560654
73.46077875152801
21.482994397394975
-15.540970831039346
37.11804176148755
78.66576998718841
-57.05435888925118
10.016805864282219
-60.465263208387334
15.95107663891443
51.577138885718
-4.900535930196213
-43.66518445686995
-18.44869204840718
52.81166733821999
-5.990452644799731
-21.26270442121877
37.76235828455023
14.454195685806354
-66.95998887227094
-26.996908552512934
-6.7945091149734935
28.51036656398867
29.439424764307475
-5.086041934243724
45.75672425004862
33.75215310504518
-28.96545122381528
-0.010999716463444997
-27.742382940657308
-14.363635171157867
-1.9122231265829015
-30.589661072229347
-15.977991037035721
-6.91450690499714
-70.2856204322118
56.043666958871995
0.7713617047196948
25.995542008641337
18.008761740568048
-14.947325317408016
-1.125349561355705
17.798259165229382
11.629485094141828
-25.247171749380385
31.43340919124907
15.995662020995255
-68.88422783715241
-48.359038986507734
-11.588897424552584
33.0387587628216
-25.177343380225565
49.70233303874548
36.803823095518766
59.16173684061795
48.62790426642934
69.84377243623746
-70.74734525313255
26.489984285651033
14.668776501772626
-16.517599161093315
-48.64813077127432
67.64591286224095
-5.997534194136165
17.054143017960754
-51.55349865097324
-9.829137457210706
5.3886025961515145
75.37716224403934
-61.13965653655088
-13.003744345900785
-21.878988783161745
-19.75104032566813
-58.89545464748443
16.12362187601883
-7.347375844828861
-51.01772008601793
-48.17637737700286
62.45748795498491
53.55437065272241
-22.980307742290094
74.47002061920216
-61.09414751458999
47.9201926950239
81.55405444112887
-44.780475056849916
74.21073622405288
42.06814070352115
4.279240252131231
-19.476544462852274
-18.300600732141277
-62.606259276906506
56.371706713864484
-13.032507116298817
-42.651863820198685
12.268364709941125
4.690606896861922
-4.0004912384360125
-22.48491048828339
-36.84374675896476
-24.98599672241602
76.32517126235012
34.53983441935097
19.95195119737521
