15.57210244448093
7.805153389068322
12.592755373384119
16.754242583867182
16.448671925726675
7.31504666256289
7.794101230433971
10.104531118675535
16.877214042198812
7.626321008833902
17.3815452131559
7.416659637142437
13.649616916841815
15.905278320166339
7.633472264353547
7.954338213637194
9.087239778168687
7.6019463248172245
7.674178570950406
7.436579015960809
12.465173953349428
11.491265358863433
10.698236179828527
11.32061288598127
8.008691217656054
13.448213356569731
7.417845917613364
8.346949120677461
7.52568040565598
8.125858680344052
7.315259298267525
9.105284991266785
10.69021196028067
8.436530828254291
8.00821085108188
8.017545082645178
9.932516332158883
8.101676767421576
7.300814160232755
7.720787650818541
10.082633358394038
14.363232733562075
7.315298685832887
10.847430346152805
15.280646233595032
7.921710740335835
9.054897716542957
12.983584891838586
7.424124587511849
7.732212380124497
