27.8667314784298
-35.20635461835184
-56.55515654515091
-56.14057363527731
-40.7338306153003
-29.875914940218195
-43.73821029387715
17.638999164103495
-48.03808459623904
28.2516491310913
15.791952071886058
-28.957782327764676
-5.948816104653133
-14.785559510252455
43.58955710446176
26.41048949018918
26.73110263320821
-29.7852542827562
48.59991061208365
49.30091356708476
-30.87255077496725
74.46294012583215
51.07241962853823
-32.429620600811035
12.50051886556399
1.1387276467309704
-41.01309440488946
-29.0220499790548
58.15939389353815
-5.967041650934377
86.92207471719405
-8.138243014441244
-13.291867822888307
78.96596739790672
-29.371485041578183
36.38283390699499
3.1638150469019877
-69.23364420376211
-26.125447437874456
51.22921461070317
8.780289253879843
14.91857957094986
-35.15793673762322
-24.84054440924855
30.216680573497285
-83.61247809775874
75.97917257275267
-59.52740823575893
46.130056386191
-14.609879181629296
-1.4742088033877678
4.469033006710518
64.70542153715792
2.43766906778076
10.596515589921353
15.749170834264362
-20.518833185988342
-73.06478655075273
-1.2939441219908616
-1.1058057280445865
19.468360551486796
-31.534743159261694
36.591736261282136
-0.6402818245686319
-15.614260919500637
-14.401678570022668
0.013288135310219218
40.05095059053991
-6.789504556148458
-10.085004941777584
33.33139277873829
44.989586010593285
-50.403833197299136
-44.95733722370697
-20.246078689268487
29.030630219140576
74.54569251638185
-36.31788546884494
-55.69749585919413
-38.88431543988103
-14.827940966537113
3.620682487710525
31.636126843310336
-14.602324098366367
77.33486669047073
9.409575833106445
37.827161963663485
64.86638778074271
-54.454065739369085
30.61419579414013
-51.87292880728946
-26.804321639384753
82.70281922896419
38.35015796587459
-34.65158726326689
62.79746426751052
-63.46094230286984
-29.719630437910226
24.904875237942605
-16.462963281865413
-1.5387567640566004
87.0906785638567
-9.261443234984853
-64.53283007453899
23.942205821767246
-7.603424817194323
-63.584185112750696
67.99709526809934
-60.701307068964596
43.653577822129364
-1.0780554973695757
-19.38710172007238
8.486681833031312
-9.573884804909497
-71.9908555395327
31.028260538141836
24.435142234245205
-3.4145257872113888
0.3751889383070619
0.6823443353146104
-27.133327876405346
-49.268040147308234
-4.504564775405697
-30.505908287222283
-28.559722453158372
4.122100431101998
-51.794469911035925
-51.89615611760604
62.16211517283941
-54.36211129119967
10.358601407776192
9.93506477892069
-29.13433593447293
24.685261822878616
-17.082887882499207
-0.6915287425664758
-25.60072915132659
-58.259213475852896
57.043149534983684
-48.87709063070456
-48.35723808746691
-19.1720649323877
-36.31908979922279
-46.147471664062905
-7.90929359052754
6.335139581027207
-40.37592095174773
-27.459700099148108
-69.75532823466376
32.38238005942705
-81.73800002669503
-2.361396152041806
-4.806515869849619
68.76343202635613
-3.5838277244583736
33.55876715230181
17.784645829546335
-29.959887837718654
-28.464226961422526
-48.27586730275578
-49.056102427979994
21.427043666521158
-34.43372934788649
-59.17639976974902
65.59222890993232
58.4551497674517
6.500534058238429
-62.589678700894666
-39.671552774519725
-27.778130797129364
76.33796606432156
-6.179896440618563
-0.40351691849086535
19.483900415155574
45.72151802135997
-10.656048691864385
5.30759509654591
78.60283772862121
-6.120914625168453
-12.753256263501882
-17.1351602363804
-58.76548530608065
27.66491585598675
43.96620998650559
88.56663086087457
1.8285273130389044
25.321255467171056
-28.53478574642979
-34.294935576009294
-41.82352000529356
-14.111957632450029
-83.90172946690407
35.79038959756636
44.120528485301634
-44.34726076570528
62.421464432939786
-45.98915716004986
-15.014759311127335
0.49648552621509623
70.50945489982232
59.90527106708831
-49.260326528189935
-54.6125690887743
15.577545292255564
-47.9165893154024
19.714820812354958
30.177292462572126
76.0261041647253
-41.47848960033043
-11.387661042124492
1.9227669332668285
28.012955201203297
25.17266540177151
81.24650415642887
33.32931966687957
18.353087689173805
41.00398080018104
-28.93704872588863
77.24778870068403
4.818702261395046
14.044845434698857
26.943137993636384
64.19893664175677
31.12711131292798
-3.8048199266993237
-37.96016261862783
-73.32957149931403
-36.43057763788381
6.001300898847674
-28.666325923540114
70.82951120717667
39.747238758693015
-20.42841029391178
-74.55225524235854
63.5175118734995
49.11554561214862
2.6043202819347044
35.756879246236934
-76.36528045277994
-30.87755846081791
34.12708858521421
-39.36249203757856
6.931315776710676
52.75131477977445
4.621290222831945
-64.6203258758392
14.641695944812085
72.56856670260058
67.68683744718916
22.382130517725514
61.81123449710398
18.67661971299448
9.89963853583221
-51.26141684334201
-0.6053225742719519
58.988291739067506
74.25789908234728
-12.994592535771773
-76.51499447869018
-48.70275855778689
80.11891218738589
50.46282586610093
-27.852277806332182
-41.20859441761785
-22.981211353831696
1.0385689300938594
57.78148562538283
-23.295921674719068
-58.79871538554892
-2.460101276734221
-5.4878203025852486
71.39193295585892
2.2759816862934485
20.542578774168348
-26.406156213442245
63.872490264639
-9.445993849284207
-33.895739020448644
45.24616865044436
-80.73197974520237
4.247505579155984
-41.03741269070128
-10.514532613478167
61.90990688833787
27.641191966708845
-32.5898178278332
6.218192182096232
-0.9510076704883517
-2.8585845339940334
-53.51308461051746
23.587699688728577
50.9205258506816
39.64479359284019
-62.90202410530935
-40.34319414591036
70.71640489386215
13.73600320889166
-25.150151216624508
44.119026224449925
5.577010388926624
52.508536481067694
75.78051890166483
-4.665944556710485
-67.3221019038725
32.98622204352111
26.566835821982934
-3.5149963890567903
81.12506097045528
-32.12205608767471
0.21707888872327885
-36.37321634220655
61.28904826383433
-34.11576150248326
43.01263218311465
81.95427874686493
-29.868981791596127
74.24857384243012
-35.59487715792027
24.43390155807893
22.376114786757626
-12.099736160774995
-72.14553538832814
-83.07355470541376
34.35326272088443
21.498077249407572
65.86148729102854
-37.66663620024166
-53.98259243118003
-70.26689105644341
76.47664617875694
61.946835364656465
-3.469309978702256
80.86395860758782
80.6002449599909
1.5842689708897524
-7.883577328636989
2.429304863298526
-28.50004499831232
5.476437844983906
62.32137693328062
52.144022873970414
-58.110499936162306
-79.23942161943602
-19.863786312631092
0.6915470391759584
-51.88884785705144
-7.344582978911575
36.138392091706834
-52.1406493180608
3.396328734654446
-57.95188424915245
-4.941346003125233
35.03568707158098
-34.13456130529089
12.098657589304693
2.1297487027837434
41.956371981848605
-12.7400335507227
-19.63473323322856
-11.651918627173927
-0.37726459343784313
-34.09576145460797
-13.267875926523814
-29.241496473551535
3.53968572079512
-52.66959890788911
15.4533776863573
80.58502077051895
0.46765761633575664
0.779799196389817
-14.69738886581682
36.550951261760986
10.122219593489419
-50.260635894263
49.66781609897998
-56.63912527798109
10.113025787634243
-35.722873455743134
29.21139423175562
-69.66966131054919
9.80468042804253
-29.443062303928073
40.54056884973113
42.286613645691716
6.328103115212073
-26.280970781203195
81.51119312774955
37.95041829948448
37.58571329392797
-20.13755064513073
-19.43557237248244
64.20323949555734
-21.126428919223528
48.932240435641205
49.893111504587154
74.92620480746263
-17.226173259771173
-67.3384697535856
20.199151100549415
-60.67823027475727
-62.95650590620531
32.62977248186667
-18.571372015919096
-3.3679444542055705
-10.04467115153183
-34.88793394792132
40.401824155890466
-23.794988647493128
58.35893207014888
-43.30319588481531
36.796264368341724
-18.228731200675455
49.93006138546113
-16.39133297003606
13.282234235689813
3.433766216041491
26.630178168476945
-23.000345126697084
79.85570295416889
23.074375253117083
32.54885067232206
59.38069983642194
-0.23797537028247007
7.261920385804032
40.513551676552424
-57.8049304282632
4.180521614239012
68.36245307840977
-79.48991260854964
-9.839882015590788
69.40087652401442
-68.97831219693768
-43.61311694570177
-11.112126929781923
-72.49327722689162
-38.08923758581768
37.27814088842828
-52.463641238909275
-23.32383896062251
-7.483542912768996
14.451023957265704
21.883547685853458
-62.92344147387647
-60.563067455037995
-75.77878383927322
19.949562827901175
-31.200294918868053
-62.06650008115475
17.777028608170625
2.9707910530084405
-18.992495011754812
-24.440844717598708
-9.104466517921125
-18.582536228713067
-51.81481766774064
-8.740854002561036
24.170551124554706
7.524948282038565
57.37811622833664
11.938609928582807
-6.743913123635124
-65.88158944212687
-83.48123881612487
-50.005302648445436
-41.352679919747416
-76.82742970945912
-18.128504878942465
49.289985545720725
36.514809100363436
11.203075355644998
-32.819358688534365
3.5356686622412212
-46.41696201228095
67.62131666694754
-51.88289453429243
-12.492630638806418
44.77785636099742
-46.46793278535115
-8.759311457727506
78.54107090787235
12.667068275572362
-0.23933343755415137
-4.118670159084871
-13.090366494818255
52.53168479004091
18.463619003122886
72.20653900260828
5.468559459721689
-26.174702326762556
-20.749738103533247
-52.01514961978558
-21.361453479852656
-3.058072548325626
39.24054180901382
2.0974838000547606
-71.69833020095012
-23.10265167040498
-43.870161941144325
44.48125978681833
-11.345188064823404
-40.27320425710932
10.897731460050636
7.368757474310513
38.434912318368305
-52.16886399026428
-80.62478486942943
-2.9857664265274195
-23.40705951227362
-47.234274573699274
-62.31166913985913
46.618204790525766
-61.60895047824064
-4.447145690017848
28.654004993131096
-24.860592608822444
3.008552939870569
4.5446897591072
-5.8508155397573205
-5.28440964702699
-46.78926116424262
-45.33508266015965
-25.526656727058352
-1.8742891321534785
-45.81892484909489
20.38138733442662
-48.41442411158963
35.59131354434223
84.83733982860244
-5.288425355255853
8.504555772660936
-1.986103600674923
31.849475301616508
-16.113936674205647
-79.7689997126167
59.05901585733497
84.79480741847246
42.01199516925129
26.834148411938372
4.061767157692017
-15.081501581821371
72.3467304717646
-24.397743799025704
-82.4418428230025
-5.941589377930697
-14.178398004647974
-0.8470419152395579
-19.35839904308851
-13.800197561535427
1.0769425712346816
72.38401901140963
-4.594993700800046
33.13075394545817
54.03079900351929
51.74002619853141
-71.45978490922296
-26.843200350652097
-6.774945262547803
-43.59662232831697
33.10128599555003
1.3008123825706974
-57.49417503533635
14.032578261317724
-15.730462238112523
82.82066307226594
-47.596525574148394
-10.413364717491248
-0.8861347814194147
10.61034618313272
-30.024142551666728
-64.42226443967789
-59.901422470975
16.90139943749712
-22.150888298949894
18.576878639894105
-16.369487614799027
-11.849672651349522
25.741989776836675
37.171837757554755
-7.010650028559269
-9.190900223688047
74.04576560310332
-44.11199747376999
30.575755890615113
-19.360954591766927
-13.359186849788841
17.91455339172387
16.554097293586082
85.28151409424154
-41.77369062969647
-31.15358433379555
-15.75963230681451
7.940612609611861
-13.026218570932812
8.287339266011926
-39.27742450544779
-3.020204621910281
-57.82364374132625
30.03305207755001
10.824765814097802
-1.8071194608190524
26.15506864690893
49.227861741105926
74.4259866368509
-23.820712201036613
37.95704869104787
41.84133316777121
33.37075778564392
87.53447884176816
-23.059920663364963
28.80913091144538
26.59090522861368
73.63396715222376
45.874488020866465
-1.4073920400042397
32.35325544069133
-12.411660249694876
16.80874146369689
35.33441734147763
-32.78514249862509
-62.97598856867403
9.722955789587616
-45.382889011294964
29.56048432752003
18.963883286086045
20.69727251135012
-5.238984972955919
-38.187859922458216
-1.4372682401210568
15.276144759545375
50.31904364191345
-19.022593267177953
70.50022111428427
-57.475837921610484
-29.623030818602643
-44.56347656252895
-4.571703821375337
75.50819848464718
-47.45390331342792
15.146116521935383
-47.50332762925558
-19.918244548778745
-5.428549080004544
-66.5289846374115
-58.611401458895315
69.90683898973828
-4.373708254526022
-43.682037073492445
-53.6578902197727
-11.371273557142771
-1.9895671222816418
-10.823201094514161
-72.35430092980526
-9.599847940630923
0.4975140515785341
45.13328492947451
-50.7924070132554
-17.294936341736573
-82.9368290483704
-9.246911960203931
-69.9879841280367
57.219334191706054
-44.026948433242346
76.61688238243875
-25.609303143893015
12.199114138474656
-64.37611495095234
-38.79983384489238
56.181712835007005
-30.92414054406136
22.36000774964029
-4.7728248894400025
-55.23178174766331
10.419817015012853
76.28109177654525
68.22358875624283
-69.86768005153974
15.022943677162672
-55.85658472615896
38.07690390856433
39.61997625205626
-2.0173577671003073
-3.977038449997721
-44.1072649306465
11.369286054547246
-11.234990465910016
29.252505413346228
-35.15726383733525
-17.32500626276469
-43.17272924638146
-27.292426501932496
-0.18755204440869022
-13.657271960946346
6.331282766293256
-18.356331115169624
17.93769919618923
-38.19127629911014
3.9256577002962274
-80.16619864220755
-53.00934348374849
-13.83893072261992
68.95849003488462
-70.28681013939703
54.678030021556424
53.559765785082675
60.505265448967776
7.173411279674681
-71.07680133642181
50.99773570966258
-67.14631170380434
-7.340708334737087
-17.110038874817533
-18.739205004377155
53.3948721108807
-7.066622388110559
-37.33991707725735
-53.823168392598234
-8.032904981881785
-24.65884586383997
-8.211665598741078
31.489119882077745
-2.9203247967872414
57.805544540584634
-13.514896387456503
-57.01104005319497
53.5384922506212
19.22143777786836
-17.359359004273315
-0.4060739747249045
52.46529175406576
14.515972098065745
60.81638416310142
-0.06079439678157428
18.32424258765043
-23.982224625781612
-27.17730428314634
-23.799294700250982
3.90929193078496
-21.17653732062783
70.89131090219865
-12.47922861965067
34.937710131900644
-11.482569944327068
-66.58660673029789
60.90497821142685
-57.06977790004222
39.1686022736167
-50.00610327399698
3.5069202620227315
-17.530872942969623
-61.88051231236378
15.09307775811618
-11.582527924580319
-47.59822174385071
50.35773975099957
10.379469762779692
57.024533998667465
24.99089153282314
-40.96358380787624
-54.41180643671362
-43.47850812910805
-59.94426379741378
39.76923402685799
24.938652149856267
-22.174728477957416
-28.7411892690196
49.68733100348979
-10.96330816430931
-69.5312979068079
7.0807709419110125
-65.45587348141561
-23.390715292347252
15.69959855359268
-39.71410234174887
8.069540910778997
20.40555536582528
-46.08915873459243
-56.60091136432655
10.86181146276337
0.2915676929884512
-14.115159966086694
-2.5639057954682727
-3.4080649962966305
28.861935563588688
-29.66692240230654
-21.236330155749542
8.478977358638119
28.94680544713208
27.001003855299473
5.5082834957865
-69.68541120874815
-0.36477849556635533
43.219137125219675
-31.33660599229107
-18.63924751970673
11.235777937603004
-41.93496251761594
84.68362350061295
-4.941657382001125
-19.451355256866506
-34.376806409573945
3.38528347901962
-23.54857129150892
-46.24751204937464
77.3718720843224
-28.58489095309386
-33.29130100520972
-9.489083049136852
71.86490980076121
-4.121822176766443
-38.886607822872165
53.89322754878734
-40.95413967493777
-12.762965376083955
-37.17749749341124
41.649369159269185
-1.556551439222332
27.73655131280536
-0.534868523496101
6.883947014936382
65.68834943098605
-32.62601742166321
70.14493464743595
48.17052412801843
10.905242460422173
-29.378019196925848
-16.961780403605033
30.350264337392247
-10.262164310926707
-53.1956229243571
-23.527385108810122
85.07520763675964
-21.625961783033432
33.02656637474311
-56.19116729756842
29.908150645148538
38.320720944822426
39.49738120225041
-14.702126812051489
59.09958667125204
-5.717980673111242
-7.696431079858243
-36.348859298259306
-7.235472431377062
-31.431661429818234
-17.6856965417615
-10.28156732186649
0.6797215233638951
46.45338422298903
-63.95336922247344
16.483707463579606
36.28496741366499
71.72702592383044
12.141734333020125
-61.075108982984474
64.47275492624021
33.50084219730567
-13.392440990001674
20.608031110439555
3.105676495943328
2.574704346883408
-46.077537516719346
-79.44633140558813
-70.00380655820756
-17.426172208111055
17.691785619566758
-15.53271074186236
-69.57163563608327
-0.8319782762426087
-44.12474200207691
-76.31038406688108
28.79528865428111
1.057986248893073
-27.82344744326896
36.92521794173126
44.16060877993192
-59.466187321194454
27.661114769145257
-10.798828904921521
-32.20832581745522
-29.384163960064456
-41.50910799005246
-32.48554305583163
29.489651023598427
49.497133294151155
-70.03920185809312
-14.64754061881142
-1.1873163008277743
-2.476510949284446
-15.620829016020792
-47.879408944572965
-59.973295321328635
50.89365700244923
37.498320473710436
-0.12112748013387886
17.09619416671771
23.44781006027702
13.05366498733487
73.37533439720778
21.43478582729513
-15.501617847690781
37.04654970482176
78.61839222463962
-57.01885475781606
10.101957051626542
-60.489181648155
15.911981807164608
51.569808486572754
-4.906432946307774
-43.62347980985126
-18.411927153468966
52.81041100522435
-5.990481992830837
-21.258092137462214
37.76677696390732
14.46378331557554
-67.00388745063402
-26.866898590274488
-6.670782284339111
28.449614395284556
29.35988032970978
-5.069629510724965
45.76778559683794
33.77945970360611
-29.003353850006263
0.05796103332509972
-27.7504692436339
-14.384489694664495
-1.8183385198105952
-30.532288200513406
-15.976939650992477
-6.882944484741529
-70.35014714156182
56.03910616988702
0.7837432082749558
25.944442178173546
18.007266385192537
-14.912812882354856
-1.1220822134184658
17.820737615746324
11.613267792869038
-25.178747918018715
31.466904418878414
16.036041369614836
-68.9294070345889
-48.28405006488314
-11.597329954800017
33.075308097919816
-25.12251610170827
49.706421078804965
36.75438176451445
59.1540272860301
48.6363740365515
69.80221534608651
-70.7265574458126
26.524216372595475
14.63774694720729
-16.483224228507652
-48.60319861753237
67.54696514224975
-5.973536694944386
17.09870096484707
-51.62078335590883
-9.797209151564772
5.404189500292233
75.33649790818049
-61.151231326527
-12.999642990400133
-21.87795661593684
-19.698889272899507
-58.9645146327049
16.083982369099928
-7.352652027263119
-50.969487755529855
-48.155879790137384
62.39883262300867
53.545264977928866
-22.891492660091842
74.42952119129973
-61.12199773860433
47.868662400076516
81.48958779382374
-44.76726479144483
74.17122652975823
42.087161201266525
4.36219354140411
-19.50281993470837
-18.268030555826925
-62.65170076871669
56.368760501468444
-12.934511401512566
-42.64752503620206
12.27315837548555
4.688688804871006
-3.974265032572447
-22.42291545017231
-36.80072086485097
-24.999664692557772
76.27653997568572
34.498271778532256
19.962452266281744
