24.841033137960096
-31.360627436966197
-69.98850432561726
-70.8462898251846
-49.292480957061656
-25.411703437765553
-41.14340844845184
15.78517042801991
-53.27654214974193
25.341778183838642
14.36363233247262
-23.48384967976763
-4.260073208539822
-11.567843641828105
59.02585372601965
23.465533895233335
23.95864926466514
-28.366242066348207
46.54870218015236
49.97691290726749
-29.8436975388949
73.06756520713685
51.244261205448
-29.370762405074373
11.48151414537638
1.2830622317624432
-39.528393358492245
-24.002956582156912
54.209753630747485
-4.228374568763513
90.21971040345338
-6.498295751242196
-10.458685686873764
80.20519957028193
-25.734301149501675
33.390815277577616
3.073690935999821
-68.72614899616212
-22.094621395191922
47.21087716605578
8.278476452988002
13.511124881884925
-33.809429484270154
-19.971831508892706
28.881835931280463
-93.33901693292594
84.24960112001952
-60.04565013993965
44.71772942963915
-17.65462095267641
-0.7034385217769312
4.569694294310295
62.10667747238924
2.8699634766323214
19.49677621356308
24.42332949176884
-19.988450071224875
-75.33296909801857
-1.145088636177789
-1.8161088297035235
17.503115884703888
-40.438501119368794
32.95380551802228
-1.0613732564593903
-12.622913390149662
-17.96471501417453
0.7500443208406011
41.88818566299827
-5.553819929853333
-7.674342205392406
30.07623480475766
45.81898909119809
-56.88433931109175
-41.35178418894432
-16.356345696738273
36.29447107929758
75.87477943656856
-31.704419725126982
-68.55850179862676
-33.882211352800084
-15.859046470191913
3.28554776254056
28.653254346556253
-11.50276913353133
76.42883170876135
15.907993286510035
34.96606583890252
72.90281386066084
-69.51890898345091
45.947715936942444
-56.356673221011064
-21.798969506870492
83.7751148406816
34.857548520291715
-31.213426088891495
58.74472971805466
-75.67917476723063
-32.307487587923475
23.43621008331003
-14.799908944926287
-0.6248991304242253
90.58252471524739
-7.324625754152336
-69.12337567417322
22.028292830709617
-5.598107198869897
-61.17172464876357
66.6559493633425
-58.57879678113485
41.91489015205414
-0.34724462628312835
-16.420954832156596
8.00737529767568
-7.857683048605821
-75.88344897759471
27.705727886103517
22.440480869579375
-4.36303762264474
0.6431365158289282
1.2588413166109405
-21.93819619645707
-48.733415732740355
-4.956888095352028
-29.582115442709195
-26.8882603117396
3.5673633338668225
-46.68606480616738
-50.92661626974014
70.46726671355324
-57.99016585525918
9.30386501122345
9.256752259877487
-32.66040715492635
24.090697311377696
-15.346674109301247
-0.5141271121163555
-34.73258960147015
-57.23082529234839
52.836726114281504
-51.10832497259911
-62.35173423931498
-15.25947730053609
-31.464886882715433
-42.54910831504392
-5.966583575564144
6.182391231820574
-35.07217986065722
-24.474541270076514
-73.09132647371317
28.97967821941799
-88.15634301830225
-1.9621591269018381
-3.321846161804686
65.06853259726415
-2.2213321150677388
30.062459076548578
16.123520586288222
-27.4844013448715
-28.130241867805736
-51.689351016738
-57.19006159816435
25.57862974370272
-28.636691834729888
-66.809710172387
61.902400257211156
58.13111885049909
5.397626299629948
-74.78882052658783
-34.853744811299265
-22.627987986222095
79.87189261029332
-4.570508746721771
0.1801903874767561
17.552213797744272
41.492586603593935
-12.895045532871734
4.6665333465006
78.99768605595102
-4.422228466132651
-15.404953856873547
-13.683881200236073
-57.769911666625184
24.679078284954173
50.25271129099062
89.27074550688604
1.5438635781147525
22.711277573028767
-24.522458615820995
-31.5617777867905
-44.48031516225994
-11.179986118767658
-92.18917790576508
34.64695978398828
40.38442729781434
-38.27770434345033
60.75930983904959
-49.859755501497716
-18.8235596240053
1.109937802952473
75.17507103171926
56.13449825766003
-54.4165202911858
-54.568682351704055
14.617581463334545
-46.689247243619455
18.96934561511854
27.120975642828597
78.94772555366248
-35.844197688852056
-13.248932306839905
4.1013940017878525
25.378133625627996
25.581771355661388
81.48169309605305
29.987975215211222
16.609150606051287
37.28989792735891
-23.32765738630333
78.3532017888244
14.67122616795325
17.01865250340927
24.01187275916817
72.55567825151837
35.47752116820848
-2.937266343337825
-32.64387621758249
-78.35805528186363
-45.35297497207518
5.198297654272196
-32.495496366395344
78.5895136526409
54.23399358754622
-16.41913374900507
-78.88645276294916
62.5129480200564
52.66631337394483
1.925143631669016
40.40955813503203
-87.0376555472293
-26.05793227206624
30.5411405281113
-38.26756186195588
6.677697945272158
51.81392377556324
4.586034222485395
-64.96039345978002
13.306828131732928
69.73946017289944
67.63591931897142
20.604030028165695
63.63602148358302
16.654440482531243
9.080520087019437
-46.3235562827066
0.24542137467138048
55.160372300107326
76.2120515018475
-10.712417146532673
-79.28911935645652
-43.19831504976897
80.08807165564741
46.43623077674218
-34.04855203338842
-39.73930789209374
-18.436321565523343
2.4474994929230576
64.06642999129392
-18.655918364182384
-61.87679477916033
-1.7804656816627897
-4.322019052550374
67.97765430599782
10.258586348719177
18.83068458838467
-27.76659269922898
59.90178190156857
-7.566311518713235
-40.09017948516085
44.17433963496103
-88.54577300298784
3.7475534002807223
-35.135240533584515
-8.081786871620452
61.61481966177578
24.716214900789296
-36.66111098405704
5.715523061453553
-0.24014706541667863
-2.0611779280192053
-49.35895173292478
23.37725606155763
46.751120988568374
35.78441344064714
-60.20135378584694
-34.68315064516972
79.57123837381408
16.24669249012058
-20.742228718699465
43.17809917675913
5.426134912865777
51.022783261396455
84.43491844336845
-4.326982441944466
-66.48886786467831
29.804276715616183
25.142152121698842
-3.7945854345278462
80.09857223854442
-30.108300558531596
0.9697587407599002
-31.293932350940793
57.4626341571026
-31.474785355418177
39.4666039327293
81.96662389669876
-30.362729957788105
76.10932612671289
-36.2507406626216
21.77634442434642
26.423269511355187
-13.211326454348153
-74.31583491422222
-91.02585705241391
33.01799000384909
19.116913265199926
62.99989982437455
-43.867534821843456
-51.66488286273066
-70.40150313737357
80.97706231158068
66.70721433182507
-2.318836387190956
81.06497884246909
79.921211557704
4.747172910101099
-5.881100252539227
5.339288603491909
-32.40585049183778
14.23780067788742
67.38241107547603
49.62604420062411
-72.33019036363093
-85.11428296
-23.344355217122768
0.5818541116123725
-52.16530672743007
-5.470589480382756
32.51132272886511
-57.104528661154944
2.6267754716021727
-64.53027580955462
-3.433917758258602
31.660587624386267
-41.00001161769672
10.686089985361718
1.446195019268913
37.87851196622847
-9.904580241294966
-15.48758756479242
-13.53355072011287
0.1301172775445565
-31.383902065541577
-10.440026934538025
-24.62120924070443
3.4965567365940586
-48.17719805257848
22.660116856694515
81.02470888334122
0.47766501997803346
1.1826145167573117
-16.777909517016212
45.87439925666166
18.691311221636354
-59.396712292493696
53.33562067577003
-56.787853164161454
9.406043377248736
-32.006377498643445
26.04931959756935
-71.97256249794785
8.990468122529109
-25.406327826368894
39.125736914955326
38.62115696186126
6.11562757184025
-22.065251896737053
80.00494064525213
54.89989119873684
34.23155509907241
-17.927583056852484
-17.720632111644747
67.81469215271596
-16.802996214661633
45.116839080383414
45.637704252811375
80.37635063618302
-13.701043128244848
-78.58221906632778
18.054804298291927
-57.439551890478086
-62.6332859366196
29.20806883167532
-18.124373580985747
-3.7981563815611565
-7.815107597463779
-37.51215405589037
49.14494320527311
-21.061846657599986
63.20619431954074
-42.08711666819071
33.393690090278426
-16.38072144207088
45.988702563774496
-19.729582008963035
12.22639131635924
3.71671167191127
23.727508641542514
-29.922072409771914
77.75135014613417
20.860909107971267
29.724739367507055
57.323161162184306
-0.010776188530655872
6.607187109344835
38.25154389836922
-58.23680306494184
3.5912426761115057
64.65375284055978
-85.47834271112922
-7.5129038210159536
72.44245500576622
-68.62027673433633
-37.92715613689454
-8.808940220496439
-83.20886758479766
-32.57870559311225
39.794812390793396
-51.21432068840936
-21.183317077037742
-5.510712365987928
16.593653152142977
19.774023450056205
-69.5835132740018
-64.4719952656281
-82.26749484341687
17.657912743941196
-34.83400287554583
-62.908140914411646
16.154993864575175
4.605135289269185
-15.129630182289901
-23.272566287985
-10.353841879066465
-14.791889767657182
-51.95883940682584
-7.56848083382296
37.294469344358305
6.567050748066592
53.0184900734489
17.34062215630307
-7.939767580592019
-70.15145491558678
-94.63189434758462
-46.510034003677454
-48.91879044986603
-85.7776411691015
-17.72434045369596
51.41163492643679
37.49050888147232
10.239711013769295
-28.857733065584853
2.951821536563159
-48.79792898004618
64.18514189456744
-58.491379390704964
-12.09657497453739
40.69580112418913
-41.26110484670356
-6.671203240636345
77.44397751481873
11.46706222905749
-0.10491752351860839
-5.074286170225591
-11.534159515409897
51.444795436127094
17.233617077965064
69.74920241863731
4.615407466245543
-21.028784453797883
-16.51795574363905
-48.430354204619135
-17.49500003314475
-1.9621871101074504
46.14481582530985
3.0904405392770258
-73.31986234854057
-18.329737901504956
-54.85032550121076
40.360889365068914
-8.732897910118027
-35.19302126198697
10.009676254441061
11.607106391732856
38.58488061865822
-46.8918875221157
-86.86902658856042
-3.1102309740545593
-30.616149066211932
-44.66485910081312
-60.34277096622502
42.379483645500585
-72.50196967271191
-3.34536475550415
25.540339522712856
-23.015211851271673
3.286210726760274
4.6634556595348045
-6.039528485405512
-4.347671371750508
-58.574960138243654
-52.01430963139657
-21.473724514501768
-1.0766010713078202
-39.71876063439974
19.834654432333664
-58.61105353265628
31.9181567187822
84.84609182431782
-4.198476332458483
8.033985234437878
-0.9605434619450932
30.045412812322738
-12.640107037992763
-84.62097575644418
69.02201255450888
88.58772774928232
58.719121150625654
23.997001440760087
4.25175621723254
-11.932033818480505
77.69768059149018
-19.64161281916965
-91.73714695498009
-6.735143904618937
-11.059921591852799
-1.2307606644695284
-16.283962219910507
-11.06673370203967
0.9731540634812319
70.19899360189999
-3.494338981357245
29.686056725026305
50.30351576006143
57.70579968386579
-74.87825152416187
-22.63816679658322
-8.138111044043185
-45.6657216193523
29.61047262444707
1.870079102760954
-56.08044962371571
12.788500958281674
-12.604606730566886
82.69257420187023
-42.151344186399754
-7.942926335031558
-0.05432501526560429
9.766723495157152
-24.44055992002771
-68.21783388155899
-59.470582466434145
15.4878696226788
-17.54882174533428
32.756957222666045
-16.2869120381619
-10.545179397778625
29.62167935426656
33.86296064779367
-5.446513947934946
-6.962618611570036
73.64167094892355
-43.98109954905685
46.792001526877016
-16.78209701737832
-10.731021581793271
17.174776229230403
15.72730961250609
87.01956112542754
-50.871973077452644
-30.625183898126252
-12.350479365251417
6.744187836644372
-12.752392809352628
7.0590426697052635
-33.475614816423644
-2.025446471442123
-55.01854985306341
28.344342952983325
12.08234207595072
-1.421752999675732
24.50099916711511
52.73870988382561
71.42962869572958
-20.289961834236564
34.16557036148987
37.94713017950315
31.611455123480795
88.94142259500936
-19.812502307122642
27.831292239204316
34.20494673225025
79.69041053487723
42.9975093947817
-1.6410353050316644
43.641127887044405
-10.041035474410762
14.920144335187913
31.73591267454043
-36.322457740964616
-63.815654738348684
8.641866186063751
-50.95965309087722
26.329195596006954
17.141902299976536
18.79070456965745
-4.459619588817517
-33.12408202737048
-0.9114501461178435
13.89178104664795
47.33131238008002
-18.710267231690537
72.75240090905257
-59.52242228798417
-29.086129000515825
-41.66233097427613
-3.083537629956197
73.036770851613
-42.170914730872944
19.684616208024508
-43.6731023050415
-15.727731593839636
-4.583171354374002
-75.254392652856
-61.86417545383077
66.39231358530134
-3.3924674924929406
-37.566944464078446
-53.6486048747771
-13.172831618417504
-1.3021700085046888
-13.152638063351972
-73.25930619767882
-7.468540177431834
0.6762754239690167
43.39992197052973
-51.57473652247325
-15.247802861650953
-94.60773753199214
-9.823297340101874
-81.5588348253301
52.909538830695396
-39.94286187404838
74.18024552797678
-29.73474717870606
11.03265933354868
-62.82821263992468
-33.7660478152051
53.29204331774392
-28.309984231949585
20.104376726380522
-3.549322675318251
-65.6397294760201
9.36040817861894
75.93951922106655
66.07393939796339
-70.50715129153781
23.74504000047729
-59.314583635399224
34.412870303949745
36.1604192945924
-1.3622241460930553
-2.9716413460359803
-46.179570179516
10.39053293398895
-11.956583796406207
26.21569818573859
-47.473513546563275
-19.014535951103014
-43.26383121054993
-26.287361509630358
0.054516601680816734
-10.632844348928984
5.876516362997805
-14.444920571824113
16.36432060370609
-32.226350152637735
4.088594537399715
-86.5977944114108
-53.56019752600349
-10.847653766080512
70.39224760233995
-78.75603927248802
52.320935148971984
54.63662216049812
58.28764247739895
6.900108530331295
-74.75242309953158
48.2089147531085
-79.1222093003317
-5.431492639597721
-18.049854865164335
-14.784553986967438
50.196018123786246
-8.499081289135717
-37.679913270045496
-53.06951041395888
-7.2612127509434
-20.02100887568767
-6.308417965339487
36.52751363284716
-2.4339405652095962
53.473384209898114
-10.616278457408981
-72.24587242906883
49.526139784894184
16.982398337348258
-18.014099496881983
0.3556894992002526
48.22002462216648
18.413239000445174
60.887455405883884
0.03250867904569077
16.21267309702864
-30.86310726826744
-24.98924501563083
-18.962022877875285
3.7424738744749533
-16.72636102105929
74.42992746359204
-12.329258296684273
31.28775174865811
-12.72936684351275
-66.53320255511392
70.30043963553575
-66.28339915306844
35.31628516549236
-44.63475263144224
3.5720591745233463
-14.020554648171313
-71.8304706259292
13.796429895187401
-9.01184673136764
-49.129863213520224
59.246184239574944
10.305671353704156
59.554352085536266
22.92361161143522
-50.02863217873629
-53.08563326881048
-38.04076860122626
-60.21382085995875
35.81053979502914
22.380400640096127
-17.655514859513303
-24.33896975494845
45.44163844122377
-11.701862222955626
-69.58785839321621
6.2013870605779005
-72.64601580934622
-18.806231317461112
14.253884284082332
-34.41733348636207
7.6675409410609205
19.510538773615806
-45.42693538655691
-54.46272218242232
11.386933230964104
-0.2534435331961902
-11.48921220646747
-2.6911663059451314
-2.707516522898061
30.10152568267064
-34.368847844395916
-28.32681760194785
7.7090284016352655
25.818641221426788
25.08307146750728
13.947284955228
-78.92632692021508
0.11285068367644158
42.81399822833603
-40.69406875233417
-14.82988370530849
10.341278460975161
-36.460024653419104
85.52578186016393
-3.387397064942519
-15.48543564215511
-28.332816539489315
3.6206801629382
-18.737257705714555
-57.0808868207175
74.74943187004723
-23.681308856006154
-28.81158972393959
-11.448932182807397
72.04377773843945
-3.5664564857506207
-35.66844858354374
50.01924879073334
-36.574524850290885
-13.749170310732197
-32.63919087100295
39.40661552647586
-0.9787200029083607
32.24814620228722
-0.9573532270866707
6.629772390479886
78.20728744612211
-29.154128530490567
68.17716941561486
57.23785929709916
10.082024559966996
-24.091975096303372
-20.01003772515793
32.85788799487304
-11.82976026937682
-67.31847380943108
-19.714520851832873
90.25671464660212
-17.154759002809328
30.788486815965058
-58.45955538752382
27.08422973940617
34.44601491489442
36.5397635193477
-12.435634999349759
56.60515729272956
-4.0163851349668676
-6.2690448873470075
-32.04236190397958
-5.430526336520316
-25.7412256186508
-13.9563058224699
-7.946831679000496
0.020044847209561567
45.76861972450814
-65.17783843821462
15.369902975139453
34.11476948703921
76.30361765370796
11.17277939727019
-64.89558123085895
61.48999375941091
29.971459534450247
-10.492214946885412
18.73227126370415
3.111572004687858
2.8091651733996486
-56.70681313510623
-90.10259923903689
-80.24714319495882
-22.451565587740475
15.669372514571805
-15.263303356055545
-72.2726331518356
-0.511225219654122
-47.15703697836473
-89.54735085888892
25.801836343089704
0.5767088250046299
-31.128356698240907
33.65978585968594
40.05749496962764
-58.812507383400856
24.989217384913758
-12.682965816308226
-26.59529973237801
-35.10712502322629
-36.93529150094394
-27.013298440268926
43.62451259259356
59.79829732743883
-78.59839099256477
-11.491005338077926
-0.6907262663186344
-2.267060657790836
-12.243295142359699
-41.976853230569205
-58.547967341083435
46.821160670989826
44.77640193766169
-0.6097301121403831
15.212787491362178
20.827533932369292
12.283804743750238
71.1874763596399
19.168793035640192
-12.324082260079223
33.351487346851854
86.87975807398237
-52.934891033734544
18.21910576045464
-75.84355550153089
13.912926794959787
49.595951557252135
-3.793688883878815
-38.33704859852989
-14.877823356770278
51.97395234498788
-6.400253374689001
-24.289901920205736
35.123092662205096
13.2054220178496
-68.65279139282367
-21.5799933714421
-5.4814901389112265
25.44593715338236
26.220358719105477
-3.499455938551449
50.763449861257186
40.67509873913005
-29.792806353856662
0.11607079834493561
-31.4327994034291
-13.866097553914486
-1.6577137925530394
-25.490502154487544
-13.236500839098582
-4.996180293565189
-77.3438808078637
61.21831783032832
1.4628840373308236
23.21136275760027
16.330191010145896
-17.99968193136661
-0.20750742186157822
16.6398296540289
10.562416619315883
-33.5189872272954
40.63733520841109
18.045271346870663
-71.45754559127357
-42.559140670913244
-12.00985010822717
46.29675361318502
-20.62576844709308
48.71018746010424
33.18364191432076
61.54518330142221
48.319084205085744
69.63890971650557
-70.55014547498767
30.044647851307644
12.807703670895208
-13.215584379406366
-43.43274983900633
64.21452632236569
-4.2408812918034045
20.550382754645824
-52.89130812513202
-7.468273077728213
4.756692369326615
79.39649533403312
-59.27950046499275
-10.550285585453324
-18.49804735096987
-15.870648043144413
-62.56914446189901
14.151552950200653
-5.864416359379902
-45.89939826812059
-43.479614351132376
59.50112967867361
67.15182878738344
-18.393129493398632
83.29140850208603
-59.95876599026946
44.06923553875842
83.10992144487324
-57.81355480606803
82.54168045022709
42.95725296193518
9.049809185525703
-17.50807716323102
-22.156782752589635
-62.967870554095256
59.45406641888846
-15.527872987992012
-53.3237397576169
11.21928489189419
4.775889665010737
-2.551090827338186
-18.17273922175353
-49.27728149277915
-27.467163447403436
78.09361968134934
31.10672800803647
18.222504245454402
