27.985162056547665
-35.18700073940707
-56.51679351555147
-56.11288232721009
-40.72198887358856
-29.907952690023976
-43.67983107960802
17.69659568021916
-47.96663364800196
28.31041420888718
15.793159662971206
-29.12371099379166
-6.018518653262646
-14.93952128410136
43.563534128754526
26.53821888646624
26.79114042101125
-29.72364196164324
48.60281215059564
49.286052127833784
-30.807829271792983
74.56173865478564
51.06294581732399
-32.387265377073135
12.521642562513406
1.0735579813869833
-40.93756473890573
-29.11701929311947
58.288959732073664
-6.004095009287795
87.01321621801617
-8.303169284060658
-13.476796667811044
79.04368040139943
-29.355689965789637
36.393449698795166
3.166681712120152
-69.25665615558036
-26.146585763902635
51.336162437249385
8.792123587792346
14.955583097958936
-35.08731720323425
-24.988787512602954
30.18302830989893
-83.5683297165452
76.02994294135632
-59.4495765117991
46.118532726696515
-14.657302509957134
-1.5420181457865851
4.416787064597642
64.78769900611388
2.430488289060577
10.473937876505659
15.650929173501169
-20.476673777097744
-73.0451365475258
-1.2878333329956888
-1.1464902955197402
19.516112163316805
-31.578688510230464
36.68312928222517
-0.6944197707604332
-15.640577924752918
-14.495227065867539
-0.019272047799148595
40.01862554205408
-6.957383118667536
-10.169293159519825
33.37981790222247
44.96586021234677
-50.33462052743953
-44.93001150489887
-20.317899998297193
28.97691677361847
74.60530465471547
-36.33721540475417
-55.65832972102317
-38.92587310868933
-14.81841466140932
3.5781653335332635
31.660657426680757
-14.667823620595556
77.4368342510264
9.301327494030488
37.83096447611598
64.89071816669747
-54.43601710983276
30.542055096947877
-51.786782780432624
-26.931284741774746
82.79733966298264
38.398335682667806
-34.617504441163184
62.97140522071163
-63.391586402858344
-29.68364825481889
24.873007575558162
-16.430823880911177
-1.5381885089174574
87.18123204489854
-9.263737620131536
-64.43776368421271
23.923364764813655
-7.653329931060043
-63.6182590119069
68.06209705429413
-60.69397664154227
43.64033873147531
-1.1402847061914088
-19.380958662342138
8.498408677220837
-9.56394344736674
-71.92876059839588
31.166182010985295
24.4185327698046
-3.454942029156527
0.30368759531906164
0.6460162537425447
-27.287911593715975
-49.18367433648359
-4.5077210652102195
-30.441761650483855
-28.50173179312067
4.068681778796005
-51.87324140165501
-51.81958049385791
62.180680628431276
-54.2683397829668
10.37250613913325
9.946368009633957
-29.11290105929767
24.644170286131555
-17.050028374454797
-0.6853717219550646
-25.70370415660159
-58.20343456202353
57.20463184770088
-48.78702009567117
-48.35912631300675
-19.28066065964353
-36.354776948598584
-46.12213219254945
-8.013475301742375
6.340308904376585
-40.43871362931542
-27.425233189692634
-69.68662601402741
32.50226216747657
-81.72900370270327
-2.4841026868441674
-4.819350922310775
68.93857976202969
-3.6154904395448426
33.680302231307934
17.791961196901255
-29.908840632606555
-28.40526185490998
-48.191782895715775
-49.00488968249337
21.36690514639713
-34.570831183422364
-59.09142350488001
65.74425059083066
58.46900566895965
6.46068394840151
-62.522641520616
-39.699753317926394
-27.910844074021057
76.39270766450875
-6.277054659067218
-0.3971030623728353
19.52086078495398
45.905215808432814
-10.713467189992869
5.2840896554166505
78.68859238023413
-6.196858524392823
-12.803738029512516
-17.200716832264476
-58.711421121236405
27.774456335425114
43.94329682592587
88.68893115025068
1.7486275961014286
25.37316112412327
-28.541776652603033
-34.24238720596987
-41.750427332193674
-14.155972995377468
-83.88339182673846
35.75939387055493
44.18490107672332
-44.47698703128696
62.46706380963593
-45.91349827438296
-15.109171966513046
0.4993922336331309
70.5450890797282
60.02679416864555
-49.18476359952926
-54.529324805405345
15.545465413322304
-47.83857296796523
19.67574540898852
30.231197407141195
76.08198898738041
-41.56812395106151
-11.413422336311271
1.8270574065879117
28.025062062434998
25.127150195507525
81.3459831959284
33.39578000883918
18.367694887739646
41.07135132014352
-29.129586632991135
77.31990210218203
4.652951642550747
13.977851617540878
27.055403324112277
64.22221071533653
31.08162253761435
-3.794727480349266
-38.02818770568325
-73.26151494509271
-36.44490235407263
5.966517602718895
-28.651127146657103
70.86741768577761
39.71011900855237
-20.517976392938053
-74.50328268023507
63.556946154729815
49.09990927289445
2.5171941667622377
35.718545104741736
-76.27881734502301
-30.934107125393396
34.29077202831823
-39.2853717841721
6.93981734349947
52.75254765780599
4.572309800564213
-64.57072395803092
14.673538876499592
72.70821478514216
67.731760265927
22.361712334556515
61.82583567987038
18.74336852405024
9.89497380060945
-51.32518482116613
-0.6382003785222281
59.10972474215242
74.31231775219499
-12.990545454302719
-76.52710486850489
-48.7946314206168
80.21757634189947
50.56900579077998
-27.87812769737691
-41.13281312405439
-23.113190028287406
0.9503774528111251
57.78729543159463
-23.440548034227334
-58.70242849523866
-2.56142154721104
-5.478251504603634
71.56089352519942
2.111428276718229
20.525263374059136
-26.366228783220222
64.04296376151382
-9.6276268249525
-33.88906766948959
45.22981626661877
-80.68574209753235
4.199103897138031
-41.152693005134665
-10.631076983282384
61.935283381383044
27.726335783878625
-32.561613934229584
6.20086756379915
-1.0122513484840567
-2.9587632728107423
-53.543327848947236
23.544204869523654
51.051991836698505
39.756300444593336
-62.94214489819721
-40.43657088034456
70.75539375333273
13.671583257836389
-25.216152509386674
44.099483980404415
5.570169654312494
52.514666948842915
75.83115811703416
-4.6547114131249145
-67.33319377580348
33.026241338565114
26.533741101282942
-3.515133922458503
81.2481936364482
-32.061112447943486
0.21176873459468482
-36.425991964552615
61.42479908682131
-34.06157333189486
43.0587535970584
82.06036539980119
-29.81136769894276
74.3034999480306
-35.52452228204702
24.52921973382776
22.31787460766293
-12.10031438427761
-72.11814402344501
-83.05079373302544
34.32237959048982
21.584937860560146
65.96126695965694
-37.64269253360606
-53.940427607589186
-70.27912736360449
76.52951817051397
61.96048593834183
-3.5456987088152374
80.96228785925217
80.71308202924592
1.472963957118509
-7.9699978585954625
2.326030635519075
-28.48667447643814
5.325982657260994
62.33616172268995
52.16745995905595
-58.07166677875545
-79.20973372636708
-19.88501771478434
0.6000236541339348
-51.799808495027335
-7.437384102339976
36.23550288527525
-52.05654734347368
3.3191958450032644
-57.86401882301862
-4.954825142710874
35.08762872818045
-34.13540332818921
12.123179350905957
2.0333785660042594
42.152178958827335
-12.875837375405396
-19.81844525947703
-11.785394179766897
-0.4450596828996538
-34.04300956492352
-13.452716332232185
-29.29089444953287
3.506406698776928
-52.71373803951145
15.363283112903389
80.67870591835714
0.37944469172180106
0.7280255445948853
-14.71192765297512
36.511755635406956
9.99997136182256
-50.213337411648865
49.653374511459475
-56.55784673787185
10.123872622289156
-35.69760613349837
29.340912943925446
-69.61681994894342
9.799494612073062
-29.44771731953776
40.51823688504325
42.34469605400642
6.3283961902074
-26.31609012235525
81.64893470695623
37.90178793915905
37.62139588955546
-20.103932751267664
-19.396869510389777
64.22229030517647
-21.27260515402591
49.00973197531462
50.04637422522319
74.97357838084818
-17.30531336076679
-67.25528960815014
20.26727219439516
-60.72089914968026
-62.911026793912406
32.74934025692099
-18.53397830344909
-3.4404589574022992
-10.06401898619039
-34.83496370648247
40.37210572698231
-23.76320341461701
58.36426535063191
-43.22423035753699
36.84027970079876
-18.194371827648197
50.02374995591276
-16.43271388828387
13.259424253145653
3.4303732314812407
26.741685287495187
-23.081073371816544
80.00499774259777
23.084553832473702
32.55565745131565
59.4212939746773
-0.32559155187664146
7.252262259556645
40.50283078195335
-57.72318826407936
4.1511767279503715
68.53609453606438
-79.4609197748198
-9.88130297742184
69.43526063951839
-68.99200291294093
-43.70713589662435
-11.296502379378012
-72.40360137012
-38.174245320063456
37.2418875171453
-52.39250183824198
-23.28112748231358
-7.522492769864172
14.390128321564433
21.895500231127443
-62.82889199416234
-60.46627498275408
-75.71013807415935
20.033428401598854
-31.1720454589083
-61.99365033890703
17.774344000336953
2.8878827836077505
-19.094305013939945
-24.388972888810798
-9.215310288933964
-18.68071627991243
-51.726625345153714
-8.722617955134126
24.08163142313228
7.506414845320634
57.5809873231745
11.848983450294483
-6.768708602395876
-65.78987465774969
-83.42155148650482
-49.98707865223527
-41.32748132728572
-76.74658921365696
-18.092364852501262
49.27394095406166
36.47796611113944
11.193503944306286
-32.80959659780761
3.470508730557654
-46.33166857248053
67.76624442312342
-51.81016678231284
-12.468270149394286
44.90083266639115
-46.52955998803394
-8.78251074039342
78.65333796849524
12.697388923452081
-0.3084579842227839
-4.171811163082907
-13.065519338678314
52.533614393022845
18.433569794708887
72.32683735781967
5.423010386493203
-26.345015000490136
-20.884522001425182
-52.009165456632346
-21.41123827555748
-3.0569815738229806
39.20852257019811
2.021231168977536
-71.68046445863993
-23.297827831098957
-43.867556218592256
44.62051392840908
-11.410459392828713
-40.31909062900354
10.897733352664574
7.272578242684304
38.40172751723628
-52.262373252509335
-80.60451770149464
-2.9830336859414643
-23.490450362390774
-47.17940519481826
-62.312824455399415
46.78762623243469
-61.5367500097562
-4.558426210997155
28.78191808228553
-24.81114647629444
3.012958432172155
4.547079416570199
-5.845744132610392
-5.271780486886669
-46.77990948515668
-45.28489454632487
-25.55363601436781
-1.9493308543788714
-45.9533928402874
20.34018013401078
-48.38369858690648
35.736410514662
84.95585403668571
-5.4256205695761395
8.515305048019997
-2.0347066998944285
31.82257053690816
-16.255943063150397
-79.76996317419916
59.07296777397991
84.87618214429736
41.97869683496032
26.914575221931926
4.060918495693372
-15.142592709497947
72.38712572146446
-24.534148407863952
-82.39218117106705
-5.952168592373241
-14.309294168962381
-0.9882357406609827
-19.35838326465941
-13.822635049922326
1.0782828093422552
72.49496561104817
-4.710693073951404
33.24079106400819
54.11757847981167
51.73243026621367
-71.40109330451186
-26.87329646386158
-6.837708086427369
-43.51567958481157
33.245124472396554
1.3004559684217867
-57.44382722119698
14.061216423840321
-15.771818997866603
82.93294676377099
-47.679461294162095
-10.486868444032368
-0.930901046954915
10.585315367677936
-30.18826495871582
-64.32978377199262
-59.84076489914832
16.88362332996138
-22.341305134105482
18.45701974310417
-16.339960729746466
-11.825323616476865
25.68925251583569
37.204353981155265
-7.145252939515856
-9.286198542019065
74.122694322305
-44.02655430061068
30.500214444704284
-19.339030694167036
-13.3764257977531
17.876377746970363
16.518236426949045
85.37899496348368
-41.76254880215729
-31.088403317035812
-15.903384883248592
7.918995675531562
-13.001900580271325
8.269590558301317
-39.38697141499218
-3.1035023358890186
-57.82041265033798
30.003839017738784
10.766071062867468
-1.9177654115353988
26.12593224983347
49.21241130788994
74.5863526581692
-23.82177474053509
38.07781279151081
41.93695797288299
33.34394835067499
87.64392150803758
-23.049586308995146
28.771740302181314
26.530625969237036
73.67774014031755
45.88999288062942
-1.4084426718254406
32.29930564464121
-12.41712222809035
16.868254007706668
35.44147751457234
-32.749592950248854
-62.9072861812041
9.729061192025569
-45.322640178320974
29.708958476878962
18.981836454693166
20.695153043873205
-5.405198937944235
-38.235044549035315
-1.5277110498379187
15.299143911869834
50.35079002949465
-18.985124876249884
70.54033351840036
-57.38161928047581
-29.56096593115973
-44.51326911624828
-4.625268739996216
75.64854279806363
-47.524139048351756
15.071582283352427
-47.49069124266875
-20.095917128920135
-5.594186494322187
-66.43721814197127
-58.51483489985009
70.07374124361496
-4.496000491386354
-43.81603156884128
-53.57280668993298
-11.39487918180258
-1.9812623278301231
-10.900002278052213
-72.36754128841805
-9.744213203824103
0.42181272248090806
45.123090108583284
-50.70073893392392
-17.266235822143898
-82.87013861096231
-9.243320318902107
-69.90227262544828
57.40578366162242
-44.01790927680523
76.76206465785071
-25.612678754768524
12.226913009251845
-64.3814896482472
-38.843808748303935
56.23220171943083
-30.873992396674296
22.396984183648655
-4.879241713912776
-55.176237430754796
10.434242949747059
76.36733920861045
68.30996490474624
-69.85771693061614
14.921522848572579
-55.760980390402274
38.15440015363126
39.66106940166384
-2.1100564888302387
-4.085676468576878
-44.025246215168465
11.359387277893191
-11.22952175371097
29.323896844818535
-35.22035546888051
-17.319806009957233
-43.08781971572037
-27.234622428304434
-0.18096748371750948
-13.756475827934409
6.295294327161329
-18.557281141419978
17.926103357096252
-38.32242266542638
3.916363924882873
-80.13658234379082
-52.919258824684476
-14.010978405557495
68.99704803858114
-70.1938018695394
54.70659744394959
53.55397223693737
60.55462417364831
7.181480507668397
-71.01165026837975
51.02494473436903
-67.06690406405652
-7.423641314139303
-17.092215612078064
-18.896633254211395
53.44641190885392
-7.128579154621619
-37.264574436124356
-53.74729721418243
-8.01454545812254
-24.765992041760725
-8.22148856145202
31.44357528857003
-3.0497280477718647
58.00179670666259
-13.695042271167253
-56.983481754927816
53.65252962591944
19.30142630365006
-17.33651631800703
-0.4470934553136914
52.616631674765244
14.443964222971317
60.835199930358755
-0.15430948043838555
18.39630930448429
-24.05090211289027
-27.127026035777803
-23.978533923246758
3.91143563624901
-21.3765807806015
70.92921337885338
-12.457277385798733
35.111314654001376
-11.635217325881044
-66.5631787520772
60.922331499539695
-56.99980222519717
39.286504247871136
-50.09387714276024
3.4809037074370224
-17.597633721356445
-61.80211359222671
15.078823837565523
-11.728308211360286
-47.50842691535614
50.35058670161007
10.33546898105891
57.02568368221
24.976116764961674
-40.95601059641207
-54.34728334736965
-43.551837018246864
-59.871438946170684
39.949179034032085
24.986269823795837
-22.332316265236685
-28.774943053876555
49.837873722959216
-10.958906467692685
-69.53676404444363
7.058992356904199
-65.3609917428196
-23.518927519690507
15.72655027806357
-39.77707952890564
8.080417231015247
20.36786134327906
-46.005232635890266
-56.5660187610184
10.810528178335616
0.2784037649921345
-14.124400629688125
-2.56162167189909
-3.5314956114197713
28.816953228568238
-29.65990080171325
-21.355065498474687
8.464348596869911
29.070656699052137
26.97735888571316
5.361213390859959
-69.59323073369397
-0.4349505102985205
43.19514466532553
-31.38853038999538
-18.74041140572649
11.240895933822486
-42.01075803587252
84.78894576134647
-4.99526292798744
-19.563616843517394
-34.548066754517144
3.3723911984698987
-23.73193764055887
-46.23212861715998
77.52974369493137
-28.670463124263833
-33.30977329698075
-9.543863962505753
71.92445894232338
-4.276525327246603
-38.842641703390385
53.99286654758026
-40.956613289375696
-12.758725099522707
-37.190752778933266
41.64011950969797
-1.5481289053679035
27.685609399161564
-0.6714511497687852
6.892245486118426
65.72124121211121
-32.596145738121066
70.23627585433732
48.15857704129181
10.92532256371841
-29.505247095861918
-16.989978714249787
30.30529762001538
-10.380557414825532
-53.176127737557735
-23.549867282891782
85.15239297758652
-21.797888991905367
33.008817539663085
-56.09572141463249
29.926851378575364
38.504939697721795
39.50607240374927
-14.688486782396907
59.15012460351468
-5.761100667531537
-7.872734962880585
-36.350100789478944
-7.248080261584988
-31.589534453278333
-17.812763045472778
-10.311411430295081
0.6561668234231064
46.43711232625313
-63.883381464870105
16.454064842618763
36.267350709132785
71.76608140204902
12.157341216357722
-60.97861894578462
64.5700005772402
33.65261934975308
-13.450957422208049
20.603213819015693
3.068060785389193
2.544993474679899
-46.06107078276463
-79.36831676880503
-69.91381166563608
-17.547317283410763
17.758588938337837
-15.503245636410213
-69.51112918671562
-0.9254486979904613
-44.04824073654582
-76.225661545583
28.865674305139137
0.9515258352594884
-27.804203508238686
36.95443529574558
44.296786083156974
-59.408027806599854
27.68089868061442
-10.829670501660019
-32.34438716436556
-29.393756104758538
-41.52240126681768
-32.60013414553762
29.41744101088787
49.489094931654165
-69.94613543625574
-14.729608399561798
-1.2744849886992426
-2.61637129446855
-15.781276261828793
-48.00128732593087
-59.93730051841816
51.00770087452935
37.46268387177554
-0.25256392000808603
17.156210844423455
23.550743611201412
13.020694567645634
73.49206069204013
21.50401072438764
-15.556549354867954
37.14844444861606
78.67557276419112
-57.07217184548814
9.983334076527441
-60.44901480176981
15.967675857184275
51.58006328018976
-4.8975853737910455
-43.685290845464586
-18.463751480477853
52.81098426064594
-5.989942349135944
-21.26268141668784
37.76248393110316
14.452462162913108
-66.9441480841724
-27.048016680631463
-6.83990192981409
28.536515252158253
29.472436576696637
-5.091536682504781
45.74718783487566
33.73641917922484
-28.950291790804926
-0.035492811952622105
-27.73704188322266
-14.355474215745346
-1.9461118445810541
-30.614309414796693
-15.979153542029877
-6.925904496860824
-70.25826807942008
56.0396426742999
0.7680896282896725
26.018006497320684
18.011974180283246
-14.958792419962236
-1.1254098064125202
17.79050386413077
11.637797040139176
-25.26838819360735
31.415140381372538
15.977912651141423
-68.86739096193455
-48.39212001212098
-11.585162767489976
33.01880249322224
-25.200224126180856
49.699877252159865
36.82591261787772
59.16058282479818
48.623109092342304
69.85705832000968
-70.75749993458011
26.473271086767312
14.682345416737292
-16.53146578393914
-48.669716389345396
67.68393495495476
-6.005986519498521
17.034305222494666
-51.52767226808918
-9.841086017708562
5.3831208931072325
75.38678281059072
-61.13839551860282
-13.0056658793998
-21.880956276300708
-19.772060105210087
-58.867717211163146
16.140540062304524
-7.344958874368004
-51.04061814449924
-48.18846723916749
62.48034405584076
53.54913836373123
-23.015489478679157
74.47718383663926
-61.08616652693129
47.942445499449406
81.57366067643937
-44.77926293598384
74.21775270991319
42.058377654868394
4.247479444913836
-19.467257346628074
-18.310833851793518
-62.59051305485926
56.36832617639624
-13.066053348632508
-42.64808056472877
12.268592167672509
4.693149876939472
-4.009511331238173
-22.510043514617465
-36.8540938601695
-24.979175006065987
76.33917295396387
34.55894264740135
19.950094896137912
