27.868324890581874
-35.20595585534756
-56.55496161389919
-56.14054655421977
-40.73390700235962
-29.876245436056237
-43.737288049846455
17.639740767967936
-48.03725617273682
28.252358251917812
15.791884107960001
-28.960037804843054
-5.9498323780566125
-14.787752086610823
43.589589750173445
26.412236900750287
26.731834288808912
-29.784360784078856
48.59993832761677
49.30082906863788
-30.871627008659814
74.46438283641766
51.07238836754624
-32.42893172674634
12.500734646323323
1.1377458544009045
-41.0119849357847
-29.023279242163
58.161113398797625
-5.967583220002069
86.92362413181766
-8.14064362613118
-13.294527461699047
78.96722735285783
-29.371158607336625
36.382884579249975
3.163811542821435
-69.23387416206732
-26.125645717925806
51.23059760527988
8.780384388207821
14.919022572215042
-35.15691270332322
-24.842574291290646
30.2162183692177
-83.61203555972038
75.98024745888361
-59.526288346934685
46.129917000299514
-14.610619389216822
-1.4752197281710693
4.46835678745839
64.7065507280625
2.4375182982373644
10.594882254222526
15.747949450446072
-20.518246986898717
-73.06449361505184
-1.2938849461885837
-1.1063570211128564
19.468939544734553
-31.53559103930951
36.59289597659719
-0.6410135349749027
-15.614593091798383
-14.403107661968477
0.012782605372194666
40.050665989705124
-6.791956510628026
-10.086209327304076
33.331947793051484
44.98938402731153
-50.40306703594563
-44.95680854999634
-20.24703406377212
29.03013674043892
74.54668784590143
-36.31800871731374
-55.697280022081294
-38.884736911877425
-14.827842481826323
3.620126557271334
31.636354385009355
-14.603225744920323
77.33638519837481
9.40815052012286
37.827131570472545
64.86707793776694
-54.45417641366229
30.613478603479166
-51.8718674226247
-26.806027624734867
82.70432761962314
38.35071006314661
-34.65099614055521
62.79982314143396
-63.46029080294202
-29.719222764664778
24.90441460033459
-16.462489963947107
-1.5387801876535434
87.09222584988416
-9.261469790077541
-64.53160402985802
23.94188013436373
-7.604143510715176
-63.584520837803396
67.998046257303
-60.70107072283115
43.6533940008527
-1.0789868152071875
-19.38695741106551
8.486780355200821
-9.57373901431589
-71.99002650616292
31.030126870857856
24.43484215146576
-3.4150851630925274
0.3741174186489644
0.68178178935554
-27.13543231319902
-49.26682444263944
-4.504621373909401
-30.50499677581142
-28.558871836644713
4.121283250952956
-51.79538472370712
-51.89502203941071
62.16272906669002
-54.36090906681248
10.358740631560138
9.935148121864088
-29.134154214925417
24.684734370000086
-17.0824016237911
-0.6914717805002653
-25.6024204565945
-58.25834450830548
57.04531176387769
-48.875905412042925
-48.357603972276756
-19.173560651061266
-36.31943990527547
-46.14696796304885
-7.9108028196337585
6.335150859582555
-40.37663372751367
-27.459135239887843
-69.75439741045764
32.38396905178064
-81.73796402990214
-2.36320573810022
-4.806714839640733
68.76584204287423
-3.5843037559528312
33.56037526823752
17.784654542444613
-29.95910297614232
-28.463410081443655
-48.274807415706334
-49.055627168052965
21.426389645723816
-34.43552946021977
-59.17543038332821
65.59429775205876
58.455422203802414
6.4999124639608965
-62.58906019665723
-39.67178605752698
-27.779912966677585
76.3389701562624
-6.18131293725115
-0.40346198151033263
19.48432067052282
45.7239976849836
-10.656902656117907
5.307268344376297
78.60418035641058
-6.122021059443028
-12.754025926293778
-17.1360460357767
-58.764639804036364
27.666376245938665
43.96618115042287
88.56856090336441
1.8273301064693612
25.32187365505615
-28.534774540536432
-34.29411178724184
-41.82259760945365
-14.11255221114115
-83.90160918371038
35.78998499771012
44.121309629043225
-44.348906818025874
62.42212029852621
-45.98823250270547
-15.01620775487541
0.4964863211151709
70.51021783360662
59.90688811807351
-49.25943712120593
-54.611370636268006
15.577095783331146
-47.91543737756743
19.714303180640385
30.177928154262943
76.02710438185429
-41.479576420144696
-11.38805989858065
1.9214616407683565
28.013016531689487
25.172128419766153
81.24804738528746
33.33012854555761
18.353194273687507
41.00479914333826
-28.939691962065012
77.24895923663388
4.816343729604881
14.044045353634658
26.944644475049856
64.1996188398094
31.126699700820637
-3.804698866720017
-37.9609588226986
-73.32869259473462
-36.43101924394593
6.0007508074810545
-28.666237697660165
70.8303885824509
39.74708711907394
-20.42962074168001
-74.5516139209724
63.518113453337975
49.115553825095475
2.603017222360336
35.75658488959158
-76.36431023529715
-30.87822870210971
34.12932238752498
-39.36137984627356
6.931370025026808
52.75138077876841
4.620656587666815
-64.61957255784452
14.642061550346028
72.5705217796505
67.68756188313895
22.381787702075187
61.81160601262252
18.677495031260264
9.899512894052108
-51.26212241749768
-0.6058301138601649
58.98990294295652
74.25884286897534
-12.994511040513018
-76.51516008666766
-48.70385859895996
80.12042897935115
50.464196388433436
-27.85281314039304
-41.20748162142649
-22.983018789626215
1.037366433641921
57.78187159458645
-23.297910900541098
-58.797442415382655
-2.4615974162497736
-5.4876990952931095
71.39427689637617
2.2736191605060867
20.542273185274013
-26.405657113440498
63.87480573530024
-9.44863221888113
-33.89583077944059
45.245979870848345
-80.73146296664787
4.24676047438048
-41.03886533336465
-10.51620642741976
61.91034272402831
27.642288034798938
-32.58955949885522
6.217889945999559
-0.9519251667385618
-2.860062246053161
-53.51332982743164
23.58715912976332
50.92225154763835
39.646237133718614
-62.90243806523422
-40.34433843766056
70.7173225654306
13.735232699220177
-25.1509906448873
44.1187993380768
5.576856099238938
52.50864277072179
75.78160047036121
-4.665804877241271
-67.32215515280936
32.98666074249019
26.56636654681367
-3.5150130544588905
81.1268951382371
-32.121146286921274
0.21696382795681757
-36.373805193393814
61.290867946205594
-34.11491861011104
43.01316412866052
81.95591181561412
-29.868210840151477
74.24952149431925
-35.593931262438396
24.435168533017034
22.37549009894228
-12.099774139668241
-72.14513278159666
-83.07336459141369
34.35284610658104
21.49923892051845
65.86285342132211
-37.66649231512902
-53.98187798280009
-70.26698648925111
76.47765326249547
61.94729060972193
-3.4704369626686287
80.86548243542242
80.60194216687293
1.5827268315348704
-7.884826601159702
2.427891520149899
-28.499983796344793
5.47432648107042
62.32185675652383
52.14431416250915
-58.11031156664246
-79.23908368478803
-19.86418058049786
0.6901832781688313
-51.88759188667942
-7.345928869032477
36.1396350076715
-52.13963067309433
3.3951698249960884
-57.95084798637969
-4.941553513597114
35.036290226095645
-34.13477203412153
12.09895190751972
2.1283120058042186
41.95904267582429
-12.741974571704077
-19.63732408073703
-11.653932691233337
-0.37827963010276733
-34.09493603216956
-13.270534444082514
-29.242074876535398
3.539158760130462
-52.67003366878404
15.45227346633692
80.5864857339026
0.46634262258029935
0.7790128090935298
-14.69764536138878
36.55071769839384
10.120587289110901
-50.26023650848821
49.667844708892545
-56.63795422211689
10.113102174722385
-35.72239422070186
29.213146076039635
-69.66891503977043
9.804548740462579
-29.44301435011637
40.54027419203396
42.2873057502278
6.328047495469164
-26.281364609490865
81.51322078370089
37.95009759303284
37.58609513769852
-20.137035749733073
-19.435001296341923
64.20373527391183
-21.128457794611265
48.93321206619004
49.89514622637435
74.92715925219599
-17.22725496182828
-67.33759639642818
20.200033850968723
-60.67866726731212
-62.95579147709953
32.63135565481974
-18.57085492105483
-3.368957059490384
-10.044935665965696
-34.88729347387223
40.40173211493479
-23.794477126398476
58.3592731520817
-43.30204408055962
36.79675846976434
-18.228219127097432
49.931257702336325
-16.3919987630091
13.281886018305755
3.4336656568897723
26.63167539903189
-23.00166722982958
79.85786308763312
23.074414097436872
32.54884554061735
59.381262869134616
-0.23927960356647304
7.261726689987299
40.513366286111506
-57.80375974805362
4.180127886905439
68.36483942349409
-79.48958715756046
-9.840464883301607
69.40157022478454
-68.97841474211725
-43.61425839574961
-11.114794381452342
-72.49228180297948
-38.09027320946762
37.27782210751653
-52.46256941464419
-23.323193220757062
-7.484103568601853
14.450300997409215
21.883611876650576
-62.92229903936767
-60.56181068541653
-75.77793407098717
19.950695600499643
-31.200023546714334
-62.06545169412405
17.77690628402496
2.9696822818917354
-18.99389334089929
-24.44010127765175
-9.106105374386061
-18.583884752012253
-51.8135683014895
-8.74060054399665
24.169536517291647
7.524630640765253
57.380869376730544
11.937482043751444
-6.74427253102165
-65.8803918003867
-83.48061947335336
-50.00489232531863
-41.352551323756245
-76.82648377712817
-18.128006434561186
49.28994084268362
36.514426966853165
11.202885303649012
-32.81909836923734
3.534682630352009
-46.415853952040145
67.62330198135328
-51.882081176940744
-12.492297825491306
44.77945868256205
-46.46861244751855
-8.759638155205167
78.54273384388554
12.667430201996908
-0.24027179556618705
-4.119411524346859
-13.090004017437167
52.53175296937698
18.463180980863598
72.20823335037764
5.467855245001019
-26.177043363886085
-20.75160358013146
-52.01490350466831
-21.36208530736279
-3.0580815729853157
39.24038670283832
2.096463056403593
-71.69804478759391
-23.105381629756437
-43.87041369383257
44.48309594898515
-11.346107358381971
-40.27368097387515
10.897661010035861
7.367493997811252
38.43454666146195
-52.1699853604516
-80.62458694663164
-2.985745829739912
-23.408426517778395
-47.23339268634409
-62.31155421427381
46.620474577978456
-61.60823399616231
-4.448778522656426
28.655736524960517
-24.859860049606652
3.008564388282622
4.544666923499165
-5.850759364776749
-5.2842472745140014
-46.78943568902513
-45.33458855820407
-25.526940276649995
-1.8754037993842871
-45.82063405240533
20.3808546469202
-48.414275429002195
35.593261388169964
84.83916720127851
-5.2904342479515805
8.504636231391245
-1.9868328531316166
31.84907758026816
-16.115943606607985
-79.7690633772836
59.0595957186068
84.79622141468934
42.011920516152344
26.835178272930918
4.0617004304645405
-15.08233632260972
72.34758138400775
-24.399604806096505
-82.4413151425683
-5.941748905271055
-14.180256531900497
-0.8491266089167908
-19.358339582267007
-13.800485019316852
1.0769304599370315
72.38559306877826
-4.596690592979527
33.13219428530428
54.03191538499243
51.7402135458272
-71.45898905858672
-26.84352025986226
-6.775844894802617
-43.595568879289516
33.10322831210749
1.3007632163660787
-57.49336963590986
14.032898834066287
-15.731008666821964
82.82238438952328
-47.597501543864816
-10.41440968791639
-0.8868132124767811
10.60998486331836
-30.026363758125626
-64.42104585432338
-59.90050278281154
16.901095441784605
-22.153556493623086
18.57535095868296
-16.36908905674585
-11.849324415377737
25.741451960765076
37.17217657795831
-7.0126113233669685
-9.19227130395771
74.04693800864024
-44.11079782831334
30.574988539173972
-19.36059612770569
-13.359402884150143
17.914045091330635
16.553611021950346
85.28309935750468
-41.77378811896218
-31.152672120527853
-15.761667556789874
7.9402527527744695
-13.025888403810313
8.287034911500868
-39.27880329615583
-3.02143470036593
-57.82344877278291
30.032626074831896
10.82404458001696
-1.808754619668207
26.154634658404476
49.227871364011094
74.42823918485709
-23.820643649217033
37.95863001476377
41.84254763383694
33.37036811991422
87.53623856410974
-23.059699560547614
28.808637590085382
26.590308804119886
73.63488604269148
45.87463859530013
-1.4074250576817349
32.35280454820713
-12.411714912287323
16.809525881884397
35.335806591268124
-32.78476858901341
-62.974994052285346
9.722987264388749
-45.38222751582437
29.562521706036605
18.9640347698615
20.697152807399533
-5.24142049388017
-38.18836263736813
-1.4386094979529815
15.276377270076196
50.3194217114974
-19.022078655246617
70.50096910023075
-57.47455969254934
-29.622162974027987
-44.56265430924663
-4.57249242923946
75.51019185978978
-47.45470158814066
15.14522768241676
-47.502991081188625
-19.920744396831196
-5.43097520774505
-66.52792881835671
-58.610131860799456
69.90914301110396
-4.375502960783322
-43.68374629193137
-53.65667117144301
-11.371641144903435
-1.9894786408275849
-10.824343167897865
-72.35443153268085
-9.601936610989696
0.49638107016895106
45.13314523511042
-50.79113867945267
-17.2945002619161
-82.9361290497018
-9.246880103912616
-69.98707548706906
57.221851706126984
-44.02666343251749
76.61895191737824
-25.609475232500387
12.199442905847505
-64.3760694203115
-38.800289330173754
56.18236699322722
-30.923361472566697
22.36041954256764
-4.774384751301227
-55.23129278959812
10.419963498542117
76.28240535710049
68.22480457440093
-69.86747822909038
15.021668821254082
-55.855346220369505
38.077863886663096
39.620433804290485
-2.0187296745987595
-3.9786348650743975
-44.106195811079594
11.36909147670083
-11.234937135061088
29.25339414723365
-35.158442586780694
-17.324986255136963
-43.17154803010492
-27.29160349759499
-0.18749234026350337
-13.65867034013499
6.330811211821882
-18.359186027221696
17.93746561716449
-38.19296917384788
3.925472138988596
-80.16587574869165
-53.00808022008551
-13.8413965134514
68.95918516929657
-70.28571366749725
54.67840452862788
53.55982406965762
60.505944366171036
7.173460772011168
-71.07592613259723
50.998062846367446
-67.14550828817852
-7.34190985647524
-17.109826693535368
-18.74141750768314
53.395520027556955
-7.067512716977788
-37.338888552763095
-53.82204625443081
-8.03265594441676
-24.660280556230177
-8.211804168177068
31.488721337207778
-2.922230289900469
57.80820350140482
-13.51748388056265
-57.01102310976636
53.53997995163587
19.222519011474887
-17.359070951705448
-0.4067001171024458
52.46730105876779
14.51511135542141
60.81674393401454
-0.0621851651685148
18.32520884506384
-23.983373179881198
-27.176545047200904
-23.801785422978583
3.9092758879319263
-21.179355047791205
70.89207127465892
-12.478933693813673
34.94008784880512
-11.48488208504672
-66.58620007598833
60.905596847699684
-57.069060781257306
39.17013908910235
-50.00714452751378
3.506497456026338
-17.531773505422578
-61.87968756182512
15.09281937468343
-11.58462382125559
-47.597017738692934
50.35799180597803
10.378912876941385
57.02474337785938
24.990612919078103
-40.96372937575969
-54.41081703516299
-43.47935848336967
-59.94320196807813
39.77167930109033
24.93920963751917
-22.176915777428917
-28.74154999507941
49.689326755748425
-10.963269441365384
-69.53129607692397
7.080406679390151
-65.45473297081683
-23.39246482652368
15.699886793243152
-39.71482022579842
8.069627136750952
20.405047322702913
-46.08795336920197
-56.60029776512763
10.861176706219482
0.29137630570977535
-14.115258625283701
-2.56389216191063
-3.4098808870051442
28.861443204669058
-29.66696994866024
-21.23821809287587
8.478739642766328
28.948473405150295
27.000626609414354
5.5062255287256505
-69.68435176488167
-0.36582817180972427
43.21887515572476
-31.3375739624053
-18.640639009784465
11.235773212632395
-41.93585244630742
84.68528889940089
-4.942444622394149
-19.4529022754392
-34.37910024686383
3.385048326912269
-23.55112449116929
-46.247586302003654
77.37411994218041
-28.58598832935388
-33.29142550704226
-9.489888776231638
71.86585535203824
-4.124093734061276
-38.88587555036934
53.894518169697506
-40.95401651282254
-12.762935784704979
-37.17753373891581
41.64920745139409
-1.5564627924996586
27.73605618135322
-0.5368865634003299
6.883998557055591
65.6892473790841
-32.625489331255295
70.14623370510066
48.17070760680039
10.90545227825514
-29.37971058632516
-16.9622551898685
30.349814730534973
-10.26393066532782
-53.19569883253132
-23.527616847889192
85.07660059725109
-21.62836334662464
33.02626688982815
-56.18988568153685
29.90829971536472
38.3232371993835
39.49741717029585
-14.701904368438122
59.10026622576697
-5.718611453943694
-7.699001844229642
-36.3487342760213
-7.23565574791472
-31.433781725461856
-17.68747277068219
-10.281980874044578
0.6793987356974611
46.45321706071124
-63.95236752789443
16.483278515754165
36.28468354393672
71.72783513778913
12.141871346292888
-61.07385101320194
64.47407622717509
33.50290110907079
-13.393249338896766
20.607877193157805
3.1050881242103117
2.5742309283388636
-46.07759301243715
-79.44546228431784
-70.0028041182104
-17.42805631897275
17.692675812939356
-15.532308723257373
-69.57079697855579
-0.8333659409663738
-44.123781672395545
-76.30950662217171
28.79616416185172
1.0564043159884022
-27.8232889561872
36.925512363326106
44.16240099004952
-59.46529541012225
27.66127906032071
-10.799297352635165
-32.210125337928886
-29.38446501553483
-41.509130742383135
-32.48703169029167
29.488923715229276
49.49739359004147
-70.03810845437427
-14.648682430900095
-1.1886107069537815
-2.47857134425918
-15.623110454864332
-47.88093430335966
-59.97268253240227
50.89513801538493
37.49811542184298
-0.1230712547710624
17.096981773265583
23.449202533110835
13.053214794388381
73.37699404979014
21.435676701056522
-15.502360949304816
37.04785969695294
78.6195608834879
-57.019424154918354
10.10038017031323
-60.48899291394624
15.912727237634343
51.5699455602568
-4.906324391942732
-43.624168369887926
-18.412606936360845
52.81047279840456
-5.990488438260016
-21.25824709845162
37.76664895946735
14.463561510754488
-67.00303183257347
-26.869391749722155
-6.673253153771526
28.450732926818816
29.361375840113197
-5.069957301865841
45.76776233192777
33.779132563146135
-29.00265582184562
0.05657081594895885
-27.750400758196434
-14.38408878107306
-1.820224224524864
-30.533322566507053
-15.9769295584762
-6.883566543186774
-70.34901923559848
56.03938901580261
0.7834778307650367
25.9453744884826
18.007239923917396
-14.913534297760393
-1.1221630015784
17.82029934062372
11.61354887862187
-25.1802293237523
31.46646701410529
16.035360812203848
-68.9285438048509
-48.285379118124204
-11.597179675727133
33.07483237966872
-25.123523412882733
49.7063747914039
36.75525848521261
59.15430707933962
48.63626723647852
69.80307727017325
-70.72690880395704
26.52369920861004
14.638332477461091
-16.48386480214029
-48.60394358741137
67.54884154012302
-5.97401168796263
17.097958278461007
-51.61951163658054
-9.797827757054463
5.403890614629319
75.3374536505076
-61.15092488093765
-12.999702391920906
-21.8779253265034
-19.699867803217316
-58.96325331618117
16.084734846437684
-7.352548133455912
-50.97029582425054
-48.15615530453418
62.39993191568706
53.54574619924705
-22.893184678846183
74.43056407104086
-61.12139337057121
47.869580511282464
81.4909603168434
-44.76775294171292
74.17224204967576
42.08688971683699
4.3606253244714
-19.502284879343975
-18.268733844447326
-62.650792134986176
56.368966761851794
-12.936508929434595
-42.64781415653629
12.273025845290405
4.688694434279597
-3.9747909192653452
-22.424076697506607
-36.801767230473445
-24.999463965360334
76.27759898990803
34.498997366882634
19.962206047441256
