15.580931021164236
7.731654869325305
12.58451698878184
16.769794050639668
16.46248559688533
7.168720031591097
7.718960399343627
10.081159818111182
16.89346485380439
7.52624863532666
17.400664181351306
7.2854323317149605
13.647441215277922
15.916001684716132
7.534462541906254
7.903008026646545
9.055982244298043
7.498251960215529
7.581217660454107
7.308311659168473
12.456203698318095
11.47735597520948
10.679417468648737
11.305537748519157
7.965437693172217
13.444882304093234
7.286794889232119
8.30489238305534
7.410653197526014
8.08040569462677
7.168964264202917
9.074196522992438
10.671331718588299
8.396042534952674
7.96488594583871
7.975607210914837
9.907826005124445
8.065276754642781
7.152372630185501
7.634752683324719
10.059094143628634
14.365150686966274
7.169009504619987
10.829755670660578
15.287817284231881
7.865532227202739
9.023337169906295
12.977588499583458
7.294006547079976
7.647875086650752
