27.911413916258113
-35.196462695842925
-56.54595090923978
-56.13585582924408
-40.73328411176232
-29.886237611791444
-43.71346428579161
17.659984871737024
-48.0130260834667
28.2722854381894
15.790692784296581
-29.0210635211796
-5.976734518395034
-14.846087110552858
43.586157002584486
26.45918973262387
26.75230472305998
-29.76061063573904
48.60077773127975
49.297236883616165
-30.8469155728625
74.50275296283064
51.07047489230638
-32.411341123050306
12.507076189167464
1.112026287515718
-40.98259255647859
-29.057169656273274
58.208326945322
-5.981971325215753
86.96267358721852
-8.204004136045668
-13.365010746129258
78.99953149344009
-29.3634116060244
36.38509115240629
3.163989796609428
-69.24081859843454
-26.131911084614146
51.26888312016578
8.783417737018013
14.931384667831637
-35.129669685150155
-24.897355856314917
30.203553475793882
-83.59821347925302
76.00546488140674
-59.49634225010837
46.125884810584154
-14.629726954023852
-1.5017877631819374
4.449510945187214
64.73725911268218
2.4337997371369084
10.549858955676612
15.713289646195932
-20.50244168802631
-73.05664879859923
-1.292160175646444
-1.1214322166738668
19.485091838555746
-31.555884249468363
36.62503963437743
-0.6610299554488108
-15.623899028118828
-14.440355776146859
-0.000411184322643976
40.04117006219653
-6.856588696934423
-10.118278379896921
33.347890600145945
44.98253354796236
-50.38017892745312
-44.94397042547375
-20.273132038053987
29.014012293609525
74.57196134144144
-36.32270931679442
-55.68780998943891
-38.897551933552414
-14.824831211100559
3.6046856788752706
31.643440375765863
-14.62757052496697
77.3764847646955
9.368680830197377
37.82703243918229
64.8820141980211
-54.453164979711914
30.590915820070308
-51.84165846961173
-26.852397202687314
82.74319532627774
38.366623567184575
-34.6362021237797
62.864073515268075
-63.43924702350846
-29.707169214400196
24.892014874342593
-16.450051870285833
-1.5392470091008619
87.13115330568692
-9.262330225659412
-64.49739160494349
23.93356970841225
-7.623285382906687
-63.59479612087052
68.02333645772612
-60.69591856421348
43.64835832317269
-1.1034452721258816
-19.38368886323653
8.489851244922676
-9.569985079091254
-71.96717645891272
31.080554881425485
24.42727495422446
-3.4302429697310544
0.34601520742705816
0.667103893419025
-27.192343970857706
-49.23436471423883
-4.506088856964681
-30.48057203418918
-28.53636511893984
4.099952404930633
-51.82166680586102
-51.865035712680694
62.175543765958395
-54.32727323055967
10.362792770546065
9.93790894779093
-29.12794032388922
24.66991266877686
-17.0696410683515
-0.689785724493845
-25.645335491375434
-58.23573984235513
57.10442843059329
-48.84310274066374
-48.36372714468357
-19.21386561560591
-36.33024354499533
-46.13482472517499
-7.950765026913743
6.335853025238563
-40.3973106963701
-27.444767461102614
-69.72890317114344
32.42724318003343
-81.73594353312495
-2.4107921024286583
-4.811980206395148
68.83118869435705
-3.596856141217117
33.604217342692095
17.78560042720339
-29.938684172757092
-28.441304108924868
-48.2449344271673
-49.04014983791344
21.40669992594148
-34.48487376010796
-59.146890339832744
65.65062845639426
58.46198142189857
6.483745207548694
-62.56889665718419
-39.6795652263295
-27.82836112138233
76.3636669824169
-6.218748529928263
-0.4017962651848279
19.49630633923215
45.791365142645134
-10.679369750685709
5.298341746288898
78.63902248851917
-6.151303763860312
-12.774076222095431
-17.160118292395623
-58.7426705335821
27.70599104338085
43.96226053796417
88.61843872305641
1.7959528523810917
25.339294419871834
-28.5355252031936
-34.272806108326904
-41.79661060342416
-14.128746839893225
-83.89685538710191
35.778682190301765
44.14341163390475
-44.39461285455919
62.43966698496203
-45.961815863682155
-15.05389963932032
0.49673942631486057
70.52809223984087
59.951272565771745
-49.233601889532025
-54.579347188212466
15.564858759814797
-47.88495773909961
19.699932596906365
30.195961068435366
76.05190910659707
-41.51028934286997
-11.398392234356479
1.8858602560109148
28.015548435883787
25.156514783128003
81.28820949835136
33.35285570120283
18.35679923995032
41.02790576997637
-29.01093826775258
77.27896381396641
4.7530149320273125
14.020960321094094
26.985404766703283
64.21426081080443
31.113150413923677
-3.801378088645336
-37.983777214374335
-73.30415646537125
-36.440255498537304
5.98648442165927
-28.662474246044155
70.85044148586633
39.738990966161
-20.462476916264933
-74.53377391142129
63.53387660366997
49.11335526403957
2.568862974765082
35.74602051623299
-76.33558158624498
-30.897352779533833
34.18955959818027
-39.331716369972845
6.933261759239258
52.75264817024379
4.602989020457713
-64.5997719880412
14.652407297102528
72.62325930100127
67.70618353160879
22.372966524418644
61.819919897322734
18.701260722462237
9.896554185973372
-51.282788703323014
-0.6190985401801896
59.03416484818254
74.28250122690679
-12.992638761066715
-76.51949544415518
-48.73509139395173
80.16003235287576
50.502153396162925
-27.86531992503825
-41.177996916500184
-23.031803368201622
1.0045736703976047
57.789059709858634
-23.3515098698999
-58.76227879997867
-2.500957219232234
-5.484439980791052
71.45766623388181
2.210411838458313
20.53450907055951
-26.391549906042542
63.937853463969645
-9.518302391465141
-33.89624704038985
45.240424855903825
-80.71609906621069
4.227334294918492
-41.07931002954947
-10.560641136882651
61.92130653956167
27.672385701443588
-32.581078476608965
6.210202716745272
-0.9760152366069974
-2.8989536944363437
-53.52155780964202
23.57177594505123
50.96972913095348
39.6860031608787
-62.914876841955895
-40.37654309472669
70.73818188072039
13.713015783276887
-25.174304139708966
44.11214394796045
5.573109155995894
52.51128556625176
75.8069020157281
-4.661981909475614
-67.3244547731902
32.99947126061227
26.553652297418495
-3.51539964859883
81.17529786541783
-32.09721437917105
0.21412147949224902
-36.391011925743044
61.34067452839756
-34.09306089785405
43.02850551657167
81.99852074262199
-29.847040895078592
74.27331845401042
-35.567994821490814
24.469523024351645
22.356561990951562
-12.10049615864331
-72.13435358082782
-83.06681189149151
34.341352486682325
21.53062531244025
65.90002326870479
-37.66048997593384
-53.963800929439756
-70.27015609102283
76.50211548080372
61.956813969077416
-3.5001374323721564
80.90515570124677
80.64658662895795
1.5409179682255427
-7.917955976922613
2.3893888261868597
-28.496932687507254
5.417327991540191
62.33195012943321
52.15251705957675
-58.10133729135474
-79.22906700190737
-19.87372849266484
0.6544004118762103
-51.853780220124335
-7.381569487820428
36.17396901123149
-52.11042049862459
3.364819306677802
-57.92079006965079
-4.947051259212785
35.05355117248365
-34.13824389115005
12.107082641779172
2.090634488012711
42.03124037869719
-12.793566290027428
-19.706475637954043
-11.706737122520636
-0.4049179783177692
-34.07357505799897
-13.340986634687155
-29.258663610436656
3.5254914447200036
-52.68339666618609
15.420752051249181
80.62450992711331
0.43183708259986986
0.75843229279225
-14.703977182639179
36.540996769362096
10.075631997939354
-50.24657435407451
49.666159082831115
-56.606665671026946
10.115682790556207
-35.71071517016881
29.260456423179704
-69.64876865759288
9.801416728165464
-29.442815145648254
40.53206889339944
42.30700646649257
6.326946270487539
-26.292870600327973
81.56693876896782
37.93751265807222
37.59739002934185
-20.123670764773124
-19.419973672521593
64.2147471266311
-21.18294447476886
48.96041926303198
49.950853380164205
74.94992748644756
-17.2565108273554
-67.31089746916916
20.224122832313938
-60.69185173150464
-62.93722895629786
32.67449156554366
-18.55689415519825
-3.3962899442177132
-10.052171902499552
-34.868906772685605
40.39574332208895
-23.781405346938058
58.365672078917726
-43.27144394310249
36.81109758894033
-18.214806502633124
49.964527335142975
-16.40898594248955
13.272652123488413
3.4313122867443298
26.672171388159413
-23.03522354592957
79.91543523387367
23.076275745704123
32.54955001694191
59.39651940445822
-0.27352119484413606
7.256923423801453
40.50864018544553
-57.77240861450183
4.169265379324827
68.42957275432357
-79.47987849492569
-9.856129311921137
69.41813257099406
-68.98190806299642
-43.64649717298365
-11.185333187721056
-72.46264893009229
-38.11948846751342
37.26717606053833
-52.434398438736906
-23.30632499838039
-7.499066343540932
14.42938477409109
21.886142734381252
-62.88952475033834
-60.52683756150288
-75.75379935123811
19.981170480310638
-31.191329221834962
-62.03740829448229
17.774259315522173
2.9392054301788733
-19.031617979104624
-24.42027360761122
-9.149389497001266
-18.620268884287157
-51.77998938665535
-8.733870096293671
24.13962160480193
7.516517444701591
57.45572277193088
11.905657022998696
-6.753841863757927
-65.84713984171914
-83.46161684382385
-49.99530687519865
-41.346601145476455
-76.79898563941785
-18.11453779070935
49.28682293242707
36.50265318210867
11.198157952769904
-32.81329057101057
3.5088915195232318
-46.38502164909167
67.67725195657584
-51.85790118609612
-12.483314962478858
44.82357633406926
-46.488553351657394
-8.768466166256829
78.58672039726486
12.677499907486194
-0.26589560366929277
-4.13942570650444
-13.08048108685172
52.53315601189968
18.45141492910159
72.25385945374873
5.449510917664881
-26.240122595584836
-20.80176068625829
-52.0097926188872
-21.379666566577683
-3.058221504061393
39.23303307063105
2.068422206194029
-71.69057789680478
-23.17845977721879
-43.874015906483876
44.53341516290976
-11.370735392143487
-40.28802553972829
10.896271801313162
7.332486780498016
38.423585749208286
-52.201800352816825
-80.61825403879494
-2.9851141876542613
-23.443113757846277
-47.21073023408614
-62.30963374636851
46.68233591234838
-61.58570840014291
-4.491810988570066
28.70247508352645
-24.84056851276479
3.0091886938239156
4.544419533833846
-5.849174037455242
-5.279862811930897
-46.7907694789412
-45.31896352104777
-25.5354590351253
-1.9047158557572033
-45.86806123696881
20.365929887678504
-48.40716172266462
35.64612693933128
84.88679740077652
-5.343373422653443
8.507274460765117
-2.006002680915344
31.83845302005122
-16.169495305870143
-79.77011968533186
59.07113644110379
84.83160362839538
42.005643617733114
26.863499147246912
4.060266349471249
-15.104940112091924
72.36760624063055
-24.44990158852073
-82.42528095656402
-5.945969553426849
-14.229776459762206
-0.9038907333009121
-19.357355700767187
-13.808510634996935
1.076775734123757
72.42787881047931
-4.641411233730054
33.171608544513674
54.062927212063244
51.7421348641945
-71.43717953020166
-26.85307864199325
-6.799867068897925
-43.566278845694384
33.155787178700336
1.2997127286990633
-57.472601690932905
14.04204291134451
-15.746013020815582
82.86735377375513
-47.625401246291666
-10.442299526191263
-0.9046018782214844
10.600233220006757
-30.086559914585237
-64.38733622248412
-59.87635282637474
16.89329581901046
-22.22493627604598
18.532433985510536
-16.358234656802125
-11.840116213644677
25.72476152798781
37.18230084367562
-7.06438963620397
-9.2286745091739
74.07766241657129
-44.078458162548515
30.55109601415799
-19.35151334292007
-13.365505455188995
17.899960436645785
16.540224278812744
85.3236703428673
-41.77361067683994
-31.12807752437911
-15.81593864113293
7.931004916699948
-13.016947911122003
8.279254806906309
-39.31721026293383
-3.0538265242203835
-57.81957246584106
30.02119442509803
10.803490867449156
-1.8517417051019294
26.143068234130567
49.22572419316751
74.48890390137285
-23.819628239919908
38.00197874853751
41.876276286929425
33.35989895752053
87.5814339713159
-23.054527768362433
28.794918056682704
26.571522311317864
73.6565246515207
45.879299680184914
-1.4082349638285052
32.33732190143698
-12.413466585181823
16.830752424557986
35.3739771162235
-32.773314530201915
-62.94844186360453
9.724149303480516
-45.362383193033196
29.617271863057468
18.968860467286163
20.694630659224885
-5.305545294299691
-38.20333300765004
-1.4738627142885292
15.283260835194113
50.330238495175166
-19.00814222732417
70.51928031101855
-57.439615229818656
-29.598761718973464
-44.54166133013763
-4.593335253142868
75.56368675488031
-47.47783845665423
15.119560936253862
-47.49543826688532
-19.98752711146723
-5.494862524415467
-66.49698437343002
-58.574982035356506
69.97155992287045
-4.422780501502771
-43.731110940850336
-53.62404192300668
-11.381144189445834
-1.986969816034005
-10.854407703146435
-72.35833421936118
-9.657204207839513
0.46666468539396533
45.12929163266742
-50.756739981514144
-17.283171513647844
-82.9147714522593
-9.24587339008795
-69.95943406229868
57.29044182941877
-44.02049379459288
76.67441305876494
-25.612724482082456
12.20860548226564
-64.37590658388046
-38.81401460761834
56.20052617930244
-30.903162569420758
22.372276839794125
-4.815516630619356
-55.214942822291704
10.424209810303523
76.31682966385284
68.25757376107572
-69.86252932518391
14.985660955990582
-55.82084663237017
38.104729093531745
39.63378088045843
-2.0548091725241733
-4.02069028173149
-44.07648954795876
11.364241919724094
-11.233287545018655
29.27810828065533
-35.18698885843384
-17.323875316145575
-43.139591221081496
-27.26958063626934
-0.18570925545756722
-13.696056036115365
6.317694740190433
-18.435170807931854
17.93170877484279
-38.23967209870486
3.9208663812446645
-80.15612208523437
-52.97399349193622
-13.906834721439381
68.97639422989147
-70.2539334578806
54.68875303837564
53.55993750847264
60.52439816615433
7.175205081252798
-71.05186820696198
51.007390440335996
-67.12050683346199
-7.373755070722908
-17.103722558667044
-18.800560309639735
53.41369342487991
-7.091261861841346
-37.31085997354785
-53.7923551883522
-8.025977033944372
-24.699337097250606
-8.215607872325691
31.47537521569396
-2.972354605713633
57.88055362457456
-13.586091146310338
-57.0065167253061
53.58105323312179
19.251585586935747
-17.350989346312645
-0.42309255533957923
52.5223542167258
14.490283977281749
60.8254850803346
-0.09869699241825458
18.351239306431026
-24.012289801610777
-27.156678448192864
-23.868626240190764
3.9091377342386693
-21.25458666508932
70.91025211305706
-12.470919165517827
35.00413886809085
-11.545438188145141
-66.57591429723381
60.918291458884255
-57.04685315812119
39.212358669763745
-50.036813886084104
3.4955864957228897
-17.5562594572838
-61.854480057506706
15.086280023899363
-11.640205354842834
-47.56395272732183
50.361009185346916
10.36321298214584
57.02837521032603
24.983664352815907
-40.96486829525165
-54.38496217761404
-43.50381260815652
-59.914940936254084
39.837834870460085
24.95501080453387
-22.235649427587504
-28.752295906012463
49.743994756334075
-10.962017034526255
-69.53187907467186
7.071061106961224
-65.42194502066205
-23.439750768351686
15.708255624525634
-39.73561089955837
8.07237587823974
20.3910315020634
-46.055737070442504
-56.58493400857638
10.843132827405697
0.2862055158652197
-14.118265319612178
-2.5634442499087555
-3.4576729112487925
28.846647123190124
-29.66662876947676
-21.28672199289693
8.472524199620679
28.993582256452697
26.99078566757774
5.450607190935202
-69.65329543085932
-0.39337775347546255
43.21098824911874
-31.361019061846804
-18.678160266954436
11.236195790814747
-41.96132064366573
84.72832581393644
-4.963268113111354
-19.49457840795756
-34.44150346876965
3.379111970980702
-23.619589581826105
-46.246389709838425
77.43436814125258
-28.6163528874051
-33.29604057945285
-9.5111793306896
71.89028769723186
-4.183869804280249
-38.86729770451074
53.93026301719664
-40.952194056531354
-12.761841668418114
-37.179917340365144
41.64509495658487
-1.5539353009734356
27.720328667306305
-0.5898928698025543
6.885817614565724
65.70881018723011
-32.612357459345276
70.18111539629729
48.17188259309941
10.91154817125765
-29.425864207179117
-16.974163370405094
30.3357243645155
-10.310427136186917
-53.19390717493115
-23.534647707699165
85.1110112411707
-21.692692873185564
33.018586122441405
-56.154705648944606
29.91323931692493
38.39115518202752
39.499134205604605
-14.69630471586774
59.11888612465856
-5.735344088852301
-7.766797430023601
-36.34672690944163
-7.24060787894075
-31.491408679418072
-17.735066407665897
-10.29318397353481
0.6705639865242006
46.44803957700583
-63.92551061881216
16.47172536304032
36.277302771365754
71.74698263293928
12.146125916288568
-61.03890324651788
64.51012299000942
33.55853109704978
-13.415060977755942
20.604404122220487
3.0897894118647997
2.5619606429893054
-46.07592997557453
-79.41964918545429
-69.97300088953237
-17.47686923991472
17.716694859348124
-15.521416365692602
-69.5480135489809
-0.8698187830736117
-44.096664386909005
-76.28254487675932
28.82051147757619
1.0148908846974223
-27.8177845489179
36.93442612369719
44.21154603670345
-59.441966246056865
27.66661065163568
-10.811520684670398
-32.25931995161335
-29.39072653544605
-41.511275916923154
-32.528006862482215
29.46618991111832
49.50040087236124
-70.00636882016201
-14.679368912592182
-1.2226238862014185
-2.5327448660177083
-15.68383761555097
-47.92351039172495
-59.9571704798156
50.93606100867777
37.489402339050315
-0.17411779205043842
17.11833274420674
23.486715258030856
13.040849894761777
73.42153931483296
21.460062769066752
-15.52256415945891
37.08400126878715
78.64727805790096
-57.036329809925576
10.056874493626935
-60.47981437247742
15.932767593710892
51.5736860516343
-4.903383700172938
-43.6442917054661
-18.43129562424602
52.81157511438042
-5.990583699326237
-21.261416453192666
37.76377189173172
14.45804619391626
-66.9800756566204
-26.936529853941778
-6.738374974390524
28.481460826670087
29.402020146827198
-5.078650439229548
45.76429038300441
33.76731977104802
-28.98335131061033
0.020076652337863266
-27.747225828454688
-14.373294526966234
-1.869790402788567
-30.562125084888933
-15.977111776770329
-6.9001230404644645
-70.31689366244034
56.04410746388663
0.7766643855404851
25.971093231385552
18.007232235635215
-14.932119095678487
-1.1241424417941488
17.80850420939325
11.621456881679961
-25.217716765904342
31.451540519037394
16.01554627753987
-68.90513457248687
-48.32272587855108
-11.592963372001392
33.0585545225847
-25.151291730306397
49.70463229604502
36.7798740881621
59.159906973989024
48.632538840592304
69.82543031985469
-70.73700811406343
26.507613558063483
14.654143948785233
-16.501406581221786
-48.6256618987699
67.59984073580719
-5.986640332757318
17.076192303357303
-51.584843205037
-9.81443498801994
5.395771823592241
75.36068953795194
-61.14381979217967
-13.001607701820987
-21.87782006326016
-19.726545784720784
-58.92820464903755
16.105013166953924
-7.349830821687547
-50.99371582384298
-48.16523272936599
62.430009419387716
53.554124847802825
-22.93891879814535
74.45478072314089
-61.10604394050684
47.89535361878296
81.52605728866857
-44.77738214709118
74.1958468678726
42.07813967034346
4.317868889166974
-19.488309190013027
-18.286538055654447
-62.62674749194962
56.37230542284283
-12.98874899131458
-42.65249870201464
12.269955300418687
4.689214887231429
-3.9886769566448663
-22.45575742704561
-36.8266953293351
-24.993101089505757
76.30437047095424
34.51952946949322
19.956130617354418
