15.571601691131416
7.808573309301804
12.593113886796733
16.753403760670153
16.44792048999105
7.321781585295716
7.797595905677972
10.105659987817738
16.876340051477413
7.630950522315916
17.380526993204494
7.4227072661768085
13.649671118950245
15.904682284782375
7.63805340790175
7.956749071885674
9.0887539123319
7.606740704713155
7.67848438363533
7.442491913543853
12.465569202386082
11.491924946530752
10.69914424822295
11.32132966081884
8.010734440990696
13.448325550550862
7.423885522838813
8.348979038447371
7.530990635873814
8.128070296954835
7.321992782766896
9.10679098140211
10.691123012907152
8.43848712505531
8.010257323538212
8.019528419871389
9.933709174132005
8.10355367561684
7.307645349305635
7.724778207238045
10.083770371380993
14.363081458083379
7.322031903921144
10.848282928775514
15.280228831240454
7.924342285527978
9.056426447078639
12.983830870320574
7.430121724831269
7.736125661525816
