15.448088457784962
7.913646324820756
12.54013981069324
16.601948568500305
16.303687997112867
7.528804638868423
7.904967946965011
10.113086378657187
16.721978212869736
7.773223533232076
17.21424440142828
7.608593195803054
13.571662218030355
15.77329385433434
7.778838843290109
8.030789257779361
9.122783989083835
7.754084039762117
7.810802256180453
7.624234293778273
12.415617261509443
11.464756573303038
10.69124316405394
11.298406027776835
8.073468332707257
13.375087475932698
7.609524687153313
8.409250781296741
7.694198501932445
8.19693994459194
7.528971604712065
9.140304213677371
10.683429087195478
8.495275157838755
8.073091139185355
8.080420566058358
9.945576410289998
8.169263309227958
7.517628991002694
7.84740064568846
10.091762089005432
14.268168500933612
7.529002532622742
10.836530151223087
15.163604677430396
8.005169507723718
9.091382853479594
12.921598865789129
7.614454825383615
7.856371573549423
