27.93527880585866
-35.19236734568684
-56.53809429442595
-56.130192884581795
-40.730862613197786
-29.892656005516727
-43.70137361800279
17.671437967891563
-47.998351703399265
28.283996930578766
15.790695824211284
-29.05478004315796
-5.991044773404099
-14.877476704355999
43.580925978039346
26.484945622657094
26.764267861318032
-29.74795099816653
48.60134314393204
49.294245064119565
-30.833618433140302
74.52322484141348
51.06858864645923
-32.40257820016335
12.511120155215352
1.0985857315611014
-40.96702814029062
-29.076422929456868
58.2348219188699
-5.9896341089272624
86.98175078129935
-8.237673570126944
-13.402716335162438
79.01576913412546
-29.360083652192188
36.38707472007411
3.1644050111713398
-69.24532507647255
-26.13613813155746
51.290657788207994
8.78559181035979
14.938649726653708
-35.11514012342628
-24.92749937996996
30.19655282531022
-83.58914913610295
76.01619467534331
-59.48027233164468
46.12350101429092
-14.63948720946513
-1.5157485756889457
4.438760988184299
64.7542125360585
2.432143967149173
10.52462249745345
15.693092248873171
-20.49381945246934
-73.05248250858575
-1.2910403097725407
-1.1298138600937477
19.494538239857505
-31.564941744098803
36.64345888212222
-0.6721676433753458
-15.62927875103658
-14.459629153437305
-0.007213199660270675
40.03457064327628
-6.89086660698473
-10.13552119347564
33.35753184132909
44.977702418584016
-50.36596811774607
-44.9381997183708
-20.287741424965105
29.003025884506386
74.58444972006507
-36.326491776563415
-55.679786814630695
-38.90585046150171
-14.822909722987148
3.5959230942111873
31.648210970873322
-14.64094439115145
77.39764455129608
9.34640516392426
37.82764785080215
64.88723456843152
-54.44948267043401
30.576138507152024
-51.82396071034581
-26.878188648091353
82.76290918019771
38.376260394985025
-34.6291090824333
62.89970001527465
-63.42503165283869
-29.69978724091601
24.8853491970399
-16.443503273763795
-1.5392839893871866
87.15011260707897
-9.262875909245281
-64.47784668760832
23.929520483559926
-7.633549868824673
-63.60153258780153
68.03682114581869
-60.69420680516834
43.64559359017531
-1.1162740779480629
-19.38241517352745
8.492000570607317
-9.568030771487443
-71.95435770419185
31.108412168006595
24.423676687505363
-3.4385670372619757
0.3312919819314004
0.659530096368357
-27.223761917122744
-49.21697394947461
-4.506810217191443
-30.4673955028436
-28.524450270159292
4.088886302675093
-51.83750593515864
-51.84922073995239
62.17956326936704
-54.30800038436786
10.365379848950496
9.939972450862243
-29.1235457437364
24.661408623773397
-17.062940278331823
-0.6886647251061078
-25.666578805447358
-58.22415433794164
57.13741908159287
-48.824585230291646
-48.36413931960426
-19.235977834351615
-36.33736052864189
-46.129454474772906
-7.9720761832970055
6.336681875440817
-40.4099303615921
-27.43764959236978
-69.71472661164135
32.45143190262223
-81.73402482454335
-2.4359087131546033
-4.814719908197446
68.86715688139373
-3.6034437293918415
33.62875244555363
17.78683618387454
-29.928169680122522
-28.429203229926244
-48.22765652906363
-49.02963986464548
21.394365739930322
-34.51267705159422
-59.12944834701879
65.68182499621409
58.464921958194026
6.475428999155653
-62.55515618267985
-39.68513641329225
-27.855316958588304
76.37519380630815
-6.238644229185411
-0.4006451290866977
19.503558064838757
45.82871837301573
-10.691185226673142
5.293429417877064
78.65689391697035
-6.166882847160679
-12.784465098834303
-17.1734798332336
-58.73143469742427
27.728042501259964
43.95765328226699
88.64389102360792
1.7795161734023566
25.349597070079284
-28.536848438840238
-34.26195456610781
-41.781593347593265
-14.137748090131026
-83.89305476521469
35.77225919435696
44.15641163156221
-44.420860807284164
62.449114173043796
-45.94627288860478
-15.073352587404628
0.4971615263367397
70.53565907140234
59.97615425019751
-49.21808230750983
-54.562175337380324
15.558162183216155
-47.8688589573495
19.691826466009957
30.206694719035227
76.06366281716504
-41.52837584974232
-11.403703730934822
1.8661641516397083
28.01777537243757
25.14714009883896
81.30891549192427
33.3661675608777
18.35951228993197
41.04147861821781
-29.050077771546825
77.29403649903114
4.718835513076698
14.007200896085237
27.00800866839137
64.21926076606147
31.10384898819001
-3.799443080323158
-37.997476866922874
-73.29013428646905
-36.443215122295136
5.979197191395514
-28.659360686628588
70.8584907342329
39.731460640064284
-20.480700661750518
-74.52364439242761
63.54208789789101
49.110245426358745
2.550956048769052
35.73820437245115
-76.31785856756571
-30.908760137861023
34.22269532028207
-39.31584036146742
6.934770993936709
52.752941292276006
4.592906493239596
-64.58945877922432
14.658623243070977
72.65203854817841
67.71557770934129
22.368597715388447
61.82307670548673
18.714577437961324
9.895398166311523
-51.295569565038704
-0.625960090341934
59.0590136148553
74.29392952106585
-12.991854066856519
-76.52183130779083
-48.75360775291428
80.18055698638088
50.52376019886651
-27.870645892376757
-41.162380376448304
-23.05864762060733
0.9864284205337412
57.7904236606399
-23.3809287087105
-58.742474801375714
-2.5217256315097245
-5.482599103071223
71.49241191024396
2.1764743049853337
20.530765252420835
-26.38336431652654
63.972789367383484
-9.555362734177479
-33.894885106458545
45.23705742109334
-80.70658000017431
4.217286624431296
-41.102627230339955
-10.584447285082533
61.92663817420447
27.689465325311176
-32.5752913466777
6.206459402811504
-0.9886445204556509
-2.9194875424232265
-53.527500997285514
23.56279363408781
50.99649996984374
39.708553927436384
-62.922844061304716
-40.395398203571986
70.74645515166011
13.699783619210734
-25.187684215443
44.10812007955843
5.5714988511483625
52.51256407074237
75.81760407537277
-4.659789456858391
-67.3265208491053
33.00739999531166
26.5467455576821
-3.5155166496560355
81.20082823983003
-32.08467058423096
0.2128674421851855
-36.40161227806411
61.36848139199654
-34.08187679786545
43.03777637543067
82.02058393007144
-29.835216244881124
74.2848496838912
-35.553540579351726
24.48866415872179
22.34461937582968
-12.100650942696092
-72.1286033345605
-83.06210056505867
34.33493730220491
21.54803937021113
65.92056369901138
-37.655578101682266
-53.954986900161956
-70.27247156993525
76.5132664190341
61.9598055934203
-3.5158285778304332
80.92562207814117
80.6700090543915
1.5179983409965558
-7.935652335166026
2.3681306071934074
-28.494194735476313
5.386315078660672
62.33517923022288
52.157299214223
-58.0933867042208
-79.22290563908228
-19.878103252285428
0.6356068455522177
-51.835437357487315
-7.400569101470708
36.19354896960547
-52.09314515087887
3.348939713454371
-57.902749187917635
-4.94992092721769
35.06392220398925
-34.13842724277418
12.111825728760735
2.0708514945427083
42.07101471983222
-12.821275123525794
-19.743886223864095
-11.734267331355994
-0.418883269540018
-34.06268344136288
-13.378674389441187
-29.268625838098828
3.5185189249983324
-52.692173645972204
15.402236735625138
80.64402545251798
0.41371715492296346
0.7477168639270673
-14.706983011864025
36.53302420761767
10.050462858113619
-50.23687081442397
49.66329863029739
-56.58989277959974
10.117653479241113
-35.705411390332046
29.286589081651442
-69.63781916348455
9.800156437028733
-29.44365500492377
40.52743489041711
42.318703120799455
6.326782118845841
-26.299946284897914
81.59545601481497
37.927604930289704
37.604477463401736
-20.11678864444488
-19.412061121697434
64.21885436872847
-21.212696700695375
48.97615617470993
49.982056004982354
74.95994277937555
-17.27263920319946
-67.29384585187563
20.237717027147042
-60.70033275563164
-62.92774992808658
32.69861811500667
-18.549257840986428
-3.4112081837168944
-10.056186695697889
-34.85803027561846
40.38973265793206
-23.77486469376099
58.366932828082156
-43.25517079865063
36.81987210937572
-18.207789918503423
49.983579610193374
-16.41750353918229
13.267825814617481
3.4304197851033535
26.69461950438432
-23.051861239378837
79.94628874984693
23.07809457237262
32.5507292659417
59.40490025924467
-0.2915163873374098
7.254733568470456
40.506344226667636
-57.755542313114894
4.163178485547846
68.46522707312596
-79.4738611255417
-9.864643977555133
69.4254215477558
-68.98451257983008
-43.6654680472797
-11.22294099669189
-72.44426580939498
-38.13664960991634
37.2597704238801
-52.4196878139284
-23.297562147900067
-7.507100720718157
14.416875622200024
21.888319212341614
-62.870110679119506
-60.50693729747226
-75.73967613581036
19.997976609081746
-31.185533559892747
-62.02235629812325
17.77347166269199
2.922152714285815
-19.052349244223308
-24.40963918209522
-9.172230472284355
-18.640264214228395
-51.76181792492859
-8.730226255179872
24.121365762914962
7.512525993818031
57.49716819857221
11.887232266842034
-6.758963908049182
-65.82827459003744
-83.44938784849928
-49.99137597693934
-41.341433150994206
-76.78239691844624
-18.107160403244777
49.28361278797286
36.495097792032
11.19600572128131
-32.81116643230476
3.4954428271355056
-46.36749063380244
67.70703254976672
-51.84296898871496
-12.47838071368183
44.848528757721624
-46.500909530613434
-8.773278835096221
78.60999833525233
12.683413712130218
-0.2801127105087886
-4.1503591663072115
-13.075450085835143
52.533586008559524
18.44511523187063
72.27868405106537
5.440039314347587
-26.27475309235045
-20.82919497846224
-52.00835271465654
-21.389774768936604
-3.0581371021287964
39.226539014117236
2.05274007156477
-71.68676597057222
-23.218179431555058
-43.87349773989561
44.56168359344079
-11.38409378210352
-40.29719904233631
10.896050107767365
7.31270178100354
38.41676844707595
-52.220643955138364
-80.61402614163255
-2.98465534682731
-23.460302313158238
-47.19934146157824
-62.30965539152534
46.71678833184441
-61.5709033691065
-4.514592186164563
28.72827739444803
-24.83042169471757
3.009894387671636
4.54469684576101
-5.848214873735202
-5.277395064144628
-46.78886637204101
-45.30866042142363
-25.540881838425648
-1.9201446693871134
-45.89527063720759
20.357398598509036
-48.40086388532671
35.675484675059295
84.91143297308963
-5.371419695392106
8.509230927823054
-2.0160527021656236
31.83281446137522
-16.19843948239138
-79.77021228264798
59.07419373774516
84.84866458360429
41.99890877301806
26.87961418759174
4.059887118957889
-15.117411255413614
72.37616851678914
-24.477636223005177
-82.41508162183825
-5.948192284412897
-14.256474141751468
-0.932770282809372
-19.35733144637709
-13.813117559354737
1.076909100884933
72.45079790623896
-4.665090163454536
33.19379628881518
54.08063184833915
51.74070921612511
-71.42504990172267
-26.85912565637065
-6.812780164011059
-43.549643539543034
33.184866449108
1.2994595874853587
-57.46212130505494
14.047608857095327
-15.754456728796242
82.89069254896319
-47.642098391692016
-10.457343300446226
-0.9138801303923572
10.594977556913989
-30.11990067722796
-64.36831003285303
-59.863776489330256
16.88946553120472
-22.263693491576475
18.507775035328763
-16.35221892539434
-11.835196653318135
25.71395534558593
37.1887404373133
-7.091897531320356
-9.248166780179744
74.09366929250606
-44.060873195066804
30.535616959130493
-19.347022426152066
-13.369057152309622
17.892037084839956
16.532767370972053
85.34402043883742
-41.77133403408286
-31.11469008043673
-15.845241361383742
7.926387817749159
-13.012017819039144
8.27542250832849
-39.33936758958685
-3.070926327685143
-57.81869209994503
30.01508098249316
10.791425687274426
-1.8744096088358901
26.13695313382773
49.222652694814
74.52194049352528
-23.81978291798579
38.02639836571743
41.89561534583157
33.35429101716625
87.60425092477439
-23.05236597142317
28.787164730929334
26.559178435020044
73.66579352987796
45.8823828248191
-1.4085563192012955
32.32630000303473
-12.414626813776863
16.8426008504764
35.39557718879345
-32.76601839827417
-62.9342357979767
9.725155147320905
-45.350011190569454
29.64727275528226
18.9722520079154
20.693955654767905
-5.339492758223926
-38.21278264040695
-1.4924257878826523
15.28767938260657
50.33668250788122
-19.000488069266666
70.52774555813775
-57.42022323036395
-29.586019248399978
-44.53123101490448
-4.604372906057918
75.59265173225404
-47.49194668272241
15.104253753002254
-47.492652402280896
-20.023705311161407
-5.528691829231377
-66.47815633467505
-58.55512349068367
70.00586239792372
-4.447801617082106
-43.75823171367482
-53.60649762311513
-11.386013808729828
-1.985416086837546
-10.87021784712202
-72.36086803506737
-9.686680121328209
0.4510871705401769
45.12716102235194
-50.73787068769133
-17.277317382530086
-82.90111328661638
-9.2451908327686
-69.94186729656974
57.3285319302089
-44.018453331026414
76.70438167772832
-25.613428112704582
12.21400857305261
-64.37679478288103
-38.822806400041024
56.21087045780942
-30.892823741587165
22.379535147333783
-4.837306365786574
-55.203551119638576
10.426902566359132
76.33476860946683
68.27541780025675
-69.86031682989213
14.964805477183106
-55.801193445419266
38.12033218787326
39.64198976044614
-2.0738273805262253
-4.04293716011577
-44.05963245661957
11.362022764786843
-11.232211285861894
29.29239569140465
-35.20000292696884
-17.322830868358892
-43.122122187170945
-27.257717884952257
-0.18451046416436157
-13.716304123016172
6.31025279403255
-18.476101932431234
17.92912130203142
-38.2662387488682
3.918768236193884
-80.14998407094058
-52.955437459959825
-13.941914030623053
68.98451779614848
-70.23484822172219
54.69461572773537
53.558840127839204
60.53457984901888
7.176618772275077
-71.03842183412492
51.01292200910885
-67.10423211760578
-7.390746217642558
-17.100095095402594
-18.83262414866539
53.424209376147104
-7.104009242419451
-37.295374778988354
-53.77668129014748
-8.022308556359562
-24.721107093484704
-8.217699406406396
31.466067586653708
-2.9988296992403463
57.920654540105716
-13.622821477068385
-57.00088252133641
53.604308447258234
19.267603219847217
-17.346334250769942
-0.43161233877303573
52.5532032813222
14.475495323530552
60.8294699350283
-0.11789188740750944
18.365643386268502
-24.02644015868087
-27.14634268945062
-23.905093655734674
3.9094002466332967
-21.295312256229607
70.91827936302784
-12.466475157998516
35.039305810836396
-11.576939951222812
-66.5709408312073
60.92205717556581
-57.03249630480385
39.236207878233955
-50.0544915683939
3.4900902452472167
-17.569862657802574
-61.83839971114309
15.083165141498
-11.669954362922766
-47.545487083378994
50.359680407869746
10.354137514203018
57.028746563724894
24.980437622870923
-40.96332510146268
-54.371595849029504
-43.51856576770512
-59.899889411186265
39.874345763239916
24.964439805113656
-22.26771816278186
-28.75907303903722
49.77463933749695
-10.961159889547616
-69.5328099140509
7.066411620442622
-65.40246595000701
-23.46582417177933
15.713475921498656
-39.74827165556603
8.07435541397058
20.383199957238773
-46.03844653329893
-56.57760100802923
10.83257922539947
0.2834195555782202
-14.12017901584393
-2.5630803398448734
-3.482931183776273
28.83740687846121
-29.665194667094184
-21.311219259298653
8.46937461929771
29.018557784753654
26.985776936147644
5.420294802268359
-69.63438663651237
-0.4078263632128909
43.20606337290718
-31.371722038863027
-18.69876302081296
11.237004831067452
-41.97658357661523
84.75026793048937
-4.974310734682533
-19.51743507294198
-34.47626995315147
3.3762855915519197
-23.65689978656907
-46.24324498127844
77.46693817802725
-28.633694089796435
-33.29966836406476
-9.522451412349469
71.90272223755733
-4.215482275403247
-38.85816541144008
53.950587311498595
-40.95251417352925
-12.761009122321454
-37.18245617324386
41.64310964733701
-1.5523590389011446
27.709899499780363
-0.6178365198503002
6.887286760049236
65.71580221949725
-32.60613641264116
70.20000145922538
48.169558714041415
10.915384563889717
-29.45168997878534
-16.979970686958765
30.32651060090194
-10.334832096351732
-53.18992549963014
-23.539171291673426
85.12722271106782
-21.727687359142237
33.014799445583805
-56.13506890413725
29.91681479058518
38.42852175732591
39.500758254217146
-14.693546800402274
59.1292856964246
-5.744244726152374
-7.80278396017583
-36.34682194469897
-7.2432770104542925
-31.523465875599683
-17.760954374307886
-10.299335501819087
0.6656686743465485
46.44470825709871
-63.91104621334782
16.465513375691728
36.27357038150055
71.75526063667883
12.149052753917971
-61.01906281791382
64.53012474520037
33.589232795466444
-13.427023763600744
20.603183463457228
3.081937923074463
2.5557192089534766
-46.07256220260775
-79.40365839583814
-69.95454771845357
-17.501857482846333
17.73002733518925
-15.515418723197996
-69.5355032636941
-0.8890007049857189
-44.08094618747253
-76.26519759696936
28.834591477197833
0.9930615090769663
-27.81384104106253
36.940192759801874
44.239182650565624
-59.42989766565229
27.67039405007526
-10.817874690938794
-32.286925963911244
-29.392707936477393
-41.51379878046109
-32.55123448212609
29.45139538096248
49.498889695635626
-69.98727255337096
-14.69611760497881
-1.240522832870056
-2.5613475673654165
-15.716541246277487
-47.948146699266616
-59.94961642196141
50.959277823130776
37.4821599368731
-0.20101717883319736
17.130282098075227
23.507407751197164
13.033986411157173
73.44565254833546
21.473882033292412
-15.533776243711984
37.1045650797472
78.65934369858721
-57.04697693279504
10.032454989206599
-60.47159396424106
15.943847176385816
51.57578500231449
-4.901695577484361
-43.65669602427349
-18.441846834504616
52.81173625773948
-5.990543535036494
-21.26237241149215
37.762746546895954
14.455524605308355
-66.96770839968853
-26.973357089519155
-6.772905953159324
28.498902514272643
29.42469514708766
-5.083236514796312
45.76015831343622
33.758541600108686
-28.97246390097169
0.0008936431262185351
-27.744476728681178
-14.367397190421286
-1.8959393793555535
-30.5787275817096
-15.977574563805419
-6.908980007195183
-70.29802421560649
56.04437121231078
0.7732972054301115
25.985806939411802
18.007939788996822
-14.941582376029515
-1.1249790905902728
17.8021692987368
11.62619632341368
-25.236200349339754
31.440964911339478
16.003605607987808
-68.89231356290767
-48.344545720221376
-11.590518822562728
33.047008380934926
-25.167058124156895
49.70330748683105
36.794248910805265
59.16140066608335
48.629847820421276
69.8368752094971
-70.74314072732072
26.497174516399113
14.662967407725105
-16.511246023070612
-48.63900893394939
67.62799583912673
-5.9933653872158885
17.06297298691024
-51.565683053223964
-9.823450384626781
5.391350520611766
75.37129754224247
-61.14098693799424
-13.002876442649935
-21.878387111519203
-19.741435153784252
-58.90830261067912
16.11626549608296
-7.348356634919313
-51.007998271572454
-48.17166337990448
62.44677035673175
53.55508677308816
-22.96413734023281
74.46486197569007
-61.098525427614454
47.91032009396719
81.54362530378219
-44.779871664653776
74.20569198905051
42.07225773709823
4.294248564764814
-19.48103618965615
-18.29534897821449
-62.61406943009691
56.37235369525692
-13.01588129179575
-42.652629867042364
12.268805325897787
4.689914638487991
-3.9959906385314667
-22.473466806269357
-36.837705151694294
-24.988905652724867
76.31749930565482
34.5316724520369
19.953386979329238
