28.1082222566408
-35.19576887555733
-56.45864145770023
-56.05964149861225
-40.6913366040469
-29.95259104441864
-43.659346083548094
17.772624064278148
-47.90487669743944
28.389277460463433
15.821180661646693
-29.2662612884414
-6.060026881467024
-15.054218962410616
43.49787782849651
26.66724593206864
26.87125765362542
-29.68753007625095
48.60868468259417
49.260217102311145
-30.768398756486576
74.6056180544287
51.04278574907755
-32.37394074468429
12.567020163526195
1.0440065979902755
-40.89758187502709
-29.207937126072082
58.39242831192294
-6.0218305341931
87.01702310911642
-8.41680105743741
-13.611664272933439
79.05534484364614
-29.362093813303446
36.42564751691975
3.185659739197547
-69.29651587183608
-26.17871428346747
51.43300214586151
8.827128475552016
15.014975642969233
-35.04717337691176
-25.113306759884864
30.16738526443494
-83.52376434603913
76.00379939101694
-59.40801982566011
46.11061994716218
-14.67984508239887
-1.5764207015014193
4.378941982269865
64.83919174698084
2.4453441112103746
10.388058564160985
15.571834027866032
-20.446878344675596
-73.0437490216694
-1.2715619299690104
-1.1729459931033972
19.585869488773824
-31.583322740904563
36.78373524363428
-0.7309308716018563
-15.663506781489218
-14.541104127171693
-0.025897490658138622
39.978864078693874
-7.0715204388913975
-10.227087240058594
33.44821286403351
44.935123007823194
-50.27113276423198
-44.937788511858656
-20.38069954820412
28.9132632948983
74.60906699608026
-36.378039802145715
-55.600709990119604
-38.98600243518173
-14.806940941786578
3.5489660789748427
31.709433299210048
-14.718273306055991
77.47664654394438
9.223625646138643
37.85482878752407
64.85530484340975
-54.388656395799416
30.46128192848127
-51.71833828866857
-27.042928224322395
82.81644613253525
38.46272885052389
-34.613359964466255
63.1006497308457
-63.31517659018543
-29.651417349405662
24.863057707362145
-16.408810159635223
-1.523036507161109
87.18384908692187
-9.260395764498242
-64.36794624824142
23.93100623427327
-7.682673002207608
-63.67289628301766
68.08978921804874
-60.71675242517361
43.63549009870789
-1.1700991605578395
-19.383906989924782
8.533757820830829
-9.551872698292343
-71.88952070641758
31.302968400587076
24.428776540744963
-3.4803333474599754
0.26862147956335036
0.6374205319049793
-27.419984296570462
-49.13699552652761
-4.503593405457892
-30.40213569947045
-28.468625165096583
4.050662078321906
-51.96736366516097
-51.782151900214814
62.1424323744169
-54.19865151172111
10.410691582449871
9.98135307103901
-29.087995805188996
24.618037324503177
-17.028138933120374
-0.6681143384014803
-25.74075726019238
-58.18481226859357
57.33445976516313
-48.72337034244322
-48.32686828943645
-19.368818769142067
-36.4083568478396
-46.131978691267406
-8.082707689494484
6.368595158151223
-40.516218065179196
-27.413998953330463
-69.64397264422044
32.6260487709489
-81.7207477595568
-2.5600828163711498
-4.817906465955801
69.05724354540493
-3.626092609830593
33.80492920286633
17.826748880198323
-29.88502718398705
-28.366145593435675
-48.127504712981775
-48.9490995207625
21.30838607004783
-34.69865386531742
-59.015537384769885
65.85142623091255
58.463314180247465
6.454593612125834
-62.447776194038845
-39.75003816540948
-28.02788475316288
76.38286224644403
-6.338875273531798
-0.3770731681761106
19.582102643578466
46.0663120122158
-10.744789276565328
5.274743494776743
78.70970825817403
-6.2431456758790205
-12.829480450576256
-17.25470543056349
-58.69413844705905
27.891253191198984
43.89282431649818
88.71974195847443
1.708660095907291
25.446981486331097
-28.565563699871106
-34.221312339075446
-41.69464903277614
-14.189991241643412
-83.86215906263243
35.741152487556604
44.25676676563779
-44.60728701207013
62.48875284818365
-45.85280723258999
-15.154776553749684
0.518579012997094
70.52334950343254
60.1207772552865
-49.12069461789379
-54.483918731856804
15.532820538597406
-47.799226083080285
19.653790279810238
30.30560390248357
76.07541600115772
-41.666723800657316
-11.425435788209768
1.7633802009996487
28.0641182330005
25.090310828980762
81.3737297231122
33.47884620101044
18.409474826369674
41.14918835402247
-29.291260236147338
77.33026703613376
4.554539611885531
13.920903597675462
27.174006948541717
64.1857052500618
31.02745343719954
-3.776099786619284
-38.107872489290365
-73.21379974171846
-36.430669997773535
5.964103955256775
-28.629642091195834
70.83780492541712
39.641660059321595
-20.594014937908668
-74.47271655065732
63.56913689629758
49.060388231166456
2.47237619487602
35.66619103363428
-76.1981554748559
-30.99845077675276
34.445019320598874
-39.24150300525159
6.970312407068789
52.745882448300875
4.537148928326374
-64.55309761223307
14.728810758354868
72.79107754852436
67.73859591526005
22.36745183834725
61.80712205989178
18.826463087845454
9.912727217569653
-51.40771504840156
-0.64582664456195
59.205302628285665
74.31020592954175
-12.987179086029016
-76.54695498119654
-48.89828061160792
80.24740564132605
50.66635634703934
-27.87782914784043
-41.092677017674234
-23.22348080847098
0.8915658200258605
57.74856905351925
-23.560396429682186
-58.635266250480555
-2.6216995784059662
-5.4616894612735365
71.66940832459545
2.016436162391628
20.534529413286393
-26.33433068838636
64.1675987570697
-9.755024095380577
-33.867341017842364
45.21639287969356
-80.64568857288194
4.185011286298149
-41.27018274418247
-10.712832206678911
61.93482911059655
27.825479508135146
-32.5308101865906
6.212115654572344
-1.0411878800727123
-3.018657172682836
-53.59949281907504
23.513390953969804
51.16834219414753
39.8699936080159
-63.00215669566293
-40.537199901945954
70.72383744173382
13.617125146286057
-25.280973170958433
44.083461976223646
5.588872071132528
52.51549985732376
75.80414998562381
-4.637606570778985
-67.36553602754188
33.08776142178783
26.521380220474896
-3.5076483929918254
81.29769892642585
-32.02934855273833
0.22511778264680515
-36.49275475496628
61.52748901795954
-34.03876679453369
43.11637525057796
82.0925654558275
-29.770732559727804
74.30212581040394
-35.47621130932739
24.63530929918892
22.26025520213753
-12.095727991767134
-72.11134341027636
-83.02748791561784
34.306668158294514
21.683740779159407
66.02552435475693
-37.60944554255678
-53.93589612499692
-70.3088191364277
76.51502575372672
61.92941624011422
-3.58885279243043
80.98990666471218
80.75477143794524
1.4018743302740972
-8.026295248454332
2.257984796903486
-28.46622443672588
5.233224843578853
62.304614313033596
52.18908384472098
-58.01175909159333
-79.18835190125634
-19.889121701956412
0.5502972884299737
-51.747172009005936
-7.497586176575837
36.340769041759415
-51.987939653392495
3.282549586104821
-57.78911103752385
-4.9540254021046195
35.15785387075093
-34.11704449376058
12.170217055639156
1.9811945674314444
42.325047094152524
-12.974596249844993
-19.961302682817703
-11.851539070138912
-0.47818547943657563
-34.02156624241986
-13.587487577803316
-29.348065488546965
3.503183568144891
-52.78097191137874
15.289060219735916
80.70253160134317
0.331987778821329
0.7080872451156495
-14.715398568839547
36.449437030429294
9.914747299464011
-50.15788856592061
49.6139541139496
-56.51402331859096
10.158496741027577
-35.701834427194925
29.471833420854338
-69.59016093661685
9.816559806469485
-29.470612234459196
40.506013065034495
42.41343632880512
6.353187601668935
-26.359083380873315
81.70998156171433
37.82678697915148
37.67567431491281
-20.085148243337926
-19.372364614339787
64.19757208550027
-21.390608574326336
49.0860889640654
50.1805327694085
74.95373329022323
-17.3693612166295
-67.17235022367124
20.352357457872458
-60.78445482622867
-62.898748399630385
32.87283355047106
-18.506513277317055
-3.486471230961982
-10.074322039499833
-34.79167266941391
40.31413265445758
-23.750293426889925
58.32941448031585
-43.181659918743215
36.902483686374694
-18.17254428303869
50.111897519652985
-16.450504867129283
13.257991009720968
3.449151147406539
26.859694119250307
-23.111718245654856
80.079385411527
23.12275072346121
32.58726853972766
59.44502294173489
-0.3733039656432027
7.270184172409969
40.506916926661745
-57.67827798983695
4.134807014918707
68.65441593642234
-79.43966204613967
-9.907537742454352
69.41939268743482
-69.02454600323185
-43.81033616470139
-11.42803933743724
-72.3190811383769
-38.26685294240816
37.19751141410748
-52.36074464568152
-23.257753921037263
-7.5436811388858445
14.338302732557253
21.93535116321644
-62.75073057917247
-60.39608479361397
-75.65719697822435
20.128898108067432
-31.14231628824693
-61.955509943444596
17.79911955234769
2.830209439191023
-19.17729242112729
-24.356126439770236
-9.274778820222409
-18.760500827989347
-51.67520428413073
-8.703414300733343
23.99853191859404
7.517506203876593
57.74080589561299
11.77868458034439
-6.781813780102198
-65.72451478063016
-83.36107423152586
-50.00363938733191
-41.29018921575921
-76.6760519934877
-18.065501391505563
49.24001037729903
36.44072558066796
11.206737857047031
-32.824208498150455
3.4430931540562852
-46.26984404686909
67.86379258086242
-51.74416236203966
-12.44713954904671
45.018362807006014
-46.609389987269154
-8.793916264219831
78.69948631515251
12.750037534420443
-0.3550780330680112
-4.205462894895064
-13.04586768093941
52.528615333476665
18.425465743976375
72.39457788525448
5.411945297174157
-26.487185782223563
-20.99379593379335
-52.03599815436792
-21.459210868780943
-3.043360246773915
39.153168608776014
1.9682795944300437
-71.68269849061616
-23.453702974687232
-43.83793936194191
44.75055441826916
-11.456195583252168
-40.38353979225157
10.921551377805145
7.203225126553448
38.371200607109955
-52.367767466952294
-80.58874829636038
-2.97236948288149
-23.521818138510596
-47.16330184584098
-62.34158530796808
46.93753108325146
-61.46127334194198
-4.628365698281058
28.911668487564768
-24.782772845376684
3.036151155752279
4.571212708484936
-5.835397006827748
-5.253043197079933
-46.74425805386855
-45.23316831230721
-25.589549431507933
-1.9895425379706495
-46.087951040317414
20.314502472634842
-48.33699514659547
35.87717442781238
84.99233033360557
-5.515552027669685
8.549005921016231
-2.0556070669360906
31.81604372639677
-16.36391999404006
-79.77431007665484
59.029756780558586
84.87452991253474
41.90914040764633
27.010240164571684
4.082254767075256
-15.190482404177416
72.3649634562369
-24.64952940428155
-82.34487017561277
-5.9546614773687025
-14.406538988520651
-1.0765494369457258
-19.366084014019776
-13.840257019754674
1.092438984052123
72.55437413939615
-4.784049783014368
33.357183604128494
54.19364321457067
51.68897882565983
-71.36611089403952
-26.91311063188664
-6.875246497326472
-43.45714595497983
33.385774165680175
1.3185814762146322
-57.43065940826572
14.1136170326389
-15.806077555820394
82.96871138072524
-47.77600019740729
-10.537289999421091
-0.9476097798538632
10.578615778887965
-30.330808850611405
-64.26514415810955
-59.816506862164374
16.891041975297526
-22.492465788905605
18.363974452998107
-16.31644113856656
-11.804629479392034
25.633926644299805
37.256203978829944
-7.2354138901857254
-9.350736678691248
74.14689468756168
-43.97450532453474
30.41741366085668
-19.32929362546693
-13.38958421902619
17.8554280537805
16.500412142737588
85.39425823638024
-41.73118341388658
-31.046728793051656
-16.012117145884545
7.927812926123494
-12.980959796584656
8.281587891549293
-39.498878058278656
-3.1511699900204064
-57.848163410728326
29.995444193275077
10.719080456080931
-1.9842261757070645
26.119699295536464
49.173114133658885
74.68169321579234
-23.835661306206333
38.19965608184941
42.03651645549192
33.33601644081898
87.66523799726201
-23.05356820947145
28.750468452635445
26.464239070884716
73.65470131007956
45.914849854633445
-1.399898867621701
32.22919174662016
-12.420213836033597
16.944584500113862
35.55469267736308
-32.71526948718905
-62.87264053152184
9.760659841005179
-45.26709347929756
29.852910632942624
19.02678694901354
20.721189448601606
-5.516348222796552
-38.29899313258469
-1.5788021081549317
15.3473850424743
50.384266028706975
-18.95747605214933
70.53063655538404
-57.31985636758476
-29.520890126462106
-44.5007301711637
-4.6531632768809175
75.72546912855123
-47.6109228828525
15.00768226716562
-47.51158649570811
-20.234848289970643
-5.70512191613912
-66.35539692543743
-58.44662717175971
70.18375060877386
-4.573926426184073
-43.94912105555215
-53.52537740492801
-11.40553773804929
-1.9619166046311989
-10.941492305618937
-72.39512555147809
-9.844840114642622
0.38373907311161304
45.119391288767076
-50.64323198427199
-17.248340851723242
-82.80278762706467
-9.235677526244245
-69.81731155916574
57.55387444729499
-44.04068222234488
76.84044011262503
-25.60295739101639
12.277250054332242
-64.41205889968649
-38.90574419041818
56.27248768228708
-30.852045001521333
22.458703133773724
-4.9460200022435
-55.11261714053669
10.472874575596165
76.39498816955995
68.35726874899726
-69.86930278546592
14.841494344251203
-55.691312887322056
38.24306752514562
39.71811837587941
-2.1634661028494406
-4.1531106639174595
-43.96611969811943
11.37238182402534
-11.220846201450655
29.412398936329595
-35.22951149056192
-17.310307069389495
-43.03468096536173
-27.198337334050308
-0.16228592981896384
-13.830099118780169
6.272544744743783
-18.71067180542542
17.9412570081046
-38.44942160059967
3.931475319720576
-80.1133683476141
-52.86513681793002
-14.137346015734664
68.9911317815311
-70.11339535057081
54.728318102772164
53.529960388118184
60.58463275962487
7.2127404967471165
-70.97071535927412
51.05268278285516
-66.98466189276085
-7.476663516429326
-17.075316717926867
-19.019394431403555
53.492989386214674
-7.1654153526183535
-37.2146555950252
-53.710347004560916
-7.994690850946057
-24.86046319679936
-8.222337736296552
31.3875413379333
-3.1312535342285486
58.15612871951183
-13.826779522242603
-56.929418530971304
53.75145166865545
19.393579741201435
-17.316658355816287
-0.46045615409057916
52.74584535974023
14.382577270782889
60.8289545914985
-0.20624384519466332
18.48240656539322
-24.075015508652413
-27.100823808252215
-24.12394891418556
3.9305260138097395
-21.53327094455804
70.91267152107525
-12.437670535400684
35.272214882233186
-11.709107749090705
-66.56708643869513
60.8814713232463
-56.9294098573434
39.40536642508127
-50.19468651533914
3.483113518073708
-17.65304657316149
-61.72480427738763
15.089466300389645
-11.832650742957853
-47.447387581260784
50.300975336052346
10.304173695785877
56.99760767415941
24.988406350014387
-40.92708109393527
-54.32177632712347
-43.6392860348606
-59.83495034782551
40.11240807980988
25.056681898149833
-22.459971823611355
-28.81967400139098
49.97027417304679
-10.950949713256833
-69.561799313743
7.067316827893862
-65.28172951053583
-23.627041649922646
15.778316732485067
-39.854260208532125
8.114613757468689
20.348428426617104
-45.957820634696944
-56.56717319307397
10.770891155610784
0.2763407100386388
-14.132548499874545
-2.550962889808403
-3.6091469314275457
28.775038960814072
-29.64167948811007
-21.403743809185528
8.468742241360061
29.19761313166002
26.978326423254373
5.269863653369157
-69.51058440141706
-0.46982598770659934
43.172628254332295
-31.397031160647373
-18.822441212005188
11.27038411521221
-42.09918561070452
84.81354365423934
-5.023681264917059
-19.65481752579778
-34.7006993079742
3.384240383348967
-23.87996963455909
-46.19434134617546
77.6166265444948
-28.753927793110165
-33.34729491102658
-9.574634439984791
71.93617603372604
-4.378001322715576
-38.83290222085902
54.07970710721898
-40.987250468885705
-12.750878720439758
-37.227461228016466
41.64421698101509
-1.5284714947788274
27.629082111389096
-0.7560485789236253
6.922408957631134
65.68129710030416
-32.59388510915747
70.28362280478743
48.10676986116192
10.969038279305707
-29.620238300383804
-17.000043087575833
30.257496773769248
-10.442034016516317
-53.12942189392563
-23.57997309371102
85.14359677023094
-21.93508235243641
33.01339434433396
-56.03141827654859
29.97123696562491
38.6719371413765
39.533011297421126
-14.679806113278815
59.18439501563256
-5.782920534052792
-7.99409605079552
-36.37658300438732
-7.249682883085768
-31.72921111054201
-17.91219830557091
-10.329763779124775
0.6442467618971648
46.42026049146398
-63.8464867000636
16.44552470538423
36.2686345753917
71.74601025874884
12.197606953008417
-60.90926907343737
64.63502963760419
33.79873716888466
-13.494621185437566
20.626437843132024
3.0611472685739756
2.5434562072428974
-46.02297439991215
-79.29496329798394
-69.82967301955902
-17.601588392798277
17.84059937262539
-15.479755669139664
-69.47711920162378
-0.9781339140507299
-43.9893873069883
-76.13851997593284
28.95350183568027
0.8908833659417326
-27.781327263777072
37.00355500018574
44.424867270583945
-59.38645097447924
27.7271396192761
-10.845174506271675
-32.469076458079286
-29.384013718916563
-41.56204580904973
-32.709394896550194
29.33803387375471
49.436729117801264
-69.86527494308176
-14.792195504211065
-1.3228747862201828
-2.705183079535715
-15.901808307958177
-48.127286112618265
-59.93578644549085
51.11061739833667
37.4052348212403
-0.33295966838934987
17.23326844901355
23.661611924349515
13.005090565827189
73.55415072594386
21.59046055929285
-15.600500654856958
37.2567631896317
78.65160133974632
-57.1458266744039
9.89984572424126
-60.38618988937731
16.039698763076856
51.588265167222204
-4.880867209588828
-43.764006087848536
-18.509359900165194
52.803135547143654
-5.983483843454067
-21.256709347044847
37.77777553705582
14.466152691464515
-66.91422872539036
-27.198853620731867
-6.954805373989032
28.636899968172784
29.59142383502075
-5.097027727476544
45.70096864302786
33.67707995386843
-28.911590927277004
-0.08726522376593948
-27.717125349423
-14.33214435502994
-2.0252977477825027
-30.697355683599426
-15.984350032955561
-6.949195544762105
-70.18405799540388
56.001760126574055
0.7747799216923141
26.108536559445795
18.044291841130757
-14.980296707699821
-1.112400687697459
17.781834186196804
11.685337662568685
-25.300424941830485
31.34882610205426
15.927599552214232
-68.83275831694542
-48.50789186528779
-11.571910384401619
32.94539388757792
-25.27368144759609
49.690130122534896
36.91084975492211
59.13553664862849
48.60468903771692
69.8693264604398
-70.80184738438818
26.419675783292845
14.74554761314991
-16.571830294143027
-48.753957983668805
67.77531458984254
-6.020374802457198
16.97658366607851
-51.467283156391325
-9.869057972738972
5.376647204059395
75.37302469816143
-61.15621951917663
-13.009940973547785
-21.894064474227036
-19.835116504335858
-58.79802463272703
16.21367719455482
-7.331882699633383
-51.12880925817557
-48.24614119175229
62.53608415182626
53.496635593289966
-23.119882352860998
74.44872080015634
-61.084036511258525
48.017240235163115
81.58514322914851
-44.755301788979
74.18991418936767
42.0251745261408
4.171864798338078
-19.44591952180204
-18.32781697584491
-62.56365273384737
56.337216884549974
-13.129893664487824
-42.62115411487457
12.28842813585193
4.718735900908854
-4.023244691395973
-22.586962064747283
-36.8571850171698
-24.95752599390596
76.34119534959376
34.636682489434406
19.964994114069043
