24.822258141601196
-31.33335149746084
-70.2408801974373
-71.12158068998289
-49.479954418600094
-25.37262842537467
-41.126944520964486
15.78783042194442
-53.404570996121834
25.31108719313403
14.348533270367597
-23.406447551228894
-4.235136082036163
-11.522563186944708
59.33707907026451
23.457308217151038
23.93163833525479
-28.391502787150174
46.51565676716214
50.00606831046821
-29.875492038128698
72.923227955214
51.2565183361005
-29.364700984594194
11.475647413400353
1.3174142751693552
-39.54360101694425
-23.945095413959777
54.08673261006285
-4.213482253817617
90.10330531218224
-6.451860154789543
-10.408375905188365
80.09372189046042
-25.71708257493077
33.35434425953807
3.06278044334357
-68.56308195158172
-22.067256303515506
47.11522390919171
8.27389794959393
13.510356285591385
-33.83464065296997
-19.910506286743555
28.891089056057297
-93.26008699289082
84.30502451492802
-60.022708971916344
44.70694601955714
-17.70981597714683
-0.6740391430347614
4.6028051655322315
61.98945565088175
2.877267174964544
19.67627165431304
24.61737285619236
-20.02005897440374
-75.20537789647723
-1.1575011171308205
-1.8105882141461507
17.491843947353004
-40.62175707330381
32.90246119009541
-1.0446886281499417
-12.60781779743688
-18.02761428090534
0.7679400393465414
41.9635093317674
-5.505594321537856
-7.646542558013621
30.03495432221459
45.86284726840756
-57.029918475819954
-41.30471306687797
-16.3231441255693
36.483243581533685
75.79350827135539
-31.654391014935086
-68.80336036040481
-33.8144635670846
-15.897878087266562
3.3046214974826285
28.618199864630483
-11.477558644921487
76.27878503148798
16.056116113871752
34.932072310679274
73.01951980376217
-69.80420967022965
46.25588835858713
-56.46191432695829
-21.738016527093905
83.63715353443163
34.80648189749351
-31.196745010947254
58.59353271086238
-75.88154541261217
-32.392332847696636
23.439341141711637
-14.812666505272688
-0.6258633120425401
90.46906073337988
-7.322013049254011
-69.1605281213433
22.016483440250823
-5.579468425193113
-61.01753953825642
66.55231537142609
-58.46719795165881
41.90155485480446
-0.31912645380845106
-16.41387190840915
8.011368133582792
-7.860837240337503
-75.82086589340821
27.677755835929204
22.42683145437877
-4.365046277587211
0.6779043153742776
1.279626460336388
-21.86918867696106
-48.74510075389017
-4.9725655234887824
-29.615555408256284
-26.9091514539286
3.6069039414597626
-46.55118258473562
-50.915815079864416
70.60258438604518
-58.069646051753956
9.325744868808243
9.24854283758485
-32.75769527489828
24.118263625062923
-15.359015849469984
-0.5259765419473865
-34.914706226801734
-57.17569348943424
52.70961830474215
-51.1790598382264
-62.62765155736776
-15.218767850246834
-31.407570261643087
-42.497162131533564
-5.933619077018818
6.186625011223825
-34.990141733690905
-24.47168758449172
-73.04184196444426
28.94325692382489
-88.01278307465422
-1.9174908021890218
-3.3158594577016345
64.89577087679265
-2.2074215820911007
30.02198257927347
16.106625122229502
-27.491132048229048
-28.171949032171
-51.78398066428155
-57.36684565847103
25.709795032232037
-28.548935852527933
-66.94688060430339
61.74805099377707
58.10295130895213
5.441613851542982
-74.99546252687557
-34.789663027659884
-22.562870980375266
79.82732682900902
-4.5382656229581215
0.17358435045443343
17.537248881997044
41.407105742400404
-12.927376966853998
4.667185619517653
78.8696860444916
-4.395633716912883
-15.449457662782592
-13.656296800761496
-57.71145873490178
24.65872872383045
50.41028492127643
89.09427561969065
1.5863377962418923
22.686542092828546
-24.496150044567585
-31.560946308195625
-44.57082847441175
-11.160863494694496
-92.06251778737172
34.659035150257836
40.31763811777404
-38.152397061451666
60.67908957321853
-49.96683624859556
-18.892104247238905
1.107203095888437
75.19166955699944
56.00869675368017
-54.54079699423653
-54.5655328912932
14.624657316360654
-46.69037664498801
18.98917821067441
27.08588046225583
78.89200845725037
-35.74687347592016
-13.283883502344565
4.170118663286331
25.3502744177393
25.63484602556086
81.33418423745215
29.945651377740063
16.591896659973116
37.229540219642416
-23.243498643081452
78.24964088543166
14.824495405262212
17.121976171092683
23.995394408117193
72.68200019424341
35.61311171540777
-2.9452325523628247
-32.56803578112614
-78.30951528915263
-45.542986117860295
5.236249421022023
-32.59629630904898
78.66723792912353
54.534156827999425
-16.381099748287426
-78.80025354182051
62.44316284017518
52.75751760862909
1.9734977700833412
40.547809182342576
-87.09416945468965
-26.007560398028545
30.503996069192652
-38.29329679869128
6.672931095969176
51.794619810616126
4.615337320777385
-64.88404500791383
13.30254988623733
69.56982221735697
67.56534257267347
20.594124385662823
63.640433941087224
16.6582081511596
9.0688800340168
-46.198800253362215
0.2625699320317807
55.0373509010837
76.14657012893517
-10.710274000296224
-79.12165812236859
-43.07027332507138
79.94134178439495
46.34301211457063
-34.182239128512194
-39.75445014442727
-18.383211969820564
2.502649053919697
64.18204748980429
-18.599111129984863
-61.92134153898235
-1.7421523924228524
-4.327883722180147
67.79841088778284
10.381390451299609
18.81936915593623
-27.83000273670494
59.74760040823867
-7.517161891388895
-40.23410515514778
44.17383739534665
-88.46244170671122
3.785025003900273
-35.0295798799702
-8.04641115343982
61.57053062038267
24.690502406455607
-36.77123174964283
5.742410140120242
-0.2121581095191516
-2.0239441244054035
-49.244701798934905
23.414473376957304
46.65134542141425
35.7233895905305
-60.04518578238019
-34.588692964961325
79.67116723614214
16.340873216251296
-20.702040762942417
43.18318631013568
5.441450603962551
50.99113761204336
84.4992436227017
-4.341161758756257
-66.34147006842352
29.764578031096235
25.14779056855957
-3.8092513913438495
79.92391492655847
-30.122939161087103
0.9733162524782557
-31.22934490822945
57.32771049860412
-31.476020553605508
39.407303194975896
81.81015908138733
-30.41760603633189
76.04183256513184
-36.310134889620954
21.765293796305272
26.552951495614323
-13.24458173270581
-74.19897313676408
-90.90465498602734
33.026201799880255
19.11701942290088
62.86881294444237
-44.01546288857084
-51.60517927523245
-70.24540285625372
80.95211007024102
66.77329667268606
-2.289659740198303
80.9189709815189
79.75722104978007
4.827119343935777
-5.852534931737225
5.419319117608268
-32.50744466740289
14.389006722121621
67.45280369749449
49.569752896664795
-72.5914316281645
-84.99886490311388
-23.42089715319257
0.6249166018711776
-52.184078130052505
-5.44018834143786
32.46122259921057
-57.21802179016957
2.6743323093639333
-64.65267176178281
-3.427660513810295
31.615516755496287
-41.15463996299268
10.71163060062328
1.4962219100819993
37.80923147626484
-9.864434768521008
-15.429663223647083
-13.574376461754298
0.16168957411923657
-31.38370043454762
-10.389748318010376
-24.57735285807715
3.5230761976756213
-48.057760879550536
22.833784966850388
80.8856168402601
0.5188541630298431
1.2104631527870424
-16.82500150472879
46.09586561557029
18.865385976626257
-59.58887554477604
53.42761710151095
-56.776657361481334
9.397216130967038
-31.981534014297807
26.027498734446766
-71.89419390330917
8.97895832778407
-25.37923535932029
39.125759954939326
38.55990107653068
6.126740318729517
-22.032631273509267
79.81759190464459
55.2345092891656
34.18474609836494
-17.935414708383192
-17.735489276225806
67.84526530876357
-16.75035749081036
45.03526523760911
45.53826673833072
80.38139324646497
-13.669928809466853
-78.74081697110825
18.05066143500791
-57.28982614762954
-62.55488436547796
29.170709721114164
-18.154622377346314
-3.7831416201404267
-7.805698538825496
-37.60249549057461
49.35282920475248
-21.062905704170916
63.29062940704458
-42.10293085025362
33.34639885552153
-16.39253477027495
45.90004560325636
-19.79403525930192
12.223148257313682
3.7227040400612026
23.71220394092228
-30.058524856522112
77.55913877891942
20.838750468046342
29.693685433176114
57.24829589484244
0.028222434729684664
6.633312204526717
38.23029746490079
-58.224693470818856
3.5970427467524217
64.4828511603094
-85.36205215194342
-7.4965898215788656
72.43122136564378
-68.46608412767584
-37.819538275334985
-8.75947827148272
-83.31080173135834
-32.4957948432496
39.88839124376287
-51.19336682222288
-21.194486788885683
-5.495405575592628
16.681123973597934
19.752946018675203
-69.67921286297896
-64.52371352818491
-82.22503604149432
17.667403567638686
-34.93588425091253
-62.87205385691989
16.139190708400037
4.668225699843447
-15.090781271477667
-23.299321525674557
-10.3695730259833
-14.754477267484646
-51.97493466778795
-7.578965245483886
37.56418673879185
6.602332565965185
52.882770984107566
17.48092332088919
-7.957450234393505
-70.16875734748521
-94.59477762233621
-46.441141533727276
-49.090382227031355
-85.78567123992482
-17.75451632694822
51.4723991746047
37.55168451639378
10.228963879206276
-28.830461303926242
2.994570678212682
-48.877345670881994
64.02705993656298
-58.63584705229323
-12.119387086880948
40.61753990764461
-41.15678619972402
-6.660890457255519
77.2823385694252
11.477067639685231
-0.07441558598232234
-5.07317745166047
-11.544739827221449
51.42270875950854
17.23586734855165
69.59161427984611
4.65707904360049
-20.958574297247537
-16.468603222605083
-48.34589240180928
-17.466227526905797
-1.9633469671520203
46.32145596943445
3.1408673017187994
-73.1920289982385
-18.261909462156325
-55.07804932573659
40.28228728114371
-8.709592260529902
-35.11877197474291
9.997264449452956
11.71976210207636
38.62505631665505
-46.74788951031957
-86.74048826545186
-3.1244591370341084
-30.75850362198605
-44.635967486361935
-60.218881865627374
42.29101656848988
-72.68928650917395
-3.3075697588371327
25.52064778141829
-23.03196091811519
3.282723135856031
4.665679413210526
-6.057096050992257
-4.356797606127699
-58.815237799195394
-52.17034948956848
-21.445338070349266
-1.0454430237519716
-39.58496834623164
19.860889191061062
-58.82360211993727
31.872395155316525
84.67386692039568
-4.1553272034491044
8.028325342757626
-0.9388385584259709
30.04212931699793
-12.595989370599895
-84.46388487546207
69.20216577349004
88.49405717520122
59.0497778481307
23.9729116241394
4.256624132752137
-11.90757095323066
77.71716916134818
-19.5842512371827
-91.6667118654443
-6.752639402642444
-11.019932862899907
-1.1767945668166249
-16.274366824740937
-11.054270202624608
0.9613933235319365
70.04744323717642
-3.455591605097709
29.645934388672487
50.20636499897353
57.837301991208506
-74.80908822658074
-22.60620857253886
-8.147021972035546
-45.74412203122359
29.574680164515428
1.8706691682946968
-56.020486375523944
12.783889304435291
-12.584939122977076
82.52822187624815
-42.03221179415936
-7.917769053639603
-0.032573711109989745
9.767344476392708
-24.360203492085276
-68.23681564709221
-59.41847523128315
15.478663198214448
-17.484290478108377
33.02186917415253
-16.31814587240396
-10.557668396087664
29.749056990169393
33.81766238190926
-5.4058408136616976
-6.932135698293479
73.52369894388681
-44.0172578075585
47.11099447102805
-16.78283323598876
-10.720563795820453
17.192869226010814
15.740809110320697
86.88071067658899
-51.068578295819464
-30.665077800572092
-12.306373884127296
6.784704297104554
-12.777022408106333
7.0989378370731515
-33.37908185886613
-1.9935249953402945
-54.91271168114844
28.344037226973853
12.148098490566213
-1.3792814644605045
24.499717612398328
52.82877015886541
71.24487075610449
-20.27415003814953
34.10990511025818
37.88066329354473
31.609110075638938
88.78376632423988
-19.802728395364014
27.849860596513636
34.3988394278031
79.71629280995077
42.950332106598864
-1.6537654268717574
43.89472689643236
-10.035401803731347
14.933356089395005
31.688451081720757
-36.42485510794702
-63.77089378310402
8.669151352614392
-51.097006924178935
26.310916127656498
17.124202053435653
18.772798036549034
-4.409696611232334
-33.05610621235813
-0.8743879817504876
13.880610347412158
47.26879229559117
-18.742653570776042
72.71721541147261
-59.55169002406908
-29.125378582792536
-41.63548621545292
-3.062609160836743
72.85949745358707
-42.05845430534832
19.816883789663734
-43.60791415360967
-15.670542370663924
-4.53367078816251
-75.36740406398692
-61.91380643841041
66.21859110477004
-3.3516943603321465
-37.4429013403994
-53.65175207845962
-13.207489105667491
-1.3100067583909834
-13.185492182747154
-73.09758137454595
-7.427050999209612
0.7129584122006491
43.383601527176126
-51.609423158444265
-15.255666336601607
-94.59357937428638
-9.847643878307323
-81.7027680381866
52.77708246871666
-39.88590153832429
73.99759204757962
-29.833741577780685
11.045160317434295
-62.69437488131984
-33.697501408598114
53.209916244014266
-28.313785654938016
20.083715799599617
-3.513243486249621
-65.84307610691926
9.382055379094297
75.80908169608452
65.94831063321018
-70.3738566152865
23.937740526168625
-59.3837820612883
34.35829446601156
36.1086921560171
-1.325655500534907
-2.933871799971996
-46.25731487003727
10.379842687955119
-11.985622511550702
26.18355432969699
-47.71865748768946
-19.064981232880854
-43.30626534457773
-26.318342345255772
0.043502450258145586
-10.600197857494976
5.891457933702
-14.385743640476733
16.351238582319397
-32.12633949090329
4.1006332626851645
-86.48319224935217
-53.579862097107856
-10.799497436990308
70.34822912540386
-78.83001743858598
52.2592180714189
54.66053893354942
58.20308357582158
6.902976197801721
-74.69576803367161
48.14947343895517
-79.29673026635518
-5.403630966492628
-18.09250640097322
-14.733662264011457
50.11681607380282
-8.509874131867505
-37.73354890747638
-53.053312202897686
-7.275361083350816
-19.97045729776204
-6.303137558421554
36.67605608268457
-2.388668273908266
53.33694082905882
-10.56675601759396
-72.52782654339518
49.421811283878185
16.995193388305808
-18.05438484580742
0.3766474359926093
48.111495740303496
18.533750185785365
60.857247777623286
0.07401979992978625
16.225709535283613
-31.00006118121547
-25.001142003506814
-18.89601640205501
3.7315298216369257
-16.66195855589818
74.42029131179967
-12.35420131564318
31.248399496512263
-12.77031424508948
-66.42136773071479
70.46216643583458
-66.45930056927408
35.25662438205802
-44.503046055405896
3.5942444053126508
-13.99221985325822
-71.99853102552318
13.786037200840283
-8.970031685441697
-49.19040366369361
59.43669701281161
10.33728687343745
59.59620242147935
22.908479200285598
-50.224415913242396
-53.050759574269264
-37.94264147374016
-60.180803204219096
35.750139081898254
22.355978025499866
-17.59817256172478
-24.301781495763677
45.34329315570838
-11.730434959498794
-69.43987692200682
6.236425614902231
-72.73452794157923
-18.75315116501703
14.243540497338017
-34.33754012738931
7.669097953254024
19.526538071748448
-45.44695973168063
-54.38855916523034
11.435451059554879
-0.2614718607083262
-11.48100213922315
-2.7050170712692676
-2.6648097587045783
30.173597127881294
-34.483896831086234
-28.47014144821405
7.701842819569151
25.796552102003133
25.074711675258555
14.096341891532319
-79.02337165454904
0.14532723177669027
42.83354333966264
-40.88459861762749
-14.791685804336097
10.32917044507164
-36.366723701693296
85.37169764791409
-3.366697810972724
-15.44344784309962
-28.23489590474351
3.6340281802473413
-18.6709437224265
-57.305640420136825
74.55806302610273
-23.62741634732923
-28.769878214478695
-11.474650443333417
71.95313844236443
-3.5172312623629125
-35.64983632904351
49.91804093721143
-36.51982137280915
-13.783152567502313
-32.58966632933071
39.38417343776126
-0.9875462427673085
32.38763716776671
-0.9037052797898895
6.624391199834349
78.40354379299433
-29.13881490286623
68.04475116367371
57.43725434374667
10.08305017705834
-24.023772154167744
-20.07315693194606
32.95683471072749
-11.855876911514741
-67.59039710071347
-19.691078865864526
90.18961499099134
-17.095399233290294
30.773387456630985
-58.50134275334215
27.052689577183614
34.39234306115242
36.50154789905261
-12.43667240692875
56.52025274138339
-3.999422629789038
-6.21993051538179
-32.001045346655076
-5.424408882829624
-25.657872027226347
-13.913496408453113
-7.93389958975358
0.01799723169257561
45.774413371686165
-65.13415309639896
15.372694567554902
34.10023744451564
76.31082104563433
11.163725951688917
-64.94174756255923
61.36339389568988
29.93520911443433
-10.46965454602875
18.715167988389837
3.1390581326871114
2.8308424878434835
-56.928260866460796
-90.11665211962078
-80.36300175499561
-22.55276032666343
15.682679371335425
-15.291447061274226
-72.20725390784673
-0.4717708344079057
-47.25182604092698
-89.66298678697495
25.770783200789907
0.6262827719940987
-31.22036761267927
33.61579241177759
39.980224677868165
-58.757849169213884
24.960425828964134
-12.715739426555615
-26.515614938125026
-35.236691131256116
-36.8730054004243
-26.93922881068859
43.91593934257753
60.016215701744926
-78.67686015586679
-11.461661187176134
-0.6541817357215507
-2.218002307346751
-12.195894849752747
-41.83895503366757
-58.46579769232019
46.724890464089526
44.96174851370171
-0.5562265414925776
15.223067768012683
20.825090069693616
12.293922284144912
71.02991127207832
19.159781853167104
-12.3008801765381
33.29866652854261
86.91755856924672
-52.79257479274509
18.388307493056146
-76.11604277214512
13.938681513453687
49.555524304266015
-3.799422244265614
-38.243584359151086
-14.852451562131819
51.956832351764774
-6.418344670221629
-24.364652467917523
35.09493996843614
13.193951466128567
-68.58804662082399
-21.505163371815144
-5.432869796871984
25.418000561628332
26.193993901803836
-3.489805369263621
50.89232823701033
40.85645711996918
-29.851273523899252
0.1578996064841789
-31.529922122208887
-13.890194789241733
-1.6103180896019182
-25.432543129631227
-13.229406980384354
-4.979558321891403
-77.38264640329417
61.31901906434126
1.473295527678303
23.188594487490604
16.313225216911604
-18.056391977213323
-0.2058414385528664
16.64269392562869
10.573445632884344
-33.684592712710256
40.857824254593424
18.131165594510463
-71.39519215606374
-42.425495654933805
-12.037651584780832
46.578825942372674
-20.582240519253546
48.699607572661506
33.132846562675866
61.57469997899952
48.32759909900176
69.5529680664769
-70.37630044514381
30.16504165540384
12.834441197485319
-13.193289045945875
-43.31746130303645
64.0600120983992
-4.227549952251678
20.66550737194072
-52.93313358025973
-7.451250975091895
4.755214951147195
79.3696884066268
-59.171426280987774
-10.54405231216316
-18.484179160710497
-15.837886841582858
-62.62441371789523
14.172947009847803
-5.867743821609878
-45.771971010017005
-43.38408201134886
59.388365587402404
67.41494619133775
-18.342134932457498
83.36852313866663
-59.87347766785394
43.9912965343363
82.99101612196586
-58.07529286938545
82.6107516922346
43.00797920987566
9.158219995838536
-17.518807735264915
-22.233749430131283
-62.911440069247746
59.510429078985226
-15.582512539378882
-53.54634930327993
11.206750751404869
4.775290645011481
-2.5360604959989814
-18.131934962395206
-49.52637267528135
-27.542867761678067
78.01210802656942
31.0619972158143
18.208689462837967
