27.8506637807113
-35.21055672759172
-56.556546723873865
-56.140239812266486
-40.732643823716174
-29.8727333965234
-43.74765911894873
17.63154386328739
-48.04614337302924
28.244606716259483
15.792724354434924
-28.93503937709717
-5.9384835219220236
-14.763304916949991
43.588549689497825
26.392824174159415
26.72382268959494
-29.79431055097436
48.59963947981794
49.301558669275096
-30.881889834961314
74.44829819357068
51.072565305152665
-32.43670923006411
12.49841051876264
1.1487510504107945
-41.02435378077373
-29.009746936240447
58.14217508459194
-5.96154541686586
86.90601057650167
-8.113798956050701
-13.264829679224931
78.9529920943541
-29.37492891934214
36.38244215941967
3.1638849683598096
-69.23142816264254
-26.12357749754453
51.215411300830965
8.77939076274501
14.914162607791496
-35.16831217825678
-24.820055838576835
30.22130423547989
-83.61666420930172
75.96774017036213
-59.53873244026824
46.131414393719155
-14.602280139081358
-1.4639015412290917
4.475759135927788
64.69406700584841
2.439236894195929
10.612821119778474
15.761211174226005
-20.524740873012064
-73.06774554461379
-1.2945256526117248
-1.1002762857784063
19.462589430246453
-31.52579574836261
36.580161096046794
-0.6329452082925258
-15.610959069839254
-14.387072135774417
0.01845275128309254
40.05353561282132
-6.764524404782804
-10.072786380386063
33.32593274853241
44.99140200204886
-50.41121343889176
-44.9628713809375
-20.23648243291578
29.035166316799504
74.5354050157386
-36.316837604185544
-55.69911236482884
-38.88026824395885
-14.828875292676713
3.6262205593001653
31.633966022792436
-14.593226664542541
77.31941019469167
9.423779344148244
37.827570234979476
64.85885230138703
-54.452336925175054
30.620916584417074
-51.883383748097955
-26.787150678259934
82.68731406709125
38.344736723859114
-34.65771316906798
62.773764566483095
-63.46698214270631
-29.723571930048962
24.90951674007158
-16.467784615791047
-1.5385007726896163
87.07462586199728
-9.261198337900112
-64.54501576500489
23.94555333117772
-7.596136359843783
-63.58097043500401
67.98744358358474
-60.703863364510475
43.655413405916875
-1.0685578066560453
-19.388647632957117
8.485741943720143
-9.575383747965233
-71.9991394969194
31.009437271833804
24.438239337615897
-3.408893531028653
0.3861239502271445
0.6880928879376143
-27.11210401793595
-49.28033990481333
-4.503984786473779
-30.51511716605799
-28.568359922419972
4.130455341845689
-51.78546705006121
-51.907673650015035
62.15533889278737
-54.37404334989485
10.357235882348931
9.934291714953005
-29.135960042276594
24.69048401927948
-17.087843489302927
-0.6920853328792589
-25.583265869688688
-58.26809254391551
57.02145942669867
-48.88890686781091
-48.3529727917077
-19.156959697968162
-36.31575049131
-46.152756933888355
-7.89394783471846
6.335078192821896
-40.368934575142184
-27.4655213781175
-69.76465266758896
32.366404651920476
-81.73820929578301
-2.342943802430341
-4.804496215823249
68.7391713387689
-3.5789836221222657
33.54260725053726
17.784654672325644
-29.967909410115382
-28.472446302981723
-48.28635127106665
-49.06048291291267
21.433319280403694
-34.415671572202854
-59.18580630610026
65.57143920896394
58.45227635044958
6.5068986412561
-62.59538389166727
-39.66941029680107
-27.760194116059623
76.32746393248286
-6.1654832189484665
-0.40404918604102136
19.479748004561372
45.69657521702206
-10.647348443792097
5.310870316314009
78.58907596501953
-6.10966393763961
-12.745383319300416
-17.126245057437302
-58.77412816522006
27.650207235483663
43.9660102144332
88.54681006683165
1.8407502635584052
25.315121516665258
-28.53504887461861
-34.30337289722313
-41.832643885425554
-14.105979707353526
-83.9027222120694
35.79440342975454
44.11280074513769
-44.33083359268322
62.41482330862817
-45.99824815036733
-14.99994591156748
0.4965062542209182
70.5013371851191
59.88907562131109
-49.26900652167843
-54.624690922771435
15.582055321613694
-47.92828515700431
19.71997281558849
30.171004468338907
76.0156740970171
-41.46772037391396
-11.383569485441754
1.9358628424426314
28.012459449896397
25.177902584967157
81.2307029624173
33.321289220776464
18.352111908195297
40.99587684329555
-28.91035572356354
77.23573357927458
4.842504693277846
14.052678833454081
26.927949446517786
64.1914689857233
31.130880530406387
-3.8060368615591784
-37.95231860448701
-73.338308203824
-36.42571001985302
6.0069380580316505
-28.66699645211871
70.82009735414388
39.74813772214344
-20.41622110639095
-74.55863976892779
63.51136908863296
49.11508467524209
2.617625171669502
35.75943818162901
-76.37468030863346
-30.87094332165546
34.10454413443699
-39.37374921156009
6.930824432732194
52.750565439802074
4.6275915639221665
-64.62799315907466
14.63807031794913
72.54884130830109
67.67938498421282
22.38564350730472
61.807220094301215
18.66780266484632
9.900962342712745
-51.2545295587421
-0.6001407191701418
58.972160632224984
74.24809686683625
-12.99546322487204
-76.51330255007431
-48.691879608674384
80.10340217699508
50.449149337952264
-27.84657836607009
-41.21988692696353
-22.962969198962426
1.0506356035194386
57.77708987893388
-23.2758309931789
-58.81141950725204
-2.4448492325619213
-5.489047930692678
71.36831063811104
2.299860852317053
20.545724133102524
-26.411083359795242
63.84922326990937
-9.419133635496792
-33.8944918248095
45.24799554449734
-80.73698092417845
4.255126453556045
-41.02293129804238
-10.497529912448556
61.9053851424614
27.630205481929167
-32.592183575764324
6.221308975971638
-0.9416502101888398
-2.8435230779401763
-53.51083945776833
23.593022814655797
50.90325806690902
39.63035179917969
-62.89802775039989
-40.33183637966689
70.70654062819733
13.743549811199387
-25.141774717146376
44.12122621247127
5.578624242713445
52.50742508898787
75.76900407364948
-4.667347409710473
-67.321685665698
32.98193598642257
26.571552140864327
-3.514819735000003
81.10638478168107
-32.131315256033275
0.2182736044067184
-36.36746240724787
61.27080239576176
-34.12438601175971
43.00741156577854
81.93757421858407
-29.87669120112254
74.23873794691866
-35.60434253718558
24.42113691878359
22.382090123407593
-12.09930292821386
-72.14960355455935
-83.07526357621697
34.35741787006708
21.48635566573853
65.84775360439258
-37.66775541776661
-53.98996614161603
-70.26601097482258
76.46606493827343
61.94181361141489
-3.457831241800193
80.84835870766929
80.58294120585558
1.5997773898524343
-7.870883309370043
2.4434904591424953
-28.500440527320507
5.497699864303925
62.31609279781031
52.14113304271248
-58.11180326019542
-79.24269609166193
-19.85963853773481
0.7054647104459377
-51.90151378890853
-7.33089918649577
36.12596928563201
-52.15064999908487
3.4081653774242824
-57.9620079549376
-4.939240387556794
35.02974504553359
-34.132091379829205
12.095711667540144
2.144415489794568
41.92945124462784
-12.720325220836656
-19.608468322425068
-11.63138837932948
-0.3669093859869008
-34.10421362234394
-13.240848973925225
-29.235799995313712
3.545083350105969
-52.665444546484586
15.464235703434184
80.57000553005716
0.4810767572902108
0.7878288775144568
-14.694707462261604
36.552771159749966
10.138521233826395
-50.26421650668283
49.66714367978142
-56.6509705316463
10.112323974962166
-35.727884903173205
29.19372079612728
-69.67717973555324
9.806063767811494
-29.443702029095306
40.54349437942511
42.279783351006216
6.328717969435303
-26.27712244973121
81.49057917347486
37.953030408956664
37.58200507710333
-20.142819192782625
-19.441385311686375
64.1978703225912
-21.105911210341034
48.92258807758901
49.87271035742839
74.91611230725371
-17.21526557207666
-67.34679873747413
20.19027715099162
-60.67401929761764
-62.963808602992394
32.613858727987775
-18.57658052860576
-3.357737190906363
-10.042018041439547
-34.894214386916644
40.40220425643673
-23.800252035880163
58.35505478431935
-43.314871965050415
36.79142601168061
-18.23395334608304
49.91814347244207
-16.384466348860073
13.285763155600051
3.4348285191676666
26.615080641599718
-22.986692089875987
79.83379693504827
23.074095886707084
32.549021235111155
59.37502782542896
-0.2246693304108902
7.263934786442363
40.51545613547137
-57.816761208987124
4.18445393985958
68.338435190175
-79.49305709745609
-9.833991881401957
69.39354355683989
-68.9773792637462
-43.60180389408864
-11.084986173753236
-72.50289460179664
-38.078968259089336
37.2810355610425
-52.474551391348335
-23.330429548350253
-7.477862475303084
14.458094221405219
21.88301028372402
-62.93466013047459
-60.575571638646544
-75.78717077576573
19.93811346296212
-31.20281338782722
-62.07710000798183
17.778350905852548
2.981880688867932
-18.978379908983683
-24.44837044079776
-9.087806727430248
-18.5689244450554
-51.827425221603065
-8.74342809769901
24.18037491196999
7.528220727988341
57.350435058147326
11.949759938136992
-6.740266651411886
-65.89351856190405
-83.48714599257833
-50.0096514913764
-41.35359051062785
-76.83667163867723
-18.133523768934808
49.290136900827065
36.518432064558795
11.205044279703941
-32.8221576139443
3.5457431666713575
-46.427983122585196
67.60134929369812
-51.89074820240301
-12.495984448786459
44.761825796216016
-46.46130313450853
-8.756018497787537
78.52415526572159
12.663454822310058
-0.22991988265931695
-4.111195249502273
-13.094060418438715
52.530925239501755
18.468036558068576
72.18943174357722
5.4757653170962755
-26.15105817102723
-20.73088165534105
-52.017848656167196
-21.35515379584001
-3.057970407741621
39.241611029605764
2.1076966694919292
-71.7012385526414
-23.075008066578235
-43.867130944510556
44.462854319126166
-11.335884678842461
-40.268605175203284
10.898509974744655
7.381347967909775
38.438425485999886
-52.157770955132506
-80.62663455349082
-2.985964533349332
-23.392941906006527
-47.24332687446754
-62.312994532872295
46.59540296731649
-61.61568567868915
-4.430511632774355
28.63653268177532
-24.868045642537453
3.0084777727920056
4.544968423453966
-5.8513715271073465
-5.286050093602768
-46.78698110153046
-45.33970713573604
-25.523919633013293
-1.8629260579284903
-45.80186286270438
20.38666880970466
-48.41544401300929
35.57170629548705
84.81863865742199
-5.267958000022176
8.503805471636028
-1.9786709424856923
31.85349411837305
-16.0935898992375
-79.76825994733693
59.05252691833334
84.78010889870839
42.012076162183206
26.823830967416498
4.062488749069104
-15.073088865608625
72.33769042917663
-24.378970582260777
-82.44689911448317
-5.939966163010567
-14.159545459417473
-0.8257728129928097
-19.35908831707377
-13.797336698404962
1.077085887742527
72.36811036052669
-4.577706760543705
33.116301134519745
54.019672768690015
51.737647868885034
-71.46775565929102
-26.840104629731414
-6.765835047999204
-43.6071030677772
33.08170941416566
1.3013436978613413
-57.50243104908602
14.0294089538327
-15.724985866091899
82.80306440789917
-47.586900743797926
-10.402773630627308
-0.879213767484643
10.613983803448477
-30.001759508565087
-64.43442023494205
-59.91078696562526
16.904517302194648
-22.123863518754902
18.59200029938775
-16.373487274717434
-11.853212862041161
25.74707279348121
37.168561822813245
-6.990682420599754
-9.176974434704604
74.03379600239754
-44.124088046919795
30.582984963787823
-19.36465524213112
-13.357047515475955
17.91961680293055
16.55895434733435
85.26517455719801
-41.77227241446194
-31.162777049815332
-15.738993013003792
7.944312993580198
-13.029540794948488
8.290474815170526
-39.26368194601194
-3.0076712294659416
-57.82580576998035
30.037349351596404
10.831868314648872
-1.7904445060780887
26.159458503854054
49.227388656241544
74.40324457021401
-23.821523115537488
37.94119594138948
41.82922451418975
33.374686130334226
87.51636443242475
-23.062264790653913
28.814035910829176
26.596496586275777
73.62420695336735
45.87305477797116
-1.4070492192874298
32.357280159322414
-12.41115009921785
16.800829332782115
35.32050126707355
-32.78869574620339
-62.98605120010546
9.722681269722443
-45.38924635215835
29.539890931168586
18.962455964202462
20.698576489896652
-5.214160299249841
-38.18298771314925
-1.423590784599
15.273880821511057
50.31532001698946
-19.027769914842068
70.4923845562405
-57.488649100297636
-29.63177597023906
-44.571936798277825
-4.563682417996702
75.48804269967283
-47.4460761659606
15.154813998118385
-47.50693873294906
-19.89291119590378
-5.403821783572312
-66.53925522955657
-58.62405988550565
69.88363610154195
-4.355421117096853
-43.66496568985219
-53.67021207841303
-11.367499448451113
-1.9904462388193593
-10.811571613829656
-72.35303526462125
-9.578602588326376
0.509076525517159
45.13467446671498
-50.805159273262944
-17.299397795660113
-82.94352207277933
-9.247208404463649
-69.99667195778163
57.19404384142729
-44.03003885768154
76.59594401911048
-25.607347951267457
12.195833764807205
-64.37672399969327
-38.79544237810102
56.175189755315444
-30.932113002051565
22.35595602221737
-4.75693803283103
-55.236225858180475
10.418377927352992
76.26768046652646
68.2113174751155
-69.8697833841201
15.035537242752
-55.86890039089814
38.067360718955086
39.61550665221657
-2.0033709196396643
-3.9607728312411865
-44.1179046945332
11.371300594863953
-11.23549282899424
29.24364263725741
-35.14488056917199
-17.32511502875417
-43.18461671105528
-27.300746041598217
-0.1881334248496529
-13.64310673380838
6.3359760943685615
-18.327356755131447
17.940127810509438
-38.17433766722492
3.9275846474025116
-80.1693008844425
-53.02207129043485
-13.81387754890639
68.95123684419556
-70.29753221797209
54.674286118483366
53.558948667646945
60.49843569774649
7.172965644323099
-71.08555599848393
50.994508265552525
-67.15390669581804
-7.32849708287489
-17.112115281495406
-18.716789388288475
53.38843951251897
-7.057602471966746
-37.35023632360226
-53.834561637386464
-8.035423939406854
-24.644414592403407
-8.210279127107583
31.49273391858452
-2.9008966996298398
57.778819112902056
-13.488597265822321
-57.01059083436211
53.52362788238372
19.210505951769036
-17.362211296869773
-0.39968311866897466
52.44515257500859
14.524399645859702
60.81260320648556
-0.04660451990071124
18.314480596618424
-23.970326123269658
-27.18504741408921
-23.774098545151176
3.9094913394919075
-21.14797574367161
70.88327733337024
-12.482191712722326
34.91370397802959
-11.458994541947831
-66.59080264443952
60.89811517175161
-57.07656831576137
39.153209913691256
-49.99582091316682
3.5112577347982636
-17.521810924976094
-61.8883754964195
15.095740084171382
-11.561227646171034
-47.610264314899624
50.354607003068395
10.384979785064914
57.02210699353043
24.993778014514277
-40.96168375976362
-54.42189938547548
-43.470142760089004
-59.95502040398997
39.74459179516944
24.933133149408405
-22.15260731359396
-28.737693878214145
49.6673246713905
-10.963663746450749
-69.53140407866782
7.08451774524201
-65.46706406810512
-23.373066979045205
15.696769664325373
-39.707060957736296
8.068726322088295
20.41062493723925
-46.10134888885679
-56.60726705627139
10.868069529250931
0.29349506699202266
-14.114215239157659
-2.5640333062704457
-3.3895549087783508
28.86666324941433
-29.666187321038677
-21.216930659230428
8.481398295260718
28.92998742476628
27.004850642559134
5.52899870816583
-69.69571807571619
-0.3540699375691787
43.22164721062285
-31.326435194921288
-18.625198722359386
11.235898881664653
-41.92619005177027
84.66652250569243
-4.933652365144127
-19.43573021245888
-34.35372641542454
3.387712305711503
-23.52273531364453
-46.24626922779135
77.34913066260549
-28.573923877386918
-33.29022360910628
-9.480888131691117
71.85520255205094
-4.0986639800409534
-38.89415978333572
53.880349042859024
-40.955595219544726
-12.763214535957857
-37.17733166866074
41.651031152942096
-1.557430163270567
27.74117435407625
-0.5142784772067444
6.883483012937575
65.67856399482383
-32.63150249000546
70.13180283587616
48.16808403340511
10.903182296286332
-29.36102147299809
-16.956850130081605
30.354491907908226
-10.244185709491632
-53.19426810639381
-23.525158147993437
85.06065887595207
-21.601650128820722
33.02963888299644
-56.203990581228545
29.90677643700583
38.295338795885755
39.49712456289387
-14.704429765134677
59.092773307296085
-5.711574585613022
-7.67024524031072
-36.35031466871686
-7.23362603672669
-31.41031954844614
-17.667718314801533
-10.277401894983129
0.6829569439526892
46.454961760879314
-63.963487958768255
16.48802909831923
36.287864606005456
71.71844507911695
12.140426272853986
-61.087634154183434
64.45948683268108
33.48007841467424
-13.384283262687475
20.609676079432703
3.111698041726399
2.5795536239394465
-46.07648975920472
-79.45474271728895
-70.01349587550183
-17.406874781240603
17.682797154768423
-15.536754349723324
-69.58006408851037
-0.8178239410744936
-44.13423225307327
-76.3187374493755
28.786557632976866
1.0741314882730393
-27.824850058569496
36.9223878033234
44.1426482255836
-59.47528225732403
27.65958364583038
-10.794037958763866
-32.19025453827584
-29.380837273821427
-41.509096000503945
-32.47063444550669
29.49649070216782
49.49388063693729
-70.04988648523843
-14.635998389878125
-1.1741155210192034
-2.455498502853928
-15.597676462198706
-47.864218452960436
-59.97961808183646
50.878864016387354
37.49989127101492
-0.10129378703173586
17.088255304556768
23.433745223434215
13.058166356146046
73.35855429210838
21.4258416060608
-15.494140623084903
37.03345044184698
78.60600871354609
-57.01332921165264
10.117693846399163
-60.4904602109498
15.904444663695273
51.568427492479344
-4.9075297860936615
-43.616752097118834
-18.40511681907188
52.809696154775935
-5.990404357452533
-21.256368500381612
37.768147765503585
14.46608218142822
-67.01252828343708
-26.841711986650736
-6.645607951092657
28.43840522563464
29.344830376614013
-5.066302373663277
45.76757621639075
33.782291826558264
-29.010312465037728
0.07214584612705721
-27.750949362324064
-14.388533465688027
-1.799105891363837
-30.521977011460052
-15.977107671248561
-6.876634995830443
-70.36126192044097
56.03579916731309
0.7864680263951698
25.93511301263011
18.00762941552331
-14.905400754983603
-1.1212422186918758
17.82515451486931
11.610473139337472
-25.163434348248103
31.47082488115001
16.042677559106878
-68.93808850624876
-48.270850529056844
-11.598817833292799
33.07956179366306
-25.112434227629052
49.70680671234098
36.745677242979525
59.150900797471735
48.637315554356206
69.79337929653428
-70.72309973607338
26.52909862083486
14.63183618558935
-16.47679704581381
-48.59591219745487
67.52809439791642
-5.968718007691962
17.105919901413316
-51.63354291506173
-9.790955110440635
5.407191774355212
75.32645945975753
-61.15448564562069
-12.999088594968967
-21.87837824028196
-19.68905281912413
-58.97707122672876
16.076380622537357
-7.353715382940521
-50.96156457243899
-48.153333686319755
62.38780679728913
53.53969100766952
-22.87442499416389
74.41839036854242
-61.12822622185709
47.85955094551011
81.47543796553029
-44.7617979349947
74.16039149642896
42.089674214791955
4.377925668531475
-19.508281906533313
-18.260756121587804
-62.660925698209645
56.36633253493153
-12.914129205477408
-42.64412846091133
12.27456214674983
4.688679942040238
-3.968915817961104
-22.411244920307738
-36.78966428652132
-25.001536559949756
76.26557555298706
34.491089784371894
19.965011667256718
