28.149270725315347
-35.20494177760918
-56.440211009218366
-56.041300733941036
-40.6805675374768
-29.968917544706898
-43.66230457492186
17.80219881702716
-47.891508946129065
28.419012244792626
15.83628707542006
-29.304250232783744
-6.065989216066143
-15.080534797707301
43.47161236543752
26.70993365394554
26.90149765050694
-29.683670770128145
48.61177405256831
49.25150019319432
-30.763658579057775
74.60574620222792
51.03562162514973
-32.377044924725595
12.587376530948859
1.044165635589124
-40.89478636303144
-29.234485797246734
58.41721580825566
-6.0226096034140255
86.99891596758039
-8.439880082720606
-13.641794126821722
79.04400734519942
-29.36932752714047
36.440868913949714
3.1950774762369463
-69.31175724780834
-26.191024915872205
51.45991340225976
8.843794545557714
15.03978330873477
-35.043309450790915
-25.145895252623163
30.167908252939753
-83.51181753350458
75.98030007545077
-59.40468934583508
46.110041489318746
-14.68154001141643
-1.5786132093498964
4.371690026626709
64.84718899807484
2.455573374112973
10.371506888188364
15.553886072538717
-20.44191110444865
-73.04759946003306
-1.2645663067358157
-1.1773460153968784
19.61363516617365
-31.577522420031187
36.81739200959626
-0.737374990145284
-15.669818624331839
-14.54435934953463
-0.021296224053841684
39.9672777111378
-7.0941039814986055
-10.238636286385216
33.47430017044795
44.92601387745239
-50.256517058299714
-44.948048396905406
-20.397821501721765
28.894265856651188
74.59789244188687
-36.39505591681953
-55.582717042998304
-39.007984016851445
-14.80406298466491
3.543844565802047
31.730419144829682
-14.730269265266287
77.47397005962509
9.208351563344351
37.8671953825868
64.83330654947272
-54.37109427747221
30.436887165014326
-51.70464104868298
-27.073363835784946
82.80506011859876
38.486477547142584
-34.61924652191025
63.12870771207241
-63.29431644794336
-29.64463054384811
24.865975927016237
-16.40514742920955
-1.5149431642074802
87.16529591665744
-9.258202588967876
-64.35484500626134
23.940020406680972
-7.68677070091033
-63.69316605617823
68.08943859837223
-60.72994119990429
43.63686823688781
-1.171082589900692
-19.387164840563955
8.551031586836288
-9.547974014282232
-71.88385860723935
31.34682400553723
24.438651992409305
-3.4843851454095898
0.26718268652811616
0.6419440175843079
-27.45505334198539
-49.132776742515176
-4.501059867915686
-30.39719250125468
-28.465407543029983
4.05481367634205
-51.998224082626116
-51.78065670117509
62.12037103569327
-54.18573886997026
10.429941584610873
9.998010303826078
-29.081746769435085
24.614885677862134
-17.02470915399813
-0.6605603699710372
-25.737867534665384
-58.1879245008436
57.36611258735613
-48.712589142451584
-48.31234647429524
-19.39114397065468
-36.42833622472592
-46.14282261205963
-8.095758418972565
6.383400219795504
-40.54244016492473
-27.41640717489811
-69.63807021980634
32.66648732962466
-81.71913562212174
-2.5720241961311814
-4.814055168000252
69.07907285351573
-3.6241630798071185
33.84530766885004
17.844177674988558
-29.88481912948272
-28.360430762268123
-48.11535612466784
-48.93452569423467
21.29324176686876
-34.73497184888966
-58.99806980108902
65.8726094716414
58.45794693648509
6.462508468636699
-62.42720088113219
-39.76986807876018
-28.05984677197833
76.366151764356
-6.349448721924489
-0.367859906306208
19.607463539644485
46.11106242261317
-10.748469938216388
5.275438928016783
78.70126557958065
-6.250246426897249
-12.832005609017969
-17.268584634090416
-58.697533851939355
27.93078506925623
43.873975966878135
88.70809479378096
1.706808039481217
25.475656630819785
-28.576676992205137
-34.2227874504106
-41.684323185835815
-14.198125928306183
-83.85618550778086
35.739819972478585
44.28052104100556
-44.64598500100805
62.489875923993594
-45.84073346851841
-15.157732246995522
0.5283429726427187
70.50523213984744
60.1422636285231
-49.10704000154172
-54.479974114090346
15.534167976225035
-47.79717621286623
19.65214777081529
30.333879584468434
76.0600281719841
-41.697914579918766
-11.42645702152086
1.752380142455877
28.082770152600872
25.082862289087686
81.36553434420867
33.508822653951256
18.429082389974823
41.17564455397513
-29.33345070356404
77.31954013975457
4.540223405162024
13.907750773650108
27.214076450115414
64.16342841585441
31.01157851656592
-3.7686764299849926
-38.13416680656828
-73.20531257701055
-36.42219180143039
5.972608023285616
-28.62373701606603
70.81551918417773
39.61637676897922
-20.61416014064109
-74.46848964667778
63.56683394931585
49.04525761495762
2.469778050903514
35.64973062558255
-76.17799366509858
-31.019563123191247
34.49231310105182
-39.237225487943
6.985171742756464
52.742963156785805
4.530527151395248
-64.55531784690444
14.752342794188536
72.80206951723781
67.73230656955457
22.37580157094412
61.79517633459142
18.85795064135688
9.923454658838594
-51.43591909868892
-0.6417549756097856
59.227708493560186
74.29731687489814
-12.986550617636667
-76.5546649525918
-48.931286192712385
80.24043274853094
50.693772646031675
-27.87347728214236
-41.0898599539541
-23.25222760342203
0.8813865318722947
57.72908800228558
-23.59137681475572
-58.62380261868819
-2.6301442428630395
-5.455242232746215
71.6871919302884
2.003651266617055
20.543974352107227
-26.328338526107203
64.19392386077178
-9.78177829337234
-33.85968140256657
45.21415358524743
-80.63633173663102
4.190098163701435
-41.30556317067569
-10.729895595633053
61.929409691321325
27.86057403481564
-32.5232280710038
6.22369280784325
-1.0419149006555273
-3.0272051335543324
-53.62148800248944
23.50842885937358
51.200140969400394
39.90595181349039
-63.02384038411003
-40.568671939804005
70.7004186493943
13.604661702379744
-25.30038295167256
44.080653595904494
5.601623371231483
52.51523556450485
75.78028195226602
-4.631500590382302
-67.37954415018146
33.11205225942217
26.523381908294994
-3.5040040017032936
81.2951798807423
-32.02741559697132
0.23383838386465072
-36.515777314261506
61.55025226142968
-34.03974446646006
43.13675910871072
82.08512872787406
-29.76415875980598
74.28948349587654
-35.46866365313081
24.672497940520643
22.245188910013397
-12.093969837366572
-72.11415915238618
-83.02140545811002
34.30657085163281
21.719259351194154
66.03611148346033
-37.59993144801507
-53.94308173554621
-70.3212852472926
76.49651004297348
61.91180034882973
-3.593963133096267
80.98190289940058
80.7505987381497
1.3903796265832682
-8.036463481504768
2.2463859057278768
-28.460433578071104
5.218744911304839
62.28652294961478
52.195481185765516
-57.99256019704579
-79.18458992053209
-19.887631740632713
0.5457119402881005
-51.7410825049581
-7.508360708499467
36.375719181319994
-51.973784403006
3.2821661680374774
-57.77266588935361
-4.950372355307934
35.18405022247671
-34.10942515470612
12.192172587346306
1.9767046622127253
42.374077903299366
-12.996460544890468
-19.99590888862049
-11.856314472544113
-0.47955733512725374
-34.022904028160674
-13.617585452776225
-29.367071789751137
3.510312172793249
-52.80559714228449
15.271965464809568
80.69366916812777
0.3278110930849607
0.7101972478299956
-14.714786279448035
36.42803753470076
9.898464823175459
-50.14267399663387
49.59860821014851
-56.510383343026476
10.175039312631114
-35.71000065294642
29.514597360925038
-69.58864326214236
9.827033234828505
-29.48177428459978
40.50574859589753
42.437056632295395
6.367501472982653
-26.373933108571237
81.71006493894947
37.80035734382139
37.6968838810555
-20.08348523072695
-19.368996853935272
64.18174775646415
-21.42033520865877
49.10895859052147
50.21706198957705
74.933905021257
-17.38551630103639
-67.1510232015472
20.384311336319783
-60.807394213604006
-62.90272232852447
32.9131470414635
-18.501620340024445
-3.493817226695029
-10.075417904881633
-34.783171579022756
40.29295019288281
-23.751231363517903
58.311863993879
-43.178336708650995
36.92607551079192
-18.169500364931253
50.13728659746707
-16.451246229784786
13.262894069436001
3.460648678000368
26.899653311346682
-23.110477200254948
80.0837126655372
23.14140289180672
32.60310703525644
59.44839745734953
-0.3778700492207605
7.283698449401342
40.51230304297226
-57.674197683708066
4.133212481360928
68.67642575813161
-79.43581880680537
-9.912018143879038
69.40434710105802
-69.0381121766672
-43.842850784844956
-11.456461950628963
-72.29799907556774
-38.29610495943671
37.1845304320631
-52.360821212725696
-23.255877892723916
-7.545943198027786
14.326432223063122
21.95449857710814
-62.73387496217225
-60.38329620232911
-75.6463230088869
20.16364961726353
-31.135215675217452
-61.95273061149426
17.813399610466988
2.819572135550615
-19.19839619071371
-24.351728284968715
-9.280915811992813
-18.78072316734645
-51.66950845287058
-8.697800686690698
23.97651503455606
7.529693914364387
57.77911192509512
11.76342746129221
-6.783337660331426
-65.71273940945795
-83.34471853842513
-50.01623172318645
-41.27904586645751
-76.65939276081149
-18.060628267432733
49.22764602285085
36.431337177942794
11.216220092191548
-32.83427254342406
3.4448625211228716
-46.25903472733258
67.88142628820748
-51.72904682676254
-12.442321991075374
45.05329998765623
-46.63683483743945
-8.794661608269266
78.69770252856662
12.773067275241843
-0.3632938948140776
-4.2108879908427355
-13.04165249797181
52.52637403892376
18.428754671247518
72.4021252940004
5.418276635736007
-26.524147775998827
-21.021441864247535
-52.05105782282576
-21.473446322241514
-3.0362879249398134
39.13384459461432
1.9585492641630111
-71.68794373413084
-23.492548184579974
-43.82570423806186
44.788613262189614
-11.465670426026321
-40.40674747001216
10.934529460634877
7.189664285164696
38.3642902263301
-52.40119439018705
-80.58578220976416
-2.9676847346336643
-23.520362117186252
-47.16761316630763
-62.35593188136784
46.97929931761797
-61.441464100283206
-4.639922517165601
28.954235446609076
-24.779952063138182
3.047833240483797
4.5842016995134
-5.831562150740055
-5.24623786722556
-46.730554067240654
-45.22030719654132
-25.602533388636317
-1.993219362021236
-46.127747862170004
20.31149721199739
-48.32252026665044
35.92090692041998
84.98429371022434
-5.5319962667299905
8.565139817950424
-2.055090870865925
31.819680180497244
-16.38933111300632
-79.77677062297876
59.00633799772788
84.85590294977109
41.88231178543367
27.04453694864351
4.09455000440758
-15.20212124666294
72.3455910650369
-24.679934953026688
-82.3327378463637
-5.953933337509696
-14.428716989703133
-1.090621165328983
-19.370426385084244
-13.844618385446395
1.0994959052758446
72.55973940709336
-4.796443168729624
33.395645742891816
54.21393522701973
51.67019884971589
-71.36178892431411
-26.92741474764877
-6.880657185283624
-43.4470270719751
33.43011216229999
1.3286945252080926
-57.43529429834012
14.13625492636271
-15.81496566928324
82.96168635659348
-47.80733827113062
-10.547364025480519
-0.9456303978325593
10.581219522402094
-30.369135176379885
-64.25389634241894
-59.81788816063113
16.8995238551597
-22.52990674299369
18.343049381127898
-16.311795085748514
-11.799768067882056
25.618926729931403
37.276852472934934
-7.252710602942457
-9.36335558799712
74.14200101978318
-43.968099505728205
30.39260680688838
-19.329574678725407
-13.392766860288347
17.854034887542582
16.500026621186706
85.38033947073157
-41.71992912837845
-31.04108434797932
-16.037540605889205
7.939696804240043
-12.976281309594185
8.294330684536305
-39.532704109156924
-3.157063455963595
-57.86299092695158
29.998633929071104
10.708987653321046
-1.9937571671155325
26.12391975161124
49.15804955217959
74.69444407478926
-23.842999263641573
38.238151165743744
42.068203665420526
33.33892605256122
87.65169724746247
-23.05833754575228
28.748987781164743
26.44517937581071
73.63417301905568
45.92489349101447
-1.3953876508843877
32.20678818536592
-12.420769322136707
16.97436098932357
35.59183225769823
-32.70750244229821
-62.87065688928176
9.77827386899196
-45.25443779225514
29.898739670653995
19.04737861870764
20.73606977932269
-5.53756261440968
-38.321729736759394
-1.5846971066523423
15.368764214961175
50.39495047887573
-18.952552880467167
70.51727840976483
-57.310475301798974
-29.515344726088045
-44.505832752240806
-4.6554605898727175
75.73316520693538
-47.640023316373295
14.992645229100432
-47.525195821878675
-20.268704776653934
-5.72637239469617
-66.33622381255933
-58.43475392499753
70.20284306560387
-4.5872423210713436
-43.98836603900348
-53.52087657550707
-11.406353283638168
-1.9536220890773563
-10.946030880364944
-72.40635739240393
-9.865679042513975
0.3816864319454538
45.12064624595021
-50.63545491313692
-17.24596775839244
-82.78462173529499
-9.233110414832225
-69.79542151331773
57.589622561193835
-44.054531671942094
76.84777670097517
-25.59874990785208
12.29967750818956
-64.42639780651939
-38.928127706444755
56.282226213576706
-30.852564757152592
22.484185908075005
-4.9570239597424575
-55.09516705185344
10.492243769878797
76.38971412426278
68.3620765480868
-69.87748140582903
14.823704238773203
-55.678701650922044
38.27326329267086
39.739493332244024
-2.1701582210826444
-4.163882396130589
-43.95593110604458
11.381817890817274
-11.218284420076131
29.444531390774316
-35.22172113022415
-17.30763763705825
-43.02769017598958
-27.193613742854637
-0.15401397092267644
-13.846807303551529
6.269327676499884
-18.74707302199114
17.952435655061663
-38.486414930154545
3.942598680414264
-80.10871100721012
-52.85854787329372
-14.165830314754643
68.97997128110916
-70.09489486141103
54.73352818932176
53.52007659193765
60.58919435931307
7.2284901068043865
-70.9648836961155
51.06140600149115
-66.96293911174529
-7.4858452089167855
-17.071623898537254
-19.049195777496166
53.505866394442194
-7.1706667341406245
-37.20732152837886
-53.70890224204228
-7.988849867443136
-24.8863264239682
-8.220566035448343
31.37074458966856
-3.144707664853854
58.19294503978605
-13.85631247109157
-56.91063730707634
53.77768776508998
19.427511401283198
-17.312552816795332
-0.4575108638426997
52.77989148653208
14.368263025806172
60.82216220494428
-0.21167828278174738
18.514772003271474
-24.073210390520615
-27.09925836420922
-24.160757589899134
3.9401989968488067
-21.57154492823112
70.89651387250657
-12.433144673634033
35.32084392135738
-11.71375755351545
-66.57431845225177
60.85843629817532
-56.91163823175699
39.442746307716135
-50.22707779010376
3.491387433331383
-17.667409755607267
-61.70534666700881
15.098782047637258
-11.855227861714013
-47.437736133432566
50.279080455370206
10.298648051506632
56.98419939200923
24.998945105373664
-40.91623603492032
-54.32344801784111
-43.66820488134789
-59.8329896667987
40.16006097797603
25.084458009966923
-22.492243671500248
-28.835690290316222
50.006493671428984
-10.948503873356955
-69.5733768772212
7.078690384050233
-65.26432873357747
-23.655462263444107
15.800792043201113
-39.8803003222946
8.131314237300472
20.347759272869098
-45.95321704284157
-56.5755726610841
10.762844543161862
0.27819011683304495
-14.134937273632659
-2.5461573754902105
-3.621950247998072
28.76506000440375
-29.635677206653256
-21.403142079026253
8.47462118012703
29.239456715379063
26.985016813492933
5.255425614261384
-69.49095926991247
-0.4715805652219274
43.16760531991733
-31.391369647150867
-18.843185516728923
11.28532173647207
-42.12813204660607
84.80250236172665
-5.026275948756194
-19.677932637742742
-34.742495199934936
3.3944292648592125
-23.917259558911
-46.18090440914353
77.62549340788905
-28.778669031903448
-33.36287205337618
-9.578555059655898
71.92897179238452
-4.396523642001398
-38.83810961428048
54.10277904564188
-41.00264437728971
-12.748562721814167
-37.24368094872612
41.649263127815345
-1.5200587593999018
27.613134585489078
-0.7691324712167074
6.937101660251798
65.65526428125042
-32.59980923319078
70.28728191098327
48.08483099213515
10.988976212876494
-29.652264468428555
-16.999853426371516
30.244654380415454
-10.447615436331674
-53.112509623386174
-23.590949768974184
85.12246501552224
-21.96924169054168
33.02065966459975
-56.021162828243206
29.991225823468298
38.72095372793473
39.54584397254257
-14.678657187616523
59.19091794855461
-5.784461645003532
-8.018713091358265
-36.3902302152701
-7.247621018724388
-31.767330966385984
-17.936397011900837
-10.332723258494951
0.643436010647207
46.41628928477746
-63.84367905894804
16.448438448816233
36.274174149949715
71.72791909831818
12.21624374855044
-60.896780957699
64.6466451537465
33.84427666701586
-13.504573500289695
20.640425988639464
3.067259356445092
2.5504554201709055
-46.00962028069224
-79.27636219978044
-69.80895566782591
-17.603182187459467
17.87189320101561
-15.475037582371215
-69.47365638530246
-0.9840998546918058
-43.97830773148336
-76.11511613746278
28.985524042984224
0.8839838507490327
-27.77555701626487
37.02350604551637
44.46259438649676
-59.388612499834096
27.747919754422668
-10.84679352715851
-32.50410144392208
-29.37859584675931
-41.57964712087442
-32.74106357677756
29.314442109599938
49.413627157446996
-69.84659495100617
-14.806902956025425
-1.3280445787984831
-2.720089928725315
-15.929783182698813
-48.16530773457878
-59.9430611748563
51.139185022700985
37.38561910510708
-0.3448997227297639
17.263203661733954
23.70008652489844
13.005055817239679
73.5595688673938
21.622731262432893
-15.611447483030133
37.29221558603305
78.62770587739135
-57.17163629277369
9.883722936437039
-60.3658282721275
16.06851942379791
51.590812013353
-4.874144466818024
-43.79094259532343
-18.5219006381206
52.79977444580098
-5.980658309474819
-21.253896248333078
37.78751337081604
14.476390144659504
-66.91259830097316
-27.23796568244566
-6.977508347884026
28.672204798898704
29.63125086531373
-5.094751111407561
45.6837032493855
33.658076025522746
-28.905031484929168
-0.09260765275274707
-27.711577567090416
-14.327302544270154
-2.037718456937114
-30.722596272260063
-15.986831293331889
-6.951624699428976
-70.16812396116725
55.983839736797194
0.7825376604378391
26.141593919246006
18.060970443013716
-14.98180601591281
-1.1044551324850431
17.784856992379645
11.706874018851522
-25.297966926239013
31.32801541166387
15.915953293607103
-68.82931619637381
-48.543628100676074
-11.56849457607666
32.92171016592175
-25.295020299940234
49.68746897852313
36.94046802046901
59.122362174142665
48.59925039758707
69.86348027319289
-70.81766803566697
26.405176586185874
14.772015941314905
-16.58239865274028
-48.78252445075309
67.79152597425775
-6.02043573058755
16.962606139175904
-51.45846398294312
-9.87389922616083
5.378259043637854
75.35543243272707
-61.16811603460302
-13.011004872527863
-21.900558861214876
-19.852076405963714
-58.78551813227526
16.24271980370385
-7.326859818854558
-51.15831812089613
-48.26853268250795
62.54653512795994
53.470741658021836
-23.147288750927302
74.42483307737501
-61.09096082573985
48.04018917978081
81.57230514982723
-44.74262068093882
74.1665611841226
42.01599105378003
4.158864842532992
-19.443407941843304
-18.32793405967125
-62.563850240859246
56.32271752750114
-13.13395274135462
-42.60953745569111
12.300333775412199
4.7319232762772
-4.022179055730547
-22.60808337533014
-36.84857893247816
-24.952488437655887
76.32848496602182
34.66499951980205
19.97626193938278
