24.78726861646615
-31.29709472995863
-70.47851584912414
-71.3812005005341
-49.64984911727058
-25.32559093703749
-41.10254221206159
15.777187113990223
-53.51808093287808
25.268917454186436
14.328600202523646
-23.32539814779419
-4.2092551056310015
-11.473410749710624
59.62527214142884
23.431251667314413
23.89287981222489
-28.403462797009865
46.47836374442798
50.02974824484164
-29.893576216899277
72.79610711427159
51.26435269002485
-29.3476074979435
11.462613862761273
1.3466657119883791
-39.54753887480985
-23.88133685344016
53.9649601676268
-4.196614830177154
90.01490905367916
-6.404719742508149
-10.355167107433914
80.00222578490701
-25.689824576030517
33.31019302974789
3.053264589885515
-68.4240483849784
-22.03113823240325
47.01545412570036
8.26457055368148
13.499224467970166
-33.84676382814524
-19.844196719751707
28.894460110153545
-93.21459661392713
84.36743326904818
-60.00193518074037
44.69096037913923
-17.755528170452138
-0.6472262678041716
4.637095396362383
61.879345078818034
2.881889100632904
19.83841917573143
24.795335808119646
-20.03920412331911
-75.10260179392492
-1.1657277199169016
-1.8005392612915045
17.46944390364206
-40.789600567612105
32.83968329983364
-1.0248577556917837
-12.58575071420762
-18.085479347710944
0.7834005871004592
42.03058428618937
-5.457555165818761
-7.6156013729376895
29.98358548071505
45.89993323287635
-57.16134252233933
-41.25291831483666
-16.28307918862177
36.657883261718325
75.72645387115935
-31.597747671959354
-69.03328039901837
-33.74237964869697
-15.925372101001798
3.326186666924116
28.57420322101872
-11.446773105768202
76.14909497635557
16.191435825335432
34.890912733308596
73.13223008505199
-70.07281871551197
46.53914888775529
-56.55544844235712
-21.67174562902933
83.52433817633673
34.74651882407716
-31.170072955096813
58.4479563688426
-76.07583750568338
-32.46146497597134
23.437544112231777
-14.81543319963042
-0.6254379283428051
90.3835797530945
-7.314096654495728
-69.19993045033091
21.99920358455587
-5.558251612617298
-60.881218896702784
66.45820892402605
-58.36676918181237
41.88251269120218
-0.2937679510392428
-16.397691206465055
8.008859018582612
-7.857805714705165
-75.7762291324986
27.63348209532279
22.407445471319463
-4.361573881236438
0.7081496079006371
1.297129482497695
-21.795736456794387
-48.74914962002308
-4.9813696488704835
-29.63519466207657
-26.9170755700504
3.6383085024105526
-46.42396983637442
-50.90061653513059
70.7314744787609
-58.14026918437819
9.336511875155779
9.23584494954386
-32.8391908365019
24.141026639750677
-15.361209817671877
-0.5341524522724654
-35.087612214507594
-57.12443771196441
52.58245820462275
-51.23824098413037
-62.88542179299324
-15.17225508433556
-31.344406706578496
-42.44144108008404
-5.8991758486566965
6.185903439704219
-34.905649114125225
-24.457706180164635
-73.00671008311502
28.89230792345147
-87.9057193377599
-1.875932291096703
-3.307531103563065
64.73522032330331
-2.1929552992790775
29.967342690975414
16.083580741545774
-27.485823293100054
-28.1994999531193
-51.865583773548586
-57.52788177133593
25.831814645228917
-28.458652102602898
-67.07563915015595
61.60230667185118
58.074835434465314
5.474868004386451
-75.1931290012926
-34.721003737776684
-22.492791223340134
79.79645335706238
-4.5055585410923555
0.1688346867311168
17.51248915801493
41.311696307062874
-12.952581716571302
4.6703365658732565
78.7622106665869
-4.368135599092298
-15.485424267214412
-13.622341127834588
-57.657583389171734
24.62283816565946
50.55560039251216
88.95099882715277
1.6223958751532166
22.65059781569593
-24.460705985280185
-31.548778426897016
-44.646242810794796
-11.135804718616953
-91.97359622043372
34.66469361075687
40.243544467980826
-38.030683445505275
60.60313163594523
-50.05942595642181
-18.955419745868
1.1049179640807978
75.21373414808784
55.88578382598698
-54.65121903529089
-54.559174920400636
14.62987875969472
-46.683958941555886
19.00574547882063
27.039879769876976
78.85037563698768
-35.64909196876529
-13.309416612270368
4.234380681436477
25.314195696814735
25.682379612116904
81.21087332056652
29.892234144526384
16.56755133686454
37.160433082016596
-23.156498489883816
78.16398553573214
14.955877123422425
17.219158501302914
23.96284971222201
72.80339641852868
35.738067350790885
-2.949161797190442
-32.48860528369353
-78.27931148124344
-45.71583606068024
5.264590333388298
-32.68137966983117
78.74688029389239
54.81167885592751
-16.33662716845106
-78.73696008826657
62.37809713013749
52.84060590359189
2.0142621987269536
40.67488152101191
-87.16473214886481
-25.950368150353114
30.45047788769847
-38.30662918687217
6.6647901721451746
51.77240100806034
4.646124311713336
-64.81905383997747
13.289007364616126
69.41640336666401
67.5026746218114
20.57925353985044
63.6454057947569
16.64759802150617
9.055772657763512
-46.08030825332217
0.27782352599791693
54.91637631391947
76.09419294364224
-10.700971773531393
-78.98655057640343
-42.947681549151184
79.81762665353091
46.24514938090471
-34.300953560856385
-39.7583832390868
-18.32457877351314
2.5552549653085066
64.29064514376864
-18.53711033259225
-61.962463115291044
-1.7064386513704903
-4.329226508935662
67.63437232420657
10.484901800499998
18.80338869363031
-27.878617130889126
59.600192572099076
-7.466754063061842
-40.3612466269081
44.1677838026055
-88.40929911075898
3.814467712041747
-34.92434730534965
-8.00829261567425
61.52892622951043
24.65122555527617
-36.864951798283656
5.76086709174028
-0.1870116197831635
-1.9889302997494696
-49.1368089856375
23.447004205886742
46.54677076045337
35.65129282131272
-59.90650462052691
-34.49320025291043
79.77149704875171
16.429744162832492
-20.65454702381291
43.18242562202903
5.450491114136824
50.95675556538745
84.56980129384368
-4.349428481377217
-66.21469542669595
29.71520190271586
25.148174224159902
-3.8176708275591835
79.77467470709678
-30.124972086322217
0.9763463500199236
-31.159705685142526
57.196960348200946
-31.465743411986026
39.34078829926764
81.67908084636471
-30.457654252037386
75.98754591280309
-36.35465084505385
21.73881447970885
26.673486271279174
-13.26757921726957
-74.10493474450377
-90.81970559583536
33.028089427002186
19.1013071038348
62.74621167044208
-44.14625399011509
-51.54666413023759
-70.11372539836114
80.93976920863417
66.83688269269791
-2.261595889741102
80.79669463980153
79.61759828138514
4.8997912940463095
-5.822146622742878
5.493078435924772
-32.593358232890495
14.521158969799302
67.52064815489089
49.510867560256884
-72.83848579237883
-84.9144753447018
-23.484785314503142
0.6624881222809194
-52.19621630852337
-5.408443610602916
32.39924602877301
-57.31957297484514
2.7136442295108196
-64.76646906776386
-3.4190152305970116
31.560515835896922
-41.29244908739138
10.724035799215315
1.5389620724166946
37.72692487400306
-9.820846316558331
-15.367497033452437
-13.61764365777907
0.18963237362258667
-31.372096158572816
-10.336577795413788
-24.526068280056776
3.543399708637793
-47.94475342897287
22.993907846772117
80.76960902782488
0.5548898639353581
1.2341559424422854
-16.86105754603271
46.3006675458401
19.022642134049775
-59.7652894649574
53.51156509072149
-56.76436592041925
9.383990907095452
-31.947543891502136
25.9891533202032
-71.83253022483042
8.966101996330707
-25.343017741639628
39.119563456176024
38.49074455546497
6.131673631237774
-21.991753184579068
79.65662913050096
55.543149440132794
34.12937858680263
-17.932606988309402
-17.73931354291058
67.87645393819793
-16.69256985955721
44.948624773629945
45.43280372422487
80.39591397361383
-13.632744721350704
-78.89703322515007
18.03277833890344
-57.155121905568016
-62.4864667184689
29.11893843185247
-18.172935672073635
-3.765904401735426
-7.791360708295585
-37.67678091071156
49.54511570168907
-21.053050117751326
63.36998223263353
-42.108161590490226
33.289978616177194
-16.393902136954225
45.806625918382565
-19.847955772057162
12.21854933709632
3.725523095331141
23.680769199469566
-30.18474561372038
77.39173060304176
20.809014581383153
29.65475385388062
57.175401190760596
0.06282568228547802
6.650247145478289
38.202778089735716
-58.212468209754384
3.605809279533247
64.32369714211495
-85.27717093458327
-7.476186407049923
72.42623823255352
-68.33481232078657
-37.71321136318937
-8.707976421934504
-83.41917995651615
-32.4101204997677
39.9730066581335
-51.16919791055745
-21.194027262661763
-5.477246444693648
16.76374605264526
19.7243349626262
-69.77188270644457
-64.5730229570679
-82.20333972654379
17.660277606626266
-35.02161669850485
-62.84144679467999
16.118292041902308
4.7285526128114554
-15.046003580799422
-23.31318067175505
-10.385540399643503
-14.711127923639552
-51.98454193036935
-7.582632450188413
37.81144284901245
6.626992498343583
52.746887301264394
17.61084661455702
-7.967500406360415
-70.19107402977924
-94.58759374397269
-46.3719602196056
-49.24462889220279
-85.8118330473017
-17.77286931808672
51.526460966029845
37.60525777229992
10.216668125937872
-28.794041133565145
3.0293838538919147
-48.943656314723476
63.87974547470637
-58.76691944572265
-12.132485990175155
40.530530511708804
-41.05432303774133
-6.646445722377166
77.14282606126875
11.476174052092418
-0.04277462590469838
-5.06733406072037
-11.546723928824306
51.39768694064776
17.235061253386277
69.44948376207833
4.689200073641857
-20.884178932957695
-16.4138612235449
-48.263810750733334
-17.429841723885346
-1.962155457160975
46.48451505489436
3.1901606400892604
-73.08751638672841
-18.19011949497994
-55.28785447262629
40.19425249734854
-8.682076155792998
-35.04117759014334
9.982210647233401
11.824056371735267
38.65821257141599
-46.61278381590791
-86.64579512622116
-3.1329227312925667
-30.890694253882984
-44.601660339579546
-60.1087251977055
42.1936806322816
-72.86772191083382
-3.2708901752346833
25.48430014497275
-23.03641274191773
3.278220059635842
4.664628686871239
-6.067395170121372
-4.360914170227517
-59.03771777290065
-52.31006546470186
-21.408392309830475
-1.0167350402571742
-39.456232686703636
19.88358169068931
-59.01925664714576
31.812070781843204
84.53080691857008
-4.113062925019392
8.018417812782488
-0.9185647172687368
30.03262444703691
-12.547407578229425
-84.3420669314032
69.37185028705244
88.42489028013861
59.35552593269847
23.935456899064775
4.258066925020131
-11.87725764249518
77.74327783634891
-19.521546685815764
-91.6275564326342
-6.762526340255221
-10.975869134689745
-1.1276934506324494
-16.25591651061893
-11.035356649154238
0.952866175286033
69.91131852642917
-3.41792317098718
29.592159994541504
50.10742752245136
57.959131317873755
-74.75782198981088
-22.56584891681682
-8.1509889708461
-45.80844159172253
29.52318466232302
1.8705321951368177
-55.96423827661096
12.770577733321346
-12.558694428493496
82.39055130406942
-41.91705448521098
-7.889058987227486
-0.01305394029466811
9.767999279357966
-24.276476621245834
-68.25922873025993
-59.371318461599714
15.466119707118622
-17.415625231348017
33.261891551322435
-16.337937845566586
-10.561814044253438
29.86699255384366
33.76384902149994
-5.364785798985437
-6.899232593017402
73.42134681247254
-44.041782853797216
47.403891245809206
-16.773765536943046
-10.70365353809045
17.208317257885426
15.752155709993048
86.7696351355927
-51.24752857836865
-30.690815102573268
-12.257931595663663
6.813584733513665
-12.791613301874946
7.126962416656966
-33.28156375735111
-1.9632774561066526
-54.81522937318046
28.337768590566995
12.211294471579365
-1.3402106726816072
24.493105745641913
52.910790457333974
71.0787690905228
-20.24889853001315
34.0419876295299
37.804774345507184
31.600446675623516
88.65722730260396
-19.78312676468441
27.862778265413624
34.57823837705811
79.74935090007119
42.89783580112254
-1.6613970847346025
44.1289260309095
-10.023250330464634
14.931740947259556
31.628310390533613
-36.510950480726045
-63.73318049611812
8.68502678890792
-51.21859507439693
26.274764350614845
17.098918490021404
18.74888309858126
-4.361044818327073
-32.98369927681007
-0.8406126027198866
13.861828940042983
47.20271985457447
-18.762867855420225
72.69039994682734
-59.577506523487145
-29.1505356352844
-41.601906115240595
-3.0412468812938016
72.70180832952039
-41.94915168362942
19.94021958709024
-43.540844731984585
-15.60896670215186
-4.48529402375155
-75.47980740730837
-61.95952585759146
66.05834467193296
-3.3122910975306183
-37.32211635007277
-53.6505528727042
-13.23265068149928
-1.3147989933845707
-13.213063839162842
-72.96302344398319
-7.383748581857461
0.744846437919449
43.36190422570104
-51.63573419951615
-15.253721677969267
-94.60687910659547
-9.862982507971111
-81.84783723694066
52.64448150890692
-39.82484375433357
73.83589823597447
-29.917904138824454
11.046664039446895
-62.5770682701606
-33.624690827831344
53.127707955852514
-28.305752368545242
20.053147541412073
-3.477929798204954
-66.03262948018256
9.392576414357364
75.6970143187767
65.83319508371551
-70.26242150218269
24.11420786990834
-59.44574521088275
34.29345564943546
36.0487393134695
-1.2918880290398391
-2.897547656232632
-46.32117584141912
10.367555316011916
-12.004788828461841
26.139188715614424
-47.94806439378025
-19.103137902065185
-43.33635473396656
-26.335831384069564
0.035555644750175475
-10.563068164457249
5.908251283856899
-14.322776570608639
16.33387051584026
-32.02559824430588
4.108154413752857
-86.40068668346113
-53.5935403584257
-10.748066240862443
70.31185195374155
-78.90978389449758
52.196313466923016
54.68042884293203
58.121502472114514
6.90054290326006
-74.65552999656686
48.08685475200721
-79.4678336117332
-5.374213915560134
-18.123012460297204
-14.67808533355813
50.035692409967254
-8.515511392308113
-37.77279949043677
-53.03439713424166
-7.2824005484496865
-19.913779319954486
-6.2934413186487745
36.813126588836724
-2.3461111744401393
53.20082945198769
-10.514189200759105
-72.79432560641874
49.314983798353836
16.991292398394876
-18.082526171280378
0.3951117152794126
47.99902524941152
18.646486324980657
60.82850914608278
0.1107904547321823
16.22272829239941
-31.125433033525383
-25.00079911194787
-18.825722906719605
3.721612922590296
-16.593611386585422
74.41791454416955
-12.36923113302808
31.19256158234282
-12.817296177162419
-66.3260496354343
70.61528928166982
-66.62355732179418
35.18539965934232
-44.377781766908164
3.610801532211738
-13.957440180392538
-72.15882171238603
13.772738162047474
-8.92543396477511
-49.2393341020223
59.61377054975955
10.368646741371691
59.634566995489706
22.88736813902274
-50.40254044968208
-53.015134676356396
-37.84466984841759
-60.15113778376576
35.6758809944574
22.32068853135715
-17.53592852100563
-24.25651513640065
45.2388237504334
-11.749242398610932
-69.31478653133954
6.261258867088074
-72.8228431627003
-18.694459260349987
14.22492476650271
-34.254903893103396
7.664966692531237
19.53905483475117
-45.457207666219134
-54.31876147820001
11.482643072809012
-0.26477399990393735
-11.465772837472912
-2.7133249010335163
-2.6242949863418232
30.238637291274614
-34.58300395251892
-28.60822653699566
7.695086264071648
25.758270045675815
25.06057235875535
14.227083721903341
-79.12406068171711
0.17407951422813994
42.84681861074324
-41.06008535552239
-14.747608480801915
10.313455291027665
-36.27260972820198
85.24565577502864
-3.3452970816057785
-15.39569733135778
-28.13568008293349
3.643063853924957
-18.600421370667675
-57.5127732172171
74.38876892201134
-23.567225463887752
-28.720451614518197
-11.4935069914157
71.87482278258943
-3.4700332849284194
-35.62205818333644
49.81479586194337
-36.45986062514291
-13.806606573425697
-32.533591082567995
39.35563437452518
-0.9933164771626366
32.51663385430771
-0.8551789043381461
6.61583743968643
78.59097790170432
-29.113259619172766
67.92487666211684
57.62229006193243
10.076384582054757
-23.95081597810143
-20.124887978473765
33.047276487158484
-11.882754844853991
-67.84550885447766
-19.658978235058584
90.14552026245215
-17.031470717236317
30.75165827350648
-58.537851759596364
27.012477692865076
34.323707201817
36.45630376422102
-12.42949771539844
56.437322707848836
-3.980867097821985
-6.170505153649643
-31.952233192963035
-5.414526615772758
-25.571445258415196
-13.865560090538551
-7.9162916467042805
0.0205297288476487
45.77477317728642
-65.09834952606059
15.373167303034464
34.07913847428415
76.32492778849644
11.148801370507954
-64.98632048561589
61.24390455560666
29.88296705814966
-10.44181396796769
18.692320550120016
3.160582786208394
2.847684257054837
-57.13211743339419
-90.15163084006771
-80.4816829302307
-22.6510585349387
15.680427232676593
-15.308576240068987
-72.15735861612731
-0.43627006484295805
-47.33199103682333
-89.78860828293531
25.72749868669341
0.6695688486077671
-31.296877703264812
33.5633784692597
39.893420191433194
-58.70800264005528
24.922896222210653
-12.739546578911387
-26.432404421377356
-35.3505312803126
-36.80639011832676
-26.860971912718895
44.18395620777878
60.21878012875166
-78.7605499627221
-11.4271048306138
-0.6210764272530866
-2.1722138116024183
-12.14449411905791
-41.70732534426066
-58.391367532941906
46.624132589964034
45.13295319384079
-0.5082017930499632
15.218867060879248
20.80584304596634
12.303232678586085
70.88899535827437
19.13730733885322
-12.271532698663577
33.234081513279534
86.96557482390449
-52.66183997162915
18.541586168779673
-76.37537510573034
13.948071636193376
49.51209743809082
-3.8009635422921377
-38.14978864728165
-14.820040452071254
51.93676489139486
-6.428920698250877
-24.425888819673787
35.0599158473774
13.17955963660826
-68.5360121401134
-21.42659328790441
-5.384528632591056
25.376556033726587
26.152473234707855
-3.4781241071348887
51.010704017580366
41.02402886942477
-29.894823884215157
0.1948650267809029
-31.611544449324185
-13.903912544975285
-1.566626365330194
-25.368604579659618
-13.214412143714952
-4.96058437455099
-77.42967348739535
61.41291885502531
1.4817217660888673
23.152862354154337
16.29032734334578
-18.103407864687426
-0.20350551445996246
16.642750419064598
10.574212972459364
-33.83986224050223
41.0616490818758
18.212060937700215
-71.34737081943962
-42.29777835243398
-12.055544160389715
46.83902378269181
-20.53175929485792
48.68481146244622
33.071620441057235
61.602238675444625
48.33111946158684
69.47735201079328
-70.2290509288563
30.27632235338993
12.845718084351134
-13.164367209240424
-43.20612788127557
63.91612461721948
-4.21206425522216
20.77322007501415
-52.96660924737129
-7.430234230051013
4.756140571032617
79.35465679767151
-59.07454936995393
-10.531093352610725
-18.461137341422898
-15.79838341015018
-62.67569567204289
14.17859165516505
-5.865974946012756
-45.65096020914869
-43.29012578248212
59.28063030154385
67.66043036305112
-18.28541223178067
83.45003147218353
-59.797185496052435
43.907745871797744
82.89496791128906
-58.318789277373035
82.68457723301793
43.05143467813522
9.256536935607656
-17.518825833200623
-22.299570140794046
-62.86275922116071
59.56236501067019
-15.63846957440802
-53.751059289365415
11.191538310790293
4.771891696970499
-2.5203484118992776
-18.084451118942184
-49.7589053071095
-27.60381734272397
77.9463828408112
31.0067594277902
18.18997856225974
