27.90148429752159
-35.198421528974265
-56.548646696256306
-56.13759482854847
-40.733873071273536
-29.883752595074526
-43.71874861284256
17.655280991001817
-48.018900114979324
28.267561043027527
15.790846903352474
-29.006999974876408
-5.970640808404212
-14.832813926600252
43.587660145131366
26.448421034176306
26.74746598157087
-29.766000253552306
48.60056591566345
49.29827950575162
-30.852549985454374
74.49403540471724
51.07109166690003
-32.41520711696374
12.505519643881186
1.1178047186472497
-40.989244135468795
-29.04925105525571
58.19734311811436
-5.978705791317779
86.95416766144089
-8.18967499777439
-13.349020501818615
78.99239779911872
-29.365006023093827
36.38443437678691
3.163895142281177
-69.23908954234793
-26.130311101954604
51.25992163446773
8.78263135411349
14.928462811639633
-35.135855160662715
-24.884755765784178
30.20648797095052
-83.60170791309648
76.00030761953076
-59.50316639061242
46.12685249991816
-14.625483006907118
-1.495803698339671
4.4539378851164315
64.73016623585647
2.434587612905972
10.56034576861164
15.721525413422896
-20.50606759058293
-73.0584350735276
-1.292583425710788
-1.1179372312051044
19.48127806976025
-31.55165593529651
36.61750133428194
-0.6563883258355219
-15.621701640265613
-14.432025693367791
0.002540357189801057
40.0436518893836
-6.841986100680401
-10.110979775511026
33.344054344385256
44.98433852361529
-50.38580187755793
-44.94666834970636
-20.267076208065035
29.01818069844539
74.56642425140603
-36.32138747872959
-55.69059345886392
-38.89435292269582
-14.825580538490442
3.608304064339066
31.64164246769471
-14.621971374352611
77.36742286924093
9.377905149985395
37.82692605061493
64.87920015967433
-54.45406531575865
30.596624782830418
-51.84885403062292
-26.841675246238694
82.73457681667023
38.36278785667412
-34.63939790685557
62.84921349819348
-63.44465932472671
-29.710109400886978
24.89485017152745
-16.45285257731355
-1.539174131597818
87.122686191644
-9.262110942627586
-64.50543418529745
23.935388685390876
-7.618930372338639
-63.59221877473102
68.01759138269637
-60.69688441859707
43.64952282507855
-1.0979400634044083
-19.38433216679421
8.48906572532232
-9.570819993546408
-71.97250117185102
31.068944058613653
24.428914207836968
-3.4267513046204243
0.352335283028566
0.6703875670944512
-27.17923341013386
-49.241753844276246
-4.505763762748188
-30.486148090506873
-28.54145499000282
4.104730648098993
-51.81534427656011
-51.87181066283052
62.17322711041467
-54.3351929900436
10.36180264198623
9.937177229279087
-29.129582685224207
24.67340994063639
-17.072511093572174
-0.6902041068571236
-25.635941651969333
-58.24078042168387
57.09071664527394
-48.85076771003626
-48.362947125733754
-19.2046067395609
-36.327522065956074
-46.13735921842947
-7.941707747124681
6.3356150717220885
-40.39230393180703
-27.447915688824395
-69.73481712227904
32.41722138799011
-81.73658466848305
-2.4000620936255217
-4.810792276582887
68.81612586270904
-3.5940250161896756
33.59405681678916
17.785251461639334
-29.94324105785745
-28.44638751725688
-48.252002820456084
-49.04414473967578
21.411559860887124
-34.4733920675509
-59.15384083991042
65.63760447568083
58.46060734275423
6.48735545835973
-62.574108280343985
-39.677516356278815
-27.817157079320467
76.35839833791636
-6.210276826439198
-0.40221691922694447
19.49343053083112
45.775804302659196
-10.674306658548545
5.300406303152144
78.6312542467765
-6.144671297266555
-12.769591311887297
-17.154554551337867
-58.74756480080256
27.696840366184645
43.96368385810865
88.60735042400853
1.8030072436072118
25.33515422263666
-28.535168415774336
-34.277537675633006
-41.802757004683876
-14.124998887601777
-83.89820374708923
35.781337086167895
44.13815533793556
-44.38387778080611
62.435662484522226
-45.96812290146371
-15.045480890631453
0.4966347177125954
70.52444248843528
59.940950248382904
-49.239837804287056
-54.586640968168695
15.567680928488059
-47.89184818107839
19.703294926116527
30.19165795253707
76.04658020078222
-41.50298503426532
-11.396090067248423
1.8940943051178039
28.014807906428004
25.16028468612359
81.27923433949917
33.347471402614985
18.355835846586345
41.02241692279918
-28.99456560003223
77.27233944788804
4.767487781548098
14.026508981785184
26.9760072115662
64.21152742778617
31.116667454870907
-3.8021555808732472
-37.978297378067246
-73.30992676767399
-36.43858046856394
5.98966158145133
-28.663566098670813
70.84644244509906
39.74151319921478
-20.454888244145167
-74.53795811010232
63.53033559163882
49.11426337060186
2.5765434130435807
35.748882167787144
-76.34260896011061
-30.892774324647476
34.17571390029937
-39.33846392998035
6.932744815884703
52.75244123244201
4.607140478530155
-64.60422305224223
14.649936633670436
72.61114978259187
67.70206337799374
22.37491112045946
61.818297469982184
18.695762097049055
9.897151741717408
-51.27775189191699
-0.6161262569095811
59.023864404900166
74.2773726443003
-12.993014784387256
-76.51851762351848
-48.72763899630625
80.15115975656335
50.49326563914664
-27.862769875296507
-41.18467009861714
-23.02058187649989
1.0121581065881173
57.7879477383635
-23.339196631131884
-58.77048548628966
-2.492080983824323
-5.4851915681122705
71.44308265816775
2.224819093704994
20.536201679605
-26.39489304463686
63.92327536908596
-9.502539690863046
-33.89649253099404
45.24177417183179
-80.71986768708003
4.231680995607462
-41.069792225519
-10.550549321979858
61.91892238916185
27.665369349197107
-32.58327468144297
6.211883899863551
-0.9705940160132656
-2.890180362885644
-53.51938259855454
23.575437593868003
50.95866484229063
39.676720977348594
-62.9117932029676
-40.36890609959808
70.7340441179173
13.718353648139143
-25.16882832073621
44.11375791917499
5.573892002130464
52.51071412761209
75.80174133604496
-4.662873195406391
-67.3237714307366
32.99635366529813
26.55657381073091
-3.515324328222789
81.16436380038076
-32.10260153605191
0.21472332695059038
-36.3868252551168
61.32911468295691
-34.09792552863132
43.02480823352158
81.98897948937977
-29.85195981075809
74.2681522982723
-35.57401510761772
24.461587504910014
22.36125210843511
-12.100379999111865
-72.13680942247022
-83.06855846442346
34.34402838850514
21.52339312592771
65.89143485295696
-37.66221915857155
-53.96774026225944
-70.26931949299909
76.49695329729508
61.95508889670353
-3.493432444902382
80.89628709238701
80.63652670118657
1.5505443590050305
-7.910439614216372
2.3982854944137415
-28.497863814468005
5.4304064596273065
62.33010971393375
52.150572546751334
-58.104048679294074
-79.23151796294329
-19.871715991545898
0.6624533352685518
-51.861524749169625
-7.373491835537635
36.165936365115215
-52.11741275667706
3.371639193673218
-57.92804056784332
-4.945809516616748
35.04940945806803
-34.13781386281902
12.105172962102912
2.0991116157500045
42.01462185878967
-12.781836900733637
-19.690702048884603
-11.69487923184414
-0.398924608835344
-34.07832128719867
-13.325003686049271
-29.25467823082485
3.5285341114914104
-52.68003776888652
15.428272561941753
80.61603042009813
0.43960252289548407
0.7630507883109345
-14.702619779830158
36.54379644097315
10.086096655129111
-50.25019163561281
49.66695572298801
-56.61379146336802
10.114991207269966
-35.71317860568786
29.24956617735748
-69.65339158542162
9.80205591279416
-29.44266925223016
40.53399097405949
42.3023007986956
6.3271231018778025
-26.290072032336667
81.55476745757753
37.941051630630795
37.5946194800666
-20.126650008780658
-19.423359783154197
64.21261484929636
-21.170458544518695
48.95399826502893
49.93791603321864
74.94519978866091
-17.24977253839866
-67.31755379864589
20.218528949554482
-60.68857514539244
-62.94136319034245
32.664498476765345
-18.560100393237292
-3.390013291241118
-10.050494230564581
-34.87330941753998
40.39770108426168
-23.78428152463148
58.364671268117576
-43.27838363145827
36.807624575393135
-18.21781834009836
49.95671402001918
-16.405247301231654
13.274738145163198
3.4317841481227305
26.66283697424639
-23.02787452947554
79.90233170817564
23.07569913159668
32.54923653030082
59.39300399215966
-0.26581218322630207
7.257948752151407
40.50967312556378
-57.77956119822534
4.171797389177726
68.41464650549824
-79.4822637307604
-9.852541339872317
69.41469136915049
-68.98097418402041
-43.63883296251607
-11.169356521142689
-72.46992018259047
-38.11254887297899
37.26996004429225
-52.44073335823246
-23.310103048647463
-7.495657982352412
14.434421193731694
21.885414640285504
-62.8973750092103
-60.53504249614796
-75.75954375522991
19.974170321815308
-31.193551257242746
-62.043800221504796
17.774746131086985
2.9462941902598203
-19.022944440699348
-24.424785258693703
-9.139613077112358
-18.611903144638973
-51.78767121752444
-8.735401030042553
24.14690602812348
7.518299136507153
57.438430586688554
11.913192195929767
-6.7516653511645615
-65.85492927861056
-83.46637051253549
-49.99724671362583
-41.34837894323456
-76.80563329001386
-18.11763298840326
49.28785715977918
36.505598359749854
11.199167226199435
-32.814411799085136
3.514679877937553
-46.39225294230394
67.66479668851525
-51.863824049408144
-12.485379181874691
44.81328579999362
-46.4836880483754
-8.76643770305428
78.57676707409308
12.67512356002625
-0.2599620880889546
-4.134828157784156
-13.082626436650742
52.53290493079098
18.454100858493163
72.24339652762086
5.453612830018699
-26.22563077495586
-20.79025701726728
-52.01069668545907
-21.375532141842157
-3.058212648088741
39.235248490061394
2.0749422992116564
-71.69224704343253
-23.16175320535936
-43.87372027283679
44.52171772204426
-11.365104997751757
-40.284468041120185
10.896494402551056
7.340672842806811
38.42628233137111
-52.194212911956555
-80.61987552937958
-2.9852756723915803
-23.435518901367686
-47.21573496076197
-62.30986484647594
46.66801436119408
-61.591414746229965
-4.482092535611898
28.69172005377993
-24.844916182410884
3.00898348685719
4.544405222819307
-5.849552029521163
-5.280875298127228
-46.79102582757621
-45.32293139240457
-25.533349379120423
-1.898109815914836
-45.856927413230984
20.3694446823757
-48.40931160590066
35.63391798386627
84.87613897167938
-5.331416501665828
8.506578828930913
-2.001686327955568
31.84086785253291
-16.157283708696994
-79.76998689572011
59.06917071691828
84.82394282405824
42.0077903822837
26.85688927886781
4.060525524246856
-15.099730191520251
72.36349999547579
-24.438320670073097
-82.42926831607309
-5.945014840134377
-14.218497175186897
-0.8915500153304237
-19.35747475803319
-13.80662090688024
1.0767761854603037
72.41819919966389
-4.631311220967973
33.162448620615805
54.05565159860623
51.7422161369
-71.44224038412067
-26.850719579135685
-6.794393481701277
-43.57314446086879
33.143674001312974
1.2998998200748844
-57.477199602425614
14.039846236863482
-15.742519574752123
82.85727348430464
-47.618712601778235
-10.435941249691538
-0.9006050968093717
10.60246713014304
-30.072670725201988
-64.3952122311793
-59.88177859023537
16.895010204915877
-22.20862585185519
18.54255970085491
-16.360743344622065
-11.842201423585323
25.728955703897412
37.1798007700221
-7.052678959261456
-9.220407034912256
74.07076039048275
-44.0858731399031
30.557105681805496
-19.35349878155303
-13.364057300746481
17.903251485771023
16.543337490465447
85.31472224478571
-41.77411824413014
-31.133717777325103
-15.803569247209296
7.933047412632163
-13.019006906226423
8.280964704398897
-39.30816888661575
-3.046517716867598
-57.82021771010699
30.023801931405828
10.808391661928496
-1.8420517255924267
26.145692607730922
49.22661828482197
74.47498980281682
-23.819716335464108
37.99189514024013
41.868358361204685
33.362288866456595
87.57143661964824
-23.055578203791413
28.79813130788351
26.5762821764404
73.65208455988176
45.87812339053099
-1.4080665978304694
32.34142586049521
-12.413018435857069
16.825852568215268
35.36508132343906
-32.77616897508901
-62.95448499817714
9.723821432092066
-45.36726989939426
29.604716675249563
18.96761488906516
20.695079584324418
-5.291069970056839
-38.19964500463099
-1.46591897144134
15.281564006886484
50.32764688641538
-19.01134979226451
70.51539017124188
-57.447710314107155
-29.604128925286304
-44.54627263465882
-4.588621405652006
75.55144959461413
-47.47223920832621
15.12573250803527
-47.49690413400325
-19.972283587527755
-5.4804391813363225
-66.50450104456037
-58.583198591846525
69.95718204687066
-4.412106158614492
-43.72000240972977
-53.631483325175346
-11.379030041100506
-1.9875729122459944
-10.847631311627723
-72.35736674998041
-9.64468189547705
0.47334872657526716
45.13018646606369
-50.7646622422859
-17.28569949091589
-82.92009590099921
-9.246129540401029
-69.96630613921565
57.27457263257779
-44.02164363714219
76.66173897655696
-25.612208369675955
12.20644001620596
-64.37575376802269
-38.81060767052107
56.19626820610148
-30.90765784468627
22.369413893199052
-4.806223855479644
-55.219223574485255
10.423175296265285
76.30909608472624
68.25005471810456
-69.86357462495852
14.994190069994332
-55.828945439585645
38.09838576308306
39.630538074192174
-2.046675489452184
-4.011195654799579
-44.083449616347934
11.365279274112737
-11.233701252893894
29.272294097924828
-35.18098055969909
-17.324223759128657
-43.146937687874946
-27.274603654728494
-0.18615435171145123
-13.687519769490834
6.320770223500887
-18.417875318964192
17.932929015089982
-38.228754070020344
3.921849375773661
-80.15853739859378
-52.98181445649207
-13.89197346163563
68.97270287181772
-70.26159914990086
54.68633337876341
53.56015462649347
60.520136823836566
7.174725390968419
-71.05746361293123
51.00516058674157
-67.12680527283385
-7.366533471856073
-17.10518596809645
-18.787054808542976
53.40940032706288
-7.085854571107049
-37.3173373632154
-53.79906685348788
-8.027507398850076
-24.690296027723534
-8.214725949468487
31.478870443935023
-2.9610491828256755
57.86383035004576
-13.570520435559544
-57.00822856508791
53.57145873059886
19.24491224708234
-17.352895360635486
-0.4194145591834797
52.509563187124314
14.496249696834738
60.82363972244215
-0.0904764872349233
18.345252591959053
-24.00599765761143
-27.161132979329977
-23.85331697320258
3.9091118133342206
-21.237421584435197
70.90646949123499
-12.472769719502907
34.989428873994086
-11.531852416155274
-66.5781524716929
60.91604323380835
-57.05242903596986
39.20252309041106
-50.02971693619515
3.498004011988243
-17.55059784437998
-61.86076199314449
15.087699811053312
-11.62759049282279
-47.571636681673255
50.36094633738685
10.366928617469483
57.02787845621111
24.985154759528214
-40.965070434468814
-54.390749369612514
-43.49792601696528
-59.92135793735553
39.82259659371954
24.9512396850173
-22.22219130829069
-28.749648555079773
49.73129396906472
-10.962339057419243
-69.53163012329499
7.073121899249728
-65.42981013317294
-23.428862959130342
15.706220477527651
-39.730582237414836
8.07166275488352
20.39429585131566
-46.06307655565644
-56.58825132902651
10.847427780338379
0.287391058893391
-14.117516383887619
-2.563564437820048
-3.446889757770734
28.850294356408412
-29.666975241775035
-21.275999516273373
8.473911155846736
28.983187388017257
26.992980435779216
5.463379470398195
-69.66084119282634
-0.38717868637604624
43.21293294826967
-31.356082461883105
-18.66953680306409
11.235995092746265
-41.95521034041193
84.7187602854419
-4.958555639279339
-19.485006360065853
-34.427063874645974
3.380399885081971
-23.6039172718355
-46.24719744297469
77.42059822266307
-28.609239457849682
-33.294759570994486
-9.506365371660024
71.88485951576246
-4.170382033497958
-38.87135748092707
53.92189465702728
-40.95234884074561
-12.762141411895442
-37.17912258892777
41.645991571984524
-1.5545451650351367
27.72433317056283
-0.5779496565242823
6.885317340540212
65.70509561300898
-32.615178533000545
70.1731337864392
48.1722411864821
10.910062916651597
-29.415161011057265
-16.97157789644551
30.339284780596614
-10.299952351965132
-53.194959892980656
-23.532896113595612
85.10364109070855
-21.677979477858827
33.020274935497355
-56.1628791239238
29.911939086884885
38.37553678505378
39.49860677781254
-14.697523638502815
59.11456113747488
-5.731550076778078
-7.75147434980579
-36.346948241354205
-7.239472389356109
-31.478083844455654
-17.72417938833796
-10.29060342933731
0.6726119396674619
46.44933715933621
-63.93164278778985
16.474368091075362
36.278944028535705
71.74303660297122
12.145042654773832
-61.047092673828956
64.50177768673129
33.54572499038946
-13.410047418508071
20.60507638435267
3.0932030954001846
2.564689831440063
-46.07683810906365
-79.42597672071511
-69.98030712506008
-17.46600702225949
17.711163548251434
-15.52392493277479
-69.55326672232589
-0.861607821205638
-44.10308823950006
-76.28929084059236
28.814783122358918
1.0242363038270383
-27.819250279402937
36.932206232767015
44.20011621507115
-59.44719128914871
27.665222887612842
-10.80878219547155
-32.24789590195111
-29.389597110115375
-41.51051357158576
-32.518443811415366
29.471921670995044
49.5003785664168
-70.01403224448441
-14.67233499472104
-1.2149613510443231
-2.520529676169815
-15.67001506159589
-47.913473041593505
-59.960551077390555
50.92649461993304
37.491931638996505
-0.1626179348236576
17.1133975946409
23.478092395070334
13.04372073056679
73.41134906463031
21.454387452093343
-15.517893809745487
37.07555410125045
78.64155194118553
-57.032172222545256
10.067014598803638
-60.48260589745499
15.928164171086294
51.57281718785609
-4.904066284753981
-43.63939465293294
-18.426939420814847
52.811414786118604
-5.990576585619692
-21.26085506919094
37.76432821545308
14.459224265898044
-66.98531938190729
-26.92111229035821
-6.723663221253247
28.474295818511138
29.39261961421461
-5.076682414656446
45.765561240661526
33.7705281854046
-28.987859097897044
0.028292649282406046
-27.748173264147482
-14.375769783956613
-1.858617224213205
-30.555346711249015
-15.976992528971152
-6.896359097164549
-70.32455362669285
56.043510364059415
0.778164963190136
25.96507609161084
18.007103268406638
-14.92799772041083
-1.1237279914142277
17.811200706903776
11.619574364500053
-25.209527810839546
31.455485760228385
16.02033680367822
-68.91052498240128
-48.313879169608654
-11.593958656535094
33.06286094201158
-25.144804501878014
49.70511250812203
36.77404758398819
59.158947272250856
48.63353435180582
69.82044979616563
-70.73457522327331
26.5116609859966
14.650498340708594
-16.497329929571265
-48.62038526585419
67.58806536826674
-5.9837731468611395
17.081476321705154
-51.59285758813466
-9.81063388641978
5.3976410373245045
75.35578244986664
-61.145244913488455
-13.001119591154605
-21.877715975234807
-19.720364399799664
-58.936418710550576
16.100346546955564
-7.350444474632411
-50.988048087980516
-48.16285709611597
62.42303126501071
53.55296669543472
-22.928387944156356
74.44987584359731
-61.10939830471623
47.88925988902628
81.51832279538306
-44.77576229623202
74.1910615608189
42.080384554219165
4.327752651802385
-19.491440227848955
-18.282644398926237
-62.63218222774195
56.37191078494868
-12.977040116299847
-42.65194210376235
12.270565389287839
4.689023966866898
-3.9855409451875516
-22.44841253587518
-36.821524794183155
-24.994717193183092
76.29852625585886
34.51464127211938
19.957420210785855
