28.06749573926163
-35.189425552237005
-56.47726050412842
-56.07747297379143
-40.70182278544442
-29.937068381938232
-43.660668151726654
17.745040158472847
-47.9213535913064
28.361145837818654
15.8084514500855
-29.224399143480795
-6.050821866577763
-15.023000525840487
43.52200694234796
26.624787826222857
26.842658932782626
-29.695099309371017
48.60625606326471
49.26903281248977
-30.776939163224924
74.5997645581883
51.04993002802698
-32.37424963425572
12.548885975617935
1.0481526921815458
-40.905015554479434
-29.179972650822393
58.363854409090294
-6.019009444124563
87.02741414981696
-8.387504043020996
-13.575372487076478
79.06066516532533
-29.357236773040142
36.41243324318171
3.177371190176359
-69.28188294611518
-26.167293053407477
51.40409357488579
8.812530297087037
14.992393976583415
-35.055288439926464
-25.077118312173937
30.169306125064324
-83.5365898284851
76.02129808609715
-59.41577916819104
46.11221978604408
-14.675775557802964
-1.570304533961007
4.388333237162726
64.82764921936604
2.437289132243535
10.409374720443168
15.593042181933953
-20.454207609759067
-73.04148360851154
-1.2781070286710303
-1.166816980736968
19.56012936857823
-31.585931009722813
36.750349080398905
-0.7221938093819631
-15.65684224376649
-14.532808619464674
-0.02765210332685797
39.99119864660173
-7.0424073081922245
-10.212404888429589
33.423657778880624
44.94481603871
-50.28853209690885
-44.93087450994266
-20.362161399975122
28.93303002976981
74.61536054155141
-36.36262065067482
-55.61902100847345
-38.96496430061296
-14.810427537026428
3.555902861919378
31.69054256244297
-14.704418479159486
77.47300754379401
9.24312320493567
37.84443979013167
64.87312229891563
-54.40519619621841
30.486352912381392
-51.73594632254612
-27.0097984035512
82.82078573999905
38.44010935342649
-34.61074776074012
63.06660046543672
-63.337799180376614
-29.660045194784075
24.862753301813726
-16.41429323759847
-1.5299994539777373
87.19466423582031
-9.262339671797292
-64.385279728574
23.924706378003833
-7.676304414343505
-63.65333908201783
68.08643322676105
-60.70583231614287
43.63551278433354
-1.1653271740058955
-19.381851292240157
8.518823488314013
-9.556052279990752
-71.89812493207472
31.258711956507568
24.42161938006143
-3.474553887641733
0.27445525256963776
0.6360144971022805
-27.381293161239995
-49.14611983898748
-4.5058458115909445
-30.410821673943403
-28.475404393151948
4.050963714232793
-51.93625368118953
-51.78836187199085
62.160649809329186
-54.21597628938885
10.39437747471942
9.966748111089586
-29.095243723377834
24.623507895844767
-17.033470324022147
-0.6751155672895663
-25.737102708966574
-58.18561324074047
57.298224814398566
-48.73867463704524
-48.33955640723065
-19.34368648519613
-36.38942184749751
-46.124421687236534
-8.065500957571885
6.3560461973520574
-40.49026087669184
-27.414435216533136
-69.65323100806886
32.585542355241785
-81.72250224609648
-2.5424226783623283
-4.82048777057679
69.0283108615846
-3.6258154734637884
33.76433777224662
17.811757082675356
-29.888747591056273
-28.375205502481478
-48.14367346284618
-48.96534221864077
21.325239220600253
-34.65980631425051
-59.036261884440464
65.82445807285913
58.46745711009211
6.451115994296956
-62.470019765838664
-39.731628378302155
-27.993108698061604
76.39425168749139
-6.324120210211802
-0.38539134701768774
19.558906629868602
46.018124914872146
-10.73834632159064
5.275501663813259
78.71203198209696
-6.232605776789825
-12.824487589298272
-17.23927633321736
-58.694579186581336
27.85225854913277
43.91078808881852
88.7226453150688
1.7154908887517877
25.420151061663617
-28.556007624341305
-34.22364973110179
-41.70861503385022
-14.180692524700518
-83.86823880464067
35.74455270383197
44.233134593404
-44.56662528295784
62.4853456952234
-45.86842929448895
-15.146686109190611
0.510094565125101
70.53714096332416
60.095449320772644
-49.13766029408448
-54.49264200685992
15.533729225696163
-47.80607321595125
19.65776691731827
30.278936866876847
76.08558829435185
-41.63490512640481
-11.423294419682946
1.7785315929285446
28.047902398834964
25.099762762694496
81.37500407866753
33.45000867763906
18.392263874392683
41.12314541317252
-29.24427240718971
77.33540225809472
4.576251730895805
13.936376472457226
27.134463801871107
64.20382201923903
31.044171591914278
-3.7832205016389366
-38.081586610436304
-73.22521684783247
-36.437496340995615
5.9597228801251845
-28.636195902632238
70.85504433189382
39.66561038633617
-20.571858944684166
-74.47922775036392
63.56904722090184
49.07477370532581
2.4803683369599554
35.68301724559305
-76.22091093357005
-30.97737315486505
34.39635343714329
-39.25035506193855
6.957361725957952
52.74870781732844
4.545797556794952
-64.55418739005174
14.707508681276352
72.77345790661732
67.74158816500434
22.36178840457984
61.81689216663548
18.79681521132963
9.903904025776413
-51.37978448082369
-0.647147830432246
59.179214660166025
74.31830452342882
-12.98824643001376
-76.53941480314703
-48.864622131858056
80.24767229399649
50.63708089940624
-27.880393663240767
-41.10014320773168
-23.19152057516851
0.905576383278941
57.7653702023286
-23.525796461952794
-58.65135597238451
-2.6083025541446716
-5.467958077251822
71.6442546880235
2.036827853302441
20.52772358161343
-26.342495482741654
64.13520221651584
-9.721678500686437
-33.87485478528003
45.219715083897114
-80.65642033875417
4.184210564046751
-41.23328019238442
-10.691571982082877
61.938295561215966
27.791462471718972
-32.53964180222651
6.203974755101868
-1.0366861474216762
-3.0052667487697704
-53.57885019874048
23.520555172841057
51.13388223752935
39.833467884794885
-62.98103124261967
-40.50494295697128
70.74197631620217
13.631858345178003
-25.260829605816568
44.087467243113366
5.578920019232839
52.51574229058639
75.82197166752707
-4.643773930846365
-67.35270266392075
33.065197512279326
26.521957195796986
-3.5110214393296957
81.29263993668044
-32.03518069926203
0.21809305387365896
-36.470197655988265
61.500211140248666
-34.04163799408849
43.09667314380752
82.09278331959985
-29.780484056675718
74.30997939575511
-35.4875862035189
24.599161884652972
22.2769445725815
-12.097584640974318
-72.1104538741568
-83.03393313014061
34.30898990702238
21.649598950104163
66.01070215870783
-37.61965970634048
-53.93240004657704
-70.29721466828832
76.52809523323657
61.94414025168268
-3.579852616348248
80.99108497107827
80.75176071046516
1.4183230216242606
-8.012590690140001
2.2740772498614774
-28.47256281374463
5.254280159936101
62.319677032081955
52.18256440421993
-58.0310424052667
-79.1932330053846
-19.889503589033936
0.5600620234899765
-51.75819097105446
-7.482967249594438
36.30598872306783
-52.005824000863065
3.2881235363905432
-57.80913675079315
-4.956401562443276
35.13299021573019
-34.12403338918055
12.15115586537189
1.991316158455163
42.272761586352516
-12.948182773895894
-19.92134967281649
-11.839566825471849
-0.47269343695741384
-34.02403638332464
-13.551227589915413
-29.329225387764225
3.4995974441384163
-52.75725453077083
15.309132752977462
80.7047349466036
0.3411828066672058
0.7097119557583795
-14.71541252328997
36.47040093761302
9.935823446885848
-50.17441850868455
49.62845192824676
-56.52232070117491
10.144005377981372
-35.69671214406541
29.429028500095654
-69.59462105186125
9.807978319882409
-29.46115082833016
40.507991931736626
42.39030746506893
6.34146151504109
-26.3446580835423
81.70180106213388
37.852233391082194
37.655927118119195
-20.08901923943425
-19.378031584443704
64.2104153603226
-21.356990043638106
49.06236730822616
50.140850973812405
74.96827767715558
-17.35119428749286
-67.19616994612925
20.322131144738847
-60.762130934599185
-62.89808937078204
32.83243883664491
-18.51347000119513
-3.475867238159637
-10.072426739938265
-34.80284488986914
40.33440596017786
-23.75182547086409
58.34459543649706
-43.189744802681396
36.88025069818258
-18.177644615121338
50.08507708446666
-16.4476535539376
13.25524857764546
3.439817828762017
26.82029964919468
-23.108076143175097
80.06686455111975
23.10661780629198
32.57375015906413
59.44000712119234
-0.3638726333633713
7.260000420252624
40.50334961897681
-57.686968781531995
4.137883413596455
68.62542441890818
-79.44456935198335
-9.901418216263494
69.43060475150247
-69.01191872789026
-43.777081289345944
-11.393173323753672
-72.3429526022931
-38.23703158485247
37.21126556273188
-52.36523548297782
-23.262395440810437
-7.539532860350874
14.352333500362533
21.91869454774502
-62.77141086108799
-60.41334254460086
-75.67069661428164
20.095703370142772
-31.150734119735503
-61.962432069004855
17.787333630048664
2.8443238775237205
-19.153595963668593
-24.36356003690213
-9.262963632333737
-18.73776473955155
-51.68582470563446
-8.709604813243118
24.022574480367368
7.509111457298999
57.69653583558866
11.79717764601152
-6.7792453217154645
-65.74043523672253
-83.37869060924987
-49.9940781086851
-41.301865764555515
-76.69536046812496
-18.072360993916092
49.252043926728135
36.45142526554372
11.199274942752169
-32.81653756691371
3.4461000148040313
-46.28492274083575
67.84023887133168
-51.76219626484434
-12.453153759657951
44.98190495698299
-46.58233544802421
-8.792053792044783
78.69445214267012
12.729469376444726
-0.3438944983113146
-4.197712303671111
-13.051328334203106
52.530814918926126
18.42463529251917
72.38106948015445
5.410047951069359
-26.44597771855642
-20.96261142444365
-52.023532616480324
-21.44443913704903
-3.0495342325029497
39.17203999704594
1.9812176763083613
-71.6791323560707
-23.409473180817244
-43.849039074721624
44.71055104301729
-11.444437127049852
-40.36117037242018
10.910595512672955
7.220617127296123
38.379553242663604
-52.33357763379336
-80.59235923435051
-2.976795309055248
-23.518189680385433
-47.1631855299972
-62.329127843686024
46.89262323754417
-61.48320036344676
-4.611847890650253
28.86914368735887
-24.788664754988673
3.026019540208509
4.560255227582999
-5.839293542147757
-5.2598359802294254
-46.75703042254399
-45.24790196216352
-25.577204925447845
-1.9817491525115827
-46.046037227167005
20.319794256069684
-48.35182919345017
35.8324130881775
84.99232010945039
-5.493387595600481
8.534884618797747
-2.0530029019993776
31.8149024914338
-16.334186113046655
-79.77195508964455
59.049381221276235
84.88595951709286
41.934093234551796
26.97716336275022
4.072102547204835
-15.177199742580882
72.37954438143433
-24.615892418780604
-82.35820622423392
-5.95492044305476
-14.380173996370758
-1.055844920165086
-19.362727798761128
-13.835462608258837
1.0861703243702578
72.54329801644562
-4.766565955741498
33.3188356200163
54.17148115178301
51.7059908344155
-71.37334537387899
-26.899448836408766
-6.866942421310853
-43.47138402450644
33.340692239521104
1.3100754304950044
-57.4298170774112
14.0932194595065
-15.79631908511557
82.9681989508525
-47.744322406289434
-10.524510077863425
-0.9464237822924275
10.577925310621922
-30.2887484639503
-64.2806788053379
-59.819085514015214
16.885019267699676
-22.44971115121065
18.388711815997254
-16.322690105617852
-11.8106092993403
25.650278745464632
37.23711688550992
-7.212764674530632
-9.334466706098922
74.14669938521206
-43.98570240931227
30.442981304456282
-19.330757459953574
-13.386102035016336
17.859106675772708
16.503059008639596
85.40062028561056
-41.74203114511107
-31.056102783879737
-15.982266526214303
7.919953933652053
-12.986865188981326
8.272788752827609
-39.4636782882427
-3.141061943742315
-57.83562928505143
29.99480759957531
10.731405307404202
-1.9692990125285093
26.11813172028171
49.18743184552545
74.66131894043835
-23.82969869483854
38.16053245623735
42.00442937852489
33.33550441011025
87.67055551433077
-23.050493379154574
28.75432390642011
26.48440046107892
73.67007186241594
45.9057250832266
-1.4039168897919438
32.25174500609677
-12.419674896348582
16.91690478340857
35.51754614542054
-32.72472428957036
-62.87859488848316
9.746239899472002
-45.28228205440299
29.806554387880198
19.00857448165266
20.708905597719237
-5.488410069026003
-38.27698471095474
-1.5681591028212836
15.32825941665861
50.37359608711495
-18.964473505876725
70.54003092339255
-57.33399923274384
-29.529986797673843
-44.49967896289755
-4.647990346144269
75.71061011283544
-47.58191793957596
15.02518791528638
-47.50085205246983
-20.19588418849814
-5.677198574457833
-66.37786896017661
-58.463102522034966
70.15762084278231
-4.555253540569652
-43.90775662680822
-53.534720420096576
-11.403710512678856
-1.969627980040869
-10.93310737370318
-72.38450666339543
-9.818709335827293
0.39036309287686777
45.119335537536244
-50.6559259490588
-17.252494690261116
-82.82242445234839
-9.238451944620977
-69.84171769037815
57.5127206056664
-44.02957982125814
76.82559398233462
-25.606851289615506
12.25736359966514
-64.39932308501012
-38.88421922324692
56.26145105905755
-30.85507624453318
22.435373869963087
-4.930279656548677
-55.1315417075126
10.456428539244158
76.3945472521547
68.34818267359907
-69.86274196078591
14.862736639322364
-55.70844855579669
38.21334328606147
39.69790216247978
-2.152048973111917
-4.137391104272808
-43.98047865150789
11.364980420619432
-11.223761298247013
29.381554658317583
-35.23251900218581
-17.31336991121094
-43.04637653410309
-27.206436244701763
-0.169895109644969
-13.810232477340563
6.277471680854077
-18.66818686600267
17.932604004943556
-38.41027088616897
3.9229205576211967
-80.11901375571614
-52.876641440501324
-14.10321411086251
68.99872299662837
-70.13524551035863
54.722489352384855
53.539223276392676
60.5780589012102
7.199231282646238
-70.97967058974638
51.043954675455524
-67.00859612102478
-7.463985244078074
-17.08004752734351
-18.98505160463219
53.47923836336395
-7.15730147314396
-37.22613055084364
-53.71643681115219
-8.00110712253803
-24.83240290798814
-8.22343001883543
31.40503988662229
-3.1119464524586675
58.113487388284454
-13.79127827888881
-56.94760229866894
53.72265333134567
19.361331558597215
-17.322056261447514
-0.4602958157527155
52.708296099134856
14.399325417455344
60.83401385761823
-0.1957002461656714
18.45189370611905
-24.072623928405278
-27.10567710674046
-24.08237281730446
3.922079907125166
-21.48925171684624
70.92462657810833
-12.443295960424848
35.22185608897411
-11.696149574276319
-66.56220263174689
60.90057728171513
-56.9495058467009
39.36730124005908
-50.161768766413125
3.4780752515774367
-17.637138107533204
-61.746810014407664
15.08249500512025
-11.805020020824571
-47.46168873956872
50.320564971186826
10.311657887646291
57.009481218876545
24.980584790414056
-40.93734927122056
-54.324435268829546
-43.610335220327414
-59.84119397439106
40.06226146466253
25.030838844550914
-22.42352211644895
-28.804321894625446
49.931015993287076
-10.953694928215953
-69.55137599684018
7.059771292334517
-65.3028485348593
-23.595577465480275
15.75808102288164
-39.82845992125822
8.100147220376073
20.351493017473615
-45.967303928179376
-56.562136744395744
10.781007027728009
0.27537747180589633
-14.130240969581848
-2.5554561682236425
-3.590782514027481
28.78667812790431
-29.647794575047612
-21.397193057787078
8.464579273163977
29.155883821843815
26.974330063985704
5.290708185916742
-69.53339733351916
-0.4638616849047139
43.178810867045854
-31.398996883855403
-18.799086386682035
11.257518772927483
-42.07009614716587
84.81693281457444
-5.018268896935695
-19.628799920350076
-34.655186269370134
3.3766840268673093
-23.83774594515826
-46.207294933769425
77.59970709852999
-28.72806174095372
-33.33319430151464
-9.568139037065123
71.93904572766249
-4.352961839320685
-38.831444711075065
54.05442940338483
-40.97417185307856
-12.753525969889168
-37.213078005488796
41.640853420253194
-1.5362969345813724
27.646147818275637
-0.7364332985139441
6.909595290080304
65.70197334525182
-32.59099633083622
70.27520883739572
48.126669391630514
10.95140870270717
-29.585709026066837
-16.998839995065183
30.27160375909361
-10.4302524605163
-53.14552641340657
-23.569612389188407
85.15745795260494
-21.896194358811854
33.00861178147491
-56.04643990199414
29.953521101173436
38.620489308033484
39.52193593830776
-14.681937289745704
59.1760803110225
-5.779072228669875
-7.962804167953266
-36.365139148802875
-7.250824802213813
-31.687667892459444
-17.884382778669988
-10.325648425489419
0.6462284460280614
46.425069705419986
-63.853222566630535
16.44495687499355
36.265336900631354
71.75956667649439
12.18114644800707
-60.92622893994733
64.61949521503635
33.75220684158583
-13.482899581931605
20.615059969238658
3.05866554790488
2.539662742004836
-46.03593107765545
-79.31574832049871
-69.85330956228891
-17.593038157326063
17.81126655693511
-15.48604598622073
-69.48374607210013
-0.9672025103939887
-44.00420367131851
-76.16402993207403
28.922813821919647
0.9035636958864899
-27.788019675128254
36.985249999161624
44.385327601586795
-59.3882043572317
27.70869321573217
-10.842188719191341
-32.43143214642562
-29.388551223100947
-41.54641213813123
-32.675865909475405
29.362475836392946
49.45735755042048
-69.88729462307893
-14.7750555998077
-1.3130290890005938
-2.6839838936849247
-15.868814127368978
-48.08758288329617
-59.93173421415843
51.079900888608876
37.424546169548734
-0.3145890990170841
17.205379353243615
23.624099733012244
13.007198494992963
73.54267513703545
21.5598469591843
-15.588178243740074
37.221271034762424
78.66905436481002
-57.120462889936135
9.920600004818269
-60.406517267660504
16.013246059322128
51.58584580872704
-4.887312406378328
-43.737433296106964
-18.495895267283203
52.80638167334115
-5.986239980546372
-21.25930521722603
37.77010396855462
14.45821749127039
-66.91925309327007
-27.15517915720291
-6.925511552214019
28.602588824497417
29.551945444674047
-5.097708744202066
45.71746695280902
33.69628646935132
-28.92105626646179
-0.07679367822530025
-27.723256050636962
-14.338487378969049
-2.0068854417786213
-30.67125233772809
-15.982416138096184
-6.944642571204469
-70.20356162291537
56.01755123814536
0.7692968406947642
26.076881719619237
18.030076464024987
-14.976480964332453
-1.118957095337663
17.78123195822444
11.666336656073184
-25.297248084259465
31.369978600688768
15.941297449881219
-68.83947048514571
-48.470948408746686
-11.575978705261832
32.96909950407942
-25.251202987021998
49.69321500158921
36.88197238836182
59.14687153264654
48.61057909123363
69.8713190504638
-70.78622738422553
26.435508313253038
14.721670989407656
-16.560239797946807
-48.72560762819961
67.75344778326127
-6.018446655493321
16.99264481685654
-51.48097608271387
-9.862482521465552
5.376468238196679
75.38545363621503
-61.14674144268531
-13.008943376933445
-21.88870045313672
-19.81663429168394
-58.81506939278139
16.18691302580946
-7.33684037339809
-51.09932825816978
-48.22512000816054
62.522511604224434
53.51884285048001
-23.089529330141232
74.46673771414191
-61.080258839468115
47.99368518975987
81.5913764693621
-44.76578723850227
74.20754347931228
42.03523309802878
4.18978478966811
-19.45064302346131
-18.325423259223342
-62.56724730511481
56.35012970122713
-13.118640485052552
-42.63152703033903
12.278654449884797
4.70744139230375
-4.022027366668368
-22.56412090769072
-36.86151413783048
-24.963652387935554
76.34863125961891
34.60954712234832
19.9563428051939
