28.14161814858967
-35.20304738869816
-56.44365152070083
-56.044771300974034
-40.682599799368376
-29.96582062369619
-43.66147811312349
17.796578479037635
-47.893803948777936
28.41338591982253
15.83333999459768
-29.29742727441193
-6.065076735072367
-15.075946101055337
43.476652014037285
26.701980824490008
26.895775613927867
-29.68414084139529
48.6111470487283
49.2531064899093
-30.764287620129167
74.60604679835365
51.03694438399549
-32.376239777793714
12.583462047199973
1.0438666665122014
-40.89500539741794
-29.229631181773684
58.412825031430145
-6.022581474105195
87.00272540350406
-8.435980885598994
-13.636578712586115
79.04645641401507
-29.36781950713595
36.437910917602466
3.1932714364719317
-69.30890297454835
-26.188667275783388
51.45502159250813
8.84057779238546
15.035037657015195
-35.04374859286103
-25.140057208502398
30.167660217317945
-83.51401309727082
75.98502532902302
-59.4050351597611
46.11007644972983
-14.681371007070041
-1.5784480221341255
4.372914189210007
64.84589846823073
2.453545950602873
10.374309149925196
15.557040807849262
-20.442670727558536
-73.04680341401632
-1.2658785567543305
-1.1766268504178896
19.60835165594699
-31.57881352821306
36.81111488069857
-0.7363117239437145
-15.668652871037239
-14.54406938822342
-0.02232239014219317
39.969385563573354
-7.09031813260313
-10.236677589705039
33.46935378170696
44.927666327042886
-50.25906797010827
-44.94592530243114
-20.394716252548292
28.897765436644235
74.60024461740096
-36.39178335831693
-55.58606666099542
-39.00383202437842
-14.804548376526228
3.544693142253209
31.726387231825612
-14.728144528354377
77.4748267265364
9.21094606646568
37.86476894015169
64.83764996674316
-54.37445294056392
30.441409079032326
-51.7069464396721
-27.067868182560076
82.8075788474871
38.481987753594126
-34.61793422072847
63.12384332767968
-63.29810785796594
-29.64577141959353
24.865274832838963
-16.405696113042666
-1.516503684334694
87.1691897965423
-9.258609742509122
-64.35702586235372
23.938180346687687
-7.686140712319585
-63.68936586248142
68.08970791811225
-60.7273551912233
43.636517223425955
-1.1711333102499282
-19.386467320122804
8.547682174437426
-9.54866377919734
-71.8847436934607
31.33869356844619
24.436651289397446
-3.4837312557261413
0.2671752054834826
0.6409139149099872
-27.4487563219201
-49.13324924260903
-4.501534488610304
-30.397862918090425
-28.46576695355013
4.053760050778806
-51.99250752959878
-51.780636738014564
62.124708264554215
-54.1878663517924
10.426180186056328
9.99479664284614
-29.082843333785817
24.61533200303731
-17.02520946859825
-0.6619828258936309
-25.738826287959256
-58.18710428302825
57.36049669318194
-48.71430857186735
-48.31518765766183
-19.387161283778198
-36.42454833526735
-46.140595604964275
-8.09358796809046
6.38051611112212
-40.53754447495367
-27.41576532221974
-69.63897164731969
32.65897187828301
-81.7194542901114
-2.5701659125904968
-4.814836794433049
69.07543050136562
-3.6246494017234028
33.837812030729765
17.840793914011343
-29.88462228403975
-28.361270003125952
-48.11736331282043
-48.93714259799469
21.295963410861418
-34.728375510717925
-59.001125941786775
65.86900734013093
58.459003759802016
6.460753721185782
-62.43094508375874
-39.76608594721673
-28.05407545384547
76.36956259396234
-6.347740938932134
-0.3696128205757958
19.602619538348378
46.10294881047358
-10.747954359060742
5.275230769278451
78.7031820796434
-6.24913524740677
-12.831687158755358
-17.26609015671758
-58.69666634505571
27.92340161654535
43.87754163741491
88.71076276222271
1.706836959434213
25.47021370316601
-28.574500039098794
-34.22226070827216
-41.6860116739842
-14.196673715238177
-83.85731929508124
35.73993725479923
44.27608894894243
-44.63891605059221
62.48978712361705
-45.842756635033915
-15.157504434362309
0.5264622801322076
70.50885051571672
60.138488343710975
-49.109375774957726
-54.480407796935275
15.533785608027571
-47.79725112554073
19.652314609075574
30.32852334520325
76.06318572448299
-41.69215336113979
-11.426330151907862
1.7541773425517277
28.079153216735875
25.084127989286472
81.36745241620739
33.503177623967815
18.425295510752477
41.170694298457136
-29.325906279465713
77.32185055037039
4.542448050374404
13.910063566717184
27.206593467968077
64.16782362647578
31.014486986333367
-3.770058334816781
-38.129272620548555
-73.20672505176076
-36.423884658779855
5.970765988458467
-28.62479252766441
70.81996353400532
39.62118407085762
-20.610531403513946
-74.46915202674343
63.56738856990938
49.04811445513661
2.4699168317566915
35.65277606433588
-76.18160417109418
-31.015626547598075
34.48360272632476
-39.23772342552255
6.982301977288756
52.743498314452125
4.531641245687794
-64.55470744349837
14.747835364532335
72.80040823450227
67.73365616119952
22.37408767208298
61.79751612604403
18.851982988947015
9.92135409541082
-51.43066234902956
-0.6426761046887606
59.22375311252745
74.29998342408265
-12.986623012751124
-76.55324452790366
-48.92519440112561
80.2421108617209
50.68877892942908
-27.874403982171998
-41.09008242504438
-23.24707825224597
0.8830498674961405
57.73287270547337
-23.58583857317251
-58.62564894517834
-2.628884880689114
-5.456434848644051
71.68431585586279
2.0055750183719
20.542060870775543
-26.329306766023848
64.18938560574449
-9.777219808914069
-33.86112016361342
45.21449456576167
-80.63801144882926
4.18888195104671
-41.29908029995087
-10.726981365959844
61.93051864147378
27.85398325152333
-32.52455862156792
6.221326696280798
-1.0420124149191707
-3.0259190293088096
-53.61731791987468
23.509219860880577
51.19438256425485
39.89929725260788
-63.01978670118373
-40.56286777326918
70.70509064085738
13.606848829504202
-25.296809877420785
44.081094262717556
5.599083500121509
52.51527212764012
75.78507962526933
-4.632614889282749
-67.37688134800254
33.10742796349291
26.522852515789708
-3.504683614094148
81.29608281838887
-32.02751607761748
0.23212370416737826
-36.511460969566734
61.54628063802389
-34.03930780458533
43.132919373699394
82.08692352789004
-29.765170414696115
74.29210391967356
-35.46981757926138
24.66551942863059
22.247900980270842
-12.094279454970447
-72.11353290512683
-83.02254250613123
34.30644939562333
21.71256994042426
66.03438158057676
-37.60166214232751
-53.94151507027797
-70.3189315054914
76.50026598492818
61.91524460988393
-3.59325249688699
80.98377968201956
80.75178511160229
1.3922203273815086
-8.034788151190412
2.2482743020681113
-28.46147444089695
5.221049219245614
62.290064400843306
52.19428488235155
-57.99615208815014
-79.18524410779438
-19.887975860376613
0.5462364402278439
-51.74190355530416
-7.506593029923067
36.36920809761395
-51.97618742423608
3.28190617379164
-57.77550912891551
-4.9511175979781825
35.17909492111622
-34.1108887164314
12.187908594497785
1.977179550954233
42.365159146166036
-12.99267655106307
-19.989807832166633
-11.855872707779994
-0.47955838123453987
-34.02240300269969
-13.61237600075117
-29.363517454600284
3.5087676726642343
-52.80096603881632
15.27497677731057
80.69569569814732
0.3282706317788495
0.7095742196645887
-14.714930588251619
36.432059323898216
9.90121469685569
-50.145434862426725
49.60151130257674
-56.51076973412075
10.171847125304296
-35.70827996058493
29.50664787480474
-69.58875565212554
9.824980695932737
-29.479579486711742
40.505685949032824
42.43262772190741
6.364685494448764
-26.371133493143034
81.71051598479823
37.80536087733043
37.69284583983213
-20.083638228190452
-19.369461023673963
64.18486004663617
-21.41504719577206
49.10474814004456
50.21045591273759
74.93789831868204
-17.382628731058574
-67.15485426087068
20.378265066357457
-60.80310165193139
-62.90178417032358
32.905655613718324
-18.502384694124515
-3.4926478120618754
-10.075249722183145
-34.784579936902716
40.29695811882917
-23.750885281207132
58.315266974224045
-43.17864755882636
36.921601617558935
-18.169919332156425
50.13264331789563
-16.45123851261374
13.26185807271375
3.458386095997554
26.892188452145987
-23.111021184005736
80.08338206168864
23.137783672172205
32.600017431432605
59.447852269173694
-0.3773273198331992
7.280978660866907
40.51118260211055
-57.67466992678314
4.133427483379194
68.67274258443405
-79.43649182107066
-9.911275675581308
69.40736160442259
-69.03554796297834
-43.83685216060081
-11.451582939379549
-72.30176664388799
-38.29069818232787
37.18689888169115
-52.36051882496186
-23.256036073527326
-7.545629163809139
14.328515347967539
21.95078968399835
-62.73678124841048
-60.38540075249428
-75.64820104040868
20.15709012757972
-31.13645104624409
-61.952994352213274
17.810597888017483
2.8213432530593394
-19.194626641811894
-24.352339559435308
-9.280124986726818
-18.777112286296145
-51.6702564889574
-8.698790118622071
23.980508971440074
7.527188223169773
57.77234588279049
11.76607839688684
-6.783110310778369
-65.71467994377863
-83.34771026711284
-50.013699046091
-41.28109393983037
-76.66234712317566
-18.06139381737586
49.229959856583974
36.43300193634897
11.214343164513807
-32.8322391384403
3.4442303336564066
-46.26077455802218
67.87849053073631
-51.73168282949354
-12.443125980866398
45.046891430353384
-46.6317080758006
-8.794579173635753
78.69842344995556
12.768635522257014
-0.36194331634618493
-4.2100173304150275
-13.042339811179403
52.52677986919764
18.42799764389909
72.40106293727337
5.416817714179771
-26.517538818347845
-21.016517714130373
-52.04809610517019
-21.470821074213774
-3.037643519775571
39.137475766611885
1.9601676590154682
-71.68688123948664
-23.485661962258263
-43.82806891243134
44.78165111788638
-11.46404174496729
-40.40237522526706
10.932002618390285
7.191961029183929
38.365483638514064
-52.3950339873228
-80.58631975136261
-2.9685562612069134
-23.52095929533685
-47.166543198784986
-62.35315630694222
46.971720930771596
-61.44503461311076
-4.638084121241178
28.94631744642966
-24.780267213385386
3.045578146904532
4.581670910000469
-5.832256001930503
-5.247486300832364
-46.73318127995648
-45.22258869150854
-25.600066433602237
-1.9927909389729734
-46.120485534164565
20.31192017377313
-48.325206063418506
35.91283740124314
84.9862493130423
-5.529299119047948
8.562025979614887
-2.0553754494597882
31.818848829582834
-16.384872835377806
-79.77633280491355
59.01093066899418
84.85977938780005
41.88744285673286
27.03808601119607
4.0921405360516445
-15.200048982916911
72.34947133117697
-24.674478785748178
-82.33494626601745
-5.954086018190068
-14.424850949783249
-1.0884292140894445
-19.36954118311202
-13.843820016171037
1.09815039309305
72.55906696488913
-4.794457758308809
33.38848640381113
54.210263446712304
51.67380070751017
-71.36242622048167
-26.924702761367797
-6.879826316707607
-43.448646311909116
33.42191296632947
1.3267270616673699
-57.43419809332095
14.131913638460489
-15.813354627711846
82.96342365072866
-47.801535515122595
-10.54565154677735
-0.946190283327482
10.58062704465327
-30.36224095845526
-64.25572842741875
-59.81738813736873
16.89780255526115
-22.523276829236323
18.34673173462373
-16.31254308157115
-11.800583538022948
25.62164205026427
37.27291284207348
-7.249829868516272
-9.36123202005733
74.14319667868949
-43.96898294237123
30.39720148518532
-19.329395604295087
-13.392178832257216
17.854159114165313
16.499965575215114
85.38335949980288
-41.72206083602429
-31.041886826551533
-16.033086822772802
7.937230916981392
-12.977057944925875
8.291710319133543
-39.526499507612165
-3.1562289864133106
-57.8600963436794
29.997883169014685
10.710735065778934
-1.9923258640098283
26.12297339577667
49.160894059983235
74.69251659652468
-23.84153374791491
38.231029687904936
42.0623312211784
33.338235014344946
87.65468630251692
-23.057328674518033
28.749117623661064
26.448671235638884
73.63829115488156
45.922959066794675
-1.396241987798163
32.210965401398596
-12.42064889952816
16.968693908370554
35.58492546086737
-32.7088383189716
-62.87078444269092
9.774798866255907
-45.25663684925392
29.890249461516447
19.043409423645983
20.73314845969351
-5.534045123725704
-38.317450781301815
-1.583898704822559
15.364657281250942
50.39294988883205
-18.95332260957879
70.51998478325305
-57.31192404787263
-29.516139477413176
-44.50462291370465
-4.6552053868039565
75.73214754754522
-47.63460846300209
14.995301365151363
-47.52248219666507
-20.262727609442862
-5.722844694921179
-66.33959890646041
-58.43667798955225
70.19970419635098
-4.585103192289125
-43.98120494610946
-53.521408922431576
-11.406257540475934
-1.9551839712075036
-10.945424586736422
-72.40425066329848
-9.862134891611262
0.38178112942540565
45.1203296337859
-50.63659017886403
-17.246279252265964
-82.78793674353517
-9.23356126344865
-69.79935708466425
57.583297038209935
-44.05177905019639
76.84684660522137
-25.599551132403832
12.295352229664715
-64.4236436804748
-38.923906399181504
56.28047871823762
-30.85223056603752
22.479319063763626
-4.955273317006501
-55.09833727170827
10.488461057902981
76.39101762214153
68.36142185054209
-69.87587600141829
14.826817829052416
-55.6807665131017
38.26761620138629
39.735442058516156
-2.16920976135674
-4.162189307141119
-43.957560283527144
11.379948506829322
-11.218725763237515
29.438478153444365
-35.22348961214656
-17.308100313388863
-43.02868757991583
-27.194265243820766
-0.1555768267267723
-13.843891101144536
6.269829396461276
-18.7406860497223
17.950208446485433
-38.479671259771735
3.9403779094577374
-80.10954081705245
-52.85946360126577
-14.160887153716345
68.98224454983927
-70.09814299829509
54.73258164428327
53.521941990199565
60.58845056450147
7.225431387586383
-70.96578794363916
51.05977075782317
-66.9668628291095
-7.484350749726332
-17.07223357224848
-19.043935662981866
53.50351118763092
-7.169863668669308
-37.20841603817747
-53.70887887780328
-7.989881949154878
-24.881647946252855
-8.220922753679986
31.373834325662557
-3.1425766901562042
58.186446792737144
-13.851195339617746
-56.91419659247112
53.77295494064197
19.421095999408564
-17.31322227440006
-0.4582464483922166
52.77376689980582
14.370786004058232
60.82351422506301
-0.2109906150292602
18.50863781741255
-24.07381631953463
-27.09932704636445
-24.15421018857029
3.938339146149403
-21.564787974663105
70.89975761405168
-12.433901223892263
35.3119071836893
-11.713406797139385
-66.57283955780497
60.86296324745399
-56.914812376822
39.43583505344145
-50.221093063914665
3.4896509548686225
-17.664825088047408
-61.70882280059342
15.096913872452333
-11.851344484672637
-47.439235857253145
50.28330176221118
10.299562719826639
56.986776781232635
24.996820832836377
-40.9183021977279
-54.32286574133387
-43.6628290843918
-59.83309041949155
40.151351948538064
25.079177046848315
-22.48650120286085
-28.832659477879346
49.99993818630216
-10.948927119301288
-69.57116900107552
7.076334118133275
-65.26734504825995
-23.650362676046313
15.796481586414416
-39.875439638643265
8.128079078059244
20.347741018151098
-45.95376054360156
-56.57380340551618
10.764221079799256
0.2778041444162511
-14.134472264125321
-2.5470546839873123
-3.6199205247581148
28.76681714576908
-29.636787128838094
-21.403708443220353
8.47343368757376
29.231668989080376
26.983608181337246
5.257732104358055
-69.49442749877039
-0.47151647143650166
43.16846142838551
-31.392667509304644
-18.839483885757687
11.28242703112069
-42.12275718686266
84.80499283858904
-5.025961582550011
-19.673809338078996
-34.73495694811682
3.392377987774921
-23.910633394483327
-46.18345147727542
77.62431219438045
-28.774131468439464
-33.35987296181139
-9.577982292138827
71.93055262771287
-4.393493734888921
-38.83689571785854
54.09861170031721
-40.99963022240059
-12.748960872064131
-37.24054157210595
41.64821359794067
-1.5216428516363436
27.616041048486295
-0.7671176879798054
6.9342649503183935
65.66043957261513
-32.598504118152064
70.28686893660227
48.089045796228135
10.985132953364968
-29.6464618265301
-16.99997255157581
30.246969929969936
-10.44696114048709
-53.115731708000006
-23.588856669411584
85.12681387923928
-21.963183884211062
33.019153498997156
-56.02277321694824
29.987369289579448
38.71198771787289
39.543343422465995
-14.6787916426984
59.18979679724043
-5.78430935036036
-8.014558268394595
-36.38754497070716
-7.248047283736682
-31.760455724911495
-17.932118350782986
-10.332231968730397
0.6435251590248043
46.41696717065622
-63.84396338856197
16.447759068025064
36.27300173957531
71.73154422128133
12.212653119334945
-60.89882970255106
64.64470549886121
33.8358691537812
-13.502822685908527
20.63766973618948
3.06589811182954
2.548958385421244
-46.01214604151333
-79.2797100992402
-69.81264556901095
-17.60332368777668
17.86595184734466
-15.475800250972952
-69.4741162194037
-0.983303192618294
-43.980131804792016
-76.11936364924293
28.979488649517677
0.8848977434430907
-27.776568627872777
37.01969095866397
44.45568587186622
-59.38796993357584
27.743913704117503
-10.846571347219978
-32.49775011004368
-29.379662474568434
-41.57624533274661
-32.7352874344833
29.31880230576631
49.418086717323746
-69.84987708548579
-14.804311477647616
-1.3273763254517092
-2.717718489865689
-15.92489361078799
-48.158348942303796
-59.94151280385264
51.1339951130694
37.38929688891403
-0.34309124514385303
17.25751093771521
23.692872427410848
13.004942564620919
73.55890740281464
21.61663081067772
-15.609486501863898
37.285623668409244
78.63252956585006
-57.16681813072934
9.88645247397831
-60.3696465894944
16.063009728613082
51.59031687231061
-4.875394646170193
-43.78590998100928
-18.519614680229424
52.80039314638958
-5.981173741611755
-21.254428725047887
37.785570193642684
14.4743536288276
-66.91270050475667
-27.230977663962847
-6.973704408291795
28.665579860036686
29.623824038476542
-5.095261533493286
45.68696359471696
33.66160956291293
-28.906058061886526
-0.09193852037412853
-27.712570297207165
-14.328091863849323
-2.0357896810416065
-30.71794989319679
-15.986319377804037
-6.951295216668541
-70.17087941396849
55.98729920509419
0.7809630462069492
26.135362592952163
18.057724480615676
-14.981667310529488
-1.1060053439180422
17.78415208454635
11.702715614168568
-25.29878727654797
31.33188118601103
15.918001084169617
-68.82976485598586
-48.5370639827763
-11.569074671425582
32.926136351871634
-25.29111479391213
49.68792621418012
36.934912334441606
59.12491294581454
48.60022410617191
69.86478009120341
-70.81473334349631
26.407799115432624
14.766930044584356
-16.580485273732236
-48.777201975289785
67.78883806222314
-6.020529576235404
16.965087288405442
-51.4597967070567
-9.87309589534128
5.3778821507475385
75.35899935150604
-61.16576101510094
-13.01078684576369
-21.899265195190424
-19.84900801249654
-58.78756457015222
16.237175726757926
-7.327780606346678
-51.15283436093192
-48.264283622307126
62.54476388902398
53.4757992861571
-23.142371307649512
74.42962530563003
-61.089483416501785
48.035949439715154
81.57506807513488
-44.74513972387894
74.17124405545152
42.01764124667886
4.160990175566312
-19.44371833174121
-18.328054414532176
-62.563583383753645
56.32550264842604
-13.133645459193517
-42.61179308445677
12.297998885834247
4.729365162954053
-4.0225098223200035
-22.60425489321632
-36.850468140554874
-24.95335055489619
76.33114632252301
34.65965968686274
19.974011365791753
