24.8419305782173
-31.369774138019096
-69.85127575507947
-70.69681654769116
-49.18701097594173
-25.427417743691976
-41.147616530224155
15.776754722501593
-53.203169124842326
25.351289232812263
14.368774999341767
-23.52154124613608
-4.2721912812564256
-11.588865932659019
58.85434005240813
23.460191732534668
23.966146004299787
-28.346146404819024
46.56327127314964
49.959057077290566
-29.820040132859162
73.15071641792721
51.23561100152003
-29.36792615638062
11.48074205885294
1.262921266840877
-39.51456797321527
-24.029410330327465
54.2732377979614
-4.234810354543498
90.29459805154988
-6.521567330451077
-10.48280609719744
80.27313334788693
-25.737698581361357
33.40528187972987
3.0800595929558625
-68.82282678708586
-22.103891658070424
47.25747115366897
8.27835107895963
13.506041118384402
-33.78948455819932
-20.000537701690234
28.873900458492088
-93.39758396130107
84.22529985168583
-60.058687760890685
44.72041002806222
-17.621345516680094
-0.7197108850700005
4.553297555795524
62.17042538060409
2.8649105429245196
19.395346913836093
24.315208406057508
-19.965557779030874
-75.4118846868879
-1.136461491465056
-1.8165729716060781
17.50295345371309
-40.33640541168233
32.973849684473805
-1.0683142263736585
-12.62681043634926
-17.92994261284666
0.7397266657716415
41.845209780539335
-5.57847754516736
-7.6867663219868945
30.091874917868083
45.7929068546606
-56.80216765134602
-41.373417008152884
-16.369592794897926
36.19023607924072
75.92412708247153
-31.726506307609668
-68.42501994082888
-33.91462135089645
-15.833098375143862
3.27705598476426
28.66633396531327
-11.512585644952466
76.51663010908021
15.825101655112732
34.97954077156422
72.84117031010632
-69.36375943851806
45.77657094140022
-56.29649786354664
-21.827312311673424
83.85940391905001
34.878811625627804
-31.216598639338486
58.82498203864523
-75.57116822081164
-32.25560833585507
23.431923778029656
-14.787967000694636
-0.6235656470019961
90.65589937067367
-7.323023807061304
-69.10565545640992
22.031366602664008
-5.60613801691575
-61.26051547268582
66.71410201061914
-58.64214346851216
41.9185979018859
-0.36295421797962035
-16.41962940204246
8.001953891854725
-7.852670958607746
-75.92533627079011
27.711252300055975
22.44435278168315
-4.359137690180674
0.6230907166532376
1.2465974028987858
-21.971144069854574
-48.723382239453514
-4.945188486300168
-29.557567063579285
-26.870577384704262
3.542952677141912
-46.759420724298494
-50.92986439049894
70.394779687664
-57.94473595872794
9.286859053592664
9.2586073110311
-32.60211911430767
24.073971113413492
-15.334860356121055
-0.5060581469185337
-34.63450537532211
-57.26128400149198
52.90158213638796
-51.06591416564491
-62.20062505476876
-15.277138282703604
-31.491122807402007
-42.57375708623866
-5.982531478915163
6.177679246864855
-35.11293724122712
-24.469992002519874
-73.1245612432151
28.99046002036286
-88.24970182590256
-1.986524668069464
-3.3235425203100277
65.1634097903557
-2.228021584272568
30.075500357994343
16.12887494541657
-27.47446577036591
-28.1012720820774
-51.63389934773837
-57.091038968333734
25.506517816418892
-28.680316465981278
-66.73494996600986
61.98590202721874
58.14556115363274
5.369555365771689
-74.67814046876443
-34.8841493017422
-22.658662436587903
79.90224640294565
-4.586621556589847
0.18463823802464674
17.554643901010664
41.53083720052396
-12.87475801961773
4.667511261963895
79.07434072496068
-4.435216326074283
-15.377666209886101
-13.694498759287754
-57.80245303567676
24.68114141065533
50.165553144412996
89.37910981460942
1.5188706017487732
22.71790774929677
-24.530993795298883
-31.556107187436183
-44.42585166033862
-11.18649134800522
-92.27452596096254
34.63729384285821
40.41456660362368
-38.343921447833026
60.80261990381163
-49.7971321837473
-18.78579169447727
1.11166727852806
75.16969584672853
56.20029971513304
-54.345428555823275
-54.56865866755421
14.612932837325857
-46.68466696611266
18.95740333160225
27.133032525171046
78.98397829046917
-35.893873466921406
-13.226038199440353
4.063652434398037
25.38793648063377
25.551593448665315
81.57032351189432
30.003609228981432
16.61418730829253
37.315978095512634
-23.369251097467057
78.41595150668749
14.580640609531201
16.962373093139178
24.011683579496534
72.48861651398914
35.4023992234753
-2.9309585897004524
-32.68083278146868
-78.39295069535969
-45.24644771612387
5.17390880152233
-32.43545368772081
78.55102938623736
54.06829644079701
-16.43508735969418
-78.94311747053098
62.55118881955511
52.61533637860674
1.8965194314337879
40.33280850322234
-87.0163623340487
-26.080057120978324
30.551288875446232
-38.24772874091851
6.67840671556219
51.82220990771248
4.571755968388288
-65.00578116924393
13.304119903645756
69.83495754296507
67.67632505067698
20.606404125769984
63.63413135509501
16.64487961571109
9.085705379131724
-46.39096232921554
0.23577324147007062
55.22429418476713
76.25273631413381
-10.709589317329673
-79.39252376466818
-43.266954182318806
80.1756503180263
46.481295794224394
-33.97208423475194
-39.72554933848327
-18.460513328590054
2.4177535081605868
64.0036388418321
-18.682186994426303
-61.85221255319916
-1.8013057627516105
-4.316517792407382
68.07748828565315
10.18499566292924
18.83394778411524
-27.726182007311678
59.984190087813914
-7.590690495124846
-40.007464904493126
44.17157882240559
-88.60486636757106
3.7242565111442048
-35.1896655534506
-8.098307794652797
61.638936596747016
24.72207321755299
-36.59591593493185
5.697410653523747
-0.25583466853339587
-2.0812645253379998
-49.421033630892126
23.35565175248267
46.79944615057761
35.809582406725724
-60.290955197263806
-34.731040308811494
79.5206011897474
16.19554433212832
-20.75884351277091
43.172320983429444
5.415075112018968
51.03746549503862
84.40566532144558
-4.316524599203419
-66.57567535185729
29.81933038353074
25.136405349837318
-3.7837304398209
80.20171447117531
-30.094019562188507
0.9677662436608188
-31.32432437494569
57.533793055424695
-31.467961107028586
39.492970851441555
82.06047656598128
-30.326661626557566
76.15109324090261
-36.21233188597738
21.773743326086162
26.35192228803936
-13.188822290040292
-74.38817818057701
-91.10761421988968
33.010348741158055
19.108431478908315
63.071474755059455
-43.782568203183956
-51.69621971580671
-70.49482097087363
80.9968241966736
66.6721934872931
-2.3342128227386496
81.15258615917213
80.01833634022131
4.702140745060717
-5.894611669240916
5.294771103060938
-32.34542136705821
14.149847502746795
67.34516525893864
49.65338224969696
-72.18871478484806
-85.19028673114664
-23.29841566953519
0.5570516409428024
-52.15219031912827
-5.485294456050937
32.53049504145477
-57.03999703832348
2.598210465444339
-64.46298859842801
-3.435727294903458
31.678242477716367
-40.91179697126492
10.66612840331129
1.4168758623884514
37.9068291649468
-9.923185163429991
-15.514928721409518
-13.514190949539781
0.11217979296125691
-31.37787251772204
-10.464135004376942
-24.63965872246166
3.479829640924777
-48.24197391638751
22.56380570658797
81.1084332930613
0.45400014112229314
1.16629907423291
-16.747918690707465
45.75213785613158
18.592941372009918
-59.28980599896122
53.28427866370848
-56.79310057009653
9.40825980161678
-32.014191170879315
26.05159654937013
-72.02187478210622
8.995650492106748
-25.415274580303162
39.12234043345961
38.64815188699947
6.106758649570139
-22.077481948421777
80.11508790509632
54.714747551320215
34.25082764848966
-17.91781151778953
-17.707060914559435
67.79949911095215
-16.827140278012465
45.15573364061274
45.68518980616608
80.37909291590682
-13.713631470070155
-78.4997280950598
18.049608697079535
-57.524515709864005
-62.67898195253752
29.219390051495907
-18.102463095367483
-3.8047679899081146
-7.8171746084958755
-37.4572666914822
49.03023536402449
-21.055397790364253
63.16037620182482
-42.07335805114316
33.412904024915235
-16.369018119289365
46.03137597516684
-19.690993564883897
12.227304524574862
3.7120623739596255
23.72668848516159
-29.84679785715055
77.86310068192114
20.868164397199365
29.73634124826725
57.36247881258578
-0.0329181263763445
6.5890546430453725
38.258985723595686
-58.2430510689428
3.589823805698117
64.74742606926804
-85.55499758949972
-7.51894554889526
72.45169617298927
-68.71180676518522
-37.98306099651951
-8.833072314193416
-83.16018981384772
-32.61973326241447
39.742107927311565
-51.22341285803925
-21.17131438369404
-5.5168943229138705
16.546195821519646
19.780756417629192
-69.5329225146946
-64.44428757724882
-82.3005745897129
17.644227545175383
-34.77316540682411
-62.92971173502989
16.160343996933193
4.571217228119892
-15.14626853310017
-23.25191867797416
-10.346096373631553
-14.807785073563508
-51.94717284692482
-7.5594006912976965
37.144243226380325
6.543481201375215
53.08767588863989
17.26308583999473
-7.926670488143145
-70.14540576499684
-94.66713565881031
-46.54526698404648
-48.821580360131115
-85.78341019220069
-17.702528720022784
51.376971520815346
37.455102882212145
10.244384362680947
-28.866775733516008
2.925878619174185
-48.75022847767635
64.27173857042308
-58.41018721270992
-12.07966595722013
40.731011509759384
-41.315636184144815
-6.674154654722898
77.53866372763136
11.456213140453315
-0.1200334666406917
-5.0724007906478334
-11.52407498112558
51.45449040453417
17.23079449436389
69.83813622697073
4.5891522869278845
-21.062486524321088
-16.540281794787973
-48.47501636067589
-17.505580296225332
-1.9602393763519075
46.04716305629918
3.063892886645519
-73.39809803460213
-18.362329032319238
-54.72404318049082
40.39590298648383
-8.742455507867717
-35.22930510203534
10.014634888135731
11.544783439443805
38.560529051062986
-46.970575934452384
-86.95326530872435
-3.099849308834706
-30.5378905053185
-44.67681176121308
-60.41380375430103
42.41983138247315
-72.40124774590092
-3.365155752340627
25.54146307474359
-23.000001003403938
3.287536677755668
4.6606684035155865
-6.026636204465802
-4.340252783015387
-58.442302109719144
-51.925610860445985
-21.483619158592717
-1.0937001886796054
-39.79012180563866
19.81928501556493
-58.493086162711954
31.93367027206702
84.95006688355852
-4.220892134872614
8.034677634886464
-0.9722698657100892
30.043705711773654
-12.660221248891574
-84.72062341550578
68.92441939432953
88.64909192018126
58.53663939106008
24.00214282477866
4.247543740397248
-11.94132220508888
77.69147516218035
-19.66808979460525
-91.7902046254357
-6.722134893685734
-11.078115122419817
-1.2608180402084201
-16.28405153402082
-11.06955777334315
0.9809288437942172
70.28483180408284
-3.514598957820837
29.699194186862726
50.35214379577752
57.633414331993976
-74.92348647198926
-22.649982806428
-8.130996569724573
-45.618013368818765
29.620297774032366
1.8694887400273927
-56.1132957755543
12.78626623659828
-12.611054282771647
82.79116347552261
-42.2146166789237
-7.953779376506716
-0.06650147156997832
9.766400131814947
-24.479919883746888
-68.21006812540489
-59.50007528898305
15.490774203763692
-17.579623591444317
32.60778339707926
-16.264770842872238
-10.534258928354234
29.551372790594513
33.88148593541635
-5.466993830464773
-6.976798341904512
73.71050022284729
-43.956354046480286
46.61467733470687
-16.776396653863912
-10.73281807588863
17.16405764160683
15.719208447807986
87.10575767053143
-50.76178090362483
-30.597142347205804
-12.370653871843786
6.7174037437189185
-12.734382313031873
7.032449389308169
-33.524590790476594
-2.0425246211691217
-55.07741607069557
28.341253557262675
12.0472256511367
-1.4451463368969542
24.498753717674973
52.6883589313681
71.53418078473183
-20.292936142953636
34.18737376052326
37.975963276037476
31.609214828050455
89.03905109331029
-19.812175258219042
27.818716140636624
34.097875500927756
79.68125785195451
43.0187107813216
-1.6317817501902283
43.50091015771085
-10.040330959071397
14.905539089785961
31.753309409566867
-36.26126943845772
-63.84252030820034
8.621947763789791
-50.88083017135516
26.32893968228538
17.14690297779626
18.796629762741972
-4.4857165858328045
-33.15655435248573
-0.9320134618188831
13.893460332920398
47.36130644720933
-18.68713783868047
72.77502325662925
-59.505656628742535
-29.058450755051652
-41.67251108237314
-3.093876035043948
73.13802054928146
-42.230326157920594
19.612008976440066
-43.7055660283137
-15.754618269130233
-4.608974220732904
-75.1962334022277
-61.83672377553815
66.48837851270139
-3.4139193700633115
-37.63232984437863
-53.64473648043234
-13.15004385111169
-1.2964609128444238
-13.133098217470959
-73.35698464215724
-7.488689052370759
0.6551056333549923
43.40533450512433
-51.5525195638827
-15.238456645568732
-94.62987791076353
-9.806014375662684
-81.4857598149815
52.97707183959946
-39.96989646673826
74.28499827913598
-29.676118325613857
11.020488046148515
-62.905858884611554
-33.798905592604555
53.33393932204174
-28.30166119011666
20.109636315171343
-3.5680497777899802
-65.5281421387809
9.343513474527853
76.01622380900616
66.14384969212139
-70.58739908874277
23.637514520728118
-59.27530197420704
34.43518972395819
36.18237838138273
-1.3822776627248459
-2.991593338283238
-46.13230462515649
10.39515037032659
-11.936435907339174
26.22554880565093
-47.33954575993868
-18.98213706059755
-43.235484523208626
-26.26423455341495
0.06184079030586531
-10.647050682905473
5.86981239915859
-14.473144021003748
16.36870315463277
-32.27724214284841
4.0801467898058945
-86.67395019360085
-53.546975555519964
-10.870468762268743
70.41896779840548
-78.72134568463497
52.35181172141179
54.622243400910804
58.33245819031637
6.895905124078183
-74.79044714682526
48.2375418980825
-79.03099516909658
-5.444784764659772
-18.021510099903708
-14.808040338444187
50.23541498631647
-8.490888419077947
-37.6447198760122
-53.07643844376057
-7.2501167644443285
-20.043570789073158
-6.308649402318721
36.44531630330664
-2.4584078800931763
53.543211280674655
-10.639917407951373
-72.09309971183413
49.57804058700319
16.966990344657162
-17.986961080806395
0.34377824271466295
48.27328109168488
18.34727483110727
60.903720479957116
0.008898103516642664
16.197510857554448
-30.786832703301016
-24.976550684456228
-18.993504775636822
3.748661153390259
-16.757195867629974
74.43891467730722
-12.311158361486449
31.298961822980658
-12.711935547649432
-66.59956730656305
70.21328135749997
-66.18703859407985
35.340494873855704
-44.70581111090933
3.5578464277678847
-14.031519062182667
-71.7402209059837
13.800180307051676
-9.031655746361011
-49.09264423226571
59.14160939020422
10.289294655228034
59.53112936686705
22.92811136306571
-49.91886120707563
-53.10319725285316
-38.09119551768242
-60.23266488195687
35.83388528789649
22.387055353090588
-17.68221107601967
-24.35364922555557
45.48851339937343
-11.682011440806704
-69.67618955465022
6.17816535036026
-72.6006405594339
-18.830362219966958
14.254788901571828
-34.456727580209375
7.66379522943997
19.500443103211367
-45.411463614745294
-54.50319499158382
11.361317852580498
-0.24681837275431917
-11.489559384483755
-2.681096178215128
-2.730392816088454
30.06083363684006
-34.30138716866924
-28.250782560002833
7.712930099204129
25.82123462038396
25.084205792286
13.860839958615685
-78.87864868839971
0.09440059647239707
42.80060411458945
-40.58845222179682
-14.846212925947128
10.34557461914197
-36.507448176637666
85.61989017890659
-3.397476243833154
-15.503775608456905
-28.382319143342173
3.611675770817442
-18.768939177848125
-56.95627910970982
74.85924396321866
-23.705509309907683
-28.828805523137987
-11.432170819890146
72.09685185726335
-3.592590862066217
-35.67307426400458
50.06980973641498
-36.59976220747308
-13.726143520785755
-32.661057792695416
39.41476321020821
-0.9725039895791099
32.171084487708896
-0.9873825242958674
6.630900875083242
78.10244263364993
-29.1564564994369
68.25166218260824
57.12822960499315
10.077470488532938
-24.124351712768032
-19.97166095291159
32.802657383193235
-11.81699386285186
-67.17011676521163
-19.721819825183758
90.30371181013666
-17.18266859319155
30.792600644426955
-58.435382621431806
27.09566474031739
34.465335360289686
36.555467307917155
-12.430623642988294
56.649597881002734
-4.024081424313792
-6.293899801031699
-32.05950887754824
-5.431531220701075
-25.78228790919789
-13.975400393092599
-7.950833418368717
0.023512218487397263
45.76270928830104
-65.20460440030689
15.367200758904744
34.11862349688107
76.30382778192563
11.174319780527867
-64.871160942139
61.558523257127405
29.98136088233241
-10.500827359324148
18.737925665921722
3.0944772383524963
2.7956357371061955
-56.58391559800931
-90.10677521768415
-80.18937403016525
-22.398379289343865
15.654321773330324
-15.242969684474545
-72.31462749493436
-0.5333661632262618
-47.100639523492426
-89.4935491875957
25.81112733882064
0.5481510348126335
-31.072930895995228
33.67769614746177
40.09177479541094
-58.84323184089221
24.999222179721713
-12.66143456310401
-26.634238500350307
-35.03235156777419
-36.964918506434906
-27.049001425218748
43.46273443016784
59.67867936423113
-78.56108837171567
-11.503133678187652
-0.7111054923851015
-2.293761664736948
-12.265341565176513
-42.05098128647038
-58.594376182823964
46.867867372305966
44.67398150947713
-0.6398736378300782
15.199860255484879
20.819812938070058
12.27815865948314
71.27705689429771
19.16622067044969
-12.332569063293633
33.37210545652431
86.86622950795271
-53.014189021707764
18.123721442102763
-75.69687049154226
13.89110781167689
49.61497124215771
-3.7884310819897564
-38.38482334322458
-14.886955447641967
51.98110608535512
-6.38697065164385
-24.24440434649094
35.13374200697217
13.209721200986635
-68.6929632891092
-21.616308937336015
-5.506399131988758
25.4529563009594
26.225687758112215
-3.503186376876158
50.69191581942306
40.57488131709272
-29.754853841968
0.09223247504731091
-31.37475844182623
-13.848170050614598
-1.6837906444209665
-25.516968541908298
-13.235811226233906
-5.003299812228093
-77.32857819021605
61.163246904009696
1.4566218299195839
23.216049062689194
16.335693820196198
-17.965515383224
-0.2078966758701597
16.63682651984604
10.551391152501694
-33.42873172751797
40.51552622360043
17.998549296029424
-71.49747518816841
-42.63090715288628
-11.990306236198037
46.1406396245917
-20.644285178858965
48.71330555256176
33.2039450244782
61.529086917903754
48.3120274195218
69.68848412289572
-70.6537276241755
29.978097317262552
12.785874676696778
-13.22335362819048
-43.494046133304884
64.29922637702623
-4.246424615296263
20.487392664119625
-52.86544813078104
-7.4747271934305815
4.758713898225892
79.41673787130546
-59.341056598024814
-10.549777342326493
-18.500161396759154
-15.883731776007025
-62.53876180897722
14.13228607970835
-5.859897972810657
-45.96825416913729
-43.52949941738457
59.56145804363641
67.00793658416066
-18.416125352677426
83.25461798437988
-60.0074548158472
44.105979736441554
83.18323248262882
-57.66967233081975
82.50918597519606
42.92738298291496
8.988682104976704
-17.496784930598125
-22.111454942786054
-63.00109690567499
59.4229211101825
-15.500827918565761
-53.20009205459717
11.22427415356428
4.774791438660316
-2.5582847518267613
-18.18999357262352
-49.14083432726777
-27.420491809511347
78.143959436974
31.123901291759154
18.22692768049444
