27.975775326033656
-35.18764654944805
-56.521162684702986
-56.11657302804524
-40.723973982104894
-29.904900512366154
-43.683411122719605
17.69168267712054
-47.97256166043586
28.30521515196027
15.792371779006615
-29.111023190874633
-6.01369250573282
-14.928342572980284
43.5673863400948
26.5282502549546
26.78585943803087
-29.727915773967325
48.60250486432662
49.287767263425536
-30.812389163810423
74.5551428027984
51.06416995004108
-32.38978196260025
12.519383651875543
1.077845810534754
-40.94268246312535
-29.10941557765682
58.27906838027937
-6.0016051904949705
87.0083842544152
-8.291491538260033
-13.463493633250948
79.0392410256093
-29.35623006938509
36.39198537934351
3.1660563233818095
-69.25430040337116
-26.144470120543545
51.32770956396314
8.790623751281728
14.952154551561193
-35.09219245893449
-24.9775464820152
30.18537480614259
-83.57231855960129
76.02836155529079
-59.454920616425724
46.1194400774653
-14.654274098128411
-1.5374763123608943
4.420771703881002
64.78175174889907
2.430543374259102
10.483051869745097
15.658675698331763
-20.47976502533669
-73.04630195744467
-1.2885632151236877
-1.1435147540515658
19.5118116665258
-31.576649347920593
36.67556565376759
-0.6904323661554201
-15.638486764893656
-14.489135268184668
-0.017308315996487522
40.02177464821787
-6.945542614529714
-10.163265070937499
33.375385812273834
44.96821927135642
-50.34053607363305
-44.93109772735399
-20.312330093818332
28.982029967518883
74.6020739931115
-36.33490768191721
-55.66270966859472
-38.92184713612859
-14.819303071401663
3.5813640089461245
31.658021215969256
-14.662948133797897
77.43020279713457
9.309468106946568
37.83009517248104
64.89086949409216
-54.439028283272954
30.548644794356903
-51.79363371369809
-26.921475129460163
82.79178404395006
38.393982351092575
-34.619306682359074
62.958432083270964
-63.39808504517415
-29.68668658398792
24.87507795882641
-16.43308842282093
-1.538567460892395
87.17647420068499
-9.263639744603594
-64.4450530845998
23.92420556430733
-7.649856383457802
-63.61482843754245
68.0577854612992
-60.6936249098506
43.64123879670112
-1.1361545022957102
-19.381113499190633
8.496935213605155
-9.56473578548706
-71.93332573980355
31.155381841575945
24.41917783832632
-3.4520374538575282
0.30844764217376053
0.6482332602485457
-27.276114311351563
-49.189493552864555
-4.507642427637833
-30.446302911604278
-28.505710456940037
4.072076164252081
-51.866286221413
-51.8246829344361
62.181245578887086
-54.27556948486887
10.370910019674966
9.944884468229489
-29.11499740642418
24.647262304941975
-17.05232599631543
-0.6861287555923496
-25.69758171592362
-58.20687051700955
57.19235375032392
-48.79381640499923
-48.36059423923612
-19.272504626878145
-36.351253016913375
-46.12305328119677
-8.006118702349625
6.339361020168951
-40.43308424337674
-27.427277294725783
-69.69162164261031
32.49268939718581
-81.72997787024957
-2.4756076095892467
-4.818648121402148
68.92579662020887
-3.613474239657805
33.67060084605501
17.790666087516314
-29.912142693627658
-28.409547574206627
-48.19835430408092
-49.00969766791787
21.37211728344988
-34.559983446551065
-59.0985607495496
65.73302059308773
58.46849203507122
6.463082743802943
-62.52897438200563
-39.696701376979384
-27.90058058155992
76.39023197869258
-6.270262705302855
-0.3979334383672324
19.51732767056859
45.89111903249187
-10.70960261029363
5.285683212246013
78.68341439661478
-6.191580582084157
-12.800428633470759
-17.195729785122182
-58.714728287721286
27.765684451036208
43.94641874478134
88.68157257074944
1.7539671211751084
25.368478450848414
-28.540626598737305
-34.2456781690264
-41.756136923636895
-14.152661625504791
-83.88529842526488
35.761684192272696
44.1794416272765
-44.46638331582967
62.4639711770557
-45.919550016512666
-15.103054330951764
0.4987791075818251
70.54406338192723
60.01757612552325
-49.190970345261
-54.53505664014646
15.547632700870508
-47.843804529532115
19.67858725728003
30.226348276725133
76.07932915711118
-41.56050078156114
-11.411773623514549
1.8340448567877274
28.023364314053055
25.130850248661204
81.33987824287834
33.39001626061551
18.365830660973486
41.065600374175034
-29.115005138358967
77.31579526142835
4.664513314184049
13.983302641740053
27.04646326353287
64.22246524438754
31.085984930304363
-3.795718402024704
-38.02223620663553
-73.26669032200745
-36.44501172375272
5.968540808349701
-28.652804583080822
70.86663142058347
39.71460893317138
-20.51112484036321
-74.50691646423822
63.55448282117163
49.102211509200174
2.523048189036359
35.722492529400654
-76.28618572404127
-30.929221861306146
34.27813670011409
-39.2907131236132
6.938608635637351
52.75273425274568
4.576041285430975
-64.57385626094654
14.670471116771395
72.69830506477908
67.72918566664688
22.362694890451394
61.825758496866115
18.737803371553582
9.894781054128941
-51.31934020493616
-0.6361952561760518
59.10047378777895
74.30956645738968
-12.990778468973659
-76.52602698525752
-48.78672635283736
80.21144277901664
50.560587317729386
-27.87709469423295
-41.137949279388955
-23.103193354541986
0.956821830842145
57.78850306055767
-23.429635812238047
-58.70965638717937
-2.5544529214715084
-5.4791533131110555
71.54871066122638
2.1228024382836708
20.525978905572416
-26.36939110557661
64.03029067858256
-9.614716046710583
-33.890413967407795
45.231165012899055
-80.68964035811553
4.202131448134992
-41.143213162370095
-10.622737336958679
61.933983298756715
27.719260466551248
-32.564277744800535
6.201600574412211
-1.0081954710499303
-2.9518650660382804
-53.539993001363726
23.54758392735289
51.04172531068585
39.747302742514336
-62.93823617010169
-40.4287023408007
70.75464845368825
13.676817684909139
-25.210798237186665
44.10109060412617
5.570130378558773
52.514344998591014
75.82962464557849
-4.65574253046718
-67.33165847315243
33.02243703124378
26.535952889933853
-3.5153025693085738
81.24016090834706
-32.065192475542545
0.2117560930206821
-36.421205248861476
61.41457871490945
-34.065005224744986
43.054658969384036
82.05377352130742
-29.815679942441122
74.30069558776452
-35.52974951774213
24.521509338675997
22.322965206759463
-12.100455169952994
-72.11986702532617
-83.05297868187493
34.32457966985075
21.577907980137596
65.95401527733085
-37.64530486095469
-53.942687440178645
-70.27764911625118
76.5273220777581
61.96096436095016
-3.5404816405041117
80.95624585645461
80.70583046414467
1.4809606105038995
-7.963906139654554
2.3335411246793
-28.48822737035846
5.3366295271349315
62.336604664274404
52.1655654856487
-58.07613401767555
-79.21214635860889
-19.883958883891026
0.6062188341005879
-51.80608983283495
-7.430858882895521
36.22752586843666
-52.063320168085966
3.3243200236197623
-57.87123413006673
-4.954070953426623
35.08294845372282
-34.13627665088948
12.120819068236685
2.0399053465194044
42.13722850159246
-12.866036446155235
-19.804932763654676
-11.776625053908433
-0.4405484200471079
-34.046322935382705
-13.439420608401136
-29.28659061604496
3.5083396943351772
-52.70935650964955
15.370469426771464
80.6730297734671
0.38540552310773535
0.7313549637630814
-14.711152312472635
36.5161288829419
10.009044594878972
-50.2179651942289
49.655612956167744
-56.56343095123742
10.122420445142595
-35.698695082983676
29.330732392506107
-69.62046433245436
9.799348561268914
-29.446711770024976
40.51986424728352
42.339669560801156
6.327815144559153
-26.31294071280854
81.63978433209303
37.907052050534986
37.61798320119175
-20.106169276268673
-19.39955823115929
64.22222645961071
-21.261683739610675
49.003415185861
50.03450313530527
74.97188208650599
-17.299348311873544
-67.26265389899017
20.26154873549008
-60.71673680425965
-62.9137598769294
32.73978652542925
-18.536747254170436
-3.4352688206528654
-10.062650697514243
-34.83923872701285
40.375858297749176
-23.765161246557355
58.365323387891664
-43.22961783363974
36.836217349408
-18.196745130005908
50.016245822756076
-16.430164548186127
13.26075160350787
3.4301246685936775
26.732805909231743
-23.07623535730545
79.99483595194243
23.083000442347114
32.55442767323467
59.41840729774694
-0.3196594906858792
7.252423493028786
40.50331856361805
-57.72883992475669
4.153289240582595
68.5234019758839
-79.46329678946523
-9.878350391677117
69.43405857192869
-68.99034665489803
-43.69914631302648
-11.283331389202942
-72.41129157417707
-38.16704843941689
37.2454160439261
-52.39713443334529
-23.283984351076143
-7.519809481097099
14.395100184697966
21.893813349751923
-62.83652889250876
-60.473656633379115
-75.71555414474878
20.026682715774626
-31.174656060424923
-61.998638241239654
17.773847249245932
2.894048458148049
-19.086641312650002
-24.39264140429289
-9.207845243541172
-18.67333008096766
-51.73281828632981
-8.724062734350241
24.08909607627436
7.507241201561968
57.565731325613996
11.8559889313388
-6.7670203826979645
-65.79682672690078
-83.42687900915986
-49.987432281110785
-41.33033826722155
-76.75327580325923
-18.09505065697266
49.27603315155855
36.481245756933674
11.193698017537969
-32.80957418131641
3.474762038286457
-46.3381759571757
67.7556487750829
-51.81634490435372
-12.470143205775557
44.89106078991267
-46.52390652862302
-8.780912822262707
78.64597120347258
12.694524623926483
-0.30338118516343116
-4.1680053292429875
-13.067325714999484
52.53370804258694
18.435487248164776
72.3183892583119
5.425824681857478
-26.332141346847905
-20.87442827517539
-52.008578209464105
-21.40721262835585
-3.0573474954547066
39.212283619516256
2.0268993518066196
-71.68140562588738
-23.283335569958567
-43.86909981628389
44.609565894762966
-11.405736529550481
-40.31471130896719
10.897127866871031
7.27983324091656
38.40456681324409
-52.25433238366074
-80.60628947596243
-2.9834392210958356
-23.485461481944867
-47.18266884431037
-62.311863566944346
46.77454826111466
-61.543329365892305
-4.550687711570788
28.771862135810352
-24.814520634400793
3.0121591260906087
4.546378168032476
-5.846279278042502
-5.272911867628878
-46.782018241136065
-45.289470448083094
-25.551112147096006
-1.944259166531154
-45.942418023251996
20.343259492524723
-48.38722505298755
35.725041125321155
84.94848846041842
-5.416009915173817
8.513892278522647
-2.031527402340217
31.824263582013998
-16.245550952163185
-79.76999459619583
59.073987504850976
84.87204506195755
41.98303480355963
26.90784332370515
4.060467193623765
-15.138013177873304
72.38587888459995
-24.523771524785033
-82.39652584661661
-5.95152311924592
-14.29977772948574
-0.9784459885303107
-19.35808237523247
-13.820897224215372
1.0778662407151387
72.48725767393708
-4.702634991410207
33.23190207816208
54.11073836067675
51.734504661835246
-71.40533458262708
-26.870495008713263
-6.833324596248417
-43.521847858780774
33.23387610110814
1.3000507691688057
-57.44680231125893
14.058388566090187
-15.768633408982978
82.92592011251327
-47.67222348125033
-10.481595857520546
-0.9280313495440424
10.58691933505034
-30.175659297577738
-64.33673884271784
-59.84464680475681
16.884419661928334
-22.327196198004742
18.466276413625906
-16.342209676051155
-11.827139344487577
25.694001030895393
37.20117794928552
-7.135768281085873
-9.279423035590085
74.11786922178777
-44.03262878521841
30.507032753092574
-19.34038036402538
-13.375083317165718
17.879137384561815
16.520770522634606
85.37342609002428
-41.764537486147404
-31.093084609843274
-15.892885184264316
7.920057204771027
-13.00377432291532
8.270368275911409
-39.37795523061087
-3.0978056731093773
-57.81967892712809
30.005715624657498
10.770740051017611
-1.9101464489129967
26.12773966046464
49.21469485973515
74.5749917068299
-23.82123088289667
38.06814695153906
41.9291334630899
33.345679508028155
87.63753829562444
-23.04992396411903
28.77447265542159
26.53614868194437
73.67636267156871
45.888443010927574
-1.4085834748641872
32.304665520681965
-12.416676211839544
16.863279092896107
35.43278885510264
-32.752724872590676
-62.91194946424878
9.72805770899761
-45.32781236608703
29.697477860320618
18.97971179171506
20.694586735222245
-5.393524521395719
-38.230620039342526
-1.5215479454564758
15.296692892628556
50.348105513406324
-18.987912377040942
70.53859963761246
-57.3885240295008
-29.56543305894779
-44.516172913154875
-4.621646293261733
75.6387689666592
-47.51783836704443
15.077654209316023
-47.49061954964801
-20.082818635949437
-5.582547643999661
-66.4448943468046
-58.52212024623775
70.06162911133393
-4.487479552036689
-43.805132256599144
-53.57870108727708
-11.393381321279023
-1.9821776950385157
-10.894840351368089
-72.36610395794818
-9.733937373852257
0.42687248105747244
45.12378961207776
-50.70733907280291
-17.268188043018142
-82.87606125901297
-9.243731493270829
-69.90982559163024
57.3917027741511
-44.01759279311055
76.75199485786786
-25.61302634681863
12.22424878081354
-64.3802735291327
-38.839605928841394
56.22829818819926
-30.87718714490977
22.393413888805597
-4.871839245628621
-55.18158440485574
10.432607501291429
76.36191707236227
68.3039200152443
-69.85793544701158
14.929449861964855
-55.76828773977431
38.147858876543495
39.657280666499304
-2.1037166034712556
-4.0781410992543385
-44.03148798276352
11.359605518381045
-11.230079695718885
29.317781923233923
-35.21726312219495
-17.320452320205348
-43.09391451203612
-27.23872071093669
-0.18178294353275248
-13.749234316084198
6.297966064657885
-18.542610867504592
17.9263476609149
-38.31187539073276
3.916535606598785
-80.13906573134399
-52.925651211740174
-13.99856220210087
68.99525364897133
-70.20145702059406
54.70442095038496
53.55514956542305
60.551077205970245
7.180299729584149
-71.0164192861664
51.022668956888964
-67.07407940820354
-7.4178190547564355
-17.09370889370996
-18.885025409012385
53.44228026739495
-7.124262533307231
-37.2700924804664
-53.75235427142642
-8.016028405653103
-24.757695405703302
-8.22088021810194
31.44801252174858
-3.0407405775621896
57.98702794675245
-13.682067648845603
-56.98720313923063
53.64362353104917
19.2949815229523
-17.33834827170857
-0.444507598652919
52.60495782564507
14.449820456346984
60.834445111614116
-0.14795725361763346
18.390431815671008
-24.046891821937834
-27.130367755512566
-23.96513803722287
3.9108456360580846
-21.36183774517049
70.92785889426301
-12.458990887486834
35.09798175196897
-11.625250713003524
-66.56429437870597
60.923078177391545
-57.006063169775636
39.27704548982567
-50.08626408155544
3.4823074869246256
-17.592543345750087
-61.809035615928344
15.079340044612877
-11.717850170548289
-47.51509249514997
50.35290807884542
10.338855530879528
57.02666552610174
24.976603828386217
-40.95773488354091
-54.351375265950125
-43.54536672142754
-59.87635523563231
39.93534536976139
24.981901021757267
-22.32053472699174
-28.77180425081933
49.82619467253534
-10.95938620804003
-69.53576794244697
7.060057045654503
-65.36868722569639
-23.509180839193434
15.723804337776144
-39.77145256961908
8.079009460369747
20.37054732001978
-46.0110519049918
-56.56773616561589
10.814571391765085
0.2792141247714284
-14.123613487070045
-2.5620016715800773
-3.5229216511563095
28.82081842937687
-29.661089663826544
-21.34772073019262
8.465065348089567
29.06087098857941
26.978651498250485
5.371651414885989
-69.60095231925492
-0.4302687505004883
43.19721337489074
-31.38596547030609
-18.732809614515233
11.239870196804958
-42.00413781902518
84.78265310842147
-4.99162429500457
-19.55518675383385
-34.53477142951336
3.3728386463888285
-23.71826096857093
-46.234593588671345
77.51875941200464
-28.663555422437426
-33.30761546814179
-9.540134333689622
71.9209550001564
-4.265701517263565
-38.845129291740015
53.985048736439694
-40.95546781812302
-12.759214323245075
-37.18887738029638
41.640526535776445
-1.5490616340367893
27.69032065363305
-0.6619969924070972
6.891054105448234
65.72120204797397
-32.59767324584999
70.22996586575186
48.161222932294066
10.923186835255464
-29.495308509522218
-16.98834276263898
30.309387953738963
-10.37266794972544
-53.17917252705937
-23.547748748773913
85.14874484234605
-21.78511578392569
33.00967815429772
-56.10278727480832
29.924651433058116
38.49082267036465
39.50484799789393
-14.689374161786702
59.14638886188925
-5.758184780400185
-7.860265696670936
-36.34915004757938
-7.247305746663642
-31.577315495657373
-17.80335946854578
-10.309275041516187
0.6578196745539202
46.438574792837386
-63.888194325214656
16.455974132413942
36.268299644342875
71.7648130873257
12.15549193357954
-60.985950882289536
64.5628646927129
33.64081573109959
-13.44663333313433
20.602868438421126
3.0703168107625345
2.546684984053016
-46.06359619737692
-79.37499512765876
-69.9215071165338
-17.539620180448395
17.753090478434757
-15.505476909382082
-69.51541020900835
-0.9190832021413655
-44.054239488603905
-76.23324485484582
28.859634534793074
0.9587919121623543
-27.8061093701035
36.95151029836936
44.28605517544466
-59.41169027568082
27.678602898745893
-10.82764869953499
-32.33369945435578
-29.39385291225804
-41.520428506053165
-32.59098016389491
29.423989319801663
49.4915750033866
-69.95381387982088
-14.723545689509379
-1.2685628547520764
-2.606647012958973
-15.76960010248331
-47.99119759452968
-59.93917916783619
50.99871284738501
37.466701322968106
-0.24348515200033205
17.151178657449066
23.542557141083776
13.02300059401783
73.48396811502718
21.498172129885177
-15.552394758807921
37.14012586586273
78.67357372803684
-57.067141076987575
9.992174728234389
-60.45366803686603
15.963060995671924
51.57928674316679
-4.898453073458938
-43.67966636955592
-18.459699598285354
52.81124592557828
-5.990133425967656
-21.262787540238037
37.762296648679836
14.452735567068459
-66.94822735968489
-27.034342517135258
-6.8279771424583515
28.529305353027084
29.463420514841047
-5.090169517811205
45.75001847319385
33.740864152547886
-28.954322582405197
-0.02914730661440501
-27.73856944170879
-14.357659187799385
-1.937266633405244
-30.607583408946013
-15.97881324049358
-6.922956337769236
-70.26560301207309
56.041071784805695
0.7688081040443819
26.011771047464734
18.010881856467023
-14.955873730052815
-1.12552158828656
17.792448778363863
11.635368956116949
-25.263089639278434
31.42026023857511
15.982702920925462
-68.87176362226892
-48.383032880619126
-11.586196487674215
33.024397999498035
-25.194024774309838
49.7005806497198
36.819797223167114
59.16116708920032
48.62446868640248
69.85378130643687
-70.75461922792368
26.4778691340306
14.678535225207
-16.527752285616728
-48.663680056092154
67.67393379789371
-6.003827220293999
17.03967509827551
-51.53446089495044
-9.83795871002306
5.384498601721404
75.38468797822432
-61.138483640652645
-13.005156722648067
-21.88033851339823
-19.766416561586155
-58.87507741026474
16.13583421985075
-7.345661217194888
-51.03422876828099
-48.184959588173456
62.47431882085769
53.55104754365664
-23.006066256456066
74.47586616915956
-61.0880643224616
47.936376643114215
81.56890367699859
-44.779916398037685
74.21646019696192
42.061091008081206
4.255820833168713
-19.46967696885534
-18.308265324415032
-62.59452775363913
56.36951292208451
-13.057471053245592
-42.649365207023294
12.26833603121058
4.692293778143295
-4.007223797775197
-22.503280108948573
-36.85170635200126
-24.981060315381143
76.33584949359175
34.5536099392622
19.950384946149214
