24.82650907958748
-31.338403618004904
-70.20167464692001
-71.07878416309664
-49.45134112596473
-25.379489322220763
-41.13018581913239
15.788425137184788
-53.38522382963927
25.31688014413193
14.35131915500439
-23.419100873258344
-4.23920279566353
-11.530104165194174
59.28908511137686
23.45999551052472
23.93686288806471
-28.38849063334399
46.521270962233274
50.00182863786563
-29.8714667600201
72.94497655942382
51.25489974991487
-29.366520887981792
11.47713357248223
1.3123056774350488
-39.54203753916672
-23.954799643990768
54.106312984264804
-4.216021920023664
90.11974405189329
-6.459344121923877
-10.416645840617917
80.10999777453296
-25.7206101852764
33.360771152051456
3.064415285450906
-68.58728247055555
-22.072307446199147
47.13084221788685
8.274991465254502
13.511272817600712
-33.831619357807355
-19.92069443745305
28.890065125179262
-93.27011569741018
84.29560830039637
-60.02620193767518
44.70907353459722
-17.701719676570377
-0.6785486880455807
4.597424242242056
62.007652882701024
2.8762994436816456
19.648921503253007
24.5875955383342
-20.0159674044027
-75.22384760518077
-1.1558408237225137
-1.8118167780022105
17.494501008563915
-40.59364850916857
32.91155598803553
-1.0475946047672693
-12.610772790612714
-18.01794065721772
0.7652586796806844
41.95210178424111
-5.5132962877858205
-7.6512350414295724
30.042335278636813
45.85635702987358
-57.00773795320918
-41.31259808075497
-16.32898397183361
36.454152049913716
75.80540052796627
-31.662897000819598
-68.76537167853968
-33.82562509214828
-15.892543268387783
3.3013829685561262
28.62449659012657
-11.48202341858979
76.30120245667706
16.033429918764497
34.93806350474341
73.0011558866961
-69.75989177202813
46.20853679290815
-56.44599217920843
-21.7481705829929
83.6572642473437
34.81533705461243
-31.200181664001363
58.61728091368161
-75.84981807420208
-32.37998034996134
23.439222257755404
-14.811399456774453
-0.6258212477444971
90.48503090827097
-7.3228442634142255
-69.1544095217763
22.018794801737926
-5.582653394866284
-61.04079720879099
66.56815079777212
-58.484165949529256
41.90412965900563
-0.32341784037156174
-16.41570875517185
8.011224616505885
-7.860813707686404
-75.82947541931412
27.68348566756788
22.429457547574145
-4.365144470946831
0.6726848687555389
1.2765480046544582
-21.880562381692485
-48.74381823023121
-4.9705883428024435
-29.61127405483431
-26.906812313115765
3.6011987202572158
-46.572144491962014
-50.91787603844778
70.58143273731446
-58.05762106306771
9.323094290526981
9.250197739587833
-32.74335951973224
24.114228354854802
-15.35782738467006
-0.5243670334836565
-34.88629672491322
-57.184199784931224
52.7299533275382
-51.168641475153095
-62.584945203257945
-15.225726131054486
-31.417181835052304
-42.50575280012595
-5.939009821110076
6.1863237185099536
-35.003441662872106
-24.473003121027077
-73.04863540807327
28.950202087668387
-88.03290525473963
-1.9244012096447136
-3.31700284147648
64.9224564915771
-2.209695276988313
30.029548652468463
16.109799625206634
-27.490985131941187
-28.166373391567703
-51.76985676472374
-57.33980035809768
25.689531844319788
-28.56315655254646
-66.92560018789278
61.77207154438898
58.10745114145061
5.4353971148955225
-74.9631217780999
-34.80025704256636
-22.573662864749224
79.83338703354607
-4.543463469363971
0.17449366087498674
17.540394417056362
41.421546038949714
-12.922753414768579
4.666890009657692
78.88856310464894
-4.399962326643887
-15.4429973558792
-13.661201718127572
-57.72044158561519
24.663179647826837
50.38603209083951
89.11992066582059
1.5800313834594277
22.6913608861111
-24.50106119109475
-31.56195323245521
-44.55752288124252
-11.164382948090008
-92.07984374019148
34.6576012030888
40.328885718131744
-38.17214497592942
60.69158900019514
-49.9508353532426
-18.88154315262463
1.1076009285758488
75.18858486703803
56.02859462964716
-54.52199824195494
-54.56627852230685
14.623670402550061
-46.69077469608453
18.986260852210137
27.0923342852834
78.89982236591993
-35.76246214128356
-13.279019355121761
4.159482590817646
25.355364132046077
25.62678921604106
81.35589635777464
29.95327654160174
16.59520081956431
37.2398703906147
-23.257169441348566
78.26481191420137
14.801695022665783
17.10593438358191
23.999266259154453
72.66217032151641
35.59225308216105
-2.944273461246368
-32.580433380345596
-78.31585029718386
-45.51393410131571
5.230911741675712
-32.5813931607435
78.65464918986899
54.487904379386464
-16.387679124548015
-78.8122549254989
62.453957310781306
52.74355785407269
1.9663412366944897
40.526565765494155
-87.08404548081442
-26.016138487754247
30.511199589851714
-38.29013824329607
6.673948828099384
51.79793251266358
4.610541436910523
-64.89536373505035
13.303943476998
69.59569618452676
67.57601535372348
20.596092244420916
63.639681969529164
16.65870858458429
9.070853147857491
-46.218252214180275
0.2599665716620052
55.056869392373784
76.15602277090937
-10.7111725541603
-79.1459190913362
-43.0903139643261
79.9630214592838
46.35828180191771
-34.162020481160205
-39.75289240405202
-18.392129296845567
2.494034699628557
64.16409499363746
-18.608593778011553
-61.914479975663475
-1.7480860628009225
-4.327298420674623
67.82590047897926
10.363260638953847
18.8215389258159
-27.8210062170468
59.771736460548965
-7.525121518366873
-40.21239087737887
44.174347606537594
-88.4734237481005
3.779642453907016
-35.046432710132
-8.052283780822378
61.57740458875978
24.695659159782167
-36.754891852426475
5.738751596529937
-0.2164224791633842
-2.0297342951558477
-49.262466721810775
23.4088861095301
46.66767596076403
35.73400535550786
-60.0687896763141
-34.60386833211031
79.65514377636009
16.32622891584043
-20.70903007648215
43.18282558385536
5.439477506009084
50.996410631393644
84.48846169794098
-4.339352044504636
-66.3634293804397
29.77167432085149
25.147296083808016
-3.8073880727802134
79.94987554426004
-30.121571309793524
0.9727821959405674
-31.240057182607103
57.348967860498306
-31.476710713916475
39.41734600208605
81.83321147441137
-30.409976695331096
76.05159914849705
-36.301787045027986
21.768247509195035
26.532925282131572
-13.240054719394749
-74.21588161380842
-90.92122286043595
33.02537854462503
19.118217333773586
62.889121370170784
-43.99313657532411
-51.61462470777554
-70.2684596851457
80.95511625520223
66.76291619008339
-2.2942466619446265
80.94047929406199
79.78155684920992
4.814907535346748
-5.857248925398153
5.407015668618115
-32.49241173548272
14.366315226655672
67.44173758000781
49.5789571120614
-72.55076634393512
-85.0149102235453
-23.409634118049823
0.6184451877005159
-52.181585031090364
-5.44515907750602
32.47015242396981
-57.20079880640252
2.667353529279964
-64.63376724920656
-3.4288507419037586
31.623492074224146
-41.13121747170118
10.708550287799966
1.4887747060522258
37.82131907372383
-9.871122839351472
-15.439251598965214
-13.567650822485092
0.15691258580091016
-31.384611825643518
-10.398012734585095
-24.58493690490367
3.519304513112317
-48.0763495294537
22.80706910089556
80.90606910597444
0.512656384425398
1.2063220572723026
-16.81832171803572
46.061738372360054
18.838861696756396
-59.55937216564468
53.413525263145715
-56.778525525739944
9.39896302050218
-31.98620998273023
26.032261195689188
-71.90542225845356
8.98090136465349
-25.384270777957084
39.12623806372986
38.57030953373504
6.125432412031628
-22.03848421118977
79.84550751033245
55.18300580034489
34.19289416267486
-17.934985233855983
-17.733966602035295
67.8403233340633
-16.75917105431205
45.04870491086811
45.5546380691635
80.37984439891142
-13.675374681206392
-78.71564577360733
18.052378885138296
-57.312591025655244
-62.5666375037023
29.1777960657642
-18.15070745285915
-3.7857081077441848
-7.807587929349566
-37.58929119583157
49.32078967506985
-21.063579918899748
63.277514689099405
-42.10121700808083
33.3546678912482
-16.39145374880316
45.914594778128475
-19.784540230463378
12.223772056513184
3.721984009175131
23.715892844960962
-30.037495551372373
77.5879556085797
20.842877908938064
29.699260685701645
57.260116854997364
0.02231676701497065
6.6298341138129615
38.234181279627705
-58.22663181093205
3.5958886736375035
64.50927527060264
-85.37820759830852
-7.499518923244892
72.43252879792686
-68.4889520361912
-37.83663673615565
-8.76754733154381
-83.29400535579609
-32.50925863920919
39.87412008039229
-51.19695910850835
-21.19359947025211
-5.49807880965146
16.667516532006317
19.756896815143065
-69.6641447579539
-64.51562707016859
-82.23021203218937
17.667161016452184
-34.920841955732364
-62.87739174227938
16.14210999292
4.65835823560235
-15.09745194481522
-23.296039557926008
-10.36703168459836
-14.760919115681446
-51.972858106764754
-7.577817346465139
37.52279897615338
6.597499822633466
52.904492225258906
17.4592984853372
-7.955209265359471
-70.16559771583673
-94.59839390707945
-46.45217068351635
-49.064289696130786
-85.78298103089888
-17.750604337032925
51.463198743633654
37.54249016443629
10.230801093734854
-28.835526304951813
2.988336964171907
-48.86565969625171
64.05150944858289
-58.61378547952464
-12.116489740744186
40.630734049221985
-41.17331305172593
-6.662863244830163
77.30647274870822
11.476300940926407
-0.07937481325393492
-5.073715688903405
-11.543713685333856
51.42646816706855
17.235744551604554
69.61561978560403
4.651141747565816
-20.970120282165553
-16.4769103356695
-48.35920350490414
-17.47141698071499
-1.9633476046198552
46.2942578875861
3.1328982600891777
-73.21065272288402
-18.27305801969166
-55.0430285828402
40.29558879780893
-8.713648266005976
-35.13089578784622
9.999451003472458
11.702402835549833
38.619174983055075
-46.77021401866641
-86.758413660603
-3.1226291278259453
-30.736525452930223
-44.64099959566351
-60.237616195882346
42.305852726650244
-72.66002731204861
-3.3135341461115075
25.52507958960601
-23.030232785643932
3.2833543328162733
4.665570340329808
-6.054847777974274
-4.355727755928797
-58.77820139356886
-52.146664334822574
-21.450537688707
-1.050244235265481
-39.605959217527406
19.85696966668921
-58.790928575417425
31.880837890322198
84.69914646187951
-4.162164841726749
8.02955338816595
-0.9422063112309615
30.043136241977905
-12.603389826196008
-84.48626361655931
69.1741562560839
88.5071314523436
58.99882227791181
23.977793241020805
4.256103454322428
-11.911937303974113
77.713531903822
-19.59383378462367
-91.67554906678245
-6.750427472064871
-11.026644133875621
-1.185056771593267
-16.276586694586513
-11.056764545498083
0.9630231977167796
70.07048529249118
-3.4617109935520887
29.65340432771906
50.222042430815804
57.81701628066338
-74.81875325308096
-22.611966592928738
-8.145973915328085
-45.7326739742698
29.581615456045725
1.8706254007671674
-56.029777461589035
12.785292739633363
-12.58859469054427
82.55243530005225
-42.05094250928441
-7.9220706863498975
-0.03588742102812148
9.767243604373732
-24.373307399236126
-68.23350996510204
-59.42641484558855
15.480392998589082
-17.494925681349002
32.981441823605024
-16.31403502237758
-10.556317370398787
29.729420988512004
33.82556542933111
-5.412379548657256
-6.937201841662883
73.54135377471843
-44.012372968525064
47.06200425096338
-16.783474168043213
-10.722737670107051
17.190182153498355
15.738818410640278
86.9007588357272
-51.03851129377428
-30.659792009669403
-12.313762676867086
6.7791122666815085
-12.773859407048604
7.093463261996604
-33.39458529524049
-1.9985077496103827
-54.92897676925943
28.344547966618734
12.137786538332378
-1.3858184948292376
24.500335322508562
52.8149874669989
71.27297387527173
-20.277407853571447
34.1197544009639
37.89202261329976
31.609974492188257
88.80656298951575
-19.805051003885353
27.847329321631577
34.36895812195445
79.71158904223012
42.9582895567043
-1.6521233889014155
43.855674788282414
-10.03680934702281
14.932379571080403
31.69702053975425
-36.40974232056253
-63.77749683674967
8.665658737088634
-51.07626551500345
26.315215968288413
17.127615481778918
18.776124572479915
-4.41758704684959
-33.06731168987682
-0.8800690132203641
13.882980034787309
47.2790670935004
-18.73841503518345
72.72218985340956
-59.54727267494593
-29.120190933503352
-41.64029370704775
-3.0659958439272827
72.88633092304966
-42.07618172034383
19.796430059666633
-43.61847480931281
-15.680024404499292
-4.541504976838951
-75.34938186807841
-61.90616985501967
66.24533200823748
-3.358115257550409
-37.46247324667158
-53.65157934382083
-13.202678015422663
-1.3089919086481387
-13.180641772981971
-73.12132541543983
-7.433829352457607
0.7074536285688566
43.38662819468067
-51.60452097526934
-15.255167976867384
-94.59371704789946
-9.844445267656198
-81.67966897878688
52.79828023464617
-39.895319103545745
74.02517912445191
-29.819058203431155
11.044001780729673
-62.71448300296509
-33.70878504404118
53.22305820561485
-28.314091075838505
20.08778205685934
-3.5189604023551055
-65.81163422812241
9.379443058527784
75.82851661766202
65.96758811488596
-70.39346607876539
23.908190140724827
-59.37327501909607
34.367816180549596
36.1176013934211
-1.331294835670505
-2.939806879093098
-46.24595637317679
10.38167458565053
-11.981740334498
26.189637043810663
-47.680680462930624
-19.057862799755227
-43.300432397206734
-26.314430535408817
0.04502472157345494
-10.605767365923597
5.888928617628707
-14.395497507298344
16.353660947289967
-32.142379322909335
4.099049169476459
-86.49902497436209
-53.577176092744125
-10.807452146421369
70.35467364253378
-78.81773971192524
52.26918106390241
54.657024258544226
58.21637695378993
6.902920204191645
-74.70354814252444
48.159226731032874
-79.26909411696734
-5.4082120126976605
-18.08662351425812
-14.742161443019711
50.1296328914745
-8.508541585288341
-37.72608348081519
-53.05610563057509
-7.27364910251741
-19.979012004220678
-6.304327292490555
36.65319093865406
-2.3957053743726533
53.3587394243759
-10.574911307556832
-72.48394828630666
49.43869206085259
16.99442808138467
-18.048880402891868
0.37348075410724846
48.12916013398478
18.515086768753733
60.86196363936111
0.06773889240160713
16.224853131777536
-30.979056701842737
-25.000184997978522
-18.906898889051703
3.73319841656604
-16.67255870683553
74.42126441987273
-12.350978359558894
31.255965033414384
-12.76328916222677
-66.43795980630519
70.43695924892313
-66.4320794619695
35.267059914039265
-44.523595552009134
3.5911223889370376
-13.997250282819138
-71.97226374059011
13.787923065302195
-8.976936058182943
-49.181619256569235
59.40726455332066
10.332254503975506
59.58977641233571
22.911361116956527
-50.19448043376728
-53.05638604718446
-37.95831068879906
-60.1858151297977
35.76087001060614
22.360720409824864
-17.60771839625221
-24.308350036940013
45.35949739254795
-11.726618972604513
-69.46175429797644
6.231599704938006
-72.72038965411063
-18.762070503685976
14.245828720131357
-34.35051141800153
7.669281611779411
19.52425027885083
-45.44451010304667
-54.400069824366874
11.427799407655883
-0.26055175766833827
-11.482860072341651
-2.7032303455781346
-2.6714768378649154
30.162617435371388
-34.4667332015988
-28.447624857115855
7.7029587170515725
25.801331865746178
25.07649578274605
14.07393653423641
-79.00757288414904
0.14041292060466048
42.8309029901406
-40.855298453870574
-14.79824872703297
10.331382206936041
-36.3816966804169
85.39416228165788
-3.370068369829255
-15.45060720634001
-28.25064592997255
3.632218785244646
-18.681869305688537
-57.271071826929784
74.58695756679904
-23.636517367238767
-28.777140542938668
-11.471063790311959
71.9666770935651
-3.5249525581475467
-35.65351695434006
49.934386757314655
-36.52896855782601
-13.778530429131166
-32.598086573462126
39.38823489604772
-0.9863737939039083
32.36614500503879
-0.9118970306366236
6.625491780086747
78.37282694732252
-29.142052804385926
68.06495678230945
57.40647338274482
10.083473337156974
-24.035040726254124
-20.06394166791091
32.94167119790501
-11.851634069161975
-67.54822672144243
-19.695496292545187
90.19855455829418
-17.10524181587276
30.776315381554923
-58.495065669987135
27.058403124581645
34.402082702860184
36.50820384644814
-12.437143136493717
56.53367937782207
-4.002264039211255
-6.227812353874967
-32.00822680690993
-5.425682510736422
-25.671431751177366
-13.920738494247516
-7.936332921203473
0.017973284569492876
45.773907425137395
-65.14051970864897
15.372428285793603
34.10307002615795
76.30912746680275
11.165622547392886
-64.93448542769724
61.38309144433214
29.942240006268634
-10.473673268725378
18.718345824227953
3.1351137859260234
2.8277407552342595
-56.894218407477084
-90.11278410365041
-80.34425951254117
-22.53679738877605
15.681744221090028
-15.2877974799067
-72.21650044304582
-0.4777832201068577
-47.23780023638619
-89.64372733422059
25.776692069367428
0.6188314437438294
-31.206852839547565
33.62347945546827
39.99332096953094
-58.76620730110635
24.965704365797677
-12.711188339961552
-26.528623166945465
-35.2171898886677
-36.88329275886332
-26.951390678759978
43.871150114620605
59.982548287409145
-78.66390849144912
-11.466758752015934
-0.6597683306621747
-2.2256020750577505
-12.203784180320397
-41.860508153562755
-58.47832688043057
46.740636180196134
44.9332021159361
-0.5643679066763383
15.222533726411143
20.826772327327376
12.292368458731914
71.05382031082272
19.16225724403948
-12.305067593195517
33.308023054343295
86.91071008233061
-52.814421686467284
18.36249284122222
-76.07350024074822
13.935816368615775
49.56222243930674
-3.798832563095459
-38.258545850234505
-14.857053949335139
51.9597982370278
-6.4160311981505345
-24.35374275717743
35.099974344794276
13.196010535990482
-68.59740602736017
-21.517413108521865
-5.440627751633741
25.423508975337242
26.199377930838978
-3.4915109547478806
50.87252843448158
40.82852249629312
-29.84307686064595
0.151577329001654
-31.515590033020857
-13.887143477962738
-1.6176189682137618
-25.442269003944517
-13.231154000005589
-4.98240348664514
-77.37580552443535
61.303436332113534
1.4717769065074293
23.19323361685703
16.31639447372251
-18.048069855408542
-0.20616493062532015
16.64245378258481
10.572465916219372
-33.658910681222864
40.82385569075106
18.117821377873753
-71.40402858830632
-42.44639514882929
-12.033970488517681
46.53541153196369
-20.589736447312774
48.70162594230604
33.14177632264213
61.57012951737386
48.32662367234795
69.56591080296565
-70.40202593891888
30.14649668955309
12.831348910967293
-13.197368324762124
-43.33557891318769
64.08390180674147
-4.229853736612597
20.64767616466949
-52.92708824404348
-7.454286023854394
4.7552669685334195
79.37305659833001
-59.187828727783035
-10.545571675679057
-18.48710619182573
-15.84364710871344
-62.615881786699404
14.170732204841627
-5.867608778551343
-45.79183824721259
-43.39922563688707
59.40601160602105
67.37422304161126
-18.350730087269426
83.35583827947232
-59.88640809185874
44.00419692254965
83.00825630318488
-58.03485977982705
82.59932584345239
43.00042953212645
9.14167508054362
-17.51792033968505
-22.22230135070633
-62.919854102156556
59.50175473267777
-15.573665541004729
-53.512144415192246
11.208960326821426
4.775596861013369
-2.5385229693066123
-18.138975151153858
-49.487828828345634
-27.53190211989559
78.02391639442845
31.06996245756443
18.211276359305373
