24.828476609134768
-31.374946456280227
-69.63817062052189
-70.46503070317122
-49.01769385820379
-25.442982503719477
-41.146683267107605
15.752775732031665
-53.08331975360644
25.35455458758632
14.37190224292226
-23.573074814230182
-4.28843588273466
-11.615612355046139
58.5849371059214
23.436309256164876
23.966291487741287
-28.304841962967004
46.58035250377688
49.92821982528483
-29.773202419589367
73.28709971305872
51.21905744589688
-29.353764108346724
11.473382026175258
1.2296942114270024
-39.48432053491106
-24.062490567873056
54.36593377641441
-4.2419160123320125
90.4296273598722
-6.554300183588893
-10.514938774869591
80.3903606566513
-25.733449895897067
33.41905281294666
3.0906999781485354
-68.98596765674628
-22.10929322951452
47.32079041032296
8.27415203771227
13.489566763110346
-33.7486291433426
-20.037677108103054
28.85692991786972
-93.51349673317884
84.19746259842077
-60.08000630837641
44.719442346721564
-17.56467737312893
-0.7450984391247886
4.530285594737833
62.269136161330806
2.8555879887351523
19.23145955229647
24.143035035419857
-19.920962205953302
-75.5498443096273
-1.1200465285065349
-1.8133788587679192
17.4927725568228
-40.17412921465567
32.99221175169214
-1.075848074609027
-12.625846856619134
-17.875336066311235
0.7230701486025026
41.77539648901441
-5.614000379884487
-7.701537699137404
30.105168004333194
45.748939186387446
-56.66983051624817
-41.40080596530764
-16.382388743951566
36.02601098245216
76.0090492854111
-31.752690321411364
-68.21719746805528
-33.95796385006199
-15.785210070527299
3.2667646172210283
28.676997272988032
-11.521453061375908
76.66274378748633
15.692412997874555
34.99234260917376
72.74889508980118
-69.12279194508424
45.505324474160744
-56.19843476128941
-21.863643954072046
84.00514451653149
34.90125502802289
-31.21215207283211
58.945962258680225
-75.40668593346214
-32.16600766429438
23.42112523314063
-14.761413949722368
-0.6200367783058596
90.78873152685375
-7.315568681073074
-69.08222495593921
22.030769362707503
-5.615017100900133
-61.40654185734299
66.80711071461138
-58.74499183367475
41.9186355774529
-0.38768179336729247
-16.409232436870013
7.988588630665248
-7.839520409777279
-76.00308970959743
27.704310115344498
22.444669250318597
-4.348750741570569
0.5905175722803193
1.2264024193310235
-22.01500114543812
-48.7020536092958
-4.922024564379328
-29.509353322696057
-26.833067473081698
3.500828657505963
-46.87355376565461
-50.930863464521124
70.28451775005175
-57.870761240261125
9.252653244321607
9.257457679252525
-32.50314982145919
24.045230924902867
-15.308350074593221
-0.490899614883773
-34.484007667874295
-57.30954118266266
52.99500314442716
-50.993858402283635
-61.9642816427955
-15.297308950190839
-31.52405055189878
-42.60642221338964
-6.003881274272487
6.1667556177719405
-35.17018235807187
-24.453187116767168
-73.18644303272777
28.992694049749403
-88.41915070751631
-2.024127662733193
-3.3234909147409155
65.31176571419905
-2.2367609878198493
30.08130221802982
16.13110903646765
-27.449047438941335
-28.046321250471408
-51.5415083460356
-56.93271080106476
25.393320080889154
-28.741591431439446
-66.61863855651278
62.114431276118154
58.16657019263363
5.31979694460243
-74.50894705675822
-34.92436272293311
-22.69873523317746
79.95939103379331
-4.609092547882369
0.19302734717552994
17.5493918014037
41.57669495775096
-12.839150606970861
4.671103659525841
79.2046178223199
-4.452759068048422
-15.330574870567986
-13.703856183738893
-57.854389278757566
24.66998681065722
50.028193090534955
89.56724194960512
1.4774463521878118
22.717318051519584
-24.535021278285626
-31.537575365628
-44.333005331485914
-11.19021973862283
-92.43335844370623
34.617330995433576
40.45123797956012
-38.44383668435174
60.869206846902046
-49.69296262682795
-18.726654538536465
1.1149000474840562
75.16750449960082
56.29789696639611
-54.2295055796938
-54.566001253488935
14.604414341037767
-46.67134708893553
18.936998210471984
27.140457475213623
79.04997250120127
-35.965952881465434
-13.184447782990219
4.00421253461252
25.394567536085063
25.502659408013486
81.72137382966784
30.015973676242126
16.61512030865093
37.3454773290986
-23.427220264315423
78.52371215800235
14.427838298087863
16.874772459328995
23.996821701072108
72.38764233074468
35.28368175058142
-2.9179197204305325
-32.73146616154821
-78.46085306016887
-45.07603356687529
5.130479539253329
-32.33401235176373
78.49784484980682
53.80750088012991
-16.45221507076849
-79.04689787816748
62.610928895424706
52.534218775148474
1.8487881364598024
40.21132780001403
-86.99838404655515
-26.106016450682034
30.550870529987662
-38.207695511541026
6.67666431953684
51.831504640709795
4.552117233170634
-65.08265318589326
13.292054524549116
69.9880985574371
67.74226548533682
20.605261895685842
63.63214377286573
16.618256227577618
9.091966817897827
-46.49514174558701
0.22056815106276417
55.318383709193284
76.3241357267816
-10.69871275811586
-79.57296364447328
-43.372150918875384
80.32403794305978
46.541919330252455
-33.84749345586618
-39.695456462856846
-18.490539313045275
2.3717257319998453
63.90668006669483
-18.715552500729956
-61.813591637950985
-1.8333311519646003
-4.304180037896387
68.23586874270504
10.0592636429962
18.83438914715208
-27.65407933569456
60.10937871123551
-7.624584708640654
-39.8720486338539
44.16242808729771
-88.71868467775761
3.6838369827519557
-35.26946744255724
-8.119406391147663
61.67640349579963
24.718189632822813
-36.48632475662936
5.664091303004767
-0.28060431970614275
-2.1118617289606476
-49.51757401025515
23.31993221865929
46.864607170278504
35.83562030981051
-60.437813365105995
-34.79997351582248
79.44849068122838
16.116167092648936
-20.776232799929772
43.15853241645789
5.393854484306615
51.05614443661145
84.36998686782229
-4.2958922106844
-66.72133928750476
29.8321570831789
25.123185650266606
-3.7623266082504614
80.37478842332308
-30.061801600801374
0.9647915803183054
-31.36403331660206
57.640320944989696
-31.447590411608218
39.52429836224576
82.22018260630983
-30.260805264526155
76.22414674006069
-36.14302743372442
21.756048344857362
26.239857309817708
-13.146944723467115
-74.51475773396716
-91.25989573931695
32.99339922698556
19.081986258479176
63.18275867455142
-43.64351347693434
-51.74326170713629
-70.65342071939668
81.03771152932026
66.61960604976636
-2.3569964187528853
81.30171319764955
80.18174827351083
4.629424976110926
-5.912111939197416
5.223784681863336
-32.24345403027094
14.003649213135589
67.28933195818689
49.690426797069335
-71.96991701588692
-85.32955160884224
-23.220368392630732
0.5167248679244523
-52.1273096908935
-5.504949792749457
32.547197885143305
-56.93537352751806
2.5499810973130224
-64.35740030514842
-3.435796598913626
31.69456544658408
-40.768350884484754
10.625808911593808
1.3684050648463284
37.93553419676101
-9.946741244871134
-15.550677791286532
-13.489102412512764
0.08345380628099974
-31.358756163277548
-10.496255474492216
-24.659681746054602
3.450540465624769
-48.34249308589592
22.411161491678712
81.25135483397446
0.41562249099747817
1.1394462711852356
-16.69451336552393
45.55967521382124
18.433980668871783
-59.11998802778398
53.20270668021527
-56.80006855170485
9.407705002551765
-32.01728155973093
26.03981411047573
-72.10933562080305
9.002013438132238
-25.419925902869807
39.111634853056046
38.67974930637004
6.088764065968846
-22.08764226885195
80.299163344384
54.42259505912668
34.27071869778018
-17.89381323325415
-17.677217180506204
67.77845112365634
-16.857408477189452
45.20708784571056
45.747984436677115
80.39248920417907
-13.726130669423824
-78.3776211738789
18.02980939471962
-57.66235775563218
-62.75504532115862
29.22250263862682
-18.05977774518273
-3.8127689719173077
-7.81534626206637
-37.362949551625846
48.849820563359486
-21.035988096256446
63.08971955611014
-42.04385748856998
33.43219262985937
-16.342398659348817
46.088449885057315
-19.625624513617126
12.227352250261646
3.702867259098923
23.710867077338577
-29.728448796650298
78.04793614442613
20.871770123256084
29.745826022725808
57.42112031495151
-0.06841564701636571
6.555009160801376
38.26388887718582
-58.2523799341696
3.590314645546897
64.89360378190489
-85.69555124055695
-7.523611421523043
72.47125586873247
-68.86643934153355
-38.065842169987825
-8.86594536523954
-83.09539786813338
-32.677055898291925
39.65751852028359
-51.23401059949041
-21.143212787077402
-5.522854469519302
16.47262897693372
19.783669819606217
-69.45675140637162
-64.40204282155506
-82.36800548625426
17.609605614495123
-34.67014735154834
-62.9665027245107
16.163492897363312
4.518972596961376
-15.164830292073404
-23.210164676628693
-10.335703510313863
-14.825248262700939
-51.92453618433501
-7.539853409842152
36.905317900502865
6.5003078578716895
53.187204479076144
17.140564519927906
-7.900916889175434
-70.14151219212562
-94.74586536038724
-46.596586252620725
-48.66448860644507
-85.80860660261212
-17.6600919249195
51.32072884730337
37.396800445103224
10.249791156398615
-28.8716037770199
2.88172052627975
-48.66904698712514
64.40680586473957
-58.279966761371426
-12.046258148347405
40.77362243923119
-41.39697292182255
-6.67431059778815
77.69639107764073
11.431012801508572
-0.14134534064648108
-5.0656796702038775
-11.50145964071642
51.46579511890852
17.22384290876252
69.9811124655366
4.543086756544099
-21.10767152441136
-16.567668123709865
-48.542534351716206
-17.51383571739659
-1.954955679345801
45.8932736738486
3.023876604776703
-73.53371869610909
-18.406061829668346
-54.524094899216635
40.4375891112399
-8.752123885974498
-35.27921788213534
10.019532878009528
11.446108406640377
38.518776884147655
-47.0935935317634
-87.10705251489071
-3.0795359728210343
-30.415271509188116
-44.68950465558498
-60.53019557507972
42.469697173580386
-72.2466590656866
-3.3943585996456562
25.527912151917434
-22.966659533552146
3.2888481044528106
4.654040687494884
-6.001338722350042
-4.32473891227778
-58.23314975138224
-51.78180995325633
-21.49009402656587
-1.1201639002765944
-39.89888382371674
19.79364909545116
-58.30612877100262
31.94262520757556
85.12798439271978
-4.253726559945875
8.03210368492934
-0.9900547295976168
30.035443980772513
-12.685130346966247
-84.89817688579096
68.77408248525913
88.76129815260416
58.24954335278602
23.99742418468192
4.238742061560984
-11.949182087856556
77.68922640067132
-19.701639569362186
-91.89616508706845
-6.696459715338378
-11.100530231895164
-1.308244449637968
-16.27592230932271
-11.067488222319668
0.9952190103266645
70.42333176165323
-3.5444536444791055
29.705613633657407
50.42059378065784
57.51998760284965
-75.00607922869465
-22.659419902168665
-8.116537791519576
-45.535925420431276
29.62005599040765
1.8683352278289647
-56.164878529084746
12.77540048247424
-12.61414536104003
82.95893150254116
-42.31063617324671
-7.9659050364281825
-0.08565321963357064
9.765894452386291
-24.534153410814056
-68.20222889797995
-59.54791742367723
15.491926043867736
-17.620569992842903
32.367787460654654
-16.222226154184654
-10.510677155446828
29.44062438716061
33.900342487794916
-5.495909600942511
-6.994754214483663
73.82476339224485
-43.90991523913584
46.333357724305756
-16.759032184537972
-10.729255771003096
17.145990886795502
15.705393449297418
87.25679564525026
-50.58551154074451
-30.543539500041092
-12.395759390663045
6.668675783724055
-12.699093273908716
6.983781029198951
-33.59513790427077
-2.0682718774974376
-55.17114561883647
28.331231188018492
11.993641862727685
-1.481587038220738
24.490546078408997
52.6082181084262
71.70269323905825
-20.288527029247206
34.20749112852087
38.00879250492602
31.600088663970666
89.2097516848988
-19.802613143759203
27.795230916454543
33.92912303629507
79.67532787506184
43.044350217631035
-1.6137213405637425
43.27973197279226
-10.033090342691835
14.871294005667238
31.766724693719112
-36.15758761210505
-63.88846212621229
8.583292477607671
-50.7519158006944
26.312263913977645
17.147335288540617
18.7997457110163
-4.524271179143469
-33.19988979263414
-0.9642410060562412
13.889168525895727
47.4012712052519
-18.64247646073217
72.81586807260933
-59.478399256586435
-29.005430555464713
-41.68138143155595
-3.1079930319197047
73.30269564874087
-42.31997409977749
19.498112329031812
-43.75136233583476
-15.789574255069155
-4.646972325373994
-75.11122643103761
-61.79347595043768
66.63966790706621
-3.4457644683337207
-37.730718545767125
-53.63543066176436
-13.108529760247436
-1.285187961488262
-13.100336574965183
-73.52441953681482
-7.5158971932113445
0.6206624718418254
43.40814348005475
-51.512784270484865
-15.21581125550641
-94.68727643235667
-9.77281407439716
-81.38057311759533
53.07424752814484
-40.00570959188772
74.45604232190169
-29.577580401049033
10.99330694557365
-63.03444520105283
-33.842964760749645
53.394327581229845
-28.278780550307005
20.108299694904957
-3.5953983562105094
-65.35326380289396
9.309454663548465
76.14447346113045
66.25470484891397
-70.72463076315192
23.46603057104946
-59.211770788058836
34.45789470445189
36.20643485789651
-1.4133371831421044
-3.021317920889274
-46.05104164865123
10.40042953025987
-11.898297492488666
26.228610542554733
-47.130612489028316
-18.924036971018666
-43.183150033337846
-26.218353524045654
0.07539774969569635
-10.663271438249993
5.861596069826319
-14.510579095262457
16.371151501604146
-32.35080027709026
4.064281519478541
-86.81438379731921
-53.52254032724821
-10.900360025428256
70.46498737702112
-78.67636912565068
52.39528740525975
54.59782629596637
58.399974048108504
6.885388400557559
-74.86118328543148
48.27589145992857
-78.89522599370054
-5.462199169001721
-17.96938508085927
-14.837729331950712
50.290457662480776
-8.474666968363863
-37.5805400341111
-53.084351571170934
-7.227435229122577
-20.070695499080657
-6.304628738779826
36.31557655018
-2.495816997923498
53.64413668457436
-10.671217610222556
-71.85669861865418
49.65051903142552
16.929835055313987
-17.936569871163144
0.3247733368040855
48.34633692846941
18.244091088422664
60.9287205138678
-0.029035521447497104
16.161347728344055
-30.665745361460097
-24.946922183072843
-19.035325002222308
3.758701179246387
-16.798352378972027
74.45909681989085
-12.275865390471694
31.299950724045374
-12.69312869956562
-66.71171207680202
70.07979448175817
-66.03630079063768
35.3647003633387
-44.81545457847582
3.5326911091592166
-14.041321566414595
-71.60191043640279
13.80297484652668
-9.057540926835458
-49.02809148464017
58.978152041491285
10.265105699340893
59.49451907685639
22.929114656298424
-49.74321039310146
-53.12840688221716
-38.16495766822471
-60.26352961983306
35.85469522283171
22.386816752129803
-17.716451321102568
-24.36758200827269
45.5503382664337
-11.644404979874864
-69.82613526513413
6.135873955262539
-72.53465321609562
-18.86022546796869
14.248784213401677
-34.51162168231769
7.653573293499775
19.482525927917052
-45.38023329574682
-54.56647501067066
11.322701019773888
-0.23298529085587916
-11.483399471266296
-2.661433438726064
-2.765027888985358
29.995318183334106
-34.1889573404493
-28.136116549750668
7.718972826639273
25.810218060351403
25.0804878227882
13.717546543369266
-78.81278613400359
0.06484833696559633
42.775418264792336
-40.42141035711278
-14.864361953854129
10.34867366643823
-36.57592781745222
85.78254816438468
-3.4109806898553785
-15.524979079533665
-28.45329311645166
3.5952002228365956
-18.81112033546019
-56.759011709849084
75.03863777895774
-23.734931274850553
-28.84684174371749
-11.401918685157113
72.18528114875454
-3.631844340713741
-35.67155888647364
50.14080086237567
-36.63185031019646
-13.68324440468345
-32.686994788824194
39.4208477459305
-0.9605045808495447
32.04960842398907
-1.03499003255466
6.629940394446692
77.94343226495579
-29.150521808519827
68.37106894091912
56.95654682591268
10.064239544866595
-24.16712151052417
-19.905784015935623
32.71472708820747
-11.799834443530344
-66.93894204654929
-19.72439531219139
90.39383957113091
-17.21897937889881
30.792387124844197
-58.395656720570095
27.10422005160561
34.4793451896698
36.57160558883197
-12.41565897614899
56.71561157964692
-4.033348216647468
-6.329292024475265
-32.0776977346698
-5.42920692504137
-25.839292562885603
-13.998249320010373
-7.952027520522265
0.03256644249771057
45.749128001966994
-65.25116460208008
15.361096729675765
34.1180788575312
76.31106296902266
11.171443593304005
-64.83445349192775
61.66410364705328
29.980953801654692
-10.508192410848181
18.74088374214196
3.064871303667502
2.7721837092411477
-56.389166361948426
-90.13213717879664
-80.10804458657432
-22.31911407145695
15.618750762673088
-15.203423334990944
-72.39030998994107
-0.5684719991551077
-47.005411558571936
-89.42446195147264
25.813381892234716
0.5016675505743251
-30.978397172425687
33.695754449736
40.13231328823372
-58.89273922783689
25.00568429679265
-12.622251503659939
-26.687740052352723
-34.90950388313888
-37.00425584569241
-27.09718244112078
43.206422313266245
59.49168085414624
-78.51179131635058
-11.515690361024696
-0.743200445762767
-2.3349105367459657
-12.293487385491346
-42.16490630046429
-58.66941334121416
46.93099782429621
44.51262266856614
-0.6879577466889515
15.168336449012855
20.79351863745643
12.269130165321755
71.42212051329739
19.15041979758469
-12.339005656883685
33.3909819424548
86.85702169836685
-53.14060815388102
17.969949717778874
-75.47140934794643
13.845106893452211
49.63964850301906
-3.776742397848423
-38.454279268346134
-14.893571923083456
51.988738417474565
-6.360917872698096
-24.166176121596436
35.14273370572545
13.213315637514754
-68.76346875804828
-21.665726901179454
-5.542369524219083
25.450780537419178
26.21955240556538
-3.5063404937345837
50.57881463408296
40.4169401011811
-29.68618719273246
0.05385971354722585
-31.27643128396295
-13.81267073857309
-1.7244044055574932
-25.55001618533383
-13.227376396570008
-5.011059334041917
-77.3141335850693
61.07758583222136
1.4462014684639115
23.211057207261177
16.338327002545043
-17.90735449960195
-0.20748614350796402
16.629838898452462
10.526532699778983
-33.288521799778124
40.3235469716966
17.92594779245283
-71.5692833955425
-42.7410880847416
-11.952978677129408
45.894143146305
-20.664766055690137
48.71390830602351
33.22360469529767
61.50419991187144
48.29721685168445
69.76994376858295
-70.82924808273967
29.873119391218225
12.740708547021583
-13.228330290292547
-43.58718344306717
64.43143385425086
-4.252081958268576
20.388940348446866
-52.820435404413885
-7.480074275746389
4.76375151185006
79.45749602531518
-59.441324688800194
-10.542636977240619
-18.494714627561976
-15.896389492122069
-62.491173723736985
14.09051286129268
-5.848441326715516
-46.0746800147314
-43.60383782828768
59.6532472011379
66.78390544544297
-18.44421720760903
83.2063168622397
-60.086968369013896
44.15372984469926
83.31098263046778
-57.443810607487386
82.46739849237179
42.877449865158354
8.889993947403283
-17.470521124602087
-22.035727811106113
-63.056948612326984
59.3739947562421
-15.46351989520501
-53.00401086939615
11.229141519692192
4.771009131569784
-2.56763859822604
-18.20883508503603
-48.92749545003462
-27.33936902944734
78.2318371014525
31.13900696358496
18.22885955626407
