15.555520314659027
7.863242777663385
12.594359508949633
16.73049612402276
16.42677736902569
7.428957479238401
7.8534494209286505
10.122300652032408
16.852722316982305
7.704778774992135
17.353997001801243
7.518997094290776
13.644785211467685
15.886676986487444
7.711115527722721
7.995435976725003
9.112713514705494
7.683180281542197
7.747185529524663
7.536647726095523
12.46755500593996
11.499438181723406
10.711593028351754
11.329952706197357
8.043598365229503
13.444608113911187
7.520048261598775
8.381992936549352
7.615600781667225
8.164214581974896
7.429145896486012
9.130599666513152
10.703628448436799
8.470232648979398
8.043172710714405
8.051443806214234
9.951564357294401
8.136817878365175
7.416346008741255
7.788485999534889
10.100565645820243
14.354055408918459
7.429180797946555
10.859678316079428
15.265830466670664
7.966524657591379
9.080656535335635
12.982809040516642
7.525611813133801
7.798609492455378
