15.522337298735614
7.891214099534829
12.580214885565677
16.689774688394955
16.38800453474697
7.4839070303117365
7.882029115737434
10.124491026889803
16.811216701515175
7.74259403631955
17.309275303984812
7.568353296059075
13.623888783066288
15.851369332796807
7.7485371437478845
8.015195327258368
9.122047459420084
7.722337262492222
7.782366441617518
7.58490745328337
12.45422544189585
11.492312154748191
10.709669052998372
11.323967842126518
8.060365820893995
13.424998360739103
7.569339163821664
8.398347416985366
7.658955867511865
8.182869023513604
7.484083742894902
9.13979491254221
10.701760080575333
8.485655228232222
8.059966608455365
8.06772389538061
9.954946787129039
8.155212106904742
7.472078996746206
7.821101285874069
10.102907771202478
14.328600015455198
7.484116476242444
10.856720431652626
15.234506045316461
7.9880800076599465
9.090239066831128
12.966167586095544
7.574557102071984
7.830595897473169
