28.670305558201576
-35.42409935186279
-56.1354650989069
-55.71258964712136
-40.49012744663509
-30.227186811206764
-43.8298468125171
18.215128889522262
-47.777574779828996
28.82979276487586
16.069038194899974
-29.699350714100433
-6.0789995484369115
-15.300835645474208
43.02330407231841
27.249889438193563
27.317909178751776
-29.759096477761588
48.69015184965943
49.15532481068976
-30.827196784452724
74.52544458181075
50.961276895604016
-32.537087711443306
12.880454254159517
1.1493358610004805
-40.998808391638136
-29.558034284872434
58.67142397880937
-6.00859609039243
86.64063446184264
-8.573851514275503
-13.870239699235682
78.80998637204308
-29.55711573795236
36.69144565441641
3.313089281369429
-69.48585756169018
-26.40402284473926
51.77549895973479
9.082537922463075
15.393979339626938
-35.12836478456809
-25.483551977589116
30.234052150453664
-83.3135578194988
75.55066895716388
-59.46666754757583
46.145261137296245
-14.632113486473429
-1.5189029086729562
4.321680578556382
64.90786319826321
2.614769739552827
10.240757627222465
15.366359890984924
-20.46732786030971
-73.09623746446731
-1.1956031496617499
-1.1988539998035037
20.002172728672463
-31.37409256731081
37.25323752466025
-0.7687593570396842
-15.776220578116906
-14.440671443848672
0.08867560546232767
39.83350309652056
-7.210232739912655
-10.326862136215993
33.84418525048082
44.830342634510004
-50.10979375246001
-45.18211191930477
-20.607654507988812
28.635465924517362
74.38626771847049
-36.67785758915747
-55.29009117909666
-39.33166446016633
-14.796835328044793
3.5122248576789445
32.04888451299715
-14.86358643850518
77.34669281043324
9.088691195696882
38.08301845706043
64.44804565449653
-54.037125365067034
30.078970918158177
-51.611053521903635
-27.409783522851143
82.5513039525888
38.8239242356826
-34.80917674920728
63.373643173699094
-63.00682677329973
-29.603846796302022
24.962071577651088
-16.44299074989084
-1.4168717055791262
86.80021087742975
-9.26113373347036
-64.26861815862392
24.11477184822091
-7.707653203326174
-63.94544151423837
68.0432639712499
-60.94246175724728
43.704274415751314
-1.1003688394126954
-19.49812366569664
8.80778248698411
-9.544078325985936
-71.84946169091286
31.886841347121504
24.624873110295738
-3.499303389484467
0.3544079668131559
0.7605531491773831
-27.822051378202204
-49.2131084852342
-4.483553393892777
-30.456240732794768
-28.54735983104493
4.219999581740666
-52.379296419736235
-51.888376176500906
61.73654102176607
-54.11888707868533
10.738609994997901
10.236366144391027
-29.01815119407736
24.62464294444409
-17.0677252385523
-0.5823871657362361
-25.488775332828467
-58.32236445092467
57.68246258964345
-48.68679958316834
-48.00236975112881
-19.625247041632676
-36.73285567389997
-46.38080986428393
-8.16968654719581
6.604693341963085
-40.89814354003251
-27.556499788166505
-69.61651231415514
33.17308894871442
-81.6391280917041
-2.5753566851963967
-4.765621350992149
69.22802381311868
-3.570290269275162
34.34862028303988
18.109700902311673
-30.006117598115154
-28.396477075658368
-48.052301977786925
-48.74886043528781
21.11742157487994
-35.14390327485241
-58.81887622063718
66.04260513331843
58.39038542047135
6.679238073462614
-62.14094620284569
-40.07891950163655
-28.411303080715186
76.0659130722969
-6.390325637353897
-0.26199420171522547
19.968335293787717
46.600321456719
-10.718986007978913
5.302425446340564
78.5040083329643
-6.271348992901352
-12.793264363340313
-17.43450162137617
-58.83251813620144
28.437746275194968
43.589740837289554
88.41771503871539
1.8113419372497077
25.87603847044808
-28.791593461024007
-34.37026376470906
-41.641993267708415
-14.30377113455009
-83.7142791230533
35.77800852643284
44.60064078071372
-45.08855798755284
62.48978057006738
-45.76421880784944
-15.046441559352402
0.6523980250308483
70.1946877223489
60.35699496372109
-48.99497900575007
-54.552063530057936
15.593740299967266
-47.90609192195743
19.67854348739064
30.728876189794477
75.78172180393307
-42.08893996978273
-11.412752021062289
1.7035812824422436
28.37603858094323
25.027261300380133
81.15596709496668
33.916993871735144
18.72156392989642
41.53215699629459
-29.75392466344404
77.10153669183319
4.50348045176159
13.777142208286634
27.727386514236272
63.772252311840845
30.80701340933075
-3.702549672385203
-38.48659471133003
-73.13054921780576
-36.22348666888565
6.1838608950847345
-28.552926614994675
70.41773484702708
39.202031747455976
-20.84432782289558
-74.42930427181551
63.52024637203212
48.83151683594889
2.5811151129490355
35.42739496987494
-75.92610131158624
-31.31519659887931
35.052965246742104
-39.32064545073946
7.1949955921259345
52.728263665795566
4.48540443213561
-64.6488250554369
15.088861945172738
72.83438233472015
67.61599426797136
22.53978300487924
61.61559276331468
19.292788938708796
10.08378739746827
-51.79949539232701
-0.5420072781645615
59.4564730386424
74.06278565003743
-13.02853744034536
-76.605616165914
-49.333155556319255
80.05084212875445
51.01796033132416
-27.74130106464129
-41.19363511935805
-23.553865464783854
0.8378432774275808
57.41040331627417
-23.90885343595687
-58.5802835716264
-2.6154730666047783
-5.405666331941305
71.78330502559155
1.998952568559588
20.718433119857565
-26.317330966710372
64.4172022792595
-9.95124550834855
-33.7281540939981
45.22728639475696
-80.49192099186071
4.361185868887944
-41.724036383156104
-10.854294632301915
61.848699891829
28.324789260136157
-32.444746887056255
6.448215202091447
-0.9683323651195082
-3.0179721206074532
-53.933472482044415
23.490490415800863
51.55833160786608
40.352799222529654
-63.29096638474439
-40.960276765959144
70.27625038363897
13.483079433991904
-25.556690056180912
44.08738273440841
5.81645775905109
52.537833146125195
75.34233196981177
-4.587660354495142
-67.55800469861217
33.464102013377754
26.608450384592857
-3.4756180193102892
81.14392141171453
-32.13342427094332
0.357678370303816
-36.842057555665725
61.765674095869
-34.18179941650453
43.427631231999044
81.87941240602837
-29.777969271923467
74.05855315245742
-35.483169044688864
25.16093375143646
22.068702244217988
-12.08672150345754
-72.16102402990842
-82.88691774647214
34.36349713822284
22.195041501454227
66.11394738500971
-37.46672826813473
-54.13186438990042
-70.46521227666712
76.16545727746399
61.62679945151302
-3.5737217451693937
80.77668747756925
80.58690106581747
1.3525369788608685
-8.093865090927636
2.1959381771450666
-28.387815683409187
5.162617064384648
61.99110542583114
52.30252938370941
-57.67103865828244
-79.10922684476871
-19.82906990319468
0.6210390258305125
-51.79229792861874
-7.56330937770133
36.8244131892983
-51.866639010289376
3.4156460206992705
-57.6212171746317
-4.904237082374507
35.55249147067465
-33.96121785555425
12.537561395846225
2.071772160661979
42.915712681062246
-13.171092390618696
-20.307538308590225
-11.726188835578128
-0.40179195514407695
-34.168655490931855
-13.845609648450505
-29.6413932812591
3.679198920347744
-53.139655538740556
15.09317900245432
80.48054392537583
0.4023234669583218
0.819719248614291
-14.692955993702668
36.103517901784215
9.773158990481505
-49.93333094693264
49.37971385336573
-56.579743132225154
10.411958507297712
-35.92162505039746
30.04893026429295
-69.61314779983249
9.98387006031814
-29.70056963998232
40.555078120596846
42.76226590252847
6.594828513142289
-26.605565975001923
81.57982934873576
37.37103553520029
38.010166393586076
-20.15750601217006
-19.421936902265173
63.92762542965363
-21.71449923515594
49.400395715238744
50.61903883298078
74.58211690878565
-17.566232058068707
-66.88187618720181
20.821133669383514
-61.09646865322516
-63.02234440797314
33.41808116774618
-18.520402505557982
-3.507968351909682
-10.103662363215776
-34.741023761152924
39.96422715494381
-23.86465085677571
58.03405209228001
-43.275465364276876
37.265254488178016
-18.221470975923765
50.446606215145806
-16.394887045039695
13.362170197761841
3.635833821015723
27.412429703297377
-22.934532501199826
80.0027734172362
23.430576591565014
32.86419752909279
59.489122332273325
-0.3145644245035015
7.530221054680936
40.63847449584671
-57.734308869082405
4.134345161436201
68.83011987136305
-79.35734671789217
-9.957508146574796
69.15168701390206
-69.20086011419943
-44.24417842196813
-11.653093574377763
-72.04124338281312
-38.668952213165966
37.02768214663374
-52.48434506925626
-23.33979886954856
-7.555702147256852
14.210635325250536
22.247693205835205
-62.58119713627842
-60.31367989450166
-75.52641725956796
20.63612660825308
-31.068138300210023
-62.00930528468098
18.04112179177143
2.7591999017314777
-19.423609081021425
-24.40460028400817
-9.209869283997406
-18.997298603588305
-51.726167781782216
-8.678482913873992
23.68996629069018
7.777825499619468
58.141561336172515
11.621734618147869
-6.78475002588327
-65.64077605048473
-83.09801351125166
-50.262860667360236
-41.111423702482256
-76.45899773043925
-18.077471354500744
49.06703466213443
36.34005784211578
11.365687879993558
-33.055271469294354
3.590725690006792
-46.226774015915886
68.00714157576704
-51.57844178150293
-12.44163321176859
45.47025377210707
-47.002378348104656
-8.808983918560557
78.57130254860178
13.113101912426231
-0.4000251925586582
-4.224746659493505
-13.05822931700132
52.521869072461385
18.519808800710308
72.40747250922311
5.61273992712735
-26.896894704872025
-21.300151126697983
-52.31318136533367
-21.672367366179543
-2.9582430711393073
38.84724999093012
1.9051241850458212
-71.75994185587152
-23.855940544855457
-43.57980906169631
45.23258341261928
-11.55433907988052
-40.74101971722607
11.126479933517743
7.090406642710732
38.31348594864298
-52.799136518417974
-80.50462051572671
-2.9288693457052233
-23.33508106793927
-47.345025675017304
-62.569179286241514
47.44096452890156
-61.183995242624064
-4.666262850659393
29.487941800615374
-24.857536993811138
3.2049849992031056
4.773992058921522
-5.809859747221395
-5.1958125197500635
-46.466410295841655
-45.071406992877215
-25.817311427414467
-1.946057278041323
-46.577411634598455
20.31950305832939
-48.09125794686037
36.4472040730148
84.75423659981445
-5.595682642005045
8.79507894549046
-1.9885306985984101
31.92940431068223
-16.616372367287823
-79.75212963617872
58.59300471127426
84.49837212729892
41.42797981055068
27.501578311296853
4.279281778607029
-15.337370344197652
72.00734556374883
-25.001318433184835
-82.14336422631992
-5.948757041291643
-14.618938757860747
-1.0869489325909854
-19.48913085413045
-13.924447781028732
1.1798093077481724
72.54397690950356
-4.82918347565014
33.8829676282746
54.455149227583775
51.37575877867411
-71.34522635198626
-27.15800486734743
-6.875089764009303
-43.4230000444415
33.968949154792654
1.4674566297911014
-57.58751735150206
14.460889770525839
-15.93855579169842
82.75481196055586
-48.199092548975315
-10.630411979889558
-0.8584808619643667
10.644496251808945
-30.771832165699323
-64.19564579615022
-59.92800848233589
17.0536293323256
-22.877975314347495
18.1132636919517
-16.319296158450598
-11.803937180071728
25.43788750531064
37.58508675190353
-7.3408827093038695
-9.448494257935138
74.01077316704092
-44.021236549266625
30.02878850370658
-19.41726428447791
-13.461716960684456
17.881309549386444
16.538657855997343
85.08310119357924
-41.51669973588469
-31.087885790505496
-16.261483410579004
8.193920851348054
-12.97673945860275
8.557030496097582
-39.9382949981777
-3.1355484096643664
-58.10271639243148
30.102003549589767
10.620781548446729
-1.9769184243739915
26.238896928767247
48.94546422939942
74.72605399967489
-24.008356323512203
38.7125500347415
42.469724318533224
33.438521364334434
87.34689472396855
-23.200401280430228
28.78567265662241
26.192047303958347
73.27078596342554
46.0957558463611
-1.3518393600185163
31.87499416401883
-12.465856272137586
17.39613346199407
36.06213810337127
-32.642254474752505
-62.931161739495366
10.07568336495875
-45.13274804435146
30.460124876496337
19.352488070239957
20.977280186309827
-5.628047869372651
-38.649684530291154
-1.543647751560414
15.677287123237164
50.55767994274137
-18.969853004675713
70.2889619404769
-57.302506432562645
-29.559722181744576
-44.69374777134072
-4.633579674852115
75.71476888528792
-48.01634710996981
14.83637210239607
-47.78465065778788
-20.57817930951194
-5.819261749939244
-66.12856990859399
-58.38481419279488
70.32145335370649
-4.622537230673444
-44.434294412530626
-53.58876545288318
-11.393666255951047
-1.868310602611274
-10.897141812784994
-72.52324288374143
-10.002407419846165
0.46745026644809684
45.18339246329481
-50.66400548286765
-17.30044187833586
-82.5198121538926
-9.225335581672056
-69.51776537639881
57.935062341421
-44.3190203217242
76.81764225741114
-25.521883992159815
12.634910278498523
-64.62724682194174
-39.254564059030166
56.408640971480395
-30.983755421220977
22.84899366318885
-4.984119263016353
-54.85376370876597
10.802006617945054
76.2414278634991
68.3689397288573
-69.9890413442305
14.643084779218952
-55.618537584251875
38.67342234296703
40.04997502410754
-2.140588867491914
-4.180304451699584
-43.93208189984277
11.531280924957173
-11.212312774804417
29.87845269972341
-34.934772355838604
-17.290305037298964
-43.07078111854166
-27.248420598213883
-0.06460416695293247
-13.99982048929354
6.25672722708309
-19.058642160898955
18.14268259098155
-38.910430987296955
4.127400786534153
-80.01615430114762
-52.90075325962275
-14.389929955047165
68.79059362489596
-69.89654963880426
54.81655078810948
53.395486936863676
60.63780418451611
7.461509116964081
-70.9351500312276
51.19961583793645
-66.6775676463952
-7.5318617839541275
-17.065984682575305
-19.324919077012282
53.67856574702918
-7.163520572547398
-37.23389766542326
-53.81209509639514
-7.964226217173476
-25.181141949159297
-8.216273053616547
31.148201641230344
-3.1633396330137487
58.54148770371472
-14.083432226438177
-56.571203015133825
54.07400225556722
19.893486317600903
-17.311195715829697
-0.35990464212599704
53.14631106846957
14.222613722360663
60.72600059340431
-0.1506315199396937
18.964476106288657
-23.907453390355528
-27.198469764495698
-24.51693866689901
4.064478430838875
-21.91712577875029
70.62074495292055
-12.4311987653913
35.88968118412282
-11.557584625628152
-66.70118161431247
60.45238736164231
-56.69534301769588
39.90347835142569
-50.622618752001394
3.663687015022788
-17.839469219841945
-61.46887478914122
15.258404316866915
-12.022542074656243
-47.43439012610554
49.91551721811362
10.263378396441553
56.790042072098146
25.19410565828386
-40.71404175202377
-54.45791738474116
-44.04487636459306
-59.908271670406855
40.70179950327278
25.475344459200116
-22.80956461574189
-29.087024443923426
50.407306449631136
-10.942412588114948
-69.71581821452071
7.31701547636267
-65.09807626504588
-23.957906404329492
16.123539877346673
-40.23389075913114
8.376512427962965
20.388640147785054
-46.032033681999074
-56.76587082333264
10.697912371294834
0.30336520434580905
-14.204773650998149
-2.5045780780566957
-3.6428475151171256
28.667724590799793
-29.542806921485067
-21.179393677879887
8.570657628834269
29.76585834529537
27.133378216836405
5.196642034662361
-69.27096689550574
-0.39555623575948573
43.141806506738135
-31.17449968250942
-19.063409743806204
11.50327042723272
-42.504228973772406
84.54164683810052
-5.010150285388249
-19.91904944719822
-35.185482604864205
3.5693845487721063
-24.274566034207865
-45.93727174794644
77.60183412388986
-29.088308605869358
-33.62749060633669
-9.55924374760454
71.78150823418363
-4.458387075699733
-39.02715162747891
54.36968426710004
-41.279130004414576
-12.741840359636868
-37.522137503504354
41.7691244626744
-1.4327142492593197
27.412334434281078
-0.755925528532913
7.143816734442041
65.16780946242429
-32.78585172548358
70.27035813635496
47.72399782430776
11.279863188826056
-30.012553945588863
-16.953405557857195
30.096617379603245
-10.354445406509612
-52.79744844218626
-23.780978216497374
84.72504175947105
-22.293818316220666
33.17812365664332
-56.00258266705063
30.29949772712098
39.279620133759835
39.76428443912371
-14.728690761968053
59.268215445556194
-5.771616008086056
-8.156758021122585
-36.647455830742096
-7.232492479652592
-32.17548502499403
-18.169787217140723
-10.373745428613816
0.6464999135854015
46.40129313790024
-63.89027471266761
16.530390141172873
36.40747555489111
71.41535162549977
12.485008453301646
-60.83097495691069
64.74332395758722
34.39219585194877
-13.614960739060407
20.870773110317373
3.225984996144035
2.704782949347745
-45.77047507704443
-79.03121405974282
-69.56323766478985
-17.42267346775111
18.31030729863967
-15.482929818222246
-69.47918729087576
-0.935766462031836
-43.92553905262522
-75.7985827178195
29.418731703418956
0.9519039706802204
-27.71789949117027
37.324854106662144
44.90543567472733
-59.508453977884244
28.064693153258048
-10.83343034837057
-32.896314945532694
-29.25973590170487
-41.8734870007782
-33.11303537219422
28.974903278659227
49.02302240467009
-69.64546387798497
-14.956964688784794
-1.2800240165149148
-2.741479432789035
-16.16756065636055
-48.60194438595701
-60.108448721879874
51.47077807096892
37.09612068973345
-0.31998305402331084
17.684670926477267
24.20396848447666
13.041470555175977
73.53721099084319
22.061784588242418
-15.74596568583199
37.74292431853149
78.18731850672842
-57.49925611204545
9.757860099855094
-60.02040613966953
16.490470143308997
51.65305414678605
-4.818259661971652
-44.15378666741791
-18.689215078668752
52.778603323404695
-5.965260174812826
-21.206098889697742
37.972135301976294
14.645609591512354
-66.95366515153667
-27.62795204928136
-7.092991942734102
29.13766852776756
30.138216893633384
-5.056109706553315
45.43073628981281
33.38840429670529
-28.909936938422504
-0.029536091859370117
-27.64477928214737
-14.334561557577345
-2.0369943800737644
-31.044545945757037
-16.070710750707036
-6.955980524419672
-70.01400025611542
55.70177836150006
0.9133893291429587
26.586790712323918
18.318040002988226
-14.931597577870448
-1.0002878232357517
17.871100751676096
12.029348188886843
-25.080253033615946
31.02887206486662
15.800531781936499
-68.83937242532804
-48.96456717964897
-11.563119204901838
32.56377839268583
-25.563767257697364
49.68468252781258
37.338561895923874
58.92791272538679
48.55734689339525
69.74302367891278
-70.98446498279284
26.231725162968104
15.169430795666756
-16.72248471381627
-49.15365359823797
67.90622532798642
-6.002867140310812
16.813521621381724
-51.469658589241334
-9.921019048552438
5.41537786803363
75.0432904010415
-61.36753050741369
-13.063863512530844
-22.04943264024348
-20.056909384657473
-58.72399034618402
16.663097261617267
-7.298984229153447
-51.531807273739275
-48.59553985467871
62.64550385713545
53.00437153497418
-23.44006216887024
73.98719862547924
-61.24744743650304
48.33729090721917
81.3071760902634
-44.45233161044077
73.74155770472117
41.92287741369077
4.094257664289557
-19.506244824039683
-18.25530296887925
-62.64852222030199
56.10936234496489
-12.99126963486502
-42.37057091536223
12.483364085101499
4.919536193718315
-3.9768408059545948
-22.85841176294494
-36.56244106803129
-24.915774234797084
76.08843878351558
35.055188142941006
20.17218491094802
