24.842425102575916
-31.366884671346
-69.90219779343477
-70.75226339680526
-49.22645939522276
-25.4220791395788
-41.14647411253029
15.780491290754313
-53.23072775459073
25.348399631275555
14.367138670359722
-23.507945647730395
-4.267830765977223
-11.581389965263511
58.91817132890867
23.463044536193635
23.964004207530266
-28.354167761513636
46.558170802310855
49.965858893615064
-29.829383611137686
73.1194501480193
51.23899632264812
-29.369523411008046
11.481376360677373
1.27051400378636
-39.5201899969403
-24.02003994065224
54.249995439722596
-4.232576898155557
90.26576995036885
-6.513115193154007
-10.474148347076053
80.24727126710494
-25.73696879777829
33.40039471048104
3.077656155840927
-68.78623205833921
-22.100952067942387
47.24067363511577
8.27862539866905
13.508411147867932
-33.79743847724393
-19.990299509715584
28.877104298248597
-93.3744576774344
84.23378116133398
-60.053794393862226
44.71970008927411
-17.633976899029108
-0.7136569927247791
4.559243001412213
62.14677696226221
2.8668745611157647
19.433333610742167
24.355565375589478
-19.974558331925294
-75.3817460458327
-1.1398302780023215
-1.8166220126759498
17.50357007784757
-40.374503167219146
32.967117517526276
-1.0659230312264043
-12.625751847600597
-17.942887298101724
0.7435987396692383
41.86133309970808
-5.5694749805035
-7.682402155864722
30.086680326355165
45.802781636928444
-56.8329253517198
-41.365738674562756
-16.36510788476575
36.229052233799194
75.90535416757479
-31.718764339021646
-68.47458176460249
-33.902986530411624
-15.843153359752364
3.2800435024497574
28.662015413683804
-11.50929409541132
76.48350060546855
15.856076612530686
34.97498990104077
72.86386742627388
-69.42133321843795
45.84039045517301
-56.31908722920305
-21.81722287589166
83.82729882898278
34.87150539021201
-31.215945031708983
58.79539022154603
-75.61106575964227
-32.275366670173185
23.43374516285637
-14.792844204143293
-0.624137222477529
90.62762461938263
-7.323891295436567
-69.11200614798972
22.030524908274998
-5.603351976753942
-61.22711932413334
66.69236684877706
-58.61839311723732
41.91753930915101
-0.35709723088977796
-16.420584065961975
8.004247830386106
-7.854827151649573
-75.90908821530412
27.71006523197461
22.44323297570442
-4.360829740972079
0.6306197458405904
1.2512152831646972
-21.959325362969224
-48.727429127790444
-4.9498099948349505
-29.56724077668987
-26.877700479360968
3.5522573424580486
-46.732193135945714
-50.928888351275326
70.42156481031304
-57.961787585685
9.293613668041985
9.258147258734724
-32.624223390839674
24.080332752359524
-15.339698710100492
-0.5091977613677585
-34.67080866532151
-57.249932964163115
52.877907627358866
-51.08199997965877
-62.256792755423234
-15.270986282680397
-31.4818244616488
-42.564926817875865
-5.976797119396281
6.179635223279803
-35.09815302419744
-24.472223072948708
-73.11165998531503
28.98726444794505
-88.21369443975568
-1.977486827913026
-3.3230574405298796
65.12813191460842
-2.2256244113094397
30.071462279346974
16.1272281025809
-27.478710243770166
-28.112579551609784
-51.65482880379085
-57.128039539052004
25.53334664489566
-28.664490959209743
-66.76270514768473
61.95496635917371
58.14028022985741
5.38032784753392
-74.71906131056507
-34.87325960664527
-22.64770142259819
79.89043083085289
-4.580777119510046
0.18290835479552925
17.554247420043907
41.51738617495849
-12.882520238314726
4.6670318230764
79.04526794667419
-4.430535932848386
-15.38806012026754
-13.690952746704241
-57.79030444095332
24.68117601397482
50.198017561296695
89.33779173103363
1.528301585881266
22.71605403774693
-24.528340573882204
-31.55875487203754
-44.44652552771164
-11.184428461821696
-92.24138784630911
34.64115699417519
40.403939595091316
-38.319516389175696
60.786580610939836
-49.82075861846197
-18.799841275361473
1.1109993822828272
75.17135597546917
56.17612532193806
-54.372119227305596
-54.568817419036435
14.614730205747435
-46.686715869199624
18.961938773674405
27.129185797627912
78.96998975200765
-35.87572540146243
-13.234874348711415
4.077698081888329
25.384776209632747
25.562908779619775
81.53668520073364
29.99846794178835
16.61270359576696
37.306906554643064
-23.354186894260337
78.39209176669954
14.61491572486807
16.983267906467788
24.012566330160993
72.51334057423628
35.43039527775505
-2.9334775403307134
-32.667497940264326
-78.37924041677296
-45.28625882107249
5.183280156278158
-32.45819510710285
78.56495797545765
54.129990186487106
-16.4295910463249
-78.92121377317136
62.53697514269416
52.63436905524057
1.9073357631813082
40.36142308173186
-87.02342246793503
-26.072315558597737
30.54842038472995
-38.255605428653745
6.678306613727415
51.819333060475884
4.576910811273464
-64.9885877945623
13.305567639100133
69.79923987976852
67.6611516308802
20.605792065300633
63.634783485921815
16.649089374791103
9.083882237500646
-46.36598225242954
0.23937369702245803
55.2008500546051
76.23718339294018
-10.710997162166265
-79.35304863702481
-43.2415662604242
80.14245895464018
46.4650837364932
-34.00078994281258
-39.7311437543044
-18.451955305652533
2.4287771149764694
64.02692035125864
-18.672852168119675
-61.86136252574655
-1.7935820702703609
-4.318767836603712
68.04024244058502
10.212926477788983
18.832994667509837
-27.74170164715703
59.95375056966557
-7.58185937854897
-40.03855039256974
44.17287404391044
-88.58170910702951
3.733149096153795
-35.16973587512066
-8.092425424031603
61.62998512611313
24.720622139098325
-36.620577232358656
5.704431355695874
-0.2499815689958922
-2.073835022851412
-49.39799433038811
23.363790538269356
46.78205244983178
35.800962500353876
-60.25728209272672
-34.71357555321953
79.53904442083507
16.21452084284283
-20.7531458103295
43.17473361384748
5.419413067665275
51.03224445419113
84.41599332308482
-4.32064972597442
-66.5428633246158
29.81432889260499
25.13877727645064
-3.788012978528812
80.16271647931896
-30.0998799498211
0.9685046771465124
-31.31346567801225
57.507595863080525
-31.47103953063923
39.48371611947243
82.02486945967547
-30.340597116512626
76.13513996904479
-36.22712552056603
21.77547169262556
26.37847073031007
-13.197562462379082
-74.36054398480803
-91.07586353085927
33.01346761451296
19.11232308001746
63.044897346845744
-43.814496749198945
-51.68468634614772
-70.45943509415372
80.98893046313839
66.68509807369017
-2.328559636946224
81.11934603820552
79.98158984948182
4.718999090920022
-5.8897852140067215
5.311387624289395
-32.36830209350981
14.183008563228896
67.35888434501186
49.64353387496689
-72.24116209652188
-85.16090099415209
-23.31584131345089
0.5663668895644633
-52.157312453515246
-5.480008023185775
32.52410357310245
-57.064191394168624
2.60903792802425
-64.48802025786632
-3.4352032576662026
31.672305061934736
-40.94489491848356
10.674065132078908
1.4279310543278712
37.897162321989725
-9.916573844128735
-15.505155272844803
-13.52110894902907
0.11889403796966747
-31.380654888443246
-10.45548143496957
-24.63329328563124
3.4862312106769764
-48.217946314461244
22.599714707798597
81.07664439573477
0.4628828904721587
1.1724473482869655
-16.75943250660896
45.79766082928185
18.629782926003358
-59.32968972332828
53.30344071365673
-56.79122330074615
9.407663596787856
-32.01179714111605
26.051604569534987
-72.00297390250913
8.99382246680409
-25.41246970407181
39.12390300547315
38.63870308109691
6.110292771297239
-22.073434995581977
80.0734823887363
54.78372119784612
34.244230670156554
-17.921928722428063
-17.712585583871117
67.80500201149889
-16.81858190066842
45.1417955221917
45.66816639233022
80.37757596980498
-13.709349611059608
-78.5300043114827
18.052194561353403
-57.492664644098866
-62.66174606293334
29.21599186579813
-18.111077778862906
-3.8024459303654368
-7.816683850857558
-37.47814346252905
49.072938950772965
-21.058313997761232
63.1773602007961
-42.07891970380724
33.40635728362821
-16.373831196884623
46.016042907974
-19.705621474949396
12.227042080206601
3.713904302599687
23.7278044872089
-29.874818213257726
77.82099473944032
20.865898960348034
29.732509013844208
57.34801781707111
-0.024629604550199247
6.596121478367834
38.2565927571853
-58.240757566207655
3.5901986497891727
64.7126121368025
-85.52535462987719
-7.516961164247093
72.44798196783108
-68.67715093915757
-37.96254464374354
-8.824369100798691
-83.17765099055546
-32.604867421443046
39.76182332244764
-51.22023923285188
-21.17629580683206
-5.514797307111451
16.563798660120852
19.77867855438859
-69.55156413321836
-64.4545285882803
-82.28740619396805
17.650057110023724
-34.796220557663986
-62.921528279948504
16.158646903430494
4.58377520042508
-15.140497070532021
-23.26012186338204
-10.34888807467648
-14.802286104205663
-51.951757422627516
-7.563072206165344
37.20030467697697
6.552604999103721
53.06242742441273
17.291972984971693
-7.931835718413367
-70.14734710954299
-94.65271808142295
-46.53238632910949
-48.8579972449496
-85.78036493208721
-17.711101468792222
51.38997398548409
37.46842954309389
10.242754087261574
-28.863934521777693
2.935732779778334
-48.76832790555512
64.23955877218575
-58.44054815188502
-12.086339964119873
40.71860836076016
-41.295591538640146
-6.673301223017205
77.50292667560544
11.460711989007933
-0.11454903870379951
-5.073316026031023
-11.52820362771584
51.451100362268164
17.23198506312724
69.8048539564744
4.599201916790236
-21.05037914617445
-16.532401051895818
-48.458550479861046
-17.502107580002303
-1.9610837920501325
46.0835339953594
3.0736724928311645
-73.36828361757907
-18.350618150204397
-54.77111972352435
40.38360705468472
-8.73919196785117
-35.21620224721405
10.012952724666306
11.568011089262313
38.56978698935245
-46.941336032679395
-86.92072638414804
-3.1039358848000944
-30.566997981816343
-44.672706960944986
-60.387111765202924
42.405560196332516
-72.4385217894728
-3.3578887236995456
25.541898268993236
-23.006187815684
3.287090765580956
4.6618367738390845
-6.031715544019676
-4.34322617712499
-58.49170509107507
-51.958864953782665
-21.4804419249421
-1.0873510688808352
-39.763760349892365
19.82508726790553
-58.537072286954064
31.92875169630406
84.91056494104478
-4.212676267089222
8.034628403744179
-0.967934053323745
30.044651292670608
-12.65310639684823
-84.68237630406107
68.9605834689269
88.62538461529255
58.60457689828698
24.000942682878645
4.249239292068495
-11.938237253480168
77.69337598886855
-19.658685662053088
-91.76920133913838
-6.7272697914695385
-11.071684943760303
-1.2496124260914883
-16.284477100765415
-11.068865784228677
0.9779208691196004
70.25268070859141
-3.507162212232217
29.695094566966034
50.33448230042555
57.66034251611521
-74.90601645443667
-22.646094118885955
-8.133831756955487
-45.63616554418842
29.617512046080563
1.8697262433450703
-56.101080141207824
12.787512343689784
-12.609043802756858
82.75375907399251
-42.19126695322911
-7.950009892161162
-0.06196114775983119
9.766520058043255
-24.46569937038906
-68.21271792888669
-59.48902218793651
15.489883794021424
-17.568576735552796
32.66359912281089
-16.273443608477052
-10.538679510489473
29.577552818100344
33.87515945451486
-5.459547958651598
-6.971756773142914
73.68454459780409
-43.96598586868091
46.68081617660752
-16.778985026414972
-10.7325017100179
17.16811443299332
15.722283412361591
87.0728162564451
-50.80296018539908
-30.608110568091078
-12.363510808998868
6.727752409909968
-12.741474830885522
7.04274038754383
-33.506726868504586
-2.036221738825887
-55.055448626932446
28.342690809803983
12.060202512445798
-1.436449674721672
24.49984982001699
52.70715898893988
71.49502943177416
-20.29233436635451
34.18004214755888
37.96592171924428
31.610360295888427
89.0017605634591
-19.812800061672746
27.823603895505087
34.137749881284236
79.68420376637187
43.01124449070582
-1.6354217738856676
43.55314095827413
-10.040931463631878
14.911610702228288
31.74760671600106
-36.28446124784483
-63.832320449344124
8.629779860050348
-50.910444780566024
26.32994127966596
17.14545740367504
18.79477038202927
-4.476134754188109
-33.144902055779156
-0.9243569049591258
13.89322487247857
47.35053854452397
-18.69620965526927
72.76631357226142
-59.51194953437324
-29.06928306480286
-41.66912324922128
-3.0901403675444783
73.10002455713965
-42.20843002568638
19.63901506959671
-43.69378070577673
-15.745018328990227
-4.599507175697497
-75.2175200442164
-61.84694797407553
66.45259994472082
-3.4060324451284174
-37.608246405951
-53.64635955829005
-13.158845401905566
-1.2987109089152824
-13.140490065447949
-73.31986509625244
-7.481433716130255
0.6630588812316205
43.40363618950778
-51.561058726239786
-15.24237702910797
-94.62037680085537
-9.812784499968146
-81.51241368640369
52.95242538990831
-39.96021160202982
74.24565075439043
-29.69829606572148
11.025473945872278
-62.87660551679534
-33.787103418728776
53.31864543288131
-28.305305481069098
20.108215165121493
-3.5611889780399792
-65.5696390189
9.350228203348223
75.98724797100095
66.11777191830811
-70.55692288197784
23.67766302438112
-59.29002232928166
34.42756770732757
36.17478409441682
-1.374831502628581
-2.9842512211462093
-46.1502848599304
10.393543094381556
-11.944296718090328
26.222573550581657
-47.38931215681517
-18.99459720752479
-43.24646951439575
-26.27337356147264
0.05900283395818917
-10.642099866655371
5.872176391229573
-14.463025450332893
16.36732006592881
-32.25866515830735
4.083442383342387
-86.6444555132492
-53.55210294692018
-10.86230735134879
70.4088020443119
-78.7337248176542
52.34059796181782
54.627698431227174
58.31593744910279
6.8976934801020064
-74.77568953714332
48.2272534347164
-79.06451448753286
-5.440025320205763
-18.032483050406213
-14.79970073164749
50.22112975095902
-8.494128683094402
-37.65831296609697
-53.07403024277215
-7.254537388857472
-20.035638478213272
-6.3088031970311675
36.475940275008156
-2.4493521644242264
53.51770269004939
-10.631443044453647
-72.14974232080357
49.55922195502566
16.973451942034302
-17.99749388074808
0.34823493922182536
48.254043170874354
18.37179365251049
60.8976990170253
0.01774047443774407
16.20384749416148
-30.815289595232542
-24.98181455278565
-18.98221605301643
3.746342787088736
-16.746127773296763
74.4352389664322
-12.318276681916416
31.295712225266982
-12.717957564072933
-66.57443976071123
70.24553678715753
-66.22285786384155
35.33225015706148
-44.67948718684112
3.563301615770726
-14.027849668162787
-71.7736084354742
13.798957889920771
-9.024571663804835
-49.106834719915796
59.18048801987331
10.295301528593711
59.539782775947714
22.92677453703854
-49.95988630115243
-53.096799135736
-38.07274028991419
-60.22558755929823
35.826074618561506
22.38517517491428
-17.6727056516377
-24.3486957274132
45.47171791795296
-11.689758082693515
-69.64270497302523
6.187140964499292
-72.6172304856503
-18.821830670948998
14.254869539082293
-34.44246212731704
7.66543669024972
19.504314442293094
-45.41760937278846
-54.48815758374671
11.370757446997047
-0.24947567568405304
-11.489800577063619
-2.6850577735512644
-2.721944643522505
30.0760657976287
-34.32685173287707
-28.278816975120336
7.711483321418754
25.82110999794206
25.084089693256402
13.893410599400639
-78.89588596452896
0.10130682286548165
42.80581998913627
-40.62781754843119
-14.840552304385625
10.34418180002578
-36.490141577208185
85.58404797754142
-3.3938486043466014
-15.497372974071212
-28.364280954321444
3.615163921733327
-18.757573542251734
-57.00272939576179
74.81799098389186
-23.696983737364405
-28.822902790941924
-11.438631033087276
72.07682057380703
-3.5829587628307706
-35.67184465023456
50.051455921860736
-36.59079571065691
-13.735089177081448
-32.653392273312434
39.41210344538291
-0.9749389882888124
32.19978527064518
-0.9761746196425207
6.630637602702464
78.14115821920734
-29.156125731104623
68.2238042653245
57.169004503050445
10.07950957346587
-24.11275647192211
-19.986256550569223
32.823276609797006
-11.821592113784007
-67.22521249691948
-19.71959799117242
90.28532569215784
-17.172702563333587
30.791440620111416
-58.44447776548893
27.09193222343721
34.45904988199831
36.55009577916218
-12.432881345815062
56.6332670393746
-4.021368569967308
-6.28484892057115
-32.053617912222265
-5.4313700573553945
-25.767428895059012
-13.96869087704178
-7.94962340772922
0.022019135587044047
45.765148241844315
-65.19439833693815
15.36830981195331
34.11755569559165
76.30337308992583
11.174045387575788
-64.8801580625042
61.533130072781944
29.978562444509762
-10.497961837719046
18.736152089070288
3.1010011262773673
2.8008013670323493
-56.629739003834764
-90.10417261081096
-80.21034396898013
-22.417939961829944
15.66059386942915
-15.250960742009582
-72.29846504020688
-0.5250999515705388
-47.121996312072746
-89.5127060368429
25.80835653587137
0.5588783611311783
-31.093973628011668
33.67158932251485
40.07975182503236
-58.831735531526355
24.996013941675145
-12.669748894892109
-26.62017889896751
-35.06047767967247
-36.95429919576238
-27.036158889694747
43.52305579710884
59.72315140180248
-78.57445059685098
-11.498978668922192
-0.7035086411287921
-2.283861767798541
-12.257496605674476
-42.0235451309705
-58.576994774666865
46.85104805704171
44.712124959780965
-0.6286064335742196
15.20530226397912
20.82347874989668
12.280268041305249
71.24347510890087
19.167836305007043
-12.329791685430365
33.36518095695513
86.87060731068064
-52.98458652223957
18.15942482141051
-75.75117082146191
13.899889119607508
49.60818067333145
-3.790575579414252
-38.36736268827616
-14.883985293402773
51.9786443151373
-6.39220367036998
-24.261713912516953
35.130208010344916
13.208298233626081
-68.67760834243153
-21.603222378541957
-5.49730006265419
25.45107926885997
26.224512148737446
-3.5019433651426937
50.718581667218075
40.612205938792215
-29.769482212535408
0.10116418378760272
-31.396756801467617
-13.855250451328473
-1.674097797921064
-25.507596697593257
-13.236474782355657
-5.000835438732992
-77.33373918542449
61.183700341263204
1.4589914363984633
23.214994010049338
16.333982315178233
-17.978483475584
-0.2078036600254194
16.638070463922915
10.555921380022639
-33.46223327014995
40.56089104350934
18.01588961687426
-71.48211621810444
-42.60435162019353
-11.997949569923748
46.19880504761042
-20.63787405741506
48.71238398469865
33.197067097203956
61.535058853181255
48.31486153444902
69.66983640717041
-70.61447813191151
30.00288714198207
12.794612687532037
-13.22086212343855
-43.47141942532312
64.26774608851974
-4.244525998489451
20.510802699916795
-52.87531791957634
-7.472587433069265
4.75785714482538
79.40871370909159
-59.317959477817624
-10.550316490729585
-18.499861792482264
-15.87930088894727
-62.55006173280352
14.14010496476483
-5.861818966319319
-45.94273635435002
-43.511166955117176
59.539167792812634
67.06138393643474
-18.40801528112449
83.26779449729909
-59.98917524607706
44.092854709752174
83.15525484507117
-57.72320048041458
82.52077619998877
42.93866807085104
9.011567581863048
-17.50146125870222
-22.128577802158006
-62.98853512522076
59.43451619167547
-15.510613430941675
-53.24620369623235
11.222584458584663
4.7753200329176195
-2.5557097495402132
-18.184032247191354
-49.19155112121557
-27.43829619344254
78.1247405655698
31.11816881465853
18.22556149529572
