27.915016597804225
-35.195787899443566
-56.544886314022904
-56.135132244689885
-40.73300776234242
-29.8871663586536
-43.71158147033069
17.66169919169772
-48.010857655073046
28.27402033640351
15.790657578524403
-29.026163410013368
-5.9789271873288214
-14.850874642948583
43.58551134101114
26.46308925376222
26.754079627997342
-29.758670909369528
48.600857821202624
49.296828463694396
-30.844883877752068
74.50589149575927
51.070226255502945
-32.40996887702097
12.507657578714486
1.1099545494044634
-40.98020189753687
-29.06005740174517
58.212321811572906
-5.9831465211158275
86.96568179398855
-8.209159464203111
-13.370771522169306
79.00206899524383
-29.362862826147747
36.385352950524094
3.1640341309133504
-69.24146632028261
-26.132514815662788
51.27215134666369
8.783718545169606
14.932457913899825
-35.127443308635236
-24.901921262457392
30.202489808924952
-83.59690292435555
76.00723759709717
-59.49388297247541
46.12552945369379
-14.631241492706849
-1.503935626859871
4.447895771670602
64.73983032164693
2.4335265603584872
10.546046669942854
15.71027247963191
-20.50113057143362
-73.05600653523885
-1.29200137569606
-1.1227009146069094
19.486491163711662
-31.557351924850465
36.627793375148286
-0.6627151395037316
-15.624703087927998
-14.443336017115854
-0.0014663185759928865
40.040229413241036
-6.861840340145591
-10.120910404745928
33.34930737002796
44.98184758038238
-50.37809306927882
-44.943033027334366
-20.27533385059465
29.012438288085747
74.57392405627738
-36.323225169362274
-55.686716265811356
-38.89874948000172
-14.8245518210406
3.6033668624196196
31.64411878843498
-14.629598501448967
77.37974003520173
9.365322830252822
37.82709178244846
64.88294259143126
-54.45274387416327
30.588776506586385
-51.83901941523672
-26.856290590163695
82.74626665951823
38.36804039258507
-34.635076719474654
62.86946515708064
-63.437206270948
-29.70608158027015
24.890992936212697
-16.44904629645049
-1.539266396247939
87.1341459111745
-9.262411750209083
-64.49445645062886
23.932927183633012
-7.6248549275226765
-63.59576341147546
68.02540454695355
-60.69560346677086
43.64793691772269
-1.1054204990688703
-19.38347193350465
8.490150329759501
-9.569685874577758
-71.96524024186455
31.084765192214064
24.4266988256976
-3.4315073541943946
0.34374807156790155
0.6659297821338725
-27.197097485713698
-49.23170268392158
-4.5062039239384575
-30.478560343494863
-28.534535804999834
4.098241815377577
-51.82400007176039
-51.86260274213026
62.17629098392368
-54.32438128577208
10.363162795341665
9.938191167486792
-29.12731595634247
24.668635447404682
-17.0686111647788
-0.6896279794647171
-25.648666074232352
-58.23394029699477
57.109409942112364
-48.840312167033304
-48.36391990616903
-19.217218338147376
-36.33126576369631
-46.133947097282594
-7.954025878222126
6.335953175087724
-40.3991630646608
-27.443651239873432
-69.72675650430656
32.430885936794624
-81.73568661382086
-2.4146471965478895
-4.812405564249374
68.83664580859897
-3.597871911402507
33.60791136647396
17.785749232503704
-29.93705563084066
-28.439464765187054
-48.24234861533095
-49.038642267389534
21.404894000722337
-34.48905396389665
-59.1443198024985
65.65535272550576
58.46245892222527
6.482455010207715
-62.566928326485225
-39.680347418826926
-27.832429822432317
76.36551288445338
-6.221796423873812
-0.40163638024326076
19.49736883584218
45.79701141450684
-10.68118725913557
5.297594023277398
78.64179708130209
-6.153690394384142
-12.775681374616852
-17.16213768788974
-58.74092399205215
27.709314520562373
43.96167066447731
88.62239520576392
1.7934223053047589
25.34081679992684
-28.53568256243598
-34.27111896037309
-41.79436251725936
-14.130107499606822
-83.89633063657638
35.77771453884637
44.145341696366046
-44.39853627476818
62.441111364494134
-45.95950077441012
-15.056910029131856
0.4967863428961863
70.52934544840048
59.95502603341777
-49.23130352133407
-54.57671905402258
15.563837849131446
-47.88248254285677
19.698708814825565
30.19754527589282
76.05378192402128
-41.512972443581035
-11.399214931471576
1.8828744925932455
28.01584266455083
25.15512551857303
81.29141853325123
33.35483140492906
18.357171088984316
41.02992076693337
-29.01686867547484
77.28131984324864
4.747793384667702
14.018918342062193
26.98881532119725
64.21515822087852
31.111820437857006
-3.801092877173801
-37.98579794868662
-73.30205037559026
-36.440797909458446
5.98535067236692
-28.662047248968108
70.85179952673278
39.737984240340836
-20.465230924051795
-74.53224874574111
63.535145324161334
49.11296868159067
2.5661073072696183
35.744923179686
-76.33297747937209
-30.899038911138987
34.1945758793191
-39.32928597137114
6.933463805096451
52.75271097178245
4.6014742209455335
-64.59817768196237
14.653318925238793
72.62763887252413
67.70765016231928
22.372277311768997
61.82046456098939
18.70326071110358
9.896352558572431
-51.28465712249028
-0.6201617581289725
59.03791145684795
74.28431074789475
-12.992509987488091
-76.51984835047598
-48.73783258193376
80.16320805412144
50.505395323509646
-27.86619653735518
-41.17559839288523
-23.035869267404948
1.0018233274827537
57.78938389070561
-23.355969064943324
-58.75929232552601
-2.5041460240146307
-5.484166023333216
71.46294529782287
2.205219332292927
20.533912479810084
-26.390326196213252
63.94314208269367
-9.523974691356045
-33.896109961970936
45.23992681954897
-80.7147013022168
4.225779179952454
-41.082791304476224
-10.564277897777231
61.922148924376245
27.674944009960228
-32.58024908083499
6.209608753178941
-0.9779601273190082
-2.902105914600554
-53.52238967128836
23.570433997206436
50.97375727849936
39.689386695798675
-62.91602880015232
-40.37934512506939
70.73958352753672
13.711051654421226
-25.17630514216758
44.11154849581749
5.572839670502418
52.511487374608805
75.80867373038049
-4.661656127739434
-67.32472721117307
33.00062801065832
26.55259704346048
-3.515423889683518
81.17922539523445
-32.095282157340705
0.21391322194206452
-36.392563768389486
61.34487452193298
-34.09132466286168
43.02987052912022
82.00193520105759
-29.84525389577965
74.27514239652686
-35.56580868736598
24.472405813724365
22.354816742560644
-12.10053094247938
-72.13346970804216
-83.06614532873606
34.34038067799278
21.533250434554944
65.90313721808886
-37.659814893719826
-53.96240891563885
-70.27047698285926
76.50391532805307
61.957370607406716
-3.5025467297875537
80.9083270242609
80.6501962517548
1.5374338041976898
-7.920662914492809
2.386164142075998
-28.496563414398267
5.412601789493607
62.33254623953857
52.15322982054167
-58.10026355407575
-79.22815932118016
-19.874430959142373
0.6515101041375999
-51.85098308833632
-7.384477401561796
36.176900500669376
-52.107851214350156
3.362373455191488
-57.91811807418157
-4.947496181364642
35.05507870906024
-34.13834736900517
12.107783127613502
2.0875920441316964
42.03726273573142
-12.79779534143887
-19.71217130217012
-11.71098575347743
-0.40706817353735403
-34.0718823009436
-13.346744745060207
-29.260133310586582
3.524406032072534
-52.68465762709939
15.417992534644029
80.6275389624742
0.42905006245958077
0.7567777430134868
-14.704454494160615
36.539903127488344
10.07182863579068
-50.24519770917569
49.66581187879265
-56.60409822127971
10.115950664363666
-35.70985739839921
29.26440543203732
-69.64709838143278
9.801199743178657
-29.442897315691837
40.531369259089104
42.30873763830223
6.326896088887381
-26.293907516539917
81.57131642977367
37.9361405326992
37.59842073575152
-20.122605968522578
-19.418757949584716
64.21546025611923
-21.18746147962014
48.96276895653105
49.95555718034183
74.95156376741502
-17.258953178959842
-67.30841439076043
20.226160382815195
-60.693076783454
-62.935754123894085
32.67812434096854
-18.555734151370544
-3.398559898633934
-10.052780635716545
-34.86728908994235
40.3949518447171
-23.780383461532963
58.365966021453005
-43.26894758292249
36.81238316991133
-18.21372655994074
49.96738078345331
-16.410315149497265
13.271904570943349
3.431153994368813
26.675558755341427
-23.037830105208883
79.92015715085091
23.076509432333893
32.549688184503566
59.39779253859976
-0.2762883817722468
7.256566084283051
40.50827558444175
-57.76982965237623
4.168344925624524
68.43498110743528
-79.47899383771914
-9.857425973363334
69.41932370713675
-68.98226761614619
-43.64931205346442
-11.191085130463478
-72.45995161207037
-38.12203630151266
37.2661206881138
-52.43212809939585
-23.304972317960818
-7.500295007223329
14.42753005479517
21.886430986143026
-62.88663913406817
-60.52384556905524
-75.75169275240862
19.983708278933406
-31.190493774997208
-62.03510468657076
17.774103888539642
2.936629094514984
-19.03475980347733
-24.418647795148146
-9.152901012340877
-18.623299230641777
-51.77721629080173
-8.733317156170571
24.136928812977857
7.515886595345194
57.46199514797584
11.902899964957783
-6.754625997234456
-65.84430098740738
-83.45984053365932
-49.994645677494994
-41.34589977753366
-76.7965330307581
-18.113417645125168
49.286402980416995
36.50155374379602
11.197806458755736
-32.812917461181996
3.5068170898343567
-46.38238520088586
67.6817669587073
-51.85570635348425
-12.482567424486462
44.827325254875404
-46.49035883952864
-8.769199587024062
78.59029799367084
12.678372724781369
-0.26804853272079754
-4.141088774836092
-13.079710213868822
52.53323670203167
18.45044761809494
72.25764123946414
5.448043886148852
-26.245371033161888
-20.80592375279093
-52.009507555262466
-21.38117790008434
-3.0582195146152173
39.23215635106209
2.066052737144176
-71.68998257328221
-23.184498051420732
-43.87404714242316
44.53767085019493
-11.372769401354915
-40.2893540012327
10.896208207049881
7.329505817231947
38.42258521941875
-52.204590679320745
-80.61764394895185
-2.9850521283015183
-23.445807182094683
-47.208950656350616
-62.30958345431988
46.687537113733555
-61.583568034660566
-4.495304716252022
28.7063746348761
-24.839007970638292
3.009274491783529
4.544437750990554
-5.849034367617875
-5.2794941086949905
-46.790596590406885
-45.31747453536609
-25.53624606133377
-1.9070878157672269
-45.87212957565126
20.364647197838025
-48.40631063134649
35.65055869012144
84.89061084410855
-5.347672584891498
8.507542381043493
-2.007551134101675
31.83758492191427
-16.17390389496414
-79.77015293400933
59.071748653145164
84.83430568835269
42.004766715183365
26.86591060067694
4.0601853559603
-15.10682875786577
72.36901911592687
-24.454099515376242
-82.42379438386439
-5.946312365369138
-14.233846366719447
-0.9083238327941672
-19.35732846700469
-13.809201100467206
1.076782525707074
72.43137476874551
-4.645042268664554
33.17494278537734
54.065582568101775
51.742030112040396
-71.43534247407192
-26.853957647549947
-6.8018405982709
-43.56377629858938
33.160180949335086
1.2996552220741506
-57.47096540417387
14.04285561353879
-15.747284476244573
82.87096282083616
-47.62786617142156
-10.444593913693737
-0.9060341693934504
10.599427623656297
-30.091599106341633
-64.38446880170346
-59.874409433731685
16.8926892790998
-22.23083015326553
18.528734959554555
-16.357324626078906
-11.839365223869962
25.72319304870298
37.18323345630483
-7.0686026252045195
-9.231653447901834
74.08013538579428
-44.0757788088464
30.548848719644354
-19.350809625676305
-13.366036013660718
17.89876324313738
16.539094024212957
85.3268519629298
-41.773360755576334
-31.126039011964963
-15.820403263519268
7.930279494096126
-13.016201702214786
8.278649204214133
-39.320517726929715
-3.0564524110492357
-57.81937749621158
30.020255595254653
10.801692679475948
-1.8552224435571816
26.142125524795347
49.225342992508644
74.49393405759264
-23.8196183154311
38.005649548012514
41.87916887952866
33.359038200817594
87.5849933984305
-23.054168279365996
28.79374814047094
26.569737335037658
73.6580529651132
45.879741860059625
-1.4082919802909828
32.335759549607815
-12.413634893609142
16.83253327919607
35.37721856057283
-32.77225054897808
-62.94626537950613
9.724279619250225
-45.360569056387895
29.621817181959372
18.969334759824946
20.694490303658966
-5.3107492763941195
-38.20470664324031
-1.4767152881130556
15.283895398136352
50.33119252233894
-19.006980805368542
70.5206405689342
-57.43667808810848
-29.596821745664016
-44.54002547903478
-4.59502980605167
75.56810555449445
-47.479909660246584
15.117289511518706
-47.49494958457333
-19.993032887186033
-5.500048049682405
-66.49420671061506
-58.571990090709214
69.97676726101668
-4.42661767323213
-43.73516844921892
-53.6213591179229
-11.38189921560928
-1.9867457457371103
-10.856840108854982
-72.35869681852108
-9.661712754684615
0.4642666947930394
45.12896740316128
-50.75387225675959
-17.282267316332423
-82.91278432070543
-9.245776692352436
-69.95687288137135
57.29620146499556
-44.02011910070934
76.67898777364539
-25.61287868314615
12.209401528950508
-64.37599227927694
-38.81528725283221
56.20207951589853
-30.901558031186497
22.373337020033006
-4.818857769872011
-55.2133194215895
10.424595882818139
76.31960073092523
68.26029192686201
-69.86216658683512
14.982540087369173
-55.81789271269886
38.107052570248925
39.63498239818466
-2.057730582540941
-4.024103008129899
-44.07395300618116
11.36388026297385
-11.233132594040569
29.280236212833415
-35.189083438348504
-17.32373606720998
-43.136933792695885
-27.26776900269249
-0.1855410616170019
-13.699138988486695
6.316573917965826
-18.44141059333525
17.931284909178743
-38.243654738438735
3.9205239092543565
-80.15522358078215
-52.97116678216124
-13.912190991735514
68.97769052515747
-70.25110792414962
54.68963484078975
53.55982369902219
60.525942775355674
7.1753931773987745
-71.04983507608651
51.008210568007286
-67.11814861663146
-7.376355241233227
-17.103184383829685
-18.8054390650465
53.415264524847714
-7.093210909297127
-37.308511924826156
-53.78994449016027
-8.025422692990162
-24.702621512173096
-8.215927201029501
31.474049565997177
-2.976417039116555
57.88662089110048
-13.59170164817266
-57.00580075577703
53.5845491061047
19.25400455706537
-17.350292665589834
-0.4244096317606818
52.527005135770764
14.488088816380468
60.82612852953329
-0.10164801917244404
18.353411254709656
-24.01451557672671
-27.15508312104454
-23.874163725667913
3.909157833709912
-21.260785592238605
70.91156230350683
-12.470247751642034
35.00946620086131
-11.550303625105045
-66.57512483080417
60.91900821764389
-57.04476843795449
39.21594113086016
-50.03942695526283
3.4947263842537097
-17.558314749180383
-61.85213728594146
15.085780881804524
-11.644750504066238
-47.56116125915609
50.36094132322515
10.36185382915285
57.02850577941635
24.98314310094814
-40.964729291007686
-54.382892397921474
-43.5059854536096
-59.912631935517354
39.84335911921397
24.95640000845222
-22.240518073557112
-28.75328173642906
49.74861328040552
-10.961895312195153
-69.53198826758822
7.0703297437687525
-65.41905223322249
-23.4436974138509
15.7090122881267
-39.73747053845285
8.072648965017663
20.38984564936017
-46.0530919850738
-56.583766966789725
10.841558070224792
0.2857779914933616
-14.118544564388273
-2.5633969523731537
-3.461548118552585
28.845292693865773
-29.666465590370493
-21.29053918829193
8.472030350815743
28.99735345306651
26.990003395587564
5.445990082149365
-69.65050658614388
-0.3956019332855192
43.21026618898637
-31.362740576618904
-18.681283435858006
11.236286605797517
-41.96357305562487
84.73173826167482
-4.964962648888829
-19.498044298113882
-34.4467485833853
3.3786591279462925
-23.625257050035046
-46.24602168221563
77.43933887027177
-28.61894975719281
-33.29653830664802
-9.512909757927787
71.8922233914493
-4.188717721968061
-38.865860658309735
53.93331471519346
-40.95217887275494
-12.761726153291818
-37.1802431991127
41.6447789034043
-1.5537084005978414
27.718824263759075
-0.5941828905523039
6.886013617480771
65.71004140139249
-32.61136647220978
70.183997466258
48.171662643624956
10.912101494981329
-29.42975550939282
-16.97507744143121
30.334390376197803
-10.314185381824615
-53.193434839637426
-23.535302508125298
85.11359844560693
-21.698011654233937
33.01798812760276
-56.15173660335798
29.91373702125624
38.39681371078507
39.49934633862455
-14.69587298300857
59.12045765923446
-5.736709170855107
-7.772309156019261
-36.34668378952955
-7.241017397134698
-31.496247382976776
-17.73900186115496
-10.294118431610059
0.6698211538599566
46.447555040616294
-63.92329909916011
16.47077278832876
36.27671858662163
71.74834348867915
12.146536786663432
-61.03591826678698
64.5131512925688
33.56317384278876
-13.41687623323024
20.60418216520732
3.088570130451842
2.5609876832054397
-46.0755266036566
-79.41730241920256
-69.97029167464726
-17.48074679901096
17.718702887752784
-15.520507539971092
-69.54611160099643
-0.8727669348157434
-44.09431338861305
-76.28002452086227
28.822608152874352
1.0115357885239291
-27.81722600470097
36.93525702543863
44.21570521438895
-59.440097287136766
27.667139861297684
-10.812501493182694
-32.26347573454984
-29.39109135808124
-41.511593607390076
-32.53149278585201
29.46404463972999
49.50031298733947
-70.00354309514684
-14.681913239673378
-1.225375119328433
-2.537133907251061
-15.688824142244698
-47.92718441074906
-59.95597623319906
50.93954810673887
37.48841191949941
-0.17824820585950363
17.120127387344084
23.489841380660494
13.039808366770075
73.42521877074839
21.462131702131146
-15.524259204586542
37.08708258311222
78.64925564143229
-57.037877699133205
10.053187204139846
-60.478706780465515
15.93443744499372
51.574002211371095
-4.903134042324481
-43.64610708171376
-18.432882172992976
52.81161977792985
-5.990583397433483
-21.26159604193144
37.7635877235914
14.457635537881558
-66.97818444924043
-26.942112601146945
-6.743665673476428
28.484073445238707
29.405435856264774
-5.079357233920078
45.763762651716064
33.766088504833135
-28.981710524645962
0.01712732330203437
-27.746852377530914
-14.372399141347046
-1.8738043548397627
-30.564604279369647
-15.977166081355165
-6.901478871900565
-70.31408258657439
56.04425298336099
0.776132690630206
25.97329088479755
18.007301226517626
-14.933588954748913
-1.1242845793737928
17.807532477198464
11.622151231431062
-25.22061787985443
31.45003985664914
16.013779487851863
-68.90318394661499
-48.32597038014372
-11.592599061139381
33.0569162617837
-25.153657196138894
49.704447370839006
36.782010649341856
59.160206428051225
48.63215892788455
69.82720854567677
-70.73790743617585
26.506099277900375
14.655468929388164
-16.50288934180243
-48.62761681349899
67.60410937269421
-5.987672124173642
17.074240558603748
-51.58193776116549
-9.815808319659311
5.395096303948947
75.36240097444349
-61.14333688348072
-13.00179123424887
-21.87787702372343
-19.728791882244835
-58.92521057952587
16.106707213579867
-7.349608969158766
-50.99581241148683
-48.16613780879269
62.43254379937923
53.55443383465601
-22.942736073786463
74.45645905540792
-61.10485753991876
47.8975853444737
81.5288061903376
-44.77788364922031
74.19748492641023
42.077294191004825
4.3142861030795245
-19.487187719305197
-18.287918666694594
-62.62479594617029
56.37239409364744
-12.99294100631522
-42.652626109824325
12.269751226535007
4.689297097926314
-3.9898029670352884
-22.458427185090656
-36.828486065978545
-24.992494756968483
76.30643886386002
34.52132660487686
19.95568221307542
