27.95537451808245
-35.18964913580042
-56.53016109753783
-56.12397528926082
-40.727828215448554
-29.898532133903245
-43.69199564950308
17.68131959689518
-47.9855916252539
28.29429429419642
15.79121446086728
-29.082925890487942
-6.002603958542096
-14.903182892226226
43.574880068940274
26.506496774471074
26.77475650525369
-29.737726914702165
48.60188680292768
49.29123283222998
-30.82281421879439
74.53965283707865
51.06657874129323
-32.39586339861657
12.514954218902673
1.0878966764514786
-40.95454554519289
-29.09279242905717
58.257006639796174
-5.9957859451592554
86.99602335443114
-8.264998776228495
-13.433481313478993
79.0281911039024
-29.35787307116412
36.38924370090325
3.1650386537550474
-69.2495502139954
-26.140101109377312
51.30910318902943
8.787831193850181
14.945122850829435
-35.10341640557244
-24.95258540344321
30.190836928769357
-83.5809421641859
76.02325940850722
-59.4672971942248
46.12147022061026
-14.647144167047841
-1.5269085328955612
4.4297257828996806
64.768177533098
2.4311104202330824
10.503648727901961
15.675908936207989
-20.486723943165742
-73.04922214970685
-1.2899284558319692
-1.1367472130686735
19.502877407308915
-31.571337027078613
36.659272171937175
-0.6813960994466015
-15.63386359991182
-14.474860634065777
-0.012507588747311615
40.02842179665393
-6.918647256117438
-10.149590627989681
33.3661431104392
44.97316493205844
-50.353450125453854
-44.93421269503887
-20.300019823060822
28.992891112985617
74.59386238846568
-36.33035285567235
-55.67176060001712
-38.913497802621535
-14.821170098410946
3.588590467342641
31.65278156111495
-14.652021004051221
77.41448214691124
9.327807908301807
37.828616145881995
64.88988866574297
-54.444875968453495
30.562767774117674
-51.80884484518423
-26.899810056952703
82.77811326640193
38.38483852453069
-34.62385854493233
62.92927837839841
-63.411980980241246
-29.693327324353604
24.880027243534514
-16.438213786357196
-1.5390876518928707
87.16426070385808
-9.263305467600091
-64.46139488427423
23.926582273342035
-7.641868793377654
-63.60782792119404
68.04762616357547
-60.693516411328254
43.64335541062772
-1.1265041890321754
-19.381637493206682
8.494197763330249
-9.56640881836013
-71.94371885907978
31.131783727085917
24.42113666778664
-3.4454038496883754
0.3195460389301843
0.6536196421848359
-27.24997104988789
-49.20292586252858
-4.507306998990003
-30.456670261087794
-28.514869323606064
4.0801630725420495
-51.851513486569445
-51.836596923210266
62.18122336249493
-54.291747434004826
10.36789124001453
9.942141851285697
-29.119436241802788
24.65427707101786
-17.057541263679653
-0.6875342626669294
-25.68283667859329
-58.2151317861761
57.16497539419953
-48.80910691404187
-48.36299235868179
-19.25432385592407
-36.34397782929602
-46.12581234101593
-7.989377343804051
6.337762172739133
-40.42116847457549
-27.432207209850773
-69.70301840057112
32.471885629245605
-81.73208985964868
-2.456156193560261
-4.8168215398984415
68.89681864338499
-3.608652394670358
33.649503265791225
17.788415491788427
-29.919887873826625
-28.419256157554003
-48.21300681451527
-49.019981903205
21.38344391002981
-34.53619843293456
-59.1142003584686
65.70766295288644
58.46694625076731
6.468954355284097
-62.54249349194901
-39.690544954540506
-27.87792144162546
76.38346579469513
-6.254745432861014
-0.39945206068418315
19.510121073464234
45.85993211501034
-10.700636459431706
5.289444993553985
78.670793755121
-6.179477833897181
-12.792694257947701
-17.18463325266238
-58.72270224320745
27.74668314683305
43.95256972613859
88.66364635239336
1.7663911918183004
25.358718636255077
-28.538481572049207
-34.25349253975047
-41.76886587086844
-14.145244777339471
-83.88935099456745
35.76690990012642
44.16771258833302
-44.44335392893648
62.45674045379894
-45.932966872044496
-15.08869831364538
0.49778401524488913
70.54059024887633
59.996952470740865
-49.204644875571965
-54.548305573437105
15.552744543841527
-47.85598592367578
19.685109253245088
30.216202791988394
76.07221072214406
-41.544128586668286
-11.407882724200505
1.8499098131728289
28.020224890505432
25.139045886546754
81.32509547986271
33.37779833091386
18.362331547226546
41.053294122735
-29.082627178750315
77.3055584424738
4.691114965908824
13.995336541599684
27.027071232139207
64.22170683685582
31.095237584010505
-3.7976888440060037
-38.009552063906995
-73.27834957032766
-36.44458893586268
5.9735725660495405
-28.656273417138337
70.86345358459411
39.72366648101419
-20.495930116609287
-74.51519194878446
63.54854656494422
49.106666287623995
2.5366356675287705
35.7307277172971
-76.30226688282342
-30.918765990365273
34.25036766741394
-39.30300847551831
6.936429292679421
52.75295552302177
4.584433300553314
-64.58134607916423
14.6642539779548
72.67557502384804
67.72277685519563
22.36537361617252
61.8248605775388
18.725970220860304
9.894832778351045
-51.30705399745202
-0.6313169261833025
59.07981251475758
74.30237832618792
-12.99129488321384
-76.52384514418074
-48.76980958976877
80.19666000172231
50.5420812605355
-27.874252568627597
-41.14985450749185
-23.08098209713532
0.9714487456324719
57.790138877625395
-23.405366488539954
-58.72594872302938
-2.5384418965139304
-5.480962892846065
71.52095870433573
2.1490419872626916
20.528087192335832
-26.376398932362193
64.0017683001758
-9.585474296742902
-33.89296874943393
45.23413737983958
-80.69821562146421
4.209397819673271
-41.122658440892316
-10.60385587503157
61.93059882527862
27.70411089685389
-32.56996368813108
6.203752395649104
-0.9987095114571787
-2.936021737523447
-53.533315136354695
23.555171872779837
51.01906224532982
39.72774069198633
-62.930182784458985
-40.41175852554211
70.7514928558625
13.688379116754788
-25.19912628254417
44.10463461152827
5.57055025202547
52.51351937152745
75.82460994198837
-4.657850417199711
-67.32878657526162
33.01459484837474
26.541182803431738
-3.515498119908372
81.22115474306565
-32.07466600401655
0.212112271915899
-36.41110150021335
61.39165966518891
-34.073123064183015
43.04598472480305
82.03788850169482
-29.825379273764213
74.29339752863365
-35.54154284153497
24.504889966175156
22.33400531145567
-12.100632755541994
-72.12404846460862
-83.05768784613863
34.329662074992825
21.56278686204537
65.93750704640658
-37.65072853607146
-53.94840776120288
-70.274816512819
76.52110023123245
61.96101935178433
-3.5284423220605845
80.94162151574216
80.68857264370547
1.499200322587015
-7.950019541646668
2.350613400249429
-28.491408837721437
5.3610256154020846
62.336547687836315
52.161401135000546
-58.08531703933817
-79.217548178959
-19.881264477841412
0.6205490144107415
-51.82049470598405
-7.4159775385352305
36.21030707325593
-52.07831212739055
3.3362773535276915
-57.887129687331445
-4.952132540875283
35.07313137693714
-34.13771520128463
12.116088369789992
2.054998027971635
42.10415608596921
-12.84392421114029
-19.77465923601052
-11.756105704637676
-0.4300247940054476
-34.05418223969028
-13.409424054971879
-29.277397212080388
3.5131443801856364
-52.700343509460055
15.386409120232685
80.65921705706947
0.3992053938943627
0.7392446751137811
-14.709210539955876
36.52509786396317
10.029559425458118
-50.227779774753934
49.65990580932822
-56.57635260710711
10.119748906616081
-35.70168963698793
29.308533741272214
-69.62893599778413
9.799498566824667
-29.444912118903318
40.523595064970124
42.328947490422564
6.327035963543281
-26.3062577013861
81.61828621924758
37.91790937715166
37.61093772502224
-20.111335357383112
-19.40569032135629
64.2211298874141
-21.237320635421852
48.989644943399384
50.00825679978408
74.96674408739017
-17.286048893410268
-67.27859109740736
20.249392038608903
-60.70815443374563
-62.920411067334506
32.71902569625149
-18.542954886785395
-3.423425010183081
-10.059482490011504
-34.84868935364264
40.38336600237517
-23.76980972329922
58.366730750776384
-43.242084458092
36.82774721421936
-18.202158078008395
49.99979920444878
-16.424100042673544
13.264083853190485
3.4300327717459282
26.713548536257804
-23.064623230676418
79.97117838677815
23.08019751581587
32.552263192387784
59.41177223377261
-0.30593661230227553
7.253306683801881
40.50467725697871
-57.74189422833338
4.158152120966989
68.4946450572105
-79.4686085584365
-9.871607034566566
69.43035926764236
-68.987158967666
-43.681984664220955
-11.253550024410558
-72.4280507688615
-38.1515697165884
37.25287040806623
-52.40803609621063
-23.290592453045775
-7.513600120485606
14.406071033306588
21.89071675930832
-62.85341912085263
-60.49022557991686
-75.7276314239717
20.01216382422089
-31.180252347747967
-62.01020933795007
17.77333712044195
2.9079771983995784
-19.069566278369763
-24.400998736403537
-9.190510790710974
-18.656867957711498
-51.74704010632211
-8.727175001590112
24.105432940781128
7.509605772331824
57.531626189713194
11.871610019861066
-6.7630939696565235
-65.81246466096897
-83.43839577087103
-49.988953148497366
-41.33622935823879
-76.76798339374831
-18.10106383347943
49.28016432447981
36.48832947625178
11.194598980982903
-32.81004371338453
3.484768338186086
-46.35277285598632
67.73162066022797
-51.82985052653255
-12.474266394234462
44.86966363791473
-46.51201970378495
-8.777188356478959
78.62857030703111
12.688710883110488
-0.29187426982871045
-4.159318329790381
-13.071352772087593
52.53374861842099
18.440108961114802
72.29892524082143
5.4326223757215075
-26.30353450479835
-20.851923064118125
-52.00801511564952
-21.398415491829667
-3.057880557001525
39.21991379070616
2.0397055930195194
-71.68388050990335
-23.250964883857463
-43.871817281860444
44.58552412166145
-11.395048398388568
-40.305595199222665
10.896308398527523
7.2961631402237686
38.41076305264494
-52.23712563434821
-80.61021597496969
-2.984143659895011
-23.47347957032609
-47.190587983918945
-62.31037842238791
46.745651658642885
-61.557483622849844
-4.532988505244063
28.74994236550131
-24.82228696996674
3.010808710227991
4.545293706451375
-5.847318831019621
-5.275236957522239
-46.78597567890105
-45.29931948158132
-25.545811479356303
-1.9325076058247959
-45.91857313370186
20.350261495213317
-48.39448052502895
35.70015185259581
84.93075042099338
-5.39410897531755
8.51128702504603
-2.0240409480844193
31.82835837075828
-16.22221429324709
-79.77012114869203
59.07494263637474
84.8612823681411
41.991661963606305
26.89346811219565
4.059934123083693
-15.127769035685276
72.3818143950053
-24.500748142120855
-82.40598287434466
-5.949938225856712
-14.278355810335
-0.9560557955653195
-19.357586797426862
-13.817012782228673
1.077236857622907
72.4694235348133
-4.684218766496741
33.2126460748749
54.09563490615133
51.738205453304886
-71.41504491566559
-26.864608214412513
-6.823255839059414
-43.53568597117744
33.20926470269637
1.2995498702155004
-57.454064778516994
14.052703297171078
-15.761551119930886
82.90903558619848
-47.656795328048986
-10.469637332705318
-0.9212139743076051
10.59078897837989
-30.147780610917366
-64.35241588791843
-59.853858385672424
16.886676623630336
-22.29565999364948
18.4869776291402
-16.3472038315073
-11.831153370937528
25.70422622631382
37.19466306555461
-7.11419651617345
-9.264032883715714
74.10626838107547
-44.04651480400651
30.52168606432997
-19.343565485557463
-13.3720742899296
17.8854845619622
16.526647088949304
85.35957980502693
-41.768368242930016
-31.103731503618945
-15.869293359969703
7.922944269872559
-13.007901063017414
8.272622055028691
-39.35840966613228
-3.0846739141326793
-57.81876005295072
30.01021874150028
10.781113876296047
-1.8926570302605512
26.132138733474278
49.21911003104722
74.54893370899413
-23.8203166260853
38.047099010434096
41.91217193561994
33.34982451735851
87.62179934948546
-23.05095679449437
28.780731163042788
26.54798516957787
73.67192271493371
45.88526103323042
-1.408678693307607
32.31593635587038
-12.415652671483443
16.85273343235565
35.41397268233274
-32.75951027704261
-62.922803073328105
9.726350977389657
-45.339092676272244
29.672312088515085
18.975640414854283
20.69393839837558
-5.36696757257846
-38.221365010047606
-1.5073288798892008
15.291868611214184
50.34229881322679
-18.99415691048739
70.53375928109759
-57.40419192407076
-29.575582567908555
-44.52328661396871
-4.613232363538955
75.61619597318659
-47.50451025688873
15.091051314818529
-47.49118866278055
-20.053491366841158
-5.556075104996481
-66.46172620715058
-58.538519310456124
70.03410415525471
-4.4680141053588045
-43.78142748996604
-53.59229740277244
-11.389835109440085
-1.9839325916380517
-10.882857460515623
-72.36329055269555
-9.710653290318376
0.4386470429376317
45.12543072301477
-50.72238256401925
-17.272651234109745
-82.88887020112027
-9.24452380244756
-69.92618518605506
57.360256451169334
-44.017591068252244
76.7287074879024
-25.613464630682685
12.218873193820457
-64.37818152282088
-38.83085903333732
56.219593987399605
-30.88472091924568
22.386139630170234
-4.854906216570939
-55.19295957362061
10.429501566520557
76.34889607404463
68.28996033412284
-69.85887518301712
14.947125503692732
-55.78467708078486
38.13383957522228
39.64936263428149
-2.0891120055942025
-4.060888268247666
-44.04549627820421
11.360560789124008
-11.231206467699863
29.30480020465623
-35.20934910607345
-17.321739534337496
-43.107807352838954
-27.248062794038333
-0.18329598526362645
-13.732935409230066
6.304045355281488
-18.509674043647863
17.92743610683425
-38.288859127513945
3.9173983843711824
-80.1445782433226
-52.94028706225483
-13.970572997512221
68.990397665905
-70.21830759714352
54.699538476976954
53.55729384225867
60.54295635539924
7.178195166043125
-71.02728441147299
51.017725436169854
-67.08953795843031
-7.4045242404842355
-17.096948851970964
-18.85902905840102
53.433188800517854
-7.1143408281438525
-37.282592135568265
-53.764165733830566
-8.019210123740237
-24.739376821563653
-8.219367005107273
31.457388879863572
-3.0201912206727997
57.95400955529152
-13.652805146123427
-56.994651205925436
53.62392931637018
19.281127545868046
-17.34236841372146
-0.43831725266058186
52.57908481603417
14.462748064225863
60.832258450623556
-0.1332861680304802
18.377855990814467
-24.037194873170122
-27.138129709145417
-23.935270981385557
3.9099219448587945
-21.328833359848744
70.92373871478344
-12.462747427466141
35.06862363691957
-11.60187713681492
-66.56730854728261
60.92341898016653
-57.01958965483312
39.25645049504783
-50.07001027454207
3.4859250903887897
-17.581226646905606
-61.82403021975717
15.080982887886634
-11.694215519223832
-47.530152936498155
50.357002099661855
10.346469438096648
57.02814744231392
24.978223327873124
-40.96096803790199
-54.361098040262924
-43.53161372904057
-59.88780668500014
39.904832127328746
24.972844763132443
-22.294262800217624
-28.765212065357105
49.80038655937716
-10.960335972078099
-69.53402856684647
7.062952547380817
-65.38568908485342
-23.487547784868866
15.71832571741173
-39.75953044824975
8.076413042725378
20.37675561954667
-46.02445674215995
-56.572246107817094
10.823585895408584
0.2812152202695444
-14.12187482011349
-2.562641621803408
-3.5033143893669205
28.829248238557426
-29.6633904296675
-21.330233245575812
8.467025064603376
29.039570560827414
26.981968862514066
5.395548866712431
-69.61787618585431
-0.41936123707516515
43.2017144865832
-31.379423958906628
-18.715862624404693
11.238144642068605
-41.99002526892211
84.76727018285928
-4.983184563289441
-19.5363963728944
-34.50546172123411
3.3743089348278374
-23.68775037105452
-46.239408074614836
77.49339627761097
-28.64848736774023
-33.30333156326542
-9.531507803883187
71.91232337470245
-4.241038629437966
-38.85126284588367
53.96777327181019
-40.95358498448939
-12.760181287976806
-37.18530466814385
41.64167889944639
-1.550849537597287
27.700399446785767
-0.6403574426744143
6.888910813669341
65.71952513117063
-32.6015777814857
70.21532701447228
48.1660772601349
10.919005556000826
-29.473431475668562
-16.984377715893316
30.318176847634817
-10.354289210289906
-53.185138617572804
-23.543300619060233
85.13897586353849
-21.756582835131738
33.0120068053979
-56.11877308436485
29.920391787434482
38.459673367804015
39.50255897025255
-14.691402185569729
59.13792268125272
-5.751397533223397
-7.831973932907189
-36.34762393214438
-7.245389439596551
-31.550352428763674
-17.78231035937702
-10.304384652353278
0.6616599553018574
46.441718033799134
-63.89935081874975
16.460561404036525
36.270746815032
71.76077715231392
12.15196992768854
-61.00242493033251
64.54667679943273
33.614940762245936
-13.43691066860029
20.60269892589352
3.075838993386867
2.5509309503945303
-46.0685586169681
-79.38955905315822
-69.93829104678089
-17.521438229189897
17.7413670569927
-15.510433571001656
-69.52526860492623
-0.9043963368194028
-44.06760221028239
-76.24960459730362
28.846822926012493
0.9755332728593231
-27.810132644271036
36.94555388371407
44.262509445465554
-59.42043019010537
27.67414966438443
-10.822914560359834
-32.31021472326741
-29.39360803649231
-41.51671008923221
-32.57096138178407
29.43804988215028
49.49597443823623
-69.97070559898847
-14.709941131204786
-1.2548810255447478
-2.584429559384475
-15.743343465407165
-47.96936608655048
-59.944005268776706
50.97891878924818
37.47492191096049
-0.22268444285464284
17.140516364352777
23.524828520186375
13.028370604766835
73.4652332112654
21.48577473264214
-15.543122148013296
37.1221276759249
78.66747605366118
-57.056659963407306
10.01214104467904
-60.463219925443624
15.953274791152424
51.57754400319351
-4.900170522450978
-43.667811806313274
-18.450751275294152
52.81161865485035
-5.99041142430913
-21.2627617156152
37.76229017338713
14.453853105064496
-66.95772219574387
-27.003948764225044
-6.800888635614442
28.513853186069937
29.44387502011017
-5.086853722842278
45.755579629727436
33.75013303145576
-28.96335330974979
-0.014489317376856548
-27.741709557384226
-14.362511348106565
-1.9170166675470313
-30.59297938211523
-15.978131764580255
-6.916131457898004
-70.28187598078239
56.043320235790446
0.7708263399740645
25.998514977859443
18.009076453785724
-14.948990325761386
-1.1254263218100817
17.7971223429939
11.63052147288441
-25.250313538209724
31.431039011150773
15.993250680374388
-68.88184026825095
-48.363458498842796
-11.588402151603034
33.0361707369384
-25.180449044376815
49.70202260850226
36.806751132676
59.16173730765547
48.627290359160696
69.84575401296834
-70.74865300243815
26.487765627006738
14.67055323801408
-16.519504935015988
-48.65095277932011
67.65123645660162
-5.998753197195597
17.051456993094718
-51.54987996483791
-9.830820131728018
5.387801356231435
75.37875752428474
-61.1393417811552
-13.00400886997646
-21.879205364299395
-19.753922705706017
-58.891610118686955
16.125860468191235
-7.347071244185656
-51.02072188591885
-48.177884941781805
62.46067941354849
53.55395289558342
-22.98514726976049
74.4713512017999
-61.09291499974504
47.923189752843626
81.55702453924914
-44.78051018502045
74.21203821756961
42.06686024209739
4.2747855985830086
-19.475226841471553
-18.30210867232637
-62.60398191533737
56.37140638523516
-13.037349277494343
-42.651511398673776
12.268289440225473
4.690862360450666
-4.001801727919144
-22.48834864202
-36.845399378886654
-24.98509605446644
76.32733425211478
34.54234391377014
19.951582409548763
