15.572248787261994
7.804128384278109
12.5926460657945
16.75448951231419
16.44889285384841
7.313027216266055
7.793053800476565
10.104192655487989
16.87747143401274
7.624933147686053
17.381845517383503
7.414846366672351
13.64959816180454
15.905453012139024
7.632098913321408
7.9536159094093
9.086786406649324
7.600509006691564
7.672887814256749
7.4348061625183055
12.465053714504634
11.491066710050227
10.697963586014549
11.32039719189834
8.008079197332219
13.448177345150533
7.416035054142561
8.34634154586605
7.524088341652631
8.125196741388791
7.313240283415024
9.10483405091647
10.68993847620931
8.435945280776266
8.00759785607961
8.016951027083635
9.93215878456904
8.101114926865637
7.298765835754302
7.719591465370493
10.082292465731243
14.363275121570453
7.313279750898958
10.847174304877989
15.280767777017637
7.920922233968789
9.054439987689673
12.983509070764441
7.422326463653902
7.731039375800905
