28.035027755743968
-35.186717778604674
-56.49268974991859
-56.0916896196622
-40.71009129304494
-29.925175236812564
-43.66547227300255
17.72470204729214
-47.93737269859749
28.340048922492954
15.800577755137923
-29.187279786437188
-6.040390231146944
-14.993460091957516
43.53974317758218
26.590804632569643
26.82122763064166
-29.704245700233372
48.604712511319065
49.27602143052235
-30.786955166329577
74.5893124622227
51.05543791921741
-32.3773475617714
12.536492324804783
1.0553483424327936
-40.91498842710481
-29.156153164971073
58.33718774247578
-6.0147134557519735
87.02803759112933
-8.358408333115833
-13.540676999649492
79.05885980549658
-29.355259767429203
36.40361670723249
3.172028344643479
-69.27103908095212
-26.158726291224482
51.3788705860849
8.802875399525192
14.976356722634264
-35.06540066946411
-25.044756817435854
30.173090648468687
-83.54814186722767
76.02949688168957
-59.42608004026152
46.11427021665918
-14.670271195050418
-1.5618100877110095
4.397972728905984
64.81475769418586
2.432961668959635
10.431197506519979
15.613369083458792
-20.461915183843615
-73.04144775329836
-1.2826437500788899
-1.1601588318116
19.54137469082673
-31.585269635670002
36.7237438031413
-0.712947562311598
-15.650935334107288
-14.521535414080105
-0.02637204080882327
40.00173457597825
-7.013208985661251
-10.197661462210476
33.40533596534104
44.95300612084503
-50.30504971540303
-44.92828555677135
-20.345834497467052
28.949796710706252
74.61543975658003
-36.351576790424055
-55.634296759423144
-38.94887709330916
-14.8135327273462
3.563289346564801
31.677303742709512
-14.691439662931046
77.46375330657264
9.262917550902557
37.837844632127485
64.88341232981506
-54.41792622426999
30.507530988762966
-51.753597800151454
-26.980697412775683
82.81719794796498
38.42292389207674
-34.61141036619962
63.0334829581719
-63.35783069846365
-29.668467298564735
24.86496395318275
-16.420008431387373
-1.5343040121920524
87.19560878057527
-9.263393558425179
-64.40314316157236
23.92221795479847
-7.668968506693972
-63.63857358866979
68.07991259725927
-60.69931181672324
43.636671882901055
-1.1580269716432383
-19.38100906567911
8.509083120611663
-9.55935208952117
-71.90796943584783
31.222735714823585
24.41844245929704
-3.468183167579028
0.2830898671841453
0.6377910505781728
-27.346921826118532
-49.157786621056516
-4.507129101045351
-30.420901252245542
-28.48377550079354
4.05514010898905
-51.9112258851407
-51.797566519859686
62.17161809905414
-54.23385744438568
10.383912182032432
9.957087650656518
-29.101842628875346
24.630078274775258
-17.039138636930318
-0.6799271344138873
-25.72837213960446
-58.18987956671769
57.26470814524379
-48.75495900785819
-48.348417244556245
-19.320854858446893
-36.375076535475706
-46.12128258978446
-8.047865304696217
6.348168541055898
-40.46965557970556
-27.4170876209851
-69.66393260787422
32.552907718326225
-81.72450767493163
-2.5231601837350013
-4.821173052777411
68.99820142866781
-3.623423436851539
33.73149967883603
17.802098544903743
-29.894638132918672
-28.385224104347913
-48.160216255330326
-48.97998214638946
21.340487534068913
-34.62633965565353
-59.05595711414263
65.79716348059179
58.46935372823546
6.452188109230491
-62.489658718000626
-39.71807531665776
-27.962590584397063
76.39803212682696
-6.308439813353118
-0.390969910214082
19.542351525496755
45.976167240818256
-10.730568306131588
5.277649236411591
78.7077267530259
-6.220936266951753
-12.818147055502848
-17.225311363136754
-58.6984969858269
27.821394025106386
43.92442936687803
88.71627123073046
1.7253780977838034
25.400341445654675
-28.549541535902705
-34.22874151723348
-41.722986141502396
-14.171966133990523
-83.87370123466243
35.7491224095202
44.21415475160174
-44.53232881980634
62.48015534928251
-45.884105297012105
-15.135499579567465
0.5047008049742061
70.54387842476527
60.071310672320806
-49.15425728804051
-54.50395067509992
15.536667227789792
-47.81580515391858
19.66319551387214
30.25901249453915
76.08848012990751
-41.60883249261381
-11.420401127521814
1.7946594975326065
28.037161392749923
25.10924104028598
81.36908657052246
33.42788266020602
18.380773626051663
41.10253066391397
-29.202231449454004
77.33386045198856
4.600864578845588
13.95108119545128
27.103138031535593
64.21439164764027
31.058458659173937
-3.7883513224679604
-38.06046165854063
-73.2373198837537
-36.44160930199445
5.959837393000868
-28.64193709992294
70.8639764609695
39.68394603937293
-20.552113728528127
-74.48685136176235
63.56640712460651
49.08553185763259
2.4915079337911266
35.69692310499909
-76.2418592906663
-30.960364317454847
34.3559290966156
-39.26138842028481
6.9489080171250635
52.750646115208525
4.554741353455995
-64.55824427648518
14.692533562552867
72.75278635755978
67.74054602466444
22.3598005615504
61.822427330226645
18.774656075467576
9.89878957992812
-51.357756523732775
-0.6455957276731112
59.15462400936849
74.31992915569762
-12.989206372268171
-76.53394479622614
-48.83715338676055
80.2411571154185
50.61169839616281
-27.880853833200604
-41.11015410207605
-23.162876674903615
0.9204767196454071
57.77626538582612
-23.494682215250734
-58.668487371499346
-2.5930989263625435
-5.4725195570151755
71.6168925639233
2.0605221437895125
20.52479668282308
-26.350786202931005
64.1033219934921
-9.689002928637564
-33.88075875034378
45.223216969974516
-80.66669812734618
4.1873664132772035
-41.20234054619907
-10.670638548640483
61.938938018526756
27.765129654501578
-32.54776369947497
6.2005331888543935
-1.0296154543189857
-2.990155235342314
-53.56364046850057
23.52838727966632
51.103606531707044
39.80354845820821
-62.96486505894966
-40.47836598456156
70.7514533919094
13.645914195387533
-25.2438442307066
44.09163579707703
5.5735431574474035
52.515672500507804
75.83040327696816
-4.6484602105576585
-67.3437755214803
33.04865745570052
26.52482494152808
-3.5131980247340096
81.2810437312942
-32.043123136608855
0.2142066389503725
-36.45244261902174
61.473880426391446
-34.04718692841788
43.081368079428074
82.0857357085319
-29.790934037020264
74.31140752917489
-35.49995812059407
24.57105000949096
22.291974763516322
-12.098932437873117
-72.11180874375134
-83.03990700873678
34.31285209625105
21.623383671242237
65.99454010530891
-37.62849326690506
-53.93297273430939
-70.28903127689824
76.53313022286241
61.95306978983106
-3.569054853775171
80.98518284635836
80.74217365217032
1.4362567570328366
-7.998292748811082
2.291293970655488
-28.47804377985048
5.277572234780777
62.328756575266766
52.17698136676836
-58.04694263023123
-79.19858011108735
-19.888709541568716
0.5724894943887051
-51.7714305580384
-7.467675788378031
36.27817258630276
-52.02354733664417
3.297139085578337
-57.82852731115297
-4.956916873768847
35.11422191924274
-34.12910957048808
12.138397939014965
2.004368901161584
42.22769129571532
-12.922805880651623
-19.884419051261702
-11.823313058960451
-0.4645492007599046
-34.02922821255178
-13.516557558428659
-29.31410878809824
3.4999375126897974
-52.73917937538297
15.328244906775637
80.69981225295376
0.35302498354349154
0.714423216698421
-14.714715740967577
36.48702788034268
9.957471574430102
-50.18901143478456
49.639202603126165
-56.533211129979534
10.134437878608935
-35.69517578690879
29.39454908885152
-69.60111919664608
9.803047419987337
-29.454894985699738
40.511044505779665
42.37208861470967
6.33449285180663
-26.33327867103705
81.68722547405534
37.8721833054077
37.64135927552934
-20.093805349618677
-19.38433200295711
64.21768922653243
-21.326414186842598
49.04237250675871
50.10594880146547
74.97469465357841
-17.334633073369986
-67.2178090928567
20.29943512483814
-60.745025974069726
-62.90072881514378
32.799881908108745
-18.520606660130213
-3.4642621827523925
-10.069936261380192
-34.814069668751884
40.34999102689116
-23.754995574423063
58.35442298380926
-43.2003756297233
36.86360156962587
-18.18327022431278
50.06205867633574
-16.443371493836565
13.255203389812948
3.4344553535775475
26.789127137192537
-23.10079442660073
80.04874832079705
23.09606863403546
32.56501916032718
59.43415208787454
-0.35195511827993187
7.254818033980868
40.50204669656466
-57.69814925290257
4.1418996464855695
68.5953839547555
-79.44989165615117
-9.89482202663379
69.43569818970158
-69.00296910378616
-43.74978778162763
-11.359391381441128
-72.36492954533301
-38.21256717615888
37.223007558417294
-52.372944142246126
-23.268310460313984
-7.534304541181584
14.365715483570028
21.907708866222208
-62.79159262125729
-60.43129819578043
-75.68423215938128
20.07037491705185
-31.15856426708733
-61.9718486171189
17.7803074037014
2.858988550646913
-19.132101847394622
-24.371961894069685
-9.248211370864425
-18.717107936594488
-51.69874004711302
-8.714765594305561
24.04413880494394
7.50571108549974
57.655315323508205
11.81521804280618
-6.776047841164441
-65.75710822985234
-83.39442363153
-49.98916408843313
-41.31178329414826
-76.71358911721548
-18.07935021800506
49.26125417466173
36.461181476250204
11.19534506961746
-32.812357461102096
3.4527189200270527
-46.30077843515815
67.81552818960506
-51.77935546609383
-12.458742549750355
44.95112698749139
-46.56104410089633
-8.78931466463591
78.68360448437392
12.715216054226232
-0.33207408914049097
-4.189238548375997
-13.056505225551973
52.53230009485796
18.42634452106367
72.36430149886837
5.412413112566455
-26.40903384358448
-20.934294505747204
-52.015939014479024
-21.431905592044643
-3.053404703840201
39.18687215720678
1.9946793423906684
-71.67812174605729
-23.369090990549594
-43.85713278245869
44.67654106809701
-11.432767723633503
-40.34394205183686
10.903865629323121
7.238298769642043
38.38751174122925
-52.30563554013104
-80.5962850705749
-2.9798163203799106
-23.510746165543026
-47.16681076635386
-62.32106512455662
46.85356554706166
-61.50294375153388
-4.594109606581711
28.83496372927773
-24.795862194393862
3.019533706897775
4.553485890501975
-5.842183823499468
-5.2649572934172255
-46.766684241465164
-45.261449666309446
-25.56767463746695
-1.9717447987756174
-46.01062271976513
20.32622694780902
-48.36423840285804
35.795458561496304
84.98429400122885
-5.470468726429303
8.525574102956725
-2.0479887005311355
31.81626138997146
-16.306338817072614
-79.77061525681196
59.06162235833915
84.88793143538018
41.95278456374521
26.951722944309367
4.06606572062924
-15.164867189250558
72.38647958909979
-24.585896761688872
-82.37044113412608
-5.9544662630034395
-14.355146836995075
-1.0334087018614326
-19.360655630674145
-13.83097709638345
1.0821485011576328
72.52870326032487
-4.747941950651793
33.2881089538439
54.15174730404689
51.717959402290376
-71.38206069494504
-26.888876838253296
-6.85753084004773
-43.48640163994225
33.30373969735598
1.3049316107636173
-57.432652495397484
14.078992130265632
-15.787484258960973
82.96026243790195
-47.71870067265246
-10.511658748692923
-0.9425170042512718
10.579311241634414
-30.2516018697154
-64.29714637333552
-59.82483769921923
16.88259145211869
-22.41057000334925
18.412537833170973
-16.32885122138643
-11.8160857682023
25.66476482025645
37.22317369254449
-7.189750393614403
-9.318008437008643
74.14137285832678
-43.998862246581155
30.46466321134281
-19.33320636940924
-13.382781559868633
17.864266354154225
16.507382355946078
85.39815870220335
-41.750501351888346
-31.066731365535787
-15.954234893924095
7.917149145713154
-12.992399092886586
8.269156990681793
-39.43421100391948
-3.1291073812281667
-57.82779877120311
29.996643560584815
10.743480975893235
-1.9525070810052796
26.119353797864306
49.198131581104974
74.63751035181315
-23.8259106704715
38.12847852450858
41.97821136480357
33.33726190328895
87.66661209670741
-23.0492910415596
28.75961140199699
26.501815954722645
73.67730525312669
45.89908070418389
-1.4064067585286608
32.27028011628889
-12.418981167746495
16.896523376201444
35.48766774015698
-32.73371757218342
-62.88709939102198
9.737496559135735
-45.29674865778548
29.76874578864792
18.996255164810165
20.701544405155445
-5.4600114498274195
-38.25992230570913
-1.555348890527526
15.315098009722021
50.364833604454105
-18.971657539262054
70.54351273331508
-57.34967047513468
-29.540223114117353
-44.502394470891794
-4.641108021910682
75.69162072174333
-47.558818603449296
15.041696063244288
-47.49482704130494
-20.15995597233777
-5.648851999900188
-66.39908797609937
-58.4805198912763
70.12980021055472
-4.535453523415214
-43.87275066002267
-53.54656706920576
-11.401161778720649
-1.9749872767821444
-10.92280401775841
-72.37691724222165
-9.792933807612542
0.39977477470750955
45.12023009657716
-50.670481117147176
-17.257115253145628
-82.8399596943047
-9.2405995126296
-69.86387415025149
57.47450886865218
-44.02310049909147
76.80628396395826
-25.609609651848686
12.243717691005799
-64.39081341380722
-38.867666354814965
56.25112402151245
-30.860458538630425
22.418691790267474
-4.913351116896678
-55.148258691178775
10.445846757150605
76.38842155314998
68.33654398417269
-69.85925787639104
14.883271812406122
-55.72629305295244
38.18985380044168
39.682658385173
-2.138629166313592
-4.12030948605711
-43.995643217859744
11.361112368211337
-11.22616151310929
29.357974832844164
-35.23086570284441
-17.31597850623436
-43.05984936197059
-27.21569408375757
-0.17509745649670094
-13.791307142563852
6.283161123341813
-18.62858175699543
17.928119597943393
-38.37693347023175
3.9184985937324655
-80.12486783077074
-52.89027306371986
-14.070693777876627
69.00112550019432
-70.15604737124328
54.716975268815276
53.54586768764534
60.570601646112095
7.190569367831486
-70.9899433018364
51.03672233071762
-67.030092950126
-7.450546468491396
-17.084531368292488
-18.95332072523675
53.467158460874515
-7.148071735833113
-37.23887078056882
-53.7255112508863
-8.006446661966308
-24.807786228176724
-8.223430669043196
31.419840155617692
-3.091241423936154
58.07369477999444
-13.757383357919366
-56.962043261028064
53.696977265446606
19.336868060234593
-17.327289538427635
-0.4572643673907919
52.67475913113191
14.415179038593706
60.83615474035713
-0.1826920519773978
18.428991312384156
-24.066966429857132
-27.112251984275176
-24.04466234669148
3.9166946997532364
-21.448715926666978
70.9299680056697
-12.44849475223046
35.17973755788526
-11.67805588032546
-66.56066170166409
60.91223434805329
-56.96789272228195
39.33603942392702
-50.13502336423297
3.477006060530144
-17.622794382512822
-61.766976267779356
15.079220285983382
-11.778235550479138
-47.477260318517764
50.334219361664225
10.319601101485688
57.01737296125913
24.976868457291914
-40.94519924418062
-54.33049892036628
-43.587111793217495
-59.850160771510936
40.01961582849708
25.011909952038877
-22.39043047437049
-28.79243200724092
49.896559579751084
-10.955911744808688
-69.54438741540558
7.057090744228049
-65.32332204234771
-23.567482316321247
15.744001572679863
-39.80794969934491
8.090710320602255
20.356242253569633
-45.97919324835624
-56.56122780912195
10.791156491841207
0.27565854361316156
-14.128193968928358
-2.558483303022612
-3.5710710652563336
28.797581077539363
-29.652742464067998
-21.38550627838994
8.463032682636182
29.12241839732664
26.973635491656623
5.313664985415727
-69.55483016493304
-0.45526485834815844
43.18470933121759
-31.397382000934172
-18.777849364246052
11.249290535090111
-42.04664305501368
84.81199959248451
-5.011242018694929
-19.605176250215777
-34.61533075417443
3.3731167791763994
-23.799369227183917
-46.21745955523579
77.57823251354426
-28.70617563557508
-33.323066138037504
-9.560477356458776
71.93690155823924
-4.327080748244171
-38.83349819416008
54.03189510743235
-40.96569075532434
-12.755707561704867
-37.20308444345808
41.63957611914242
-1.5417418526399729
27.660995528201084
-0.7149620643340597
6.901229879340448
65.7136169421261
-32.59120574814837
70.26364833135818
48.14084738557801
10.939467709803623
-29.555675661460157
-16.996505034705933
30.284139826982653
-10.415058744481456
-53.15806304371487
-23.56163515388947
85.1613399182815
-21.86066350972075
33.00702750234862
-56.06280165439845
29.941406456744915
38.576853614764445
39.51456981119196
-14.684228328640117
59.16744688123126
-5.773728644541919
-7.931723289085724
-36.357811541603695
-7.250657803689407
-31.65122241359255
-17.85868974533642
-10.321073743264947
0.6490980406633753
46.429531018601125
-63.86232852071661
16.446790436603166
36.264685746294305
71.76590306245942
12.170085701900675
-60.94395463081716
64.60306929039015
33.71385744953341
-13.471705813637882
20.608439818695715
3.0599681340054303
2.5395785186633333
-46.04616722122807
-79.33478954663406
-69.87518259720315
-17.579856379983156
17.789419084490433
-15.492204083769053
-69.49217119158419
-0.9539893341755459
-44.01936824107507
-76.18678802268774
28.899404450998247
0.9188162999429039
-27.79409319037549
36.972014352089644
44.35181324907492
-59.39325091271118
27.69606968910651
-10.83840299359727
-32.398827047278374
-29.39138748212123
-41.535587090840636
-32.64722982707947
29.383279311304705
49.47174720036526
-69.90822165393246
-14.758946178142082
-1.3009218094999397
-2.6614009069833173
-15.837747328346822
-48.054352594146344
-59.931536765758835
51.053094135006006
37.439895002221704
-0.2942094249997922
17.184800226217305
23.59477960880895
13.010944468937694
73.52743111027925
21.53678763185647
-15.57684930031374
37.19268414988099
78.67676784913473
-57.10072388056589
9.941826462103677
-60.42319385439939
15.994020144002846
51.583786492014184
-4.891928831216234
-43.71646508772226
-18.48405508888274
52.808638675650116
-5.9881134855644405
-21.261059717984708
37.765768802483706
14.454137998941448
-66.92656344730686
-27.11598505405243
-6.896117735007337
28.575940395542247
29.52052241486129
-5.096597214525005
45.729981066427
33.712036365496886
-28.931037359962687
-0.0638289123988045
-27.72859177162097
-14.344613474569996
-1.986801277989926
-30.649424522656787
-15.98108159151954
-6.938888042703937
-70.22266701700083
56.028129756676236
0.767116545151481
26.05276098823063
18.02106554516176
-14.971242116657407
-1.1227215326595967
17.78309468832292
11.65341554336635
-25.289705846317915
31.387506202954057
15.954304206345682
-68.84804831865374
-48.44035333731628
-11.579553611232612
32.98849737660049
-25.231990498492195
49.69587152932175
36.85942153041657
59.15401975303541
48.615533288750726
69.86893616473708
-70.7742505937246
26.449545556559755
14.704728432503956
-16.549807852247497
-48.703155092539234
67.7303294618861
-6.015014431171707
17.007604433709005
-51.49630526769454
-9.855439327162244
5.3778524377280235
75.39024042938331
-61.14151280247976
-13.007927754791154
-21.885163144029548
-19.800256897067015
-58.83289296298679
16.167384422344796
-7.3404570740890875
-51.075837960380156
-48.20954667565374
62.5084106323537
53.53344718447508
-23.062407077028908
74.47551571741928
-61.08023044967359
47.97406050261452
81.5897345659182
-44.772514118750735
74.21613357226266
42.044016035397505
4.208909873891244
-19.456111082553832
-18.321379744280307
-62.57370335990042
56.35883118136627
-13.102989535002521
-42.638926958668996
12.272964417607653
4.7002954437050875
-4.018816835360326
-22.54409151222066
-36.8613887926568
-24.96938099837834
76.34924947047372
34.588819641197546
19.95192235821345
