28.01312878557816
-35.18617432837067
-56.50332681288401
-56.101200081984786
-40.71551506114736
-29.917428579919488
-43.670755624249736
17.711907064070473
-47.949630165306914
28.326608458613535
15.796616081850104
-29.16026544460894
-6.031630693515183
-14.970999585778713
43.550793967370055
26.567781291322618
26.807581816389586
-29.712013140560344
48.603816868266165
49.280579221076806
-30.795356036860213
74.57888273154313
51.05891671580258
-32.38095036626564
12.52934603396946
1.0623186888264797
-40.923866066446905
-29.13929513117607
58.31702491756815
-6.010636488976033
87.02389310139296
-8.33566808496522
-13.514144849797049
79.0540407559875
-29.35493177765524
36.39864149202751
3.1692403320059412
-69.26434032615256
-26.15322612841436
51.360653578386774
8.797543069576093
14.966666398858536
-35.074123308337725
-25.021049871464797
30.176870696148228
-83.55669956410686
76.03156025195591
-59.43529261921362
46.11600038175587
-14.665251722188628
-1.5540903956900252
4.405675435104229
64.80391615741914
2.4312605771262668
10.448652252888337
15.628989694999035
-20.46800590039763
-73.04250606909335
-1.2852055568206282
-1.1546498490523902
19.52975198612235
-31.58324780335127
36.70584272830274
-0.7054262057096281
-15.64656959034437
-14.511308295962493
-0.02399991588293915
40.00911382409308
-6.9902722073601495
-10.186027537197035
33.393719741599796
44.95866464735914
-50.317516137283384
-44.92818177263543
-20.333962371767555
28.961589662068306
74.61252474281665
-36.344851053373695
-55.64487731005656
-38.93847375454343
-14.815691419052499
3.5693238125482054
31.669431124555615
-14.681593817722884
77.45379160514486
9.278654103422895
37.83433613065054
64.8879576295281
-54.426190287744
30.522474672345624
-51.76736704310764
-26.959641748663216
82.81060583135502
38.41183355943738
-34.61333621910652
63.007806296573136
-63.372334786268276
-29.67486473542165
24.86782588550612
-16.42448294679653
-1.5364224815099305
87.19166858728582
-9.263740210754094
-64.41735974128937
23.921987761722775
-7.662734790518343
-63.62924134207782
68.0732311598228
-60.696238651604496
43.63802196453392
-1.1511767939452824
-19.380806654070483
8.503763974134586
-9.561453143363678
-71.91629200438189
31.19808586663592
24.417746572131506
-3.4628679784322713
0.2910827001006453
0.6406072095362134
-27.3218662568905
-49.16801759825685
-4.507608362618029
-30.429313642751893
-28.490943345435852
4.060072660526174
-51.89439380924247
-51.806095031457616
62.17683244808836
-54.24804883137644
10.37823840783804
9.951760137746987
-29.106622326558707
24.63571137858878
-17.043623841580725
-0.682625346808436
-25.7192229475979
-58.194797955419716
57.23953050063224
-48.7680744892276
-48.35363706384493
-19.303926303724396
-36.365863688700976
-46.120795883223096
-8.033814891370909
6.3440909745463046
-40.45590225528729
-27.420074071408905
-69.67300645884191
32.530728033319434
-81.72628696011955
-2.5073669009846355
-4.820799922348101
68.97392341595312
-3.6205617710935627
33.70910986100995
17.79693895606117
-29.90013580797134
-28.393387391327465
-48.17325589867432
-48.9906636282786
21.351719319357557
-34.60249698638467
-59.070869861201345
65.77548586385649
58.46970692104361
6.454952866144637
-62.50384784028579
-39.70961613161608
-27.94052974329061
76.39738022949436
-6.295709275999684
-0.3940387475557259
19.532322249440597
45.94592297135182
-10.723816348634841
5.280017313718261
78.70117657190269
-6.211251202582574
-12.81251290400887
-17.214954166257925
-58.70315095434282
27.800709294559795
43.933111294182225
88.706861250103
1.734437069130891
25.387911375192573
-28.545795768902423
-34.23388976430079
-41.734324073262805
-14.165313410694452
-83.87779536011014
35.753183754562144
44.20129080415967
-44.5083270982983
62.47515702561398
-45.896316669112956
-15.125287835930635
0.5019188980366351
70.54581768262727
60.05280574543852
-49.16700939952812
-54.5139458207913
15.539911712742423
-47.82467787229904
19.668111824787502
30.246365765910156
76.08728115720314
-41.590980207681504
-11.417721847817532
1.807800382262684
28.031184062933434
25.11666180878639
81.36100917057027
33.4134832822825
18.374341085189386
41.088735635040024
-29.17144978777648
77.32945715025892
4.621650036248596
13.962280722779326
27.08212048516512
64.21915168449618
31.068531597934538
-3.791391995527391
-38.04620476511311
-73.24715892186728
-36.443567156017416
5.961848598117044
-28.64597559547167
70.86708098851858
39.6958250371446
-20.53765334645027
-74.49339221458867
63.56305560101788
49.09223613444911
2.501568174812263
35.70646258138811
-76.25748155097885
-30.948812819433343
34.32775773968072
-39.27092459720079
6.9443307734581765
52.751663474201365
4.561920850480334
-64.56280166274047
14.683597868506226
72.73505448015155
67.73776167112075
22.359907487848687
61.82472172401725
18.760523897147465
9.896503684167598
-51.34318946211449
-0.6430768640129969
59.13590494014281
74.31810809347635
-12.989822804235104
-76.53069013636363
-48.818443253060245
80.23280175163757
50.59345043410357
-27.880208289627063
-41.11906454205996
-23.141851419647352
0.9326092157420476
57.782032422172364
-23.471796973040313
-58.68233708754079
-2.5803841684962663
-5.475241544448636
71.59429784099251
2.0807533977568227
20.524265937917335
-26.357223121278224
64.07842792940627
-9.663659421978409
-33.88458589548374
45.22596387836711
-80.67462279058567
4.19153946110815
-41.180771037293674
-10.654330450504716
61.93803771149945
27.74783825067142
-32.55371048437358
6.199876117909284
-1.0229276463970223
-2.977545831509758
-53.55420775489605
23.534815314662282
51.081642313208874
39.782956803773146
-62.95451003923724
-40.46008348834642
70.75483158780708
13.656643540645774
-25.23188737059418
44.094900806659666
5.571352795408231
52.51537811631141
75.83261126682339
-4.651368046481224
-67.33862300895898
33.038350821918755
26.52809370352152
-3.5142732503684755
81.2688165385301
-32.05019853910133
0.21261059036301333
-36.44065633999311
61.45354286552123
-34.05265680211196
43.07127897756979
82.07673737495978
-29.799317575530623
74.30945451526097
-35.50998745705617
24.552484836030175
22.303006808419696
-12.099664807360824
-72.11395764203573
-83.04446567349015
34.31653230352083
21.606245036686516
65.98113620052195
-37.6347127709436
-53.935261712819006
-70.2842502397809
76.53327002576049
61.95732550902002
-3.5597746889293234
80.97716942839443
80.73150417096278
1.4510609130007168
-7.986780427071082
2.305364003221115
-28.481859502962905
5.296994922746407
62.33304451996895
52.17293388317307
-58.05786953342348
-79.20306433694208
-19.887482873140897
0.5833734564227484
-51.78275218660832
-7.455354189935804
36.259398733583794
-52.037281714520354
3.3056593650949253
-57.84337345430622
-4.956426316346949
35.1021893954547
-34.132160115593514
12.131099318490072
2.01583329931033
42.195424074966525
-12.903326327393557
-19.85676276192946
-11.808567283059816
-0.4569943571817987
-34.03443923603627
-13.490042608610167
-29.303879026694858
3.501923861152946
-52.72759524547376
15.342857283740628
80.69254610726526
0.36344921181999723
0.719480003308206
-14.71376702551511
36.49809863960539
9.974816267900536
-50.199514811008605
49.64584560497059
-56.542893151986995
10.129175901129969
-35.69552706676039
29.371093712346905
-69.60718223276376
9.800880008486729
-29.451367756358565
40.513858986087854
42.35994226037465
6.33114340593653
-26.325663367085284
81.6727274980322
37.88542232474552
37.63221428933693
-20.09786384825854
-19.389443641870983
64.22073823820071
-21.303749565185697
49.02828547848392
50.08061333148643
74.97588375953322
-17.322306003441525
-67.23376124663245
20.284917942376936
-60.73404507145432
-62.90432258491443
32.77774932308961
-18.526161686345503
-3.4546672507527916
-10.067645846883025
-34.82277761680414
40.360065162031304
-23.758120995236325
58.35959389409456
-43.20977720076804
36.853003631298094
-18.187807104505495
50.04562836359182
-16.439308896048146
13.256424497522787
3.432049586110139
26.768230728261443
-23.09341389748198
80.03184448200199
23.09030543303365
32.56029851327443
59.42906867831999
-0.34153287747375316
7.252923798888446
40.50198823678264
-57.7080158999235
4.145524893971171
68.57121871970577
-79.45433404674502
-9.889376594385467
69.4367724172555
-68.99770095697251
-43.731086636720015
-11.333355963461514
-72.38129579698867
-38.195783641969335
37.23124587214542
-52.38040980511448
-23.27341298046005
-7.529667974456302
14.37592493360549
21.901644146038862
-62.80714058184281
-60.445642501722354
-75.69490435892581
20.053884154678883
-31.16433449644333
-61.98036214118783
17.77696351669998
2.8707780831473713
-19.116177251933166
-24.378865126077457
-9.235260891488053
-18.70178424743999
-51.70984250470081
-8.718247105811784
24.06002826201012
7.505181626717146
57.62422899040047
11.829211252723752
-6.7731873213422915
-65.77050541147455
-83.40597152185155
-49.987410889365016
-41.318692800282115
-76.72742131387902
-18.08476737217096
49.26710404464012
36.46834595459538
11.193906256235081
-32.81059075118482
3.4594467323101696
-46.31345775865644
67.79549842015854
-51.79233055672985
-12.462818443666094
44.9294432186031
-46.546967649591586
-8.786708219442886
78.67230084388063
12.70679995993784
-0.32247857349970843
-4.182220843793402
-13.060329934282862
52.53304138630824
18.42884871281457
72.34953665854144
5.416080118940371
-26.38193374055696
-20.913321791789713
-52.01220206739629
-21.42301704175823
-3.055335747110405
39.19663705007258
2.0055101170709975
-71.67856153876238
-23.33910144058612
-43.86209010890608
44.65245273999591
-11.423602080515707
-40.33273709524087
10.90053706981125
7.252351486384498
38.39351014070024
-52.286597833120055
-80.59959310163437
-2.98145824114755
-23.50316177197317
-47.171305387827275
-62.31679082998568
46.82543769739178
-61.51739400367391
-4.57965344644451
28.81175019429064
-24.801980508575255
3.0161351629791824
4.55007974380581
-5.843898156013722
-5.268127686447329
-46.77281880451163
-45.27145017110681
-25.561401241908882
-1.9629166756842977
-45.985812919369806
20.331785208949
-48.3728231528803
35.769845026188534
84.97417801399035
-5.452160888479625
8.520459127338256
-2.0429642299162367
31.818424420869405
-16.28529604919133
-79.770120185574
59.06779750749209
84.88499317629874
41.96466708338173
26.935114429898476
4.063195584163992
-15.155559778410336
72.38830185083415
-24.56396022023486
-82.37960697771072
-5.953705303946066
-14.336071930634986
-1.015102006030034
-19.359523528234874
-13.827524114850263
1.0800916926362163
72.5155236884112
-4.732827648980447
33.267327944752736
54.137270179497506
51.72497599149585
-71.38960894551312
-26.88191443092913
-6.849604419655179
-43.49841861115088
33.27826119533103
1.3024533793917215
-57.43654679446698
14.070580239158346
-15.780902000639202
82.95049284329232
-47.701371222631906
-10.501499627409103
-0.9382289233300156
10.581380078221429
-30.22464675342617
-64.31045807113938
-59.83079078836585
16.882337839694216
-22.38144722238212
18.430959479245473
-16.33352375399498
-11.82004527180024
25.675264058390596
37.21450478228277
-7.171526074092299
-9.304979673610973
74.13471713626882
-44.00997214258627
30.480018122098755
-19.33547224285421
-13.380174142642261
17.868991545545896
16.511546791995727
85.39203203402738
-41.75601625043612
-31.075509416409943
-15.933017947381742
7.917094139505608
-12.996455777349155
8.268502268442518
-39.41368280159959
-3.118906355361702
-57.823826668580125
29.999174232663762
10.752853675190366
-1.9385342466513151
26.12156131290216
49.20479379891498
74.61714015748561
-23.82383999158894
38.106410261584585
41.96020398255797
33.33962742383335
87.65911734424543
-23.049105384425914
28.764377233722882
26.51424618705927
73.6791367514069
45.89491658152923
-1.407581338752351
32.28303182494571
-12.418286017692552
16.8836833639283
35.46740222622472
-32.740453276716266
-62.89493104951218
9.733084766901712
-45.307669750076464
29.742748835989858
18.989244074612103
20.69800046069672
-5.437549088347396
-38.24875047740167
-1.5443553461670803
15.307452055247012
50.35873769985085
-18.97725237273974
70.54341310591516
-57.36259775132767
-29.5486403677167
-44.50617958161686
-4.6349158627401295
75.67471052864443
-47.54339568632225
15.054217144017557
-47.49222253622471
-20.13309165498582
-5.626444821117346
-66.41512234018626
-58.494546064971594
70.1070834696448
-4.51942786194266
-43.8481864871727
-53.556939980450004
-11.398764545633526
-1.9780495826952915
-10.913812972589753
-72.37242934447093
-9.772851772418036
0.40836574976871987
45.121284187240946
-50.6826591422359
-17.260842431016982
-82.85281440910506
-9.241902230742511
-69.88021036005149
57.44574062018992
-44.0200868900486
76.78896790941891
-25.611176749316385
12.23573988253655
-64.3861215042119
-38.85690769644508
56.2432451274517
-30.865643323220937
22.408567078725966
-4.899539248116298
-55.16031685283768
10.440088715380114
76.38088183099347
68.32612994842947
-69.85799433576894
14.899139134710992
-55.74053224835722
38.174162193368176
39.67288422817714
-2.127225620776173
-4.10630832745602
-44.0077883396002
11.35972163034532
-11.227710741830151
29.342676153063024
-35.22747410570198
-17.3177196614366
-43.071115151658084
-27.223354216225587
-0.1780079109519619
-13.776835866898097
6.288007048949808
-18.59876519481702
17.926506918216333
-38.35340386765215
3.9168810624071995
-80.12963415111523
-52.90186262172452
-14.045871008259553
69.00051245111268
-70.17186772171893
54.71269372607537
53.54978571794004
60.564240023910486
7.185954613128686
-70.9986312012081
51.03163818215927
-67.04582023145204
-7.439634783228456
-17.087825171573897
-18.929556835575937
53.45834656773931
-7.140283731625601
-37.24931380153899
-53.73394229350658
-8.010043261445958
-24.789977469569337
-8.22286868700256
31.430198399604677
-3.074404692534955
58.043640936111046
-13.731482193726478
-56.971677307758526
53.67814726508189
19.32101508419585
-17.33120422702146
-0.45359670698270804
52.65015167269246
14.42722907746814
60.83638829266593
-0.17143116189778596
18.414295571508518
-24.061024902841112
-27.118076035834008
-24.01677695447971
3.9139229816791214
-21.418440368599875
70.93100851454369
-12.452265199598685
35.15022930533027
-11.66146262512224
-66.56102547705659
60.91791067767477
-56.98147632705818
39.314477623495634
-50.11687830063904
3.477918434159477
-17.612185483765515
-61.781908259090265
15.078355058336768
-11.757572719939446
-47.4899473005355
50.34218041640253
10.326060047114595
57.0216436180977
24.97580368919141
-40.95021079104044
-54.33677485090963
-43.57149207496884
-59.85841746193353
39.98938351741711
25.000128343550884
-22.36593616656269
-28.784609727053947
49.87158488967103
-10.9573120887802
-69.5405447896643
7.057072972595108
-65.33904375586454
-23.546911488545177
15.735712462022803
-39.79424000694143
8.085567902841973
20.36073044164074
-45.98952256045669
-56.5623980746379
10.799147045978884
0.2765156952500831
-14.126625094302298
-2.560103268555352
-3.555027470682248
28.805761770341192
-29.656009019462743
-21.373994491191965
8.463058647809717
29.09973823820863
26.97456989582342
5.332762044058327
-69.57098962673301
-0.4473659789301223
43.18912928307037
-31.394479255050086
-18.76208832347696
11.244962651775865
-42.03079512570637
84.80416708138088
-5.004976626379232
-19.587668887726863
-34.58660405913835
3.372105006952097
-23.7709526227208
-46.224131659884016
77.55917589333421
-28.690756986307335
-33.31686516290506
-9.553892195079328
71.93279783931004
-4.3064306088514
-38.83663010297631
54.015361578632735
-40.96108774272503
-12.757108651026854
-37.19719007681023
41.6394535577906
-1.5448570198513067
27.671616999387126
-0.6973589051928712
6.896702906116573
65.71857318522814
-32.5926924156509
70.25302117037529
48.14932511011034
10.932636373681632
-29.534106692826896
-16.99409419995395
30.29322160219155
-10.40154474853756
-53.16627443071679
-23.55638070493643
85.1596631518394
-21.834255844163877
33.00719593869786
-56.0761748128609
29.934400003613703
38.54597225258294
39.51041307273968
-14.686001696823851
59.16042287362416
-5.768825999933853
-7.907437056062804
-36.35387636606465
-7.249871438835726
-31.624904952296873
-17.839439334183652
-10.317214875480502
0.6518121159214871
46.43278680091345
-63.87055211267541
16.449336440504013
36.265324794036104
71.76744842456222
12.163851233727058
-60.9581533219601
64.58966477732696
33.68729824354858
-13.463103554186986
20.605404655866337
3.06264676798574
2.541155436406669
-46.05292390337602
-79.34896703702458
-69.89151463858221
-17.56738616391486
17.775501678481547
-15.496854615236145
-69.49962908811798
-0.9426384525612406
-44.03130669017468
-76.2033977398409
28.88424645828806
0.9318568955972779
-27.798474384089488
36.96386864581018
44.328129556855885
-59.398705634139404
27.688768282520343
-10.835006701385609
-32.3754967900953
-29.39277395342104
-41.52924823723398
-32.626945584126545
29.398033324332644
49.48016317973875
-69.9241182625782
-14.746718152229661
-1.2904382114083148
-2.6431090079404953
-15.814200525583942
-48.031252881522825
-59.93315424070318
51.03373374625795
37.45010920336361
-0.2773975287551025
17.17181881128647
23.575307640904455
13.01465149196342
73.51362667801533
21.522004506093296
-15.568346451579785
37.173276334947445
78.67824103733656
-57.08784955656017
9.958787839274436
-60.43461982902913
15.982017461330656
51.5822407022728
-4.894641009923944
-43.702556505144535
-18.475433060311502
52.8098592580985
-5.989090120865711
-21.261968222899526
37.76382675809501
14.452715186381099
-66.93336164495676
-27.087219557923746
-6.87302250237822
28.558391859585498
29.499371322034378
-5.094868381974123
45.73791792610592
33.72280393282679
-28.93897124918948
-0.05259101465379956
-27.732320430246247
-14.349201853271921
-1.9703427611718354
-30.634190347314487
-15.980219616613525
-6.933789054129363
-70.23745992321147
56.033961943779076
0.7669098575935891
26.037149469850135
18.016358059246045
-14.966435307312182
-1.1243655943121666
17.78568750374687
11.645945410488935
-25.281803771164945
31.399624295817773
15.964194912824908
-68.85565323423874
-48.41926394672745
-11.582027684482654
33.00181597193583
-25.218337389732213
49.69766784321985
36.84451166989487
59.157608523908465
48.61890248115242
69.86494109017417
-70.7666035313558
26.459719944151146
14.694397444576623
-16.542080206150814
-48.6882406514192
67.71150633442804
-6.011598745395517
17.01884662311724
-51.50898747617828
-9.849648540513044
5.379702950053954
75.39036653236485
-61.13938329389812
-13.007041483119494
-21.883130330993595
-19.7882972639174
-58.84716306386286
16.15516226581464
-7.342603715787519
-51.06016442814297
-48.19981120455814
62.496998131066164
53.54143099560355
-23.042536007677995
74.47807027393586
-61.081937213018676
47.96035784151297
81.58469461327533
-44.77608680916137
74.21862937863105
42.05025061282271
4.224531418042815
-19.460624274780173
-18.317407462252007
-62.58007664399473
56.36363589152762
-13.088669238259328
-42.64335380032125
12.27038638107365
4.696585213993387
-4.0153682932885175
-22.529590175508773
-36.859286731781125
-24.97358644946854
76.3464775449861
34.57538515837439
19.95038040428807
