24.819108394051952
-31.329758903485356
-70.26752706603719
-71.1506743636532
-49.49930209731283
-25.367811511833978
-41.12460776065909
15.787228109465104
-53.41761473967224
25.30695023822028
14.346553739767103
-23.39772500518437
-4.232336537604937
-11.517340361614643
59.36962655400225
23.45520612543322
23.927886860154572
-28.393372271654542
46.51174818723376
50.008893267775846
-29.878049664587422
72.90857809953289
51.25756279353274
-29.36329298632684
11.474524077668235
1.3208392362256376
-39.54450760426558
-23.938360579996214
54.073335308951016
-4.211713833197919
90.09245085945892
-6.446722786772682
-10.402667873115504
80.08286195323461
-25.71451909755126
33.349828646922845
3.0616805752992633
-68.54685175610247
-22.063667841681394
47.104462860702625
8.273078966874053
13.509576462187795
-33.83651950691608
-19.903453306146048
28.891704827945446
-93.25370451408483
84.31157775611771
-60.02034736302428
44.70541243544565
-17.715224047053624
-0.6709878467751906
4.606509801490162
61.97709158026154
2.8778905425040477
19.69475882537813
24.637541312019522
-20.022680177230455
-75.19308569672677
-1.158577561741268
-1.809679743393744
17.489860516321414
-40.64079031762688
32.89606272429779
-1.0426509335991483
-12.605691674210973
-18.03416779593755
0.7697410236303597
41.97120503281175
-5.5003206370763
-7.643282107969554
30.029749752711453
45.86719532079937
-57.044908867006285
-41.2992415945472
-16.31904300940083
36.50297010431788
75.78556766883068
-31.648466560932334
-68.82917056057913
-33.806752910975916
-15.901367348268792
3.306877320743226
28.613754925325296
-11.474418565537036
76.26372273946433
16.071473961158887
34.92786275419195
73.0320434546816
-69.83433078963054
46.28796875684054
-56.472652503283676
-21.730981998821093
83.62374151474248
34.80028474868004
-31.19424449646506
58.57734365558545
-75.90316589767383
-32.40056647473858
23.43935072849513
-14.813388764281655
-0.62587218862501
90.45852693614358
-7.321366385672263
-69.16475324919199
22.01481990419326
-5.5772490715831395
-61.00186520562622
66.54160473693838
-58.45573526682468
41.89970743631932
-0.31622715612257934
-16.412480713562417
8.011370984888671
-7.8607632464406265
-75.81522918693328
27.673591606751472
22.42494837861892
-4.364898352910856
0.6814136748711093
1.2816871155455232
-21.861331250960404
-48.745867911376955
-4.973819562939298
-29.618287159049927
-26.91056471231427
3.6106932927874595
-46.53693234673348
-50.914338730386454
70.61698260317127
-58.07775569790972
9.327397927829068
9.247343081965383
-32.767286534948795
24.120958492480923
-15.359681977474082
-0.52702570755784
-34.93403592968975
-57.169921893158346
52.695684962630054
-51.186029258752555
-62.65664710666601
-15.213915957951116
-31.40089952749834
-42.49122102415598
-5.929904561569899
6.1867585641771115
-34.980993405020826
-24.470623795998478
-73.037397050068
28.938285977266005
-87.99952949309866
-1.9128022388404418
-3.3150422741907875
64.87766544178189
-2.20585614784396
30.01659156120536
16.104360091673655
-27.491056891876013
-28.175562335582086
-51.7934674440423
-57.385145917550375
25.72354560648938
-28.539155672367826
-66.96133828285718
61.73171889366458
58.0998689873301
5.445715697057395
-75.0174901831938
-34.78233766640087
-22.55540461274329
79.82337435631746
-4.534698122289257
0.17298819467777093
17.534950301847203
41.39706686949904
-12.930440002640893
4.667424918139304
78.85705185443075
-4.392655331710699
-15.453758608531743
-13.652843485333307
-57.70537086900481
24.65545180548537
50.42672314829781
89.0771891695359
1.5905641851690717
22.683076488340674
-24.492651871956525
-31.56009085348994
-44.579724250666914
-11.15836580603677
-92.05119829963381
34.65992403432068
40.309825075727105
-38.13891914775929
60.67058776967022
-49.97758765019278
-18.899262975857326
1.1069367431861536
75.19386268651587
55.99510585967866
-54.55347470482584
-54.5649751164509
14.625306604061308
-46.6899936474784
18.991129599516185
27.081299126516683
78.88686016665389
-35.73618616463772
-13.287078108048703
4.177341926837997
25.346667013847465
25.640285599639412
81.31966120264289
29.940264780841304
16.589528988702853
37.22233461979238
-23.23409073700192
78.23950765467126
14.839799339258022
17.132878389600265
23.992506541810286
72.69551468088753
35.62724830270699
-2.945830905521163
-32.55948913554823
-78.30544271984206
-45.562640381915664
5.239765405358497
-32.606277410798256
78.67589094134289
54.56551693386098
-16.37649815392912
-78.79236533980833
62.435835854213536
52.76696381824229
1.9782894508532394
40.56220137990911
-87.10131146985613
-26.001583622977066
30.498821139014268
-38.295279706696796
6.67218414001006
51.79230757115462
4.618645522364133
-64.87645573363574
13.301459298052706
69.5523313497151
67.55814548701949
20.592703590994617
63.64095728979211
16.657654732844932
9.067506619654779
-46.185564042387846
0.26432537795352573
55.02400765319797
76.14028478347254
-10.709554043826074
-79.10550815040001
-43.0566219111346
79.92682372327974
46.332482216504644
-34.19587293273997
-39.755353686194425
-18.37702185425806
2.508515079451101
64.19424522955148
-18.59253849885725
-61.92599277588101
-1.7381255704424632
-4.328218921188167
67.77979828971598
10.39353215816027
18.81781438079362
-27.83595041488634
59.731162447412544
-7.5116905127328835
-40.248737397802806
44.173406829537015
-88.45535845403127
3.788594850432645
-35.018039357181465
-8.042347967930652
61.565860072742
24.686770809876478
-36.78218732268776
5.744792969694046
-0.20927853262151075
-2.020010067468718
-49.23262281762324
23.41823336381573
46.64008641498961
35.71595433011032
-60.02926871477566
-34.57828040431058
79.6821513953291
16.350830044428392
-20.697145543284975
43.18334815157172
5.442710212491349
50.98748485493533
84.50672158889984
-4.3423153266368075
-66.32672563045061
29.759574513582322
25.1480527395279
-3.8104366390075484
79.90649885196063
-30.123692227647055
0.9736740212724726
-31.221931640950217
57.31320691235899
-31.47537955807391
39.40031694277624
81.7947351062071
-30.42261659502401
76.03533362332294
-36.31563703769434
21.763044270504523
26.566539652564344
-13.247533251203436
-74.18772152835113
-90.89383317200772
33.02667361113063
19.11596711288388
62.855022450750624
-44.030509400271825
-51.59872496963706
-70.22996196954014
80.95023426717717
66.78037240037514
-2.2865338755491393
80.90458078141529
79.74090290082
4.835381304435771
-5.849279047329716
5.427658453233349
-32.51751521023293
14.404277292054147
67.4603484268589
49.56340873528828
-72.6190867648705
-84.98832469564765
-23.428428762926828
0.6292695665569852
-52.18568937496918
-5.436763569514554
32.454930683294776
-57.22964781917898
2.6789926260926222
-64.66549881256145
-3.4268105587260607
31.609907287533616
-41.17044208185242
10.71354852709274
1.5012171708239208
37.80075925706723
-9.85980261781259
-15.423032120730355
-13.579019027711354
0.1649088505362073
-31.38290946731412
-10.384044171541419
-24.572048297776377
3.5255691961117748
-48.045118581354075
22.8518927766808
80.87194074105969
0.5230245851258672
1.2132390667222523
-16.829416531139472
46.11900528752838
18.883315018991823
-59.6088599847017
53.43715478805447
-56.77536133579278
9.395954683862286
-31.97819671116808
26.023994007060836
-71.88674470360583
8.977607292929179
-25.375652179933937
39.125341633142796
38.55265425606939
6.127545602715784
-22.028500707769723
79.79885051795063
55.26941859377047
34.17903835971086
-17.935553656628883
-17.736371430821436
67.8486602338132
-16.744243977210957
45.02598300347901
45.52696186435995
80.38259259507794
-13.666109272603492
-78.75802868496443
18.049283549945486
-57.27444792962444
-62.54697738092908
29.16564373773224
-18.157130258064683
-3.7813498626002087
-7.804332401091713
-37.61130779639617
49.37455389141374
-21.062284449918806
63.29954080231715
-42.10395048162041
33.34059988005157
-16.393122928979196
45.8900076318464
-19.800386380999967
12.22270114734171
3.72315052243934
23.709440482604293
-30.07278308459712
77.53975684124416
20.835811703956423
29.689750415845467
57.24022549853265
0.03220380615475449
6.635560296421858
38.22754488406329
-58.223363680025265
3.597877161259362
64.46491813082415
-85.35144205998864
-7.494523645918719
72.43041670707711
-68.45075072927561
-37.807842026053606
-8.753920462289727
-83.32240429779628
-32.486529758540144
39.898038596974914
-51.19085853868395
-21.194924930771066
-5.49353280802157
16.690377069554273
19.750128898927045
-69.68949274562516
-64.5292188775395
-82.22179307958908
17.667326467096302
-34.945954429473055
-62.86847657397116
16.137115997780597
4.674947048885343
-15.086124601896117
-23.301381769528177
-10.371316606746618
-14.749977265678268
-51.97626263914473
-7.579652275820436
37.59221693984671
6.6054878332467695
52.86788623799518
17.495589207192992
-7.958873675168846
-70.17099548579857
-94.59273748702377
-46.43358057324934
-49.10800621597206
-85.78777953136677
-17.757023837272925
51.478605125558545
37.557873282497184
10.227682439151295
-28.82685746779579
2.998725040632081
-48.88516091143247
64.01046549129822
-58.65076706306975
-12.121230242634454
40.608372083631934
-41.145489803078874
-6.659478847073842
77.26612586993747
11.477433165736613
-0.07100027814743726
-5.072738821466359
-11.54531743585774
51.42009016115546
17.235906965605253
69.57539246822239
4.6610067224415275
-20.950602639076664
-16.462833196980043
-48.336806913492715
-17.46256103941876
-1.9633125186659157
46.3398929599588
3.146311677835328
-73.17960942445794
-18.254213422517807
-55.10178222697606
40.27303588271499
-8.70675223505819
-35.110416459915534
9.995727571965645
11.731534899869416
38.62898360408278
-46.73272353467949
-86.72870108186764
-3.125628663102063
-30.773412958365256
-44.63244057410797
-60.206246388028866
42.28072196111799
-72.70920414864891
-3.3035001792393928
25.517367669243697
-23.03296535103503
3.2822754821405624
4.665705856990613
-6.058530128169963
-4.35745760315109
-58.84035358707657
-52.186339037793495
-21.441650721962773
-1.0421899028817165
-39.57066016322637
19.86352320514051
-58.84574187958869
31.866397677720443
84.65697213990018
-4.150655943226411
8.027421530670821
-0.9365526316904749
30.04134863242625
-12.590854148226398
-84.44906725546915
69.22120374547771
88.48545673124914
59.08432718771016
23.96937144218103
4.256930358749102
-11.904494272966716
77.71975769929472
-19.577607957056912
-91.6611141727865
-6.754043432538154
-11.015275555424338
-1.171205493255414
-16.27271676454282
-11.052467324447306
0.9603238300591812
70.0318810611679
-3.4514152935913245
29.640616710148095
50.19559747625692
57.85105971159362
-74.80272760081054
-22.602140925325173
-8.147667071267946
-45.75175999932868
29.56969880315185
1.8706881299650746
-56.01417472142649
12.782800223166177
-12.582338786195976
82.51202132067058
-42.01943635307725
-7.914770369838209
-0.030336516922858436
9.767414252158588
-24.351176251017975
-68.23913071795361
-59.41310759907608
15.477429278420715
-17.476943664605372
33.04920617817197
-16.320795158226105
-10.558472267922596
29.762373395825094
33.81212315165547
-5.401355808095644
-6.928629799014033
73.51183062122834
-44.0204347213245
47.144180348645676
-16.782251056171546
-10.718980443596053
17.19467190059592
15.742141829895488
86.86737985551022
-51.08892090445989
-30.668492528978675
-12.301248519371228
6.788364950870601
-12.77904280068391
7.102514592221368
-33.36844526376413
-1.9901361415437577
-54.90168950009022
28.34360029143012
12.155127063274747
-1.3748529745327716
24.49921661727936
52.838096160011304
71.22588815223108
-20.271780247404664
34.10297774253064
37.87274273663445
31.60842562077545
88.7686011377481
-19.80099368067539
27.851512553514127
34.419101886380474
79.71962015555161
42.94480236758923
-1.6548158841889915
43.921201129927624
-10.03434252209145
14.933807978461118
31.6823943238318
-36.4349713792891
-63.76647255636869
8.671376963995968
-51.1109876962131
26.30770865839834
17.121752319484102
18.770430973806583
-4.404309672932811
-33.048364064570364
-0.8705443042599228
13.878875236875473
47.2617006203848
-18.74537970435965
72.7139292343696
-59.55466618776902
-29.128726999456177
-41.63209393959569
-3.060282985323198
72.84139827739531
-42.04635434617292
19.830768234513272
-43.60065094487209
-15.66398201128149
-4.528320230919647
-75.37974341125837
-61.918981584695786
66.2004662436818
-3.3473157279078123
-37.42953912751602
-53.6518069091543
-13.21064623616509
-1.310657826559563
-13.188737472610697
-73.08170974517353
-7.422380861347776
0.7166592811857413
43.38144932824429
-51.6126595554198
-15.255864641478666
-94.59388649646358
-9.849703573607414
-81.71861141875256
52.76255667215554
-39.87938918640773
73.97899660477327
-29.84358494392177
11.045792857093957
-62.6808390206051
-33.689708140441894
53.2009108108262
-28.313403571774074
20.080784799698378
-3.5093383400745353
-65.86441739252759
9.38368203284044
75.79603387027007
65.93525607017628
-70.360740284997
23.957751296559522
-59.390875369503064
34.3516206304175
36.10246777233249
-1.321833288212872
-2.9298271287516826
-46.264894359434805
10.378564184554435
-11.98813790898788
26.179207983029954
-47.744447498968604
-19.0696786052319
-43.31008146147481
-26.320825413729807
0.0425041540404294
-10.59631686270275
5.893218368531308
-14.379005769648941
16.349516230499574
-32.115339115465105
4.101652056234585
-86.47281333225283
-53.58161496461821
-10.79399988345348
70.3439251097513
-78.8385143546092
52.252374567102464
54.66288827340978
58.19401905233531
6.902936646143445
-74.69067726297516
48.14274455458366
-79.315615749056
-5.400470086353025
-18.096359406467087
-14.727770970199515
50.10800653959569
-8.510711065820772
-37.73845368822414
-53.051358540446216
-7.276430255469364
-19.96450679427616
-6.302258267939891
36.6915552450815
-2.383887133907436
53.32201033506985
-10.561124408170713
-72.55766455365409
49.4102088838647
16.995473274202396
-18.057978615078426
0.3787800656615872
48.09933537200669
18.54642484278901
60.854038119736714
0.07825321575479904
16.226061739756034
-31.014282739036204
-25.001618950276068
-18.88849789696873
3.730401458305721
-16.654638539624926
74.41973042207567
-12.356264601603755
31.2429749066755
-12.775214300390317
-66.41024073000693
70.47931156656625
-66.4777813475796
35.24930542525513
-44.48906047545739
3.596300606676678
-13.988679462646786
-72.01641495179683
13.78470261869748
-8.965261005219133
-49.196252737428416
59.45666674326955
10.34073155558417
59.60055434559621
22.906417301058767
-50.24466832737445
-53.046893533703255
-37.93190789768529
-60.177418169191874
35.74258421120905
22.35256977225434
-17.59156092132534
-24.297163218008222
45.33210132481008
-11.732906565900905
-69.42522176894393
6.239582287678019
-72.7442121556662
-18.746958375787358
14.241851522596534
-34.32861130325325
7.668888556320923
19.528054908562765
-45.448495275896896
-54.380736244956516
11.440674833904382
-0.26203299518067524
-11.4796269454407
-2.706160185851587
-2.6602744838799453
30.181017586635846
-34.49542341388866
-28.485491411121302
7.701084588404683
25.793040365666116
25.07340491577854
14.111427167060583
-79.03424974729916
0.14863920620814497
42.83526093635578
-40.90445366978729
-14.787103687237646
10.327602135741074
-36.356453029434434
85.35671510295043
-3.364378766425361
-15.43845876806354
-28.224085902730252
3.6352043288822813
-18.663396842656482
-57.32906793213969
74.53858804913463
-23.62108895308191
-28.76478982076013
-11.477006924462756
71.94404221547117
-3.511971277145989
-35.64718066908452
49.90681180823671
-36.5134773659212
-13.78616533975952
-32.5838015429872
39.38130171497488
-0.9883050987597812
32.40220995996046
-0.898168231352841
6.623590435944934
78.4244605786794
-29.136446921834235
68.03109031506838
57.45813462830131
10.08264741760253
-24.015982214823083
-20.07930394122009
32.96710027378441
-11.858793919039272
-67.61904503938777
-19.687926007356808
90.1838255411694
-17.08858914834839
30.771284579976225
-58.50556644112296
27.04864814854652
34.385451176943604
36.49688489536797
-12.436230140931045
56.51108227270973
-3.9974530709714315
-6.214526305717726
-31.996015521816872
-5.423481644356158
-25.64853679981465
-13.908459979630521
-7.932164491764695
0.01808090292297493
45.77468075104329
-65.12990605968996
15.372843281409502
34.09820082863436
76.3120820211563
11.162340391491625
-64.94670003032766
61.35000187688152
29.930158038354264
-10.466824396868319
18.712906683733777
3.141672852624552
2.8328963785935315
-56.951328321436144
-90.1196082866436
-80.37588462222917
-22.563654121527165
15.683092225321985
-15.293786574484201
-72.20114474468332
-0.467709886202897
-47.26122223401169
-89.67632878883758
25.766555817213018
0.6312954636573807
-31.229400618270745
33.61040256134828
39.97111240437377
-58.75219275682779
24.956681450359
-12.718726103342334
-26.506650947895494
-35.2498224576496
-36.86589374949195
-26.93083504063725
43.94628606612662
60.039059115323454
-78.685810536286
-11.458092865915702
-0.6504049895098944
-2.212843769719683
-12.190431457640585
-41.824279299223925
-58.4573261979567
46.71403669966122
44.98110117652206
-0.5507292403825943
15.223221566345302
20.823691546933844
12.294975345360456
71.01377293566594
19.157888747855893
-12.29792177079841
33.29208390775611
86.92239964908515
-52.7777753032434
18.40576337068042
-76.14499925756866
13.940404859280562
49.55089127767823
-3.799765268878474
-38.23332856953993
-14.849195733852639
51.95475725937436
-6.419819751520421
-24.371929501901036
35.09139030139934
13.192497966997621
-68.58181958145468
-21.496716023469745
-5.427559108537011
25.414028863796077
26.19008333132244
-3.4886075714859572
50.90574101817273
40.875395891241084
-29.85667146459494
0.16215956892240513
-31.53951510508537
-13.89213371145776
-1.6053706872035605
-25.42579223965876
-13.228094862216352
-4.9775750842604225
-77.3874542975387
61.32959636519854
1.4743064931076049
23.185226299527756
16.31096696732334
-18.061951692172826
-0.20561040921946017
16.642817582169187
10.573966410945957
-33.702037278028925
40.88085535574288
18.140236097429906
-71.38935006985308
-42.41126277409972
-12.040028734736183
46.60825294832168
-20.57700334575577
48.69816316182576
33.12657584279182
61.577802558476236
48.32819455395784
69.54425098459575
-70.35906283605786
30.177615295623497
12.836333363076974
-13.190397680110607
-43.30510563258293
64.04379914616814
-4.225940514428572
20.677617032154785
-52.93715359851703
-7.44911359989527
4.755214638083942
79.36755238903828
-59.16035148725176
-10.542913377247842
-18.4820399162069
-15.833842028418857
-62.630201220008516
14.174233785337947
-5.867762160871337
-45.758452498428994
-43.37372924330765
59.37634878974484
67.44259051606144
-18.336162567090625
83.37727807764065
-59.86474961886463
43.98237582747694
82.97953744026205
-58.102729394955105
82.61864929320325
43.01304589342709
9.16940969296519
-17.519259341984323
-22.24142974658764
-62.90578827827137
59.51630773081723
-15.588592190575184
-53.569523464213525
11.20519762004838
4.775039523344631
-2.5343638844246215
-18.12701408621237
-49.55253911116302
-27.550165107080346
78.00424779056442
31.056386205182605
18.20684547829697
