15.563173445322938
7.84686366475474
12.595612050628791
16.740674453273396
16.43630296128824
7.396913826800994
7.836717064600884
10.117920994419269
16.863163328585433
7.682683913374675
17.36551532760572
7.490201143569862
13.64830311618153
15.895041822322664
7.6892492308620985
7.983825032574649
9.105743000180237
7.660306368790297
7.7266202667333
7.508488428332044
12.468534079221431
11.498343271400007
10.708698415482072
11.328458158115215
8.033724623883998
13.447694313844668
7.491290226165131
8.372030998309071
7.590289296768712
8.153234901974663
7.397109040201809
9.123681528072293
10.700713764447908
8.460683080647971
8.03328361613912
8.041853047555158
9.94675443611905
8.126026402261008
7.383847464372587
7.769410432221078
10.09613121496037
14.359102935844575
7.3971452005474925
10.857156885159764
15.272861010563936
7.9538708908931754
9.073592148239289
12.984899317989523
7.497054453323432
7.779899076473186
