28.004286669898903
-35.186253652652354
-56.50762638079254
-56.10497582077761
-40.7176341652155
-29.91437657473277
-43.673353065577984
17.70694795100033
-47.95486899085654
28.321371487678405
15.795334110496299
-29.148935949753124
-6.027706626552728
-14.961367389439161
43.555007043905704
26.558455709392817
26.80226548051762
-29.715495652659598
48.60348400475348
49.28236057967189
-30.799102630944077
74.57390321397472
51.060247370405534
-32.38274624281972
12.526743445253373
1.0656038185379657
-40.92792656152468
-29.132329357888835
58.30840961837032
-6.008722069296212
87.02115256593063
-8.325791532443588
-13.502735039699132
79.05125846462875
-29.355030775451908
36.396861443964525
3.1683124940812775
-69.26180269210178
-26.15107641427967
51.353043110977694
8.795666330006512
14.96301194292029
-35.07806087190805
-25.01107175255781
30.17866772427915
-83.56031124153024
76.0315623184876
-59.43952052432076
46.11676763439564
-14.662920528658503
-1.5505282487058452
4.409047584344478
64.79905831500659
2.430853755883689
10.456309055778647
15.635709436306058
-20.47064839278488
-73.04318992568142
-1.2861136303898348
-1.1521972470519728
19.525298102833403
-31.58205024666279
36.698638255989806
-0.702104204344792
-15.644720916039077
-14.506577920713667
-0.022701069946023722
40.01212575188126
-6.980288406952823
-10.18095190345744
33.389210626693085
44.96095501644592
-50.32280806529415
-44.92852582609152
-20.32898313544571
28.966425264435912
74.61065400618483
-36.342317147757534
-55.64916511535731
-38.93439902226191
-14.816561256333415
3.5719926785185123
31.666503826758856
-14.677375564319135
77.44892025863689
9.285534307537517
37.833138683109865
64.88920513839332
-54.42940934495514
30.528628348347553
-51.77331156595382
-26.950837356213682
82.80697859198358
38.407482592575036
-34.614452133566644
62.99670403764074
-63.378365926239205
-29.677582316641974
24.86928970472131
-16.42641712902936
-1.5370910762196672
87.18900686873914
-9.263791044632256
-64.4235650063575
23.92222839046822
-7.659927199479284
-63.62564942434055
68.07001155915921
-60.69532248638243
43.6386886576
-1.147979763680567
-19.380805193005912
8.501903578643294
-9.562263753137955
-71.92002813009545
31.188047394413616
24.417799572601965
-3.4604918363297514
0.29479256546518684
0.6421085192044558
-27.311348388668534
-49.17267201693277
-4.507703668774042
-30.433057170284513
-28.49416796675841
4.062530624175224
-51.8876501437645
-51.810059858907955
62.17839754097065
-54.254228907957206
10.376253553845743
9.949888996267205
-29.10859933117888
24.638246246413402
-17.04557221931198
-0.6835773941983376
-25.714772781308724
-58.19725364972987
57.22880358178338
-48.77382335181536
-48.355533785317625
-19.296756048067635
-36.362269532378754
-46.12098405093738
-8.02765977414711
6.342729288947595
-40.45041128869716
-27.421547696619044
-69.67708411766087
32.521741369957965
-81.72710216462808
-2.500367573284464
-4.820454641834729
68.96324049428671
-3.6191219697706742
33.7000230678471
17.79517471812659
-29.902693160912875
-28.39698050396467
-48.17891246048151
-48.9951163681265
21.35643967349094
-34.59261348584797
-59.07721656754239
65.76601112174674
58.46962425593506
6.456514877296129
-62.50974055467967
-39.706378011283824
-27.931309933976394
76.39635997673807
-6.290087125479005
-0.3951088915894303
19.528539459661204
45.93328657569876
-10.720745477517028
5.281184750346355
78.69769020384018
-6.206933578029378
-12.809924177868567
-17.210565877591222
-58.70549394419867
27.79238937911927
43.9364579806992
88.70188272367216
1.7386232471853873
25.383113720019836
-28.544430653017656
-34.23635263377396
-41.73924165585056
-14.162455477329985
-83.8795338182816
35.755034256631575
44.19609715798731
-44.498481364619785
62.47279575250016
-45.901582001150146
-15.120553249256943
0.5009993848295409
70.54597423954806
60.04484758405562
-49.17247177425198
-54.518509379033496
15.541506832904119
-47.82877621113809
19.67037364532007
30.24145110586437
76.08605445925744
-41.5837459904838
-11.416466694667989
1.813608733779617
28.02906903391643
25.119871478746163
81.35680716438944
33.40780098521154
18.37205422047917
41.0832051856768
-29.158499398944926
77.3268974595326
4.6309967834618675
13.967070149838122
27.07365919657586
64.22049126062788
31.072663072074334
-3.7925122223071384
-38.040473961300215
-73.25150031144668
-36.44414200230034
5.96308544268949
-28.64761711128267
70.86762849559281
39.70047072938564
-20.531566789297074
-74.49634771544072
63.56133765984873
49.094782575202146
2.506190800482969
35.71031395114406
-76.26409022843352
-30.94414884861331
34.316179947716705
-39.27523411300575
6.942747164879762
52.75199582780482
4.565070441347217
-64.56506224937345
14.680259374787155
72.72704683447526
67.73615158498063
22.360283941086323
61.825295447448696
18.754998242430943
9.89585624083179
-51.33741229639725
-0.6417266184630961
59.127881241529366
74.3166873890097
-12.990058405544318
-76.52949013994211
-48.81088873568789
80.22851783340468
50.585844788960856
-27.87970830663997
-41.12313991093656
-23.132992384539605
0.9379698105602472
57.78396066065412
-23.462144218368678
-58.688423738595034
-2.5747023083230403
-5.47624896446186
71.58425337225111
2.089891658829046
20.524385685396098
-26.359988669872607
64.06762927478434
-9.652689771915334
-33.886065533923194
45.227147455571526
-80.67803529822893
4.193675595233515
-41.17194015398805
-10.64725717468346
61.937357512171445
27.740969902635214
-32.556187412161236
6.19998012179569
-1.019797866103417
-2.971915722913934
-53.55061960592121
23.537655666265465
51.0724434614786
39.77456381229476
-62.95048905538593
-40.45265440680233
70.75546624194686
13.661236499306739
-25.22695935535701
44.09630805700044
5.57079259938682
52.51519473388774
75.83266816797558
-4.6524707788888975
-67.33676578519011
33.03439465196968
26.52971171376261
-3.5146067905140654
81.26287533892233
-32.053433477043626
0.2122049205774772
-36.43596391109808
61.44476569259905
-34.05525159399967
43.06727090136479
82.07212882938782
-29.802980419725515
74.30798114178378
-35.514392592710315
24.545078030266424
22.30763408790331
-12.099907036505186
-72.11511487211277
-83.04641903565978
34.318252820514004
21.59944321641818
65.97516618373103
-37.63724880323818
-53.936629944407
-70.28251113253054
76.5325534054154
61.958605746822144
-3.5555803824506853
80.97300570456221
80.72623541884266
1.4576443477205885
-7.981713463950513
2.31159214979553
-28.483400598580616
5.305678889709753
62.334321332152456
52.17123668150225
-58.06227903904653
-79.20507165090385
-19.886814839750485
0.5883221130922038
-51.78785037940051
-7.449929623177269
36.25182857503478
-52.043191906533636
3.309635777256716
-57.849727012325346
-4.956033132398844
35.09748642571043
-34.13327710061005
12.128437026570694
2.0210481268423592
42.18198270199596
-12.894934874932119
-19.84498998910881
-11.801748105859858
-0.453483900085601
-34.0369260984993
-13.478639737710438
-29.299756304794045
3.5031177883897726
-52.72309137625595
15.349125120814548
80.68870227854813
0.36819850499985307
0.7219417924831362
-14.71326270556034
36.502495559915786
9.982430477992907
-50.20386149639926
49.64835423425785
-56.54732488034464
10.127332155454027
-35.69599017596467
29.361577823946703
-69.61001304303849
9.800279098429755
-29.4501086676175
40.51515680622663
42.35508420278214
6.3300978562943016
-26.322612520214804
81.66581375981815
37.89068307130634
37.62868843496804
-20.099680755690656
-19.391689610905843
64.22151501450557
-21.294151430065526
49.02247670361069
50.0699966675148
74.9756142143028
-17.317074116640114
-67.24046147409743
20.27923562088563
-60.729774142778204
-62.906195053296074
32.76878083921079
-18.528554188095328
-3.450397935972262
-10.066579540539507
-34.826520188266024
40.36399124165473
-23.75960068667274
58.361313060594114
-43.21406690724773
36.84888080773041
-18.189795029233423
50.03880614566566
-16.437391720146863
13.257206116205396
3.4313572286358607
26.759821941805924
-23.08985959653485
80.02396075701796
23.08829652837518
32.55866652511247
59.42675775267895
-0.33679502987298804
7.252513773250797
40.50214885237182
-57.71251923286378
4.1471960176805425
68.56059643387394
-79.45631857830249
-9.886952111074123
69.43664084570165
-68.99577354481424
-43.72350673789831
-11.32211924616179
-72.38821077834581
-38.18897295738466
37.234612780803815
-52.38393682530333
-23.275714472310554
-7.527543585123496
14.380293318148844
21.89951205710578
-62.81381867402505
-60.45191239113497
-75.69954755702126
20.04735046695238
-31.166745871076728
-61.98428679601647
17.775940761912622
2.8759562706189996
-19.10943477196058
-24.381915399917403
-9.229349615419267
-18.695291968991256
-51.71485303730906
-8.719639942585161
24.066724016168635
7.50535445017691
57.61095631541778
11.835254845910015
-6.771867457888064
-65.77638042471688
-83.41082066064594
-49.98707633094391
-41.32149522775371
-76.73332641555395
-18.087095561006237
49.26935355540289
36.47134584484593
11.19361048837871
-32.81012422577891
3.4626618264792057
-46.318995497900026
67.78666516304583
-51.79784466983171
-12.464517297019071
44.920495663790774
-46.54138342257419
-8.785480951860677
78.66682849679137
12.703670814865262
-0.3182449320575529
-4.179094803935584
-13.061937175875812
52.53327004317114
18.43016656712163
72.34279898753954
5.418015195881736
-26.370520078571403
-20.904443834689843
-52.01103094132867
-21.419337367891018
-3.055952431174447
39.200484887636975
2.0102687168907636
-71.67900678582492
-23.326389597540256
-43.86394057687437
44.64248300858654
-11.419611027977155
-40.328333593206075
10.89947979227945
7.258492182845771
38.396054032481004
-52.27891170647002
-80.60107699928031
-2.982019071089425
-23.49950335752176
-47.17358963645214
-62.315355184795294
46.81369367351897
-61.52343664077615
-4.57326049354829
28.802340242673836
-24.80472409074042
3.0149939639341596
4.54897360851281
-5.844524152761593
-5.2693307170599155
-46.77517048610597
-45.27564329868281
-25.558911738475373
-1.9588872534142894
-45.9756307115128
20.33429567893417
-48.37629562470213
35.75935464795762
84.96901338482974
-5.444133687960928
8.518667509117208
-2.040565584748876
31.819577072836637
-16.276298839033643
-79.77001978608806
59.069771689016676
84.88280576841635
41.96926093549874
26.928540131310456
4.062314028397935
-15.151581990534751
72.38835242301383
-24.554735199794536
-82.38349745863896
-5.953286279989712
-14.327882376167409
-1.0070083815762558
-19.35912525013778
-13.826031984088786
1.0794225431474729
72.50945059459488
-4.72615554626779
33.258933614583555
54.131175362390735
51.7275283667006
-71.39303208878229
-26.879151542987827
-6.846047359862766
-43.503667449040584
33.26785206435164
1.301685246669308
-57.43857810449368
14.067458308076766
-15.778105658558431
82.94553462420802
-47.69440255743165
-10.497063525998044
-0.9361254366172602
10.582475512268417
-30.213360039411427
-64.31631110045817
-59.833668990618804
16.88255644688735
-22.369090766794116
18.43891744711908
-16.33550935398337
-11.821690708248653
25.67963698378624
37.21118326516441
-7.1635648096470845
-9.299287764949256
74.13132551719417
-44.01494472995756
30.486355576018013
-19.33651973087278
-13.379035932931131
17.87117512800984
16.51350693824756
85.38852153271282
-41.75816128602674
-31.079397481181473
-15.923938996373394
7.917471903444991
-12.998150615261252
8.268628435624947
-39.40528058971074
-3.1143096196312854
-57.82254551951845
30.00048547740687
10.756898538301769
-1.932304130186779
26.122765111805847
49.207322783999075
74.6079505714898
-23.823116078740384
38.09741090262216
41.952875660683986
33.340845515084
87.65497149006538
-23.049171471833716
28.766563108194404
26.519386243970715
73.67914557600835
45.893311377528335
-1.407929656535842
32.28820068076092
-12.417949242614213
16.878696165636015
35.45920561751038
-32.743294201395344
-62.89856727240872
9.731629633676803
-45.31230363079378
29.732135540066395
18.986719067055418
20.69690236469043
-5.427743290678109
-38.24434057558894
-1.539392476968004
15.304653632700948
50.35623988101676
-18.979662257861094
70.5427916246816
-57.3683309477627
-29.552361054030783
-44.50815594016355
-4.632066063840611
75.66696034089091
-47.53724123090468
15.059562615268803
-47.491521371598
-20.12166485471397
-5.616665611578156
-66.42194448373084
-58.50069896596994
70.09703309145544
-4.512361880513595
-43.83809440909228
-53.56165771228665
-11.397634158141841
-1.979148541919642
-10.909717488425287
-72.37078211883257
-9.764141589664746
0.41233296438909406
45.1218046498044
-50.688091189378774
-17.262475231162597
-82.85820798823909
-9.242382083083953
-69.8870743681709
57.4334689348475
-44.01919584075995
76.78101046218862
-25.611720135500363
12.23279298441635
-64.38449119515828
-38.852680473678
56.239862752323546
-30.86808256831867
22.404745068647117
-4.893427919372726
-55.16531605614508
10.438068634851192
76.37705488969632
68.32134694540187
-69.85774844369578
14.905983785259778
-55.74675008641529
38.167875259146086
39.66906536935301
-2.1220970601846574
-4.100101930553976
-44.01309558478257
11.35944661979947
-11.228306370964432
29.336646623955886
-35.2255637522904
-17.318401219105752
-43.0761361738329
-27.226749649106196
-0.1790340906556338
-13.770613203897526
6.290188030890889
-18.586039175135255
17.926185091059907
-38.3437021873184
3.9165384159330614
-80.13174008105875
-52.90706909272115
-14.035205760711804
68.99973606908026
-70.1786238551565
54.71083745927919
53.55121505501859
60.56137016838534
7.184374644322375
-71.0025316239041
51.02954219521317
-67.05239911229793
-7.434814843686837
-17.089197765703773
-18.9194407558209
53.4546466495641
-7.136785758126763
-37.25392485882261
-53.73786652664364
-8.01148001075299
-24.782530408778854
-8.22250892685308
31.434430143300347
-3.06696812525675
58.030800855838834
-13.720347585255439
-56.97549629684099
53.6702200757056
19.314749891971545
-17.332853246581678
-0.45175025705702865
52.63978613808922
14.432378206629522
60.83619105606405
-0.16633257971452053
18.408522235706286
-24.058128196404127
-27.120731805080965
-24.004983097013593
3.913011811588632
-21.405569853400635
70.9308160157691
-12.45383101136808
35.13806743926372
-11.6537563093665
-66.56150690645023
60.919660202947455
-56.98718222763167
39.305677614077496
-50.109569771498975
3.4786529622175237
-17.607696816135118
-61.78819121489854
15.078319057972479
-11.748650844464137
-47.49553774712229
50.34506652511462
10.32890734143129
57.02309872318935
24.975707064019446
-40.95213417426552
-54.33980732251408
-43.565229473993725
-59.86224980045409
39.97685292935327
24.99560516876234
-22.35557093579719
-28.781508666495412
49.86112740759137
-10.957842184038327
-69.53921355585621
7.057458780512107
-65.3457872446323
-23.53825521108179
15.732648060156933
-39.78876134633852
8.08377417092197
20.36282754732474
-45.99420269728377
-56.56329058340128
10.802618095288608
0.27702030777264497
-14.125945965808185
-2.560649394899926
-3.547937741182139
28.809227282470374
-29.65728484600419
-21.368509451659847
8.463319781115445
29.090556894881942
26.97526699420777
5.341290834743347
-69.57785932682512
-0.44370824088908023
43.190996349900786
-31.392872961340245
-18.75540931143088
11.243504392091182
-42.024422585267715
84.79996418658769
-5.002102644517791
-19.580255332834184
-34.574621055134465
3.372013050677168
-23.758925675028436
-46.226743894598755
77.55045364974407
-28.68440159678707
-33.31451889873097
-9.550909615224228
71.93052410597906
-4.297382529505526
-38.838293970698636
54.00840025033304
-40.9595010502108
-12.75764385888533
-37.19501935937166
41.63956941140208
-1.5459757989083158
27.676009828647864
-0.6895612964157749
6.8951378541216855
65.7198674431935
-32.593600227124966
70.24809075599322
48.15245719487524
10.930159647373628
-29.525124389000638
-16.992918599728796
30.297000382352763
-10.395343651583602
-53.16949024536129
-23.5542936338757
85.1579738665391
-21.823057553119455
33.00754553926075
-56.08208040584118
29.93184657209933
38.53318104962207
39.508925248547826
-14.686761835727651
59.15731742333301
-5.7665521358671015
-7.896890443764789
-36.35252984685315
-7.249396167127131
-31.613914455893962
-17.831242882452955
-10.315480100060881
0.6530872363188678
46.43414173839531
-63.87434214571292
16.450661965242816
36.26582589001734
71.7674184099335
12.16162194014565
-60.96436776225067
64.58373549948502
33.676420615703364
-13.459395066367648
20.604513583204024
3.064129690078687
2.5421589423270916
-46.05557854013938
-79.35496211271166
-69.89842286731914
-17.561528521883304
17.77005832483877
-15.49882736703222
-69.50304091580088
-0.9375132080659512
-44.036480417031186
-76.21034335087826
28.878279357134517
0.9377299409590165
-27.800281635078093
36.96076843952443
44.31833901407333
-59.40137884691032
27.686106983735556
-10.833437306443543
-32.36580163621613
-29.393188932972706
-41.52692847459729
-32.618562317980235
29.404124182500155
49.48322290727114
-69.93090262680815
-14.741478280293322
-1.2856892199364012
-2.635044031503682
-15.804117691811385
-48.02181524121372
-59.93421923903598
51.02564511787946
37.4541616609834
-0.2699320332352926
17.166774346720572
23.56750854911556
13.016413684387985
73.5072590956895
21.516212261363677
-15.564722045330655
37.16542467812181
78.67794497746078
-57.08278980170425
9.966223757427386
-60.439224121220064
15.977374397894664
51.58157657877271
-4.895633872586075
-43.69702621587754
-18.47181328505411
52.81027028025022
-5.989407616371295
-21.262253599686545
37.763268713417204
14.452451698166357
-66.9365309304704
-27.075101548262225
-6.862968881986731
28.55141024029004
29.490844909231242
-5.093944944988792
45.74096928078032
33.727145854123506
-28.94242179762452
-0.047500489153179615
-27.733829453345066
-14.351141119831311
-1.9630511203925067
-30.627944184147978
-15.979877004559114
-6.93145413210884
-70.24383482695873
56.03598207386048
0.7671155795743516
26.031002285974253
18.01477973228812
-14.964197145642217
-1.12481907677369
17.787037658079612
11.643209107621558
-25.277958678877184
31.404547145608745
15.9684191083293
-68.85913428277355
-48.41068935996222
-11.583025605935077
33.007211554763614
-25.212681722753757
49.69838128557956
36.83857364479812
59.1587484554814
48.62025132531423
69.86277411400567
-70.76364160131631
26.463956936712947
14.690459991506827
-16.538807237945264
-48.68230813581118
67.70318914112539
-6.0099684437841745
17.0236212821097
-51.514616641430536
-9.847074978307504
5.380662165922999
75.38968080504193
-61.13886278303785
-13.006633830643779
-21.88239073424026
-19.78327025456248
-58.853406072289125
16.150429678345503
-7.343394270018592
-51.05391435879978
-48.19608539576842
62.491967469384946
53.54418347610766
-23.034171306885682
74.47829240933211
-61.0830324267063
47.95473455877968
81.58174566135617
-44.777274497710174
74.21884414906404
42.05281322391238
4.231446452120892
-19.462622083173954
-18.315509106145782
-62.58311085160553
56.36530163178088
-13.082025333399557
-42.64497699424044
12.269642605476406
4.695346506055671
-4.013684154967436
-22.523522865434202
-36.85795386028157
-24.975337836706416
76.34461214364109
34.57009785706046
19.95009277119057
