27.864110075584648
-35.2070177463481
-56.55545500699978
-56.14059473525697
-40.73368890291584
-29.875377154487055
-43.73973340816322
17.637780017501598
-48.03943616427432
28.250486730876446
15.792067292533048
-28.95407188301661
-5.947140945475155
-14.781946879527595
43.58947739329534
26.407613001605
26.72990276296447
-29.786726114029747
48.599865385581296
49.30104465768042
-30.874071537866584
74.4605631393494
51.07246457726063
-32.43075949658933
12.500166522674974
1.1403475520328499
-41.014922538914384
-29.0200313328929
58.15656969546043
-5.966149343842218
86.91950894991291
-8.13428461248246
-13.287483976576425
78.96388431422156
-29.372028044178023
36.38275519007635
3.163822172910102
-69.23326990778283
-26.12512631733125
51.226944874864046
8.78013513074373
14.917852735630134
-35.159623443251384
-24.837204293781852
30.217439590090464
-83.61319534484872
75.97738149660142
-59.52925193163611
46.13028391593221
-14.608656234085956
-1.4725413437418808
4.470141916347416
64.7035651345509
2.437918956246463
10.59919650241406
15.751169693449057
-20.519797511457327
-73.06526868150638
-1.294040882378951
-1.1048999259276968
19.467410656626825
-31.53333291540997
36.58983296416787
-0.6390796631528559
-15.613716328246184
-14.399319876484284
0.014122386446913993
40.05140787309725
-6.785460987494588
-10.083020742722894
33.33048500283772
44.98990984710798
-50.40508036400506
-44.95821494367182
-20.24450847027599
29.03142517618801
74.54404549723506
-36.317690348729535
-55.697829319564406
-38.88363000998709
-14.828100775769954
3.621594456881695
31.6357577064378
-14.600840591456617
77.33236309328399
9.411914303096495
37.827215940268445
64.86523027425605
-54.4538599827259
30.61535613822022
-51.874665450718744
-26.80151636939398
82.70032651524127
38.34925534538752
-34.65256623635859
62.79358691738727
-63.461993644588404
-29.720294663846033
24.90563297368938
-16.4637438827813
-1.5387174497538894
87.08811591319369
-9.261400444084785
-64.53484029445468
23.942744127282253
-7.60224088648458
-63.58363947798332
67.9955284282297
-60.701702678606985
43.65387959202761
-1.0765192624422895
-19.38734268742064
8.486521845961164
-9.574125779901806
-71.99221650806226
31.025189994885665
24.435638717286494
-3.4136058688320503
0.3769567186122913
0.683272728664079
-27.12986575317443
-49.27004186029989
-4.504471326717081
-30.50740863289596
-28.561124258901813
4.123449184859211
-51.79297361336434
-51.89802512159782
62.16108274777085
-54.36408183930177
10.35837384199661
9.934930310837998
-29.134626920452945
24.686125881503457
-17.083689921223012
-0.6916217559094093
-25.597930828958937
-58.26064766694055
57.03959670360345
-48.879035369387616
-48.35661390959095
-19.169603447752976
-36.318521316242936
-46.148308414160745
-7.9068058357663915
6.335123072815378
-40.374756221989614
-27.460634306119232
-69.7568572245755
32.379767768178425
-81.73805321829681
-2.3584112958466363
-4.80618802116048
68.7594688339523
-3.583042892397657
33.556123720080535
17.784635282656836
-29.961183290644357
-28.465570255464073
-48.27760319920038
-49.05686844177207
21.428107363486532
-34.43077165767535
-59.17798035862267
65.5888281665066
58.45469676186204
6.50156033877208
-62.590675688436676
-39.67117721714814
-27.77520029420444
76.33629977793444
-6.177561142338689
-0.40360644115106936
19.483212370789417
45.717440938881964
-10.65464035573845
5.308131900152787
78.60062045259568
-6.11909079703581
-12.751985746464044
-17.133703675252633
-58.76688090716781
27.662513983363723
43.96623858759574
88.56344208463693
1.8305026379713922
25.32024234260885
-28.534810068028747
-34.296295978451234
-41.82503073247192
-14.110980182172867
-83.90191872521522
35.79105273014878
44.11924915910657
-44.34455952270676
62.42038443150611
-45.990669447073564
-15.012368322306742
0.4964853497213255
70.5081835068278
59.902615054831216
-49.26177866522793
-54.61454225765249
15.578283960439336
-47.918487636213946
19.715669820418412
30.176251404284926
76.02444552126033
-41.47670909075535
-11.387002213691403
1.924911856609782
28.012859090601722
25.17354200524649
81.2439562468087
33.327993832632075
18.352916215921724
41.00264023314142
-28.932698826635843
77.24585342439826
4.822583428877294
14.046152689174619
26.940659706659602
64.19779175012545
31.12777382526852
-3.8050189357345943
-37.95886000006394
-73.33101256090177
-36.42983514573027
6.0022093156320295
-28.666462676754293
70.82804607967915
39.74746407203307
-20.42641964251041
-74.5533071200587
63.516519295387184
49.11551758907706
2.6064702934869928
35.757347785238295
-76.36686172704633
-30.876461452291863
34.123412878793545
-39.36432350177441
6.9312287168508675
52.75120302305854
4.6223292508508536
-64.62156801406121
14.64109686335965
72.56534998058092
67.68564003861573
22.382696721364866
61.810613035993384
18.67518006378927
9.899847472870263
-51.26026499142386
-0.6044851333587644
58.98564555022875
74.25633553038236
-12.994728523867863
-76.51472115524952
-48.70095721547586
80.11640870800144
50.46057668770115
-27.851385499678088
-41.210428009282815
-22.978237312634263
1.0405450024935305
57.780831319022695
-23.292647972963422
-58.80080458301387
-2.4576335904093582
-5.48801991465443
71.38807741589326
2.279870819305131
20.543084033290597
-26.40697331234125
63.868684135545124
-9.441643589689662
-33.89557568630126
45.24647631575991
-80.7328217342367
4.248735485114452
-41.03502945273152
-10.511774203564443
61.909185046347545
27.639391339590645
-32.590233656987806
6.218692056572749
-0.9494942066114902
-2.8561473446016095
-53.512690108225485
23.58858410017551
50.91769196881043
39.64242316991195
-62.90135004597785
-40.341318737126585
70.7148717803131
13.737262247059874
-25.148773715551428
44.11939615083642
5.577266465784589
52.50836014267446
75.77871625323999
-4.666174140143127
-67.32201902722893
32.985505669222164
26.567607294215748
-3.5149686545850756
81.12203669230823
-32.12355623156391
0.21726952791078702
-36.37225481241861
61.28605861747411
-34.11715312247477
43.0117626130658
81.95158314562275
-29.87024771998111
74.24700413540708
-35.59643059060891
24.431817641468257
22.37713005223874
-12.099671787513756
-72.14619807900748
-83.07385931961647
34.35394639701926
21.496165844471918
65.85924147668058
-37.66686016594946
-53.98377446796978
-70.26673727114456
76.47497308774476
61.946069885209226
-3.467451542369176
80.86144282982985
80.59744566208767
1.5868045146517034
-7.881518402249881
2.431627570827928
-28.50013719547931
5.479910492914627
62.32057046081553
52.143545532972695
-58.11078679491993
-79.23997236840336
-19.863131082726653
0.6937969530258101
-51.890914266805964
-7.342364508124618
36.13635158049499
-52.14231474458725
3.3982410376931256
-57.95357652500316
-4.94100411056769
35.03470022711849
-34.13420134911722
12.098174226849466
2.132119112536472
41.95197862969502
-12.736835126441534
-19.630465630244572
-11.648596506310923
-0.3755901232104293
-34.097124481368006
-13.263493920351323
-29.240550259938885
3.5405558675123245
-52.66889266158033
15.455183734148804
80.58260148636577
0.46982704551234633
0.7810967498326704
-14.696963273023556
36.55131496190069
10.124899057245173
-50.26127573100277
49.667754297134195
-56.64105335778352
10.11290280652615
-35.72366889186198
29.20851186424862
-69.67088881209864
9.804899255508175
-29.443147317816383
40.5410518952566
42.28548079058751
6.328196717854979
-26.28032770401275
81.50785105371338
37.95092210174701
37.58509062656583
-20.13840073939467
-19.436514038508577
64.202409695032
-21.123088932824885
48.930647577624825
49.88976855460646
74.92461669013414
-17.22439375482236
-67.33988808401074
20.197699928115327
-60.67751901588729
-62.95768514150538
32.62716987906893
-18.572222557718305
-3.366278679937963
-10.044236552007476
-34.8889808429592
40.401954536070974
-23.795834317896237
58.358354140974825
-43.30509327379808
36.79545708857779
-18.22957595356843
49.92809888260638
-16.390231759451936
13.282807821821478
3.4339335347852398
26.627715013303472
-22.99815761851896
79.85214460616362
23.074315738783852
32.548863750178384
59.37977382378298
-0.23582381517239526
7.262241393433001
40.51385807377122
-57.80685747287567
4.181167889332869
68.35852898437852
-79.49044265854954
-9.838922647683432
69.39972235727134
-68.97814745059642
-43.61124683775814
-11.107729313886239
-72.49489857604428
-38.08754066212064
37.278653051010366
-52.46540861336395
-23.324904429301128
-7.482619528245138
14.45220488499055
21.883446378112552
-62.92530934357201
-60.56512857578958
-75.7801747787583
19.947698215922145
-31.200733026262142
-62.06822600903385
17.77723333267899
2.9726116926867405
-18.99019405634155
-24.442068992565865
-9.101765080028343
-18.580317250940396
-51.81687353098955
-8.741271701582448
24.172204765910777
7.525473493241208
57.37358998106373
11.940456948890457
-6.743321014526018
-65.88355408466259
-83.4822445429702
-50.00598597772388
-41.3528766198101
-76.82897439920248
-18.129324676460243
49.290047606504345
36.515428933772824
11.203390088331787
-32.819793772572254
3.537295843912503
-46.41877915419532
67.61805258582436
-51.88421924655964
-12.493178124278757
44.77522518701224
-46.466823421653494
-8.75877405981845
78.538329609946
12.666474264678882
-0.2377915514457527
-4.11745053871411
-13.090964355837585
52.53156989959976
18.464339684290934
72.20375079521355
5.46972198200541
-26.17084963323613
-20.746667451338908
-52.015563034050814
-21.360416856101125
-3.0580572613457946
39.24077797791165
2.09916002585706
-71.69880094350222
-23.098156148549933
-43.869728774589724
44.478243249910804
-11.343674436133554
-40.27242814516978
10.89785003676748
7.370830388111244
38.435507219716925
-52.1670275947885
-80.62510476114042
-2.985799950175206
-23.40479767212895
-47.23573169914371
-62.31186473535338
46.614473943050456
-61.610110290278946
-4.444452984345588
28.651155900387195
-24.861800412703616
3.0085356889108112
4.544729221748284
-5.850907574542944
-5.284676895533877
-46.78895397004839
-45.33588177156772
-25.526195040944316
-1.8724506323154912
-45.81611979246056
20.382260248381712
-48.41465023367726
35.588110361486684
84.83432316448162
-5.2851124061338055
8.504425801800721
-1.9849008383868778
31.85012998733879
-16.110630833038144
-79.76889113276543
59.058037273114934
84.79246441469238
42.0120922418443
26.832456762956838
4.061878837419798
-15.080128533122974
72.3453129954033
-24.394681983458668
-82.4427006059598
-5.941326399114558
-14.175336216951138
-0.8436028568357017
-19.35850038154969
-13.799726142435617
1.0769633273424404
72.38142814847046
-4.59219534412739
33.128387125577774
54.0289674604069
51.73969920591884
-71.46109211990796
-26.842679162186215
-6.773463737553527
-43.59835002763569
33.09809094105978
1.3008946617714372
-57.49550534438414
14.032053352459172
-15.729564625269191
82.81782213559566
-47.5949284625981
-10.41164354580134
-0.8850155941273385
10.61094040936284
-30.020489042790487
-64.42426414537505
-59.90293909201261
16.90190163005383
-22.146494230825198
18.57938120429006
-16.370142616248202
-11.850246689379148
25.7428614952389
37.17128581176689
-7.007416139695252
-9.18864077680125
74.04383125061727
-44.113970940569274
30.576998863629882
-19.361547694618665
-13.358832981103546
17.915387257616416
16.554895526647172
85.27889265709226
-41.773513477010766
-31.155084937506658
-15.756279610420236
7.941207345173964
-13.026761516904983
8.287842495023597
-39.27516253334998
-3.018176005363557
-57.823972177757845
30.03375303044264
10.825945806185189
-1.8044222677663129
26.155783202052746
49.22783147819436
74.4222798883911
-23.820829670636627
37.95445075907932
41.839340508239644
33.37139886187987
87.531569819629
-23.060288903736122
28.809939866071645
26.591870215151275
73.63243651343035
45.87424362782312
-1.4073373437912267
32.35397721597326
-12.41157193210195
16.807450896973762
35.33213540340273
-32.785749330521924
-62.97762609647883
9.722905648762648
-45.38396525419005
29.557130631519158
18.963637992866964
20.69747323926812
-5.23496805230819
-38.187040611549286
-1.4350558447227968
15.275765404823403
50.31842511983456
-19.023439462548126
70.49897932982799
-57.4779378689373
-29.62445841948346
-44.56483593869749
-4.570403791047994
75.50491707971645
-47.45259876056183
15.147568626636016
-47.50388982759418
-19.914127188835906
-5.424547713316244
-66.53070709727841
-58.61348465622064
69.9030497614589
-4.3707484513918615
-43.67923163279776
-53.65989697740439
-11.370666254545483
-1.9897121686716446
-10.82131781689202
-72.35408807015877
-9.596404759885218
0.4993832368034248
45.13351406176312
-50.79449227957628
-17.29565628432951
-82.93796640833276
-9.246963450565417
-69.98946060902577
57.21519617250567
-44.02742579226944
76.61347513142573
-25.609011598585056
12.198574625563225
-64.37619572955735
-38.799092408318494
56.180639510083296
-30.925426832129574
22.35933422095846
-4.770252665205845
-55.232567392485045
10.419577492569559
76.27892448714215
68.22158818990602
-69.86801475525165
15.025031052183508
-55.858615647081415
38.07532990365141
39.61922910761311
-2.0150949352806293
-3.9744057026949946
-44.10901844923773
11.369608232322989
-11.235076881634953
29.251047161617308
-35.1553053815702
-17.325035648223334
-43.17467172573852
-27.293781353257472
-0.18764945415040302
-13.654968994017608
6.332056164986383
-18.35162729311817
17.938086349992616
-38.18849649775204
3.9259651411096996
-80.16672384039536
-53.01142143818301
-13.834866943598229
68.9573371339142
-70.28860106978365
54.67741519980359
53.559661115708366
60.504149205562385
7.173331948894315
-71.07823846799197
50.997200310782546
-67.14761385586552
-7.338728011742205
-17.110385568225297
-18.735561137862845
53.39381011099354
-7.065156034281017
-37.34160724856579
-53.825017599647246
-8.033315001733996
-24.656487054371496
-8.211438059309856
31.489759998666102
-2.9171818293813914
57.80117348087015
-13.510631672739109
-57.011043961189614
53.53605005549696
19.219657868770042
-17.359830935926297
-0.4050409190254669
52.46199084179841
14.517378486748882
60.81578644787612
-0.05850005330478325
18.322652237373973
-23.980322826100917
-27.17855679586947
-23.79519410494312
3.909319804939628
-21.17189613533796
70.89004596722256
-12.479713441910121
34.93379725368143
-11.478755872508117
-66.58727948436251
60.90393648771001
-57.07094066989897
39.16607801126773
-50.00439879133638
3.5076186875034097
-17.5293921743408
-61.881851648173836
15.093505080456808
-11.579073546851205
-47.60019882013
50.35730239071461
10.380381864727553
57.024177439024015
24.991352922781573
-40.96332767285793
-54.413438748765735
-43.47711739015846
-59.94601266670503
39.76521174233875
24.93773899886621
-22.171127638155696
-28.740601398137045
49.68405223690101
-10.963370567222611
-69.53130435073439
7.081373015585839
-65.45773783757386
-23.387836892854935
15.699127398814937
-39.71292907169688
8.069401206490681
20.406389152193412
-46.09114323301787
-56.601927441550934
10.8628502425113
0.2918824492377041
-14.114999624922376
-2.563927846926589
-3.405069987522566
28.862736464551062
-29.66683437206872
-21.233210115205566
8.47936938747658
28.944061455824
27.001626185692842
5.511667966128883
-69.68713960322968
-0.36304688432971943
43.21956308514467
-31.334997690739115
-18.636957711749943
11.23578858818803
-41.93350636041235
84.68087202301473
-4.940359701804866
-19.448809281310233
-34.373034794902374
3.385672571182198
-23.544367534596205
-46.24737083567435
77.36817128495983
-28.58308951064616
-33.29110316186133
-9.48775480420295
71.86334767501643
-4.118075501791296
-38.88781912411948
53.891109531476076
-40.9543506677566
-12.763012207923893
-37.17744569056779
41.64963645346583
-1.5566966772803852
27.737351674630304
-0.5315393853278891
6.88386440966039
65.68684414787606
-32.626892489049595
70.14279633447683
48.1701996288289
10.904899457337066
-29.375238953428436
-16.960993838987847
30.350992247927252
-10.259251822773095
-53.195475276476216
-23.527008175351455
85.07289683795764
-21.622007297856968
33.027061155660846
-56.19327196635087
29.90791042878935
38.31658095363662
39.49732616632653
-14.702495113027908
59.09847025428252
-5.716941205999092
-7.692191760016996
-36.34907260978458
-7.235170937416044
-31.428174847262085
-17.682771866187153
-10.28088717141037
0.6802517938723582
46.453655115799904
-63.955017924428624
16.484413041470006
36.28543581490712
71.72567853390777
12.141511810617786
-61.077172420634966
64.4705833787358
33.497454878836635
-13.391110923859301
20.60828796965238
3.106647849765679
2.575486092812028
-46.07742739162578
-79.44774753237846
-70.00543951231799
-17.423060912258805
17.69032065897609
-15.533371782121648
-69.57301429291924
-0.8296891971748721
-44.12631450999479
-76.31180841063193
28.79385210025687
1.060596128384958
-27.823700701117957
36.92473896647576
44.15766461834477
-59.467658654263026
27.6608493811475
-10.79805567486683
-32.205368342469896
-29.38365749170991
-41.50907908123736
-32.48309810188459
29.490828651377598
49.49668096573282
-70.04098748976232
-14.645661121149743
-1.1851811445912546
-2.4731122978042492
-15.617070124475774
-47.87690701907613
-59.97430909673132
50.891225958527485
37.49863873275902
-0.11792080562314311
17.094898568091082
23.44551833206053
13.054404171754712
73.37260240330889
21.433321743084477
-15.500395999699037
37.04439883702332
78.61644667810737
-57.0179264831529
10.104545095478201
-60.4894679945573
15.910754659515732
51.569583074578446
-4.906611616582012
-43.62235548309518
-18.410810579983732
52.81030586277811
-5.990470927638498
-21.257831042615052
37.766990688514994
14.464150669011445
-67.00529562807134
-26.862795311629156
-6.666707466513117
28.44777695914135
29.357421171850078
-5.069089408706503
45.7678068231653
33.77997997746536
-29.004499209037945
0.060254488474100754
-27.75057385421556
-14.385149347539894
-1.8152279563139615
-30.53059121695641
-15.976958852437534
-6.8819197028870605
-70.35199272253206
56.03862339225279
0.7841816869377851
25.942911195925106
18.007313686195573
-14.911620752918708
-1.121948311786383
17.821458587691126
11.61280691581453
-25.176296220266252
31.467605207704537
16.037152287224927
-68.93082632365451
-48.28187153085758
-11.597576170169688
33.076069912068476
-25.120861928406853
49.706494153551574
36.752944700749964
59.15355529388455
48.63654457161192
69.80079186506978
-70.72598274035016
26.525054401785624
14.636783399382466
-16.482171680453675
-48.601981882833606
67.54388018286596
-5.972754152840309
17.09991242294923
-51.622873150986045
-9.796190853988719
5.404680772795317
75.33491024049081
-61.1517419161211
-12.999547015670885
-21.87801225256807
-19.69728069897232
-58.966583494049985
16.082743885368274
-7.352823560627073
-50.96816719458445
-48.15543562455783
62.397026447022654
53.54444561602651
-22.88870890521332
74.42778195142571
-61.12299729353652
47.867157638101276
81.48731802138235
-44.766440682790474
74.16953306399023
42.087599228806766
4.3647704887457905
-19.503702812881144
-18.26686650930047
-62.653198104540365
56.36840782485632
-12.93121576834183
-42.64703082914636
12.273379055688551
4.688681422618657
-3.973398091939501
-22.421006616530278
-36.79897989314198
-24.999989115459314
76.27478685810061
34.497083301429456
19.962860344471054
