27.957097120230372
-35.189449586202905
-56.52943379002083
-56.12338874924782
-40.727530558135
-29.899054826898194
-43.691231743409574
17.682180129509888
-47.98448993205705
28.295197420513517
15.791285525611144
-29.085320656213966
-6.003568184358755
-14.905347670478093
43.574297551188494
26.508338384575154
26.775675367478385
-29.736874040563734
48.60193644071447
49.290955332230936
-30.8219102487824
74.54101343514571
51.06638935683452
-32.39531965942547
12.515305368373888
1.087013660829541
-40.95350910429474
-29.094198051690313
58.25889249475742
-5.99629602589205
86.99715673380709
-8.26728864882476
-13.43606746123389
79.02919074737846
-29.357710306230715
36.38945319063171
3.165108468952141
-69.24993263489084
-26.140457089189695
51.31068223510866
8.78804481844341
14.945696822364425
-35.10243940422449
-24.954716228041534
30.190359971834113
-83.58022171300226
76.02377421778189
-59.466217215878665
46.121296848447145
-14.64777296838821
-1.5278335473255709
4.4289582449416685
64.7693518606714
2.43104166125903
10.501876222232639
15.674440152788165
-20.48612551303458
-73.04895815785433
-1.2898234918905729
-1.1373314744528926
19.50361200382177
-31.571831906065498
36.660639300762625
-0.6821748576215327
-15.634256425889177
-14.47611589473594
-0.012937787087977881
40.02787413018868
-6.920973553949906
-10.150771760339623
33.366903536604326
44.97275910952396
-50.35236313580038
-44.93391177962484
-20.301067302867267
28.99199259893338
74.59461276281539
-36.33071280794916
-55.67102726237789
-38.91418058994485
-14.821016188200602
3.5879692523328117
31.653199513267566
-14.652958199007756
77.41586982852343
9.326232677777327
37.82872069589749
64.89003948966567
-54.44442424506209
30.561592075859636
-51.80755031979046
-26.90165346157748
82.77934314952896
38.385593698976606
-34.62344246436785
62.931781203113644
-63.410827425756054
-29.692767679046
24.879589077574423
-16.437770991324044
-1.5390577728988717
87.16538241785281
-9.26333872930654
-64.45999582741737
23.926355641772915
-7.64256334661232
-63.608395062046235
68.04851995495616
-60.69349264016472
43.643169645337764
-1.1273506307249903
-19.381583089619042
8.494407076571846
-9.56626927698268
-71.94282162466831
31.133781998092616
24.420944844647707
-3.4459780684449726
0.31857352698867203
0.6531383170130312
-27.25220014257394
-49.20175547327455
-4.507342834382399
-30.4557720556503
-28.514071779343993
4.079447111265679
-51.852740644528716
-51.83555220989795
62.181290767631054
-54.29036383154483
10.36812552504621
9.942350454238621
-29.11907012435468
24.65367312980166
-17.057089994394715
-0.6874268000213419
-25.6841535874254
-58.21439624347202
57.16731613371482
-48.80779474153581
-48.362835444809
-19.255879112166653
-36.344570947595535
-46.125541277820766
-7.990826255851786
6.3378755322389395
-40.422155990453454
-27.431766652987704
-69.70203305059786
32.47364133054546
-81.73191504246377
-2.457845499243618
-4.8169893945964475
68.89931781040431
-3.6090798726093283
33.65128427111665
17.78857829651251
-29.919206278794732
-28.418418848623716
-48.21175643440879
-49.0191281109604
21.382492972954907
-34.538213465210724
-59.11288063402149
65.70984506058215
58.467097936380554
6.468428129080536
-62.54137250746863
-39.69103908513808
-27.87984903691941
76.38410497795311
-6.256091189517505
-0.3993371954043994
19.510706745236448
45.86258904838027
-10.701420392420715
5.289114294531046
78.67192366070083
-6.180529254674141
-12.793373423823738
-17.185581055607813
-58.72199128730106
27.74828441118524
43.952086923982705
88.66525130527592
1.7653036089567848
25.359522122244414
-28.538643780919344
-34.25280044473172
-41.76777966280094
-14.14588031305837
-83.88901752726865
35.76645853565003
44.16869414771426
-44.44529361099503
62.457373985813575
-45.931826097386335
-15.089961791273467
0.4978522773854195
70.54094598438999
59.99871815526711
-49.20348692044198
-54.54715046648484
15.552295189784573
-47.85491925508476
19.68454414328872
30.21703953351414
76.07287694830677
-41.54549798638146
-11.408226078047676
1.8485406935020734
28.02046294812554
25.138349980830668
81.32641468512682
33.37881382116197
18.362600265550967
41.05432191769904
-29.085391343105726
77.30648514079655
4.688801018384524
13.994316042116708
27.02870690257383
64.22183917355991
31.09447298508826
-3.7975308733989124
-38.01060782296611
-73.27734910216067
-36.44466135325964
5.973118286438748
-28.655992060509504
70.86379679625526
39.72294318315218
-20.497225865526147
-74.51447790989653
63.54907489949281
49.106321004427144
2.5354477251610916
35.730054653794724
-76.30091334080214
-30.919638484830045
34.25272660192741
-39.30193849340597
6.936592097738824
52.752946344167384
4.583713677461162
-64.58068160617248
14.664757567032481
72.6775472483196
67.7233565523226
22.36512188282545
61.824973397369945
18.7269575089842
9.894806084257013
-51.30806789060176
-0.6317530827293609
59.08157978335268
74.30304370830461
-12.991249924558204
-76.5240227051179
-48.77122144082076
80.19797605478291
50.54365067926875
-27.874524400137986
-41.14881442097412
-23.082878750447875
0.9701867220102969
57.79005330932927
-23.40744017734677
-58.72454913806974
-2.539834723616977
-5.480816843819966
71.52335823301445
2.146756038378868
20.527883035028097
-26.375802815243702
64.00421879823367
-9.587999620821009
-33.892775111935755
45.23388572255877
-80.69749122322318
4.208752255549911
-41.12438790914496
-10.605485552781786
61.93091152705759
27.705378646287215
-32.56949220035895
6.2035448071570585
-0.9995419392121789
-2.937399694289553
-53.53384872174851
23.55452237252601
51.020989160554365
39.72939072835166
-62.93083927067432
-40.41317806704448
70.75183789447064
13.687398424190405
-25.20011131770238
44.10433438244178
5.5704912717464055
52.51359521668056
75.82511836391586
-4.657678592310575
-67.32900577129843
33.01523536750321
26.540722359540908
-3.515489446004892
81.22283098667847
-32.07383717422077
0.2120643490394798
-36.411937284953765
61.39362450469335
-34.07240557527978
43.046704455506756
82.0393026478628
-29.824546555450382
74.2940718600577
-35.54052871470592
24.50628686352634
22.333079654422207
-12.100624245264314
-72.12367568007872
-83.05729635715244
34.329220088865924
21.564056770994966
65.93893334381804
-37.650287588074484
-53.94788505293923
-70.27503699393381
76.52169711238449
61.96106583989956
-3.5294917770238214
80.94292630043608
80.69009920309398
1.4976219331033604
-7.951222266130316
2.349139067728686
-28.491152536872676
5.358908698922207
62.33660542586256
52.161753862907034
-58.08457582187556
-79.21708775533187
-19.88151240654649
0.6192981850961417
-51.819244365698445
-7.4172668306285345
36.21175369661111
-52.07703874662028
3.335229230602536
-57.88578368663388
-4.952309836977037
35.07394182194372
-34.13762018514689
12.11646984288933
2.0536808807528786
42.106974508065235
-12.845829231718042
-19.77725740278133
-11.757908232093769
-0.43094714591380523
-34.05348655173654
-13.412008879197387
-29.278163349308755
3.5127105430596686
-52.70107687804309
15.385053138958966
80.66045275297083
0.3980003482137704
0.7385478859592212
-14.709387462014135
36.52437335932075
10.027793461183634
-50.2269697699116
49.65957533357684
-56.5752254421714
10.119951351516761
-35.70140508160158
29.310411557932156
-69.62819607079965
9.799463745056514
-29.445043645295158
40.52327198409046
42.32984106508479
6.327079190377006
-26.30681214458474
81.62017539799518
37.91702852503457
37.61151334844959
-20.110884016309583
-19.405158573300838
64.22127134877172
-21.239406040047243
48.9908068964352
50.01049091034574
74.96725030810182
-17.287186398513597
-67.27725719160674
20.250405344095867
-60.70885421087695
-62.919815554082064
32.72077764883514
-18.54242222990382
-3.424450264713542
-10.059758366240814
-34.847887137576514
40.382770158379145
-23.769397556863197
58.36665905699462
-43.240996459429226
36.82844367612688
-18.201688502051653
50.00119144823637
-16.424638092549856
13.263781953595995
3.4300195694560784
26.71517275460286
-23.06565858145443
79.97324748160824
23.080406296795275
32.552420906694806
59.412348318978104
-0.3071344805226346
7.253207490961913
40.5045483738551
-57.740756696974344
4.157730031596472
68.49712442205794
-79.46815639265328
-9.87219105135732
69.43072563605679
-68.987407608188
-43.683420248512995
-11.256119556152541
-72.42664147230596
-38.15286550670655
37.25225597545614
-52.40707608365267
-23.29001506046974
-7.514141622280377
14.405141072047655
21.890950535482105
-62.85198527072488
-60.488805918215796
-75.72660149348287
20.013383992439188
-31.179786889888987
-62.009198866269685
17.773352860309416
2.906778864658662
-19.071026464123577
-24.400275180158886
-9.192026900131083
-18.65827595582722
-51.74580466400511
-8.726913203233309
24.104054593025808
7.509379935711678
57.53454691721558
11.870276798299216
-6.763437272453274
-65.81112319945089
-83.43743288644046
-49.98878672850882
-41.335752812775155
-76.76673940029808
-18.100548242596986
49.27983908905884
36.487737186418855
11.194500282296389
-32.80997736791147
3.4838877551958234
-46.35152248806666
67.73369297817081
-51.82871271498629
-12.473915907517323
44.87147525742992
-46.51300067592365
-8.777513983207754
78.63010351184431
12.689182759538241
-0.29286622239466453
-4.16007032685782
-13.071007531263817
52.53375354132544
18.43969817483375
72.30061791076437
5.432016745222256
-26.305977716477884
-20.853848776012796
-52.0080262674238
-21.399158782840146
-3.057847583678921
39.21930212908336
2.038603774751323
-71.68365171230408
-23.25373817895104
-43.871624930123296
44.58756332370379
-11.395970081595507
-40.306342551440025
10.896353898090751
7.29476134429099
38.410241595388044
-52.238561720699735
-80.60988412294533
-2.984092339388013
-23.474548250241924
-47.18987904934328
-62.31047338077094
46.74811134405121
-61.55630377775376
-4.534524605530777
28.751796340416817
-24.821610471208444
3.0109045416725735
4.545364642653013
-5.84723677766533
-5.275046690842046
-46.785678626569315
-45.29849832948411
-25.5462482369428
-1.933534135052227
-45.92058200960753
20.34965788045561
-48.393894574240115
35.70226089623438
84.93232915555416
-5.396006336212579
8.51148490273438
-2.024699998556997
31.827993689003335
-16.224219508693253
-79.77010997807241
59.07492893338906
84.86227699276785
41.99098005939766
26.894669189373985
4.0599581700139
-15.128646620371754
72.38222556564563
-24.502712531475282
-82.40518908404374
-5.950080367840414
-14.280198936302341
-0.9579992837459059
-19.35761978777026
-13.817344760132599
1.0772771067097153
72.47097788090994
-4.685816503317795
33.21426789136527
54.09691842031958
51.7379372349622
-71.41420397115982
-26.86509351554261
-6.824130893630169
-43.53450045017181
33.21135006172011
1.2995744261553455
-57.45341309510558
14.053161457041682
-15.762155374198656
82.91053658017375
-47.658079749306715
-10.470669983884775
-0.9218167208558299
10.590445025510775
-30.150154863099317
-64.35106934718853
-59.85304395821028
16.886461324646305
-22.298362869897332
18.4852072845335
-16.346777615429602
-11.830810920545204
25.70337286378117
37.19519318065855
-7.116063343667207
-9.26536335782292
74.1072997400367
-44.045311501808236
30.52046396545026
-19.34328363027774
-13.372331631351742
17.884933951671016
16.52613505596416
85.36083196470906
-41.768074307962486
-31.1028112128581
-15.871321188022947
7.922673875559582
-13.007550254280673
8.272405941243932
-39.36005401015822
-3.085818045076323
-57.81880334446195
30.00981927957531
10.780230770623689
-1.8941778416733257
26.131745760301982
49.21876801180625
74.55119490765478
-23.820379447278896
38.04887641463088
41.91359969062751
33.349457222557874
87.62321691599911
-23.0508539485664
28.78018943699118
26.54700014782283
73.67237023310986
45.88551971829256
-1.4086803454502643
32.315010055187656
-12.41574073001712
16.853612098905373
35.4155567805376
-32.75894189061971
-62.92185362067369
9.726473420830942
-45.3381438091854
29.674447548739735
18.975957718801226
20.693965091411215
-5.369266422747799
-38.2221261349489
-1.508568381909626
15.292251818160395
50.34278617107884
-18.993621400621322
70.5342205676109
-57.402840562164826
-29.574705719680452
-44.52264656783736
-4.613967963527472
75.61816175062151
-47.50561446649469
15.089915503310223
-47.49110370967762
-20.056007343289863
-5.558366478472408
-66.46030517636498
-58.53711173952812
70.03648101357012
-4.469702548321152
-43.78342578963823
-53.59111336709245
-11.39014856772765
-1.9837953052806796
-10.883905492193406
-72.36351318854237
-9.712664255020727
0.43761624518118936
45.125286899883406
-50.72108143376604
-17.27226331315937
-82.88779873944847
-9.244461793325186
-69.92481508412095
57.36294771344524
-44.017556080619485
76.73073695758387
-25.613445465150193
12.21930798158813
-64.3783303998398
-38.83157599680365
56.22033735118677
-30.88405601450019
22.38673014566909
-4.856375871535789
-55.19201870101607
10.429743288027453
76.35005305075495
68.29117561741754
-69.85877363962868
14.945616846661864
-55.78327341134085
38.135012007979014
39.65001438893998
-2.090384132198494
-4.062386442214063
-44.0442959027404
11.360457425539067
-11.231115681456828
29.30588068506917
-35.21007954113651
-17.321637545337893
-43.10660546230739
-27.247253934413223
-0.18318037910363216
-13.734337317145204
6.303520933324691
-18.512504387636938
17.927317689519228
-38.290803367552975
3.917302690185423
-80.14411083034223
-52.939017905080014
-13.972983599270023
68.99085426184038
-70.21688143722074
54.699956794696476
53.55713508645843
60.54365996748203
7.178351168140097
-71.02634590538483
51.01814133152885
-67.08824802783312
-7.4056767173836135
-17.09667647494348
-18.861259465114742
53.43395955632835
-7.115203445328206
-37.28151466599973
-53.76312993027329
-8.01894325048005
-24.74093510562264
-8.219503117650078
31.456615953725134
-3.0219745964345037
57.95683715700028
-13.655326201545734
-56.9940619840845
53.625604896895766
19.282291148294007
-17.342028007116213
-0.4388665717135325
52.58128975478746
14.46165174776121
60.83246990595413
-0.1345657918982539
18.378909450766997
-24.038063147285058
-27.137450208091323
-23.937826936105097
3.9099830003917475
-21.331664693659732
70.92414507617474
-12.462428924370357
35.071120217534855
-11.603932890347863
-66.5670256848414
60.92345779882942
-57.0184589643727
39.25818931890916
-50.07136482714201
3.485593218347603
-17.582192796349048
-61.822774490156185
15.080819596412297
-11.696253760312175
-47.52885709050932
50.35670874666229
10.345817039911267
57.02805667652618
24.97805987053337
-40.960725533795205
-54.360237480499514
-43.53275658200372
-59.88680428046339
39.9074284380271
24.973587823604248
-22.296511180624663
-28.765755422881284
49.80258269997867
-10.960260438453929
-69.53415459494617
7.062681227421649
-65.38424672652184
-23.489393892842486
15.718764842820292
-39.760519091498274
8.076610466514381
20.376215608037256
-46.02329000684269
-56.57182703189654
10.822817080145555
0.28103553384666213
-14.122021881367331
-2.562596163689392
-3.505016104570416
28.8285391636079
-29.66321310555604
-21.33178489872799
8.46684098897579
29.041370558076906
26.981665036811563
5.393476257353427
-69.61644777326379
-0.4203166468285531
43.20133631629898
-31.38002675464989
-18.717312343671367
11.238266234897523
-41.991200141989395
84.76864965290108
-4.983921880355098
-19.538003751639465
-34.50795303799649
3.374161572207285
-23.69036230719975
-46.23903447100976
77.49560499306227
-28.649759724550464
-33.30367145085265
-9.532260642535832
71.91310016354367
-4.2431753321148165
-38.850708999954335
53.96924222838845
-40.95371243803528
-12.760104676081866
-37.18557971141179
41.64156888468395
-1.5507097196966981
27.699561852392335
-0.6422364988130198
6.889070638459913
65.71974978989155
-32.60121872488526
70.21660455956945
48.1657172339585
10.919336916659532
-29.475289215266045
-16.98473316107244
30.317444456147484
-10.355899619046482
-53.18467442849637
-23.543666934859118
85.13989074012238
-21.759027316079454
33.01178853865406
-56.117396716430804
29.9207256290903
38.46232472408087
39.50273356248104
-14.691225388934257
59.138652171964054
-5.751991368820811
-7.834419578454089
-36.34772464970272
-7.245561617076973
-31.552645595831322
-17.78411553232911
-10.304808421144145
0.6613249692832994
46.44145590478456
-63.89837710786862
16.460154363250695
36.270522156313405
71.76118191262634
12.152243539568587
-61.00101253673239
64.54807277756098
33.617135574203104
-13.437745956156078
20.60268531911808
3.07534382695421
2.5505458573405093
-46.06817167248573
-79.38833396440592
-69.93687896550398
-17.523044242165668
17.742347140499973
-15.510010340538585
-69.52441185536685
-0.9056766821320821
-44.066462549883475
-76.24823800667046
28.84788876493387
0.9740748178848264
-27.809801460358386
36.946036294642084
44.26450564797261
-59.419655148622994
27.674499242480806
-10.82333052892028
-32.312206913171764
-29.39365400790659
-41.51699410804449
-32.5726545816737
29.436878015393546
49.49565763457892
-69.96927650245676
-14.711109069342982
-1.256074505037006
-2.586357032933151
-15.745601572125025
-47.97120067100614
-59.943561531149925
50.980599255523174
37.47425893575189
-0.2244915310684661
17.141404397035927
23.52632309769274
13.027901706840339
73.4668666141944
21.486807701072394
-15.543915374031045
37.12364178008855
78.66807887938572
-57.057520102068274
10.01042348889061
-60.46244970494887
15.954090855386838
51.57769341470288
-4.900033121798103
-43.668791600261486
-18.45151206688685
52.81159734681523
-5.990394293105581
-21.26277798798219
37.762271198231105
14.453733959405483
-66.95689195042308
-27.006545050044224
-6.8032317330784196
28.515146873027305
29.445522607865172
-5.087149440708302
45.75514392732285
33.74937571599969
-28.96257986940948
-0.015767904515982423
-27.741455937333683
-14.362096945234882
-1.9187752204449993
-30.594209079081864
-15.978185413271945
-6.916726866601564
-70.28049189625041
56.04317627907659
0.7706346627789316
25.999619662371146
18.009201474195763
-14.94959799012696
-1.1254500371208422
17.79670759105042
11.630910891683442
-25.25145550566218
31.430152535225034
15.992357835018083
-68.8809641213902
-48.36509885349292
-11.588218144798617
33.035202739397846
-25.181598006354193
49.70190596128052
36.80783925901525
59.16172545268955
48.62706023378536
69.84647437871084
-70.74914182697397
26.48693997754981
14.671214243404364
-16.52020834169106
-48.65200503110245
67.6531947054545
-5.999199070811571
17.050461759537058
-51.54854914619697
-9.831438262133446
5.387508800429046
75.3793262190797
-61.13923609624643
-13.004106771919183
-21.879289550355423
-19.75498686103988
-58.89019290668784
16.126691734910963
-7.346957191130059
-51.02184050766423
-48.178452884221585
62.461854159262316
53.553774988439415
-22.986932603542726
74.47181618066597
-61.09247014015819
47.92430043441456
81.55810097871523
-44.780506569916476
74.21249331277431
42.06638256218969
4.273147651052881
-19.474743916411697
-18.30265729045854
-62.603149630838416
56.37128293368494
-13.039118909048028
-42.65136745433296
12.268269084189427
4.690963028204635
-4.002280375563515
-22.489618537954655
-36.845990861675475
-24.984760503921805
76.32811536581136
34.54327819667441
19.951454301932714
