15.578892352338173
7.74928634045527
12.586421705462278
16.76620006888569
16.459293646987952
7.204260300807724
7.736995723076913
10.08650596789553
16.889709081504158
7.550414750475514
17.39624487283908
7.317259600994402
13.647941716135335
15.91352466452253
7.5583673458258565
7.915188193486428
9.063177653628582
7.52330874115384
7.603635031155041
7.339411062222095
12.458277928072263
11.480504243382661
10.683685070562934
11.308960153222074
7.97563176816366
13.445650402979826
7.318578811101129
8.314639017758925
7.438496781569213
8.09079530330526
7.204496763581479
9.081351718823093
10.675613897614046
8.405410285006276
7.975097573717146
7.985477760290732
9.913484643707982
8.073337583898343
7.18843296369979
7.65546692987897
10.064480073742068
14.364703030870096
7.204540564752937
10.833752240608135
15.286162077228663
7.878904621775546
9.030604653059644
12.978973934436194
7.325561042529425
7.668171866642578
