14.852222381480079
7.972090610045682
12.19158688716605
15.908763107610735
15.635893811908815
7.654664561919431
7.964932489479614
9.968719181271936
16.01857448619854
7.8562667442122605
16.468933471112283
7.7204759519999575
13.135131389333598
15.150112005453828
7.86089837780547
8.068712726703737
9.06398320618074
7.840480061019993
7.8872625171613775
7.733377080177751
12.07768478882815
11.205643070042598
10.497289706874309
11.052903657278026
8.103915384281024
12.955322384844731
7.7212442669433985
8.415251740791884
7.791085127188572
8.222308297604584
7.654802279089513
9.079936399465733
10.490145813009363
8.493428812041127
8.103604266610024
8.109649742171154
9.815575891666299
8.196403659299868
7.645446637077193
7.917449689116423
9.949223793041579
13.772233084152866
7.654827789123435
10.630115993983406
14.591633943355607
8.047580982635985
9.035390628329445
12.540511536478228
7.725310755456168
7.92484911148379
