24.842114367742283
-31.36922953154641
-69.86175364049215
-70.70822361509164
-49.19515874321461
-25.426368053671027
-41.14742284977708
15.777584175145222
-53.208872447704984
25.350758140925635
14.368465226010585
-23.51878244198288
-4.2713078387051695
-11.587360000380144
58.86749195456599
23.46086494997583
23.965768783839195
-28.347852765535038
46.56225222062125
49.96047395746362
-29.822018569091213
73.14424246087694
51.23632489024217
-29.368308751256578
11.480906875336501
1.2644949406169133
-39.51577339308815
-24.027526417373124
54.2684871407528
-4.234366376644161
90.28856299252828
-6.519846622739692
-10.481053815360028
80.26774702677184
-25.737601018733045
33.40432411702275
3.0795610140494034
-68.81522524804461
-22.10333641194451
47.25406411464232
8.27842992138575
13.50657649981649
-33.79117587916363
-19.998472088260655
28.874585382115598
-93.39268726012104
84.22699111439306
-60.05767515100793
44.72029222110962
-17.623972493793033
-0.7184640366453152
4.554507235784953
62.16556043400257
2.865323215533195
19.403198002417454
24.3235358359088
-19.967459819960993
-75.40559823670951
-1.1371712826233278
-1.816604863884578
17.503135364114925
-40.344265423540506
32.97253465146571
-1.0678403376628864
-12.626631158114876
-17.932609963482022
0.7405273737179954
41.848544614339886
-5.576640025926835
-7.685892965605007
30.090866598621147
45.79495803656829
-56.80852271019745
-41.37187151130503
-16.36871275098251
36.19823634907431
75.92021850380922
-31.724958178065663
-68.43522091739227
-33.912266024493476
-15.835209442316284
3.2776545881865076
28.66549851947704
-11.511943330694052
76.50975894895029
15.831496758488257
34.97864905939181
72.8458222837113
-69.375606190091
45.789733229630286
-56.30117155229118
-21.825278670255813
83.85271577950189
34.87736639276312
-31.216515978063526
58.818912366145156
-75.57935972016224
-32.25972400211495
23.43232144445983
-14.78901475137765
-0.6236910412554835
90.64997735160497
-7.323229515682186
-69.10693972915416
22.031223070026527
-5.605584228197529
-61.25359902327094
66.70961443142028
-58.63723202395661
41.9184115944843
-0.3617467035071229
-16.41987177760116
8.002453608531013
-7.853144101735509
-75.92192292617068
27.711093675371004
22.444153817955126
-4.359509976514246
0.6246484753237525
1.2475546227092735
-21.96875256259284
-48.72424685075401
-4.946167106779228
-29.55961341094141
-26.87209863509922
3.544891192996957
-46.75381730650805
-50.92968607862013
70.40027918296275
-57.948263615773314
9.288292534394657
9.258535137363168
-32.606714286933524
24.075295437958175
-15.335900976748547
-0.5067186112868853
-34.6419656935085
-57.258943296176064
52.896750242646135
-51.069258407766036
-62.212191680047475
-15.275912325780624
-31.4892527768221
-42.57197130072648
-5.981370022360338
6.178102019240015
-35.10992871625168
-24.47050487097239
-73.12185002678112
28.989882459612303
-88.24215748181858
-1.9846657565219061
-3.3234572313588018
65.15614440322827
-2.227537043519831
30.07474906942845
16.128569755383538
-27.475394345229674
-28.103653902272654
-51.63824069294577
-57.09867759656812
25.512045029029977
-28.677095970789026
-66.74066221647948
61.979542089420846
58.14448230390943
5.371806728045485
-74.68654562214539
-34.88194738241881
-22.656448809948316
79.8997601732199
-4.585432633683624
0.18427429962038389
17.55461232117564
41.52814360380518
-12.876378177025444
4.667401107685606
79.06829636750453
-4.434267351754201
-15.37983125707774
-13.693808293269768
-57.79994576647644
24.681227857567677
50.17224479157298
89.37049829903009
1.5208262276397306
22.717586465323805
-24.530498793438454
-31.556705772029574
-44.43015142503317
-11.186101837178
-92.26756183517256
34.638116120418516
40.412435489628706
-38.33891605646908
60.79932297807417
-49.802032017925626
-18.788685727815235
1.1115270891258149
75.17000387356882
56.19535010598733
-54.350951160111634
-54.568705987832864
14.613309856444346
-46.685123001226806
18.958346859136128
27.1323032990947
78.98104658694334
-35.890167365671005
-13.227889950608997
4.066546768732437
25.387333602216955
25.55393326441431
81.5633276886318
30.00261694464237
16.613920160272215
37.314171887130584
-23.366188049690493
78.41098500627874
14.587759289999468
16.966673572614468
24.0119457412992
72.49368716140339
35.40817145721053
-2.9314946622408655
-32.67812637589975
-78.3900539345305
-45.2546671463199
5.175868445376366
-32.44017857301985
78.5538598143975
54.08101070957915
-16.43399849910695
-78.93852335262194
62.54826196753487
52.619263807667664
1.8987638385929841
40.33870938498137
-87.01773159919988
-26.078510578171617
30.550787776960476
-38.24940060737914
6.678402090888838
51.8216376163964
4.57280252092788
-65.00220831193067
13.304461495982963
69.82758073346477
67.67318513225729
20.60630486232141
63.6342604778155
16.645811216670722
9.085340217190122
-46.385825306419285
0.23651577298356585
55.219498090626985
76.24949076584195
-10.709914645405306
-79.38429153147324
-43.261738184364
80.16875210960612
46.47801100851356
-33.978023377858435
-39.72674879817843
-18.458793959935704
2.420020542979188
64.0084269250394
-18.680307169579578
-61.85409789158891
-1.799717834248753
-4.3170015586034935
68.06980516249595
10.190805167731071
18.83377723334486
-27.72942720377192
59.97794124784599
-7.588894938154638
-40.01389987637285
44.17187217837639
-88.59997950206787
3.7261103640258426
-35.18559094586136
-8.097122243450812
61.637094521218955
24.721846322333775
-36.6010366626065
5.6988845352187525
-0.25462753158338103
-2.0797385676879827
-49.41629248239279
23.35733846754006
46.79592106077652
35.80788040229777
-60.283984122402366
-34.72747685392082
79.52436097295455
16.199448687632668
-20.7577175131523
43.17284402018723
5.41599054730348
51.03641381027268
84.40773744368025
-4.31739763461232
-66.56886405146793
29.818359357157107
25.136917146536064
-3.784636802119337
80.19361846698962
-30.095280950286764
0.9679178651307012
-31.32213147869038
57.528423808695635
-31.46864858460127
39.49111932414553
82.05307258977882
-30.3295835760792
76.14776544992836
-36.21542938070602
21.774174528200035
26.35739212886331
-13.190659161048359
-74.38241355384332
-91.10094099820353
33.01101858280305
19.109305818747686
63.06600474446279
-43.78917739543689
-51.69385573454498
-70.48746441692792
80.99514399911317
66.67483934677108
-2.3330551612709627
81.14567411193684
80.01070541733014
4.705624530610123
-5.893637396600894
5.298200050527498
-32.35017450962147
14.156723226282352
67.34797758524942
49.65138538364323
-72.19950150607264
-85.1841228350038
-23.302038559908794
0.5589790037179938
-52.15326935539787
-5.484223855712102
32.52925180753735
-57.04499984017505
2.6004604342547566
-64.4681453401032
-3.43563429195315
31.677081817068796
-40.91864321158217
10.66781356191575
1.4191675366208045
37.9049238654915
-9.921853977102884
-15.512954644445031
-13.515587603691372
0.11356670477051978
-31.37849896459109
-10.462383543750377
-24.638396575544334
3.4811657282255197
-48.23703054028049
22.57121138195292
81.10182085849186
0.45583749212947566
1.1675730935485689
-16.75032579434935
45.761519713524336
18.600555858965294
-59.298033698246996
53.28823210187741
-56.79272100385576
9.408159416623363
-32.01374857973225
26.051682786490176
-72.01792570249376
8.99528373611038
-25.414748469735827
39.12269193160563
38.64626430374375
6.107509620578554
-22.076697948849386
80.10645461432887
54.728966102999465
34.24952541517834
-17.918707388768937
-17.708246120216913
67.80061770509761
-16.825419065908278
45.15291511725033
45.68174675060595
80.37873080917848
-13.712789143726667
-78.50592467448232
18.05020582339833
-57.51792957406246
-62.67540747030409
29.218770564773124
-18.104283605522312
-3.804303009313159
-7.817101188506456
-37.46161272003846
49.03903541144746
-21.056049700752695
63.16386866586723
-42.07454750783021
33.41161495331542
-16.370055092551937
46.028271185381556
-19.694033836265064
12.227258108118988
3.7124526755980582
23.72699854321303
-29.852571857302408
77.85437387330566
20.86774057995143
29.735599711674553
57.359516264170054
-0.031205913336435742
6.590541853958882
38.258529966845856
-58.242581398941304
3.58988597206465
64.74025784922327
-85.54877922375923
-7.518562972868381
72.45090340531564
-68.70460702659318
-37.978861930549186
-8.83130663956743
-83.16372295786951
-32.61670981193318
39.74618007609331
-51.22277947867565
-21.172391646627986
-5.516482591158763
16.54981710866315
19.780370561323693
-69.53674513372843
-64.44639060426974
-82.29777629486439
17.64550127743722
-34.77795672081613
-62.928009876874874
16.160023350469373
4.573798579480993
-15.145120986817446
-23.2536601879592
-10.346662281534535
-14.806693282708707
-51.948141315850194
-7.560186148418325
37.15580983570433
6.545395511618153
53.08252344308411
17.269041275193175
-7.92776341066488
-70.14577495747795
-94.66403618079144
-46.542635560219296
-48.829107667583926
-85.78269382220071
-17.70434007660846
51.37966056569894
37.45786354835636
10.244059190484066
-28.866242036808174
2.927928302095765
-48.753992083990106
64.26511311238184
-58.41645733396766
-12.081078769145492
40.728525493176306
-41.31153039460071
-6.6740032096601
77.53125092908866
11.45718541952327
-0.11891716256222651
-5.072610310470026
-11.524962852302863
51.45381348113344
17.23105367121262
69.83126045700976
4.591250066284388
-21.060034749559577
-16.538700325277233
-48.47163865120012
-17.504910750128232
-1.9604253510502048
46.05465976520682
3.0658982435598148
-73.3918854133665
-18.35995730581027
-54.73375116998915
40.39344243449847
-8.741812254433142
-35.22664466241031
10.01430435069554
11.5495730307034
38.56245586985662
-46.96455512425776
-86.94644297271347
-3.1007133554893755
-30.54388619139344
-44.67599972142432
-60.408278146456794
42.416964870468405
-72.40890729796094
-3.3636684294479835
25.541637108575685
-23.001327747856607
3.2874493219361653
4.660921864542331
-6.027710559452402
-4.340886531883896
-58.45248491017908
-51.932486948210254
-21.483014431586014
-1.0923937397653276
-39.784709129848586
19.82048871095141
-58.50215778388907
31.932741522312966
84.94184773173677
-4.219212052982499
8.034687923371834
-0.9713795875577347
30.04393124798314
-12.658791999519806
-84.71262747388246
68.93185485773961
88.64412066120806
58.55063981786353
24.001966049388912
4.247905487719095
-11.940723446515989
77.69182597817749
-19.666196491635787
-91.78575252409189
-6.723221842660294
-11.076824009664335
-1.2585075967521533
-16.28418463933795
-11.069450814841986
0.9802977130171939
70.27818701207846
-3.513077138454477
29.698427663115098
50.3485481250427
57.63896138855819
-74.91982369113933
-22.64923182391958
-8.131599085383272
-45.621792774058754
29.619809994656848
1.8695392286924317
-56.11077928028163
12.786563773822067
-12.610678607677684
82.78338576109772
-42.209824715707
-7.95302953399451
-0.06556540669231481
9.7664248233406
-24.47703190633179
-68.21059017468949
-59.49778989137986
15.490609569768452
-17.57738852036664
32.61931404111735
-16.26660056468984
-10.535205050139197
29.556768540251355
33.880238677966474
-5.465477268802005
-6.975783047116991
73.70511849800602
-43.95838032130737
46.628319476679565
-16.77697618167157
-10.732787841422052
17.164900251886493
15.719847993206102
87.09888463271929
-50.77028270386961
-30.599454876341895
-12.369218243951138
6.719573233260704
-12.735882197852277
7.034608317439265
-33.520945598280804
-2.041231483298901
-55.07288342093359
28.34157814392769
12.049890507399823
-1.4433556955740414
24.499005331135066
52.69223846752993
71.5260901663479
-20.292862103090982
34.18594071648943
37.97396262862944
31.609481694043467
89.0312725801285
-19.812353753785615
27.819743755541637
34.10609413156908
79.68181883401306
43.0172144515698
-1.6325511438645037
43.511676731960335
-10.04048826324535
14.906852724714057
31.752210849541285
-36.266089518953805
-63.84039842035094
8.623602592429961
-50.88695987560916
26.32923567465913
17.146646133153368
18.796280809994727
-4.48375543242642
-33.15419599662377
-0.9304358370345085
13.893450191558586
47.35912697136746
-18.689052880845566
72.77319970301738
-59.50695838349885
-29.060735213438704
-41.671852458823416
-3.093117644643428
73.13016063466031
-42.225835362536586
19.617572123772447
-43.703166718440194
-15.7526803758428
-4.607037241784127
-75.20058410000149
-61.83883109111758
66.48100412537761
-3.4123041429991616
-37.6273919235313
-53.64508884569989
-13.151888968359131
-1.296937013101882
-13.134632918331008
-73.34925992556325
-7.487218355626894
0.6567513795368285
43.405015868169585
-51.55430568204064
-15.239308170386309
-94.62779552077971
-9.807442686558673
-81.49119833081781
52.9720421211984
-39.96793789680889
74.27685514202375
-29.680723341165574
11.021560167820354
-62.89979559956088
-33.796515712875376
53.33081776007748
-28.302466086258462
20.109396460396866
-3.566647168547121
-65.53668951505259
9.344938888509475
76.01021092701018
66.13847069095425
-70.58105868881358
23.645800323584027
-59.278344993931036
34.433687094409265
36.18087092965874
-1.3807454228201834
-2.990089052505297
-46.13604789082815
10.394830154715294
-11.938091362950246
26.225004104903178
-47.349791070580984
-18.98474413207836
-43.237790905990124
-26.26617017155138
0.06124488265371042
-10.646063965110557
5.870286626778423
-14.471097179383335
16.368442668444686
-32.27345002696228
4.080840529757509
-86.6677586945672
-53.54805230841702
-10.868819791656918
70.41685111314078
-78.7238436997339
52.349528725445936
54.62337753815672
58.32906991619146
6.896295507912512
-74.7873461174074
48.235458296625836
-79.03785968620016
-5.4438228641031685
-18.02381289070172
-14.806361663383115
50.232509044081496
-8.491574771170477
-37.64756961017388
-53.07595882715451
-7.2510564321866156
-20.041982229950534
-6.308704977861595
36.45162948317554
-2.4565472500460714
53.53800310493398
-10.638203328894349
-72.10474999932553
49.57421256088719
16.968393379132024
-17.98917405868005
0.34469856469996785
48.26937515349138
18.35232399454779
60.902482869257454
0.010725148923810934
16.198884821848765
-30.792703038876198
-24.977688596456076
-18.9912209613791
3.748181839826671
-16.754955541583627
74.4381242623441
-12.312662817976815
31.298383606906697
-12.713129846551766
-66.59434698789737
70.21990896789887
-66.19441499951321
35.338871970779024
-44.700398716568124
3.5589864844107524
-14.030803731833132
-71.74708068435632
13.799945551525084
-9.030224725784208
-49.09560157879821
59.14961582881281
10.290523740556708
59.53291323457145
22.927869330500272
-49.927331485491166
-53.10189236123648
-38.087423378671936
-60.23119997586902
35.83236297618251
22.38672689904709
-17.680294974096824
-24.352678898770876
45.485117372127064
-11.683643015585872
-69.66922925690008
6.180047278308749
-72.60402948327432
-18.828648680356594
14.254846630699419
-34.45382708242636
7.664157671986487
19.50125207892836
-45.41276813051661
-54.50009869334994
11.363253708346065
-0.24738479691150417
-11.489645815639534
-2.6819335822280266
-2.728658885675898
30.06398085647139
-34.30666945213757
-28.256532754243537
7.712632514956809
25.82129205305999
25.084212152177315
13.867591121378666
-78.88215030431692
0.09582718270021928
42.80170164537412
-40.596569188456705
-14.84508780834335
10.345307906631731
-36.50391578394454
85.61242383111812
-3.3967412491137168
-15.502498205774884
-28.378640220894667
3.6124077374122407
-18.766639255299026
-56.96585777043612
74.85070599489609
-23.703800098340835
-28.827639028721208
-11.433523722412886
72.09269680423597
-3.5906157870871738
-35.67286939760789
50.06607411428672
-36.597956580886816
-13.728023823610684
-32.65952488361347
39.414252077371685
-0.9730178372685003
32.17700027438045
-0.9850703577063058
6.630861947225696
78.11038906715706
-29.156441220620565
68.24590897646925
57.13662828018025
10.07792443088897
-24.12200731002639
-19.974699172702458
32.806912231104974
-11.817925849899012
-67.18145782032752
-19.721410933549308
90.29983433516168
-17.18065668819044
30.792398352401023
-58.43726630430224
27.094947450861113
34.46412996868813
36.55440739190493
-12.431127735321851
56.646253732634364
-4.0235376613646565
-6.2920547845261865
-32.05834340793851
-5.4315192336341624
-25.779267862661186
-13.974057202956544
-7.95061188448706
0.023184622078801453
45.763235473244094
-65.2024769586851
15.36743951139573
34.11843977020601
76.30369647841701
11.174292641668956
-64.87300563613118
61.55330229209636
29.98087204044994
-10.500270659401409
18.737592915094922
3.095837092962924
2.7967126541197587
-56.593366032696224
-90.10613526386963
-80.19364254197997
-22.40238636532648
15.655680153625738
-15.244658059860399
-72.3112441644446
-0.5316607071039527
-47.105076368409904
-89.49741091167007
25.810624378703196
0.5503707725521423
-31.077307695109567
33.67649323156283
40.089370466330934
-58.84085661606425
24.998612101465326
-12.66317734348803
-26.631384077334985
-35.038176334353395
-36.96277041030116
-27.04639905636138
43.47517474714709
59.68783778355336
-78.56379015571021
-11.502313143134344
-0.7095393025525851
-2.291725824387612
-12.263760784626896
-42.0453427050866
-58.59078355372572
46.86445784440312
44.681843281081285
-0.6375476033201579
15.201043674784898
20.820646459303887
12.278594126903656
71.27011355675108
19.166618517631747
-12.332034588349913
33.37075290946069
86.8670659105156
-53.00808005635524
18.131098710448057
-75.7080305803185
13.892982173936076
49.61360061883218
-3.78889162760602
-38.381256885825564
-14.886385895546965
51.980618683593946
-6.388077480269686
-24.248008117904632
35.13305637045599
13.209445478378484
-68.6897591106127
-21.613654737941957
-5.50454143765009
25.45264225632856
26.225525406661177
-3.502944844219911
50.6974142975981
40.58257453808588
-29.757917731921538
0.09407837856790024
-31.37933040367058
-13.849669302609229
-1.6817949887482229
-25.515084635740635
-13.235988270171049
-5.002810576904338
-77.32958869536392
61.16745679419515
1.4571136673165341
23.215899768612445
16.335374383548327
-17.96821224281028
-0.20788283790180628
16.63709532921378
10.552366500651999
-33.435625824281416
40.52487661036639
18.002117570501383
-71.49426088205749
-42.62545019692858
-11.991917619872794
46.15263085173373
-20.64301162263604
48.713139294410354
33.20259506607235
61.530315379813715
48.312631895273654
69.68462220507496
-70.64557064930048
29.983207364867212
12.787735454230557
-13.222879904182406
-43.48940191458418
64.29274440810366
-4.246049890749447
20.492213122269348
-52.8675059423666
-7.474312417062265
4.758527085709844
79.4150356268263
-59.336278455708936
-10.549923155756574
-18.500147861911174
-15.882862201247235
-62.54108929633384
14.133960912390705
-5.860317579983928
-45.96300652665436
-43.5257447424172
59.5568814331005
67.01893838288694
-18.414498575464464
83.25728132127892
-60.003672207734354
44.10333000360177
83.17739890106736
-57.68069997425036
82.51152373270605
42.929724823743555
8.993411465481131
-17.497795329475125
-22.115007998032254
-62.998488852905446
59.42531039818206
-15.502816164538274
-53.20960275585488
11.223942468434359
4.774911993044512
-2.5577645504163797
-18.188810753521807
-49.151278228467476
-27.424203280227857
78.13995133612798
31.122785397872633
18.226673862010642
