27.86515353318552
-35.20675272989329
-56.55533952248528
-56.14058983769884
-40.733747708959555
-29.875590339707657
-43.73912625430194
17.638265168708514
-48.03889986075059
28.25094880063348
15.79202092181312
-28.95554881748012
-5.9478082315480805
-14.783385723666697
43.589513011375885
26.408758255640407
26.73037980707072
-29.7861399685422
48.599883334669244
49.300993661914674
-30.87346604398644
74.46150983306919
51.07244765513644
-32.430305324395164
12.500306380193777
1.1397020396679665
-41.01419441784311
-29.020834315450358
58.15769318166349
-5.966504730200015
86.92053276883345
-8.135861618205155
-13.289230228194313
78.96471502956965
-29.371811012543375
36.38278583168321
3.1638191343678272
-69.2334182992472
-26.12525338467384
51.227847528692536
8.780196125276717
14.918141762248624
-35.15895174845697
-24.83853393766165
30.217137669459845
-83.61291145046809
75.97809783859665
-59.52851785128961
46.1301936149986
-14.609143807838578
-1.473205729288125
4.469701045655768
64.70430389026285
2.4378192121583027
10.598130285753243
15.75037561520044
-20.519413670435085
-73.06507673778643
-1.2940024546352618
-1.1052603103436667
19.467788373234555
-31.533896559282724
36.59058988958557
-0.6395579459134098
-15.61393282464698
-14.400259896771217
0.013789925532634584
40.05122748470393
-6.787071998877352
-10.083810978855425
33.330845554928686
44.98978220807723
-50.40458591153738
-44.957864379182745
-20.245133276407714
29.031111266650328
74.54470252801181
-36.31776687998614
-55.69769981362494
-38.88390166404872
-14.828037495525663
3.62123183633787
31.63590386744758
-14.60143113143674
77.33336047116697
9.410984426968156
37.82719386309486
64.86569432655273
-54.45394542012999
30.61489718469562
-51.87397559537205
-26.802632819829654
82.70132042288395
38.34961379186015
-34.652175588735176
62.795129806984846
-63.4615782117199
-29.720031233998455
24.905331369282948
-16.463432877076144
-1.5387332144159416
87.0891385491156
-9.261417343579126
-64.53404113920844
23.942529482186785
-7.602712388752977
-63.58385567510929
67.99615246189529
-60.701544196002416
43.653759569782466
-1.0771313747335398
-19.387246240397488
8.48658521764753
-9.574029691108365
-71.99167520692652
31.0264122553871
24.43544067482513
-3.4139719946719254
0.37625230522733943
0.6829027429013337
-27.131243866464388
-49.26924482397687
-4.504508574903824
-30.506811304344282
-28.560565909183012
4.122911655635136
-51.79356792400543
-51.8972806747674
62.16149706816421
-54.363298548913335
10.358464204896208
9.934983443488804
-29.134512285251333
24.685782491985492
-17.083370360088736
-0.6915848352301026
-25.59904707516256
-58.26007609906439
57.041010266553116
-48.87826202946233
-48.356865686212636
-19.170583371130817
-36.31874648778518
-46.14797414086176
-7.907796818999131
6.3351293396984545
-40.37521867209389
-27.46026170965625
-69.7562489590433
32.38080732395986
-81.73803294250102
-2.3596005962156
-4.806318598658223
68.7610461491389
-3.5833555491145574
33.5571756237203
17.78463891776879
-29.960667002757177
-28.465035645883972
-48.27691338526879
-49.05656589774821
21.427685789753667
-34.4319484171416
-59.17735332211519
65.59018142273871
58.45487780186792
6.50115127601633
-62.59028190214746
-39.67132548479219
-27.776366578984707
76.33696520325478
-6.178491454967059
-0.4035709333843869
19.48348575233568
45.719063483070244
-10.655201460906866
5.3079183368891165
78.60150431212506
-6.11981731224823
-12.752492122540872
-17.13428335907753
-58.76632469796359
27.66346995366864
43.96623001909623
88.56471342011741
1.8297154950346624
25.3206450411339
-28.534799511092302
-34.29575370205796
-41.824430395025125
-14.111369152612781
-83.90184467437552
35.790789143069304
44.11975753738909
-44.34563375612076
62.42081448079796
-45.99006881102251
-15.013321266233007
0.4964852521477354
70.50869201915162
59.90367164925678
-49.26120229380344
-54.61375660726977
15.57799005871857
-47.91773152954558
19.715332256356987
30.176665092907143
76.02510771474968
-41.47741671686782
-11.38726485895431
1.9240584371549545
28.012896635134865
25.17319408978213
81.2449718085694
33.32852085549311
18.352983895186355
41.00317299490888
-28.934430526976456
77.24662519967939
4.821038375698606
14.045633678557309
26.941646181497134
64.1982508525926
31.12751230064984
-3.804939741985521
-37.95937743207586
-73.33043966947768
-36.43013308422468
6.001847203883926
-28.666409497134467
70.82863252483943
39.74737799816228
-20.427211922386903
-74.55288889389477
63.516914827300525
49.115530913410424
2.6056135344048528
35.75716363227741
-76.36623451614062
-30.876897281317966
34.12487611832083
-39.36359422643075
6.931263046475024
52.751247984691986
4.621916170419311
-64.6210731598693
14.641334973724454
72.56663045712008
67.686117509633
22.382471013173316
61.81086194540862
18.67575306451411
9.899763972680915
-51.260722162008435
-0.6048188465899642
58.98669820385456
74.25695953526409
-12.994674108167672
-76.51483008233684
-48.701672997289414
80.11740644381089
50.461471152809025
-27.85174241811245
-41.20969771816639
-22.979421221763374
1.0397587545294726
57.78109465736901
-23.29395125092394
-58.79997372608896
-2.4586168045364047
-5.487940427214411
71.38961203765916
2.2783223867241276
20.542882539576368
-26.40664866337545
63.87019870308981
-9.443376681866553
-33.89564255180844
45.24635428461934
-80.7324877983727
4.2482453045867175
-41.035977130343
-10.512872905493808
61.90947310049776
27.64010770193947
-32.590069505495194
6.218492684199148
-0.9500972499509572
-2.857118392211703
-53.512845814505624
23.588232789506193
50.91881923429662
39.64336606397745
-62.901617320681154
-40.34206419022063
70.71548554053848
13.736762364179924
-25.14932151640849
44.11924940079095
5.577164198817968
52.50843055686761
75.77943728805957
-4.666082785245564
-67.32205131351853
32.985790026717524
26.56730029268337
-3.514979742050329
81.12324153500916
-32.12295859344877
0.21719344322806933
-36.37263647850565
61.28724805691897
-34.11659845129959
43.0121079187885
81.95265748050855
-29.86974417575398
74.24763055986546
-35.59581265039033
24.432647084628087
22.376727782784315
-12.099697695562412
-72.14593424309092
-83.07373928071641
34.35367451636455
21.496926727621343
65.86013518067077
-37.66677292122438
-53.98330296479114
-70.26679800741452
76.47564150299579
61.946377058583124
-3.468191953120808
80.86244556929009
80.59856100147289
1.5857954638840823
-7.882338515380653
2.430703380899999
-28.50010176605234
5.478528333148475
62.32089403502124
52.14373526176598
-58.110676049395444
-79.23975391654616
-19.8633928857177
0.6929004220886128
-51.89009170840615
-7.34324821718775
36.13716317456206
-52.14165337209463
3.397478983040571
-57.95290478295804
-4.941140277270506
35.03509223322578
-34.13434661447612
12.098366506122971
2.1311745417057466
41.953727363966266
-12.738109040324119
-19.63216515237977
-11.649920176556563
-0.37625733618573065
-34.09658116979177
-13.265239440165189
-29.240926108110003
3.540209022460644
-52.66917244594936
15.454466412971257
80.5835658680362
0.4689625900458907
0.780579682745028
-14.697133223327882
36.551173262067664
10.123833380121098
-50.26102361373932
49.6677811004912
-56.640285657677744
10.112951360275432
-35.72335122185916
29.209659247151222
-69.67040023707881
9.804811826719089
-29.443112566963748
40.5408598751666
42.28593086757067
6.328159146507758
-26.28058296455636
81.50918231833754
37.95072512351268
37.585337657945786
-20.138061909093523
-19.436138885314946
64.2027421186788
-21.12441875293355
48.931280780562076
49.89109855666328
74.92525152404767
-17.22510208523572
-67.33932627139296
20.19827741085375
-60.677800994961736
-62.95721516584199
32.62820556120744
-18.57188402281794
-3.3669417279671734
-10.044409461473848
-34.888565139182724
40.40190578354998
-23.79549708069412
58.358586698925194
-43.304337644287
36.79577759517372
-18.229239353552003
49.92887922375371
-16.390670978199353
13.282579398985405
3.433866652882543
26.62869547791854
-22.9990302194076
79.85356170904512
23.074338775452873
32.54885785447851
59.38014238832312
-0.23668113002229063
7.262113264700716
40.51373590413979
-57.80609024696689
4.1809108567558155
68.36009071307004
-79.4902324699751
-9.839304596602332
69.40018370999232
-68.97821243986132
-43.611990087620285
-11.10948118342803
-72.49425562203322
-38.08821511181208
37.27845101926681
-52.46470450290184
-23.324479851872283
-7.482987236980463
14.45173607666932
21.883486064897426
-62.92456756727609
-60.56430910714634
-75.77962216439748
19.948440584612186
-31.200559884431826
-62.06753882664097
17.77715132382052
2.971887500095974
-18.99111003439012
-24.44158148954203
-9.102841178413229
-18.581200591561114
-51.81605512317008
-8.741105327941042
24.17154885619354
7.525264035943451
57.37539120322333
11.939723013167423
-6.743556830031807
-65.88277289987514
-83.48184617521974
-50.00571274420438
-41.35280054338952
-76.82836124830929
-18.12899838852678
49.2900246201354
36.51518352857747
11.203264501102808
-32.81961957167451
3.5366473894606827
-46.418056702972
67.61935155622956
-51.88369394155331
-12.492960203841903
44.77627180359701
-46.46726370070314
-8.758987962682
78.5394216197916
12.666710502659129
-0.23840502568451427
-4.117936006460056
-13.090726147997856
52.531616040906016
18.464052806761686
72.20486076368485
5.469258640368551
-26.172383412423727
-20.747889984558
-52.0153972063234
-21.36082906725447
-3.058063411451343
39.24068681122378
2.0984932566608876
-71.69861338596476
-23.099946254371176
-43.869904034694166
44.479443359602726
-11.344277128542032
-40.272735865165
10.897802439465963
7.370006113039196
38.435271414103084
-52.16775732414481
-80.62497827921497
-2.9857866599950285
-23.405699929663484
-47.23515075209352
-62.311785907384376
46.61595852467872
-61.60965144740182
-4.445525788851768
28.652290059448433
-24.86131925262019
3.0085423206423485
4.544713231958937
-5.850870997389777
-5.28457049819643
-46.78907924748892
-45.33556573992637
-25.52637810319375
-1.8731831561018737
-45.81723533745097
20.381913297364136
-48.41456298602047
35.589385201475835
84.83552551011257
-5.2864323352339255
8.504477181171154
-1.985380054454211
31.849869334179147
-16.111947352886347
-79.76893492499889
59.05843048302145
84.79339956424303
42.012057452135366
26.833129737754646
4.061834099957721
-15.08067504694651
72.34587985790236
-24.39590077811833
-82.44236070215425
-5.941431158934648
-14.17655560453639
-0.8449731951491657
-19.358459520289472
-13.799913570385627
1.0769549419595563
72.38245964586918
-4.593310242780845
33.12932883418051
54.02969575436447
51.73983217358966
-71.46057209311624
-26.842885862727258
-6.774053685464736
-43.59766311947184
33.0993626897403
1.3008617033490566
-57.494975023096266
14.032261925271897
-15.729921723298418
82.81895434489954
-47.59556293261149
-10.412328968655785
-0.8854615478971226
10.610703906932699
-30.021943230908548
-64.42346891318637
-59.90233486365673
16.9017014233562
-22.148243976205222
18.578386657512283
-16.369881995550017
-11.850018022995457
25.74251645916104
37.171504700997446
-7.008704485683808
-9.18954072710342
74.04460206006752
-44.1131854202977
30.576507003862133
-19.361311106260345
-13.358973610495255
17.915055689584193
16.554578051577494
85.27993814129883
-41.77358649811887
-31.154487640147693
-15.757614821238406
7.940970202098114
-13.026545431335308
8.28764180587595
-39.27606197514856
-3.018984242837462
-57.82384029979361
30.033473999314992
10.825477085639903
-1.8054969574906465
26.155498687157447
49.22784568218799
74.42375551765574
-23.82078221356676
37.955484338486315
41.84013289812148
33.3711436792677
87.53272986447843
-23.060141656198027
28.809618254663633
26.59148852532452
73.63304861917752
45.87434041430373
-1.407359171984453
32.353692904078656
-12.411606847450258
16.807964623596078
35.33304320040372
-32.78550902235244
-62.97697406823578
9.722925362607555
-45.38353864954452
29.558465863888998
18.963735049481272
20.697392774425964
-5.236568514488454
-38.18736559075957
-1.4359373665606228
15.275915938347026
50.31867080904226
-19.023102696894824
70.49947530666913
-57.477102420127004
-29.62389018240998
-44.56429384757721
-4.570921668265257
75.50622355474695
-47.453116743293585
15.146992133614475
-47.503664774753155
-19.915766826283942
-5.426141969092669
-66.53002363584346
-58.612656255202374
69.9045578919017
-4.371927693303405
-43.680347384202584
-53.65909800092878
-11.370908377294455
-1.9896545092991857
-10.822068115858016
-72.35417250176023
-9.597776376391565
0.4986384152322927
45.133422959382926
-50.79366243661229
-17.295369333706816
-82.93751580171808
-9.246943092953572
-69.98887563349211
57.216842773770395
-44.02723451526571
76.61483178259297
-25.609128910199004
12.198789178339695
-64.37616270169461
-38.79938636342075
56.18106632362657
-30.924914138590637
22.35960173588144
-4.7712774468055414
-55.23225746704387
10.419672616854825
76.2797881202489
68.22238457715008
-69.86788112787076
15.024201658575876
-55.85780822290365
38.07595564980397
39.61952567611303
-2.015996535432521
-3.9754546336963585
-44.1083212578414
11.369479681655065
-11.235042682388311
29.251627049593296
-35.156087820878675
-17.32502448035426
-43.173898639874025
-27.29324192192459
-0.18761080044123446
-13.655886060258084
6.33174866710074
-18.353500721535042
17.93793181441052
-38.1896022293457
3.925842441009152
-80.16651567900317
-53.0105943520536
-13.83648561825838
68.95779744118946
-70.2878901155245
54.677659738870915
53.5597040934326
60.50459342972647
7.173363215887036
-71.07766681949133
50.997413012552784
-67.14709845452711
-7.339516829580759
-17.11024792291434
-18.737012184770478
53.39423225864519
-7.065739963371712
-37.340934759646956
-53.824281055894375
-8.03315174545385
-24.65742576813281
-8.21152856825158
31.489507523035428
-2.9184341157421585
57.802912895246266
-13.512330437705188
-57.011045983521875
53.537021387244465
19.220366534058726
-17.359643376718182
-0.40545257151315184
52.463304077412886
14.516820115001593
60.81602524407998
-0.05941426924168525
18.323285387741052
-23.981081671655545
-27.178057716908782
-23.796826807890255
3.9093084897119468
-21.173744412819588
70.8905515735702
-12.479520514477528
34.93535496123951
-11.480275597904466
-66.5870111360075
60.904354733166514
-57.07048036528791
39.16708219951562
-50.00507599619351
3.5073402523537993
-17.529981482156046
-61.88132113569013
15.093334650808572
-11.580449517102906
-47.59941239468413
50.3574798756336
10.380019406768866
57.0243211780209
24.991168815381556
-40.96343211600796
-54.4127883202664
-43.477669755133554
-59.94531622933647
39.76681273985608
24.938101885885658
-22.172561325117172
-28.740834572285692
49.685356679770365
-10.963345923419155
-69.53130127504663
7.081132938534623
-65.45699751141652
-23.388982674066852
15.699314491070083
-39.71339494160142
8.0694564966401
20.406057564702365
-46.090353079617174
-56.60152200594646
10.862437573934415
0.2917571752541903
-14.115063156357493
-2.5639191256938005
-3.4062632961967836
28.86241902494453
-29.666870879539232
-21.234454156808397
8.47921319873413
28.945153702444003
27.00137821315782
5.510320954918413
-69.68645378318882
-0.36373686549035256
43.219394282236095
-31.335640244995062
-18.63786926797883
11.235783921172555
-41.93408481186601
84.68196900207795
-4.9408766285619095
-19.449822850784244
-34.37453578943601
3.3855173594055685
-23.54604135774909
-46.24742989247723
77.36964481105204
-28.58380600017621
-33.2911808754974
-9.488283919397347
71.86397046501833
-4.119568316932401
-38.8873359807611
53.891951830825036
-40.954265435933124
-12.762993844301619
-37.17746514653682
41.64952987001459
-1.556638953563393
27.737035211774327
-0.5328659299386658
6.883896965765999
65.68744752026868
-32.62654323222452
70.14364767270612
48.17033218264791
10.90503566700275
-29.376345290908148
-16.961307751143366
30.35070425928484
-10.260412123351344
-53.195537447459024
-23.52715757344089
85.0738195270581
-21.623581926065114
33.02686389789358
-56.192434765174305
29.908005299169517
38.31822894401435
39.497347457638114
-14.702348160382769
59.09891441674361
-5.717355228635725
-7.6938807343207
-36.348986565294766
-7.235290934644027
-31.429562453657894
-17.683936419401533
-10.281157877215804
0.6800408320907394
46.45354790259009
-63.9543615428824
16.4841322017471
36.285249160641484
71.72621727608427
12.14159995758564
-61.0763519785928
64.47144744338874
33.49880322538891
-13.39164039323255
20.6081851846929
3.1062606924384113
2.575174483450141
-46.077474039147404
-79.44718588329147
-70.00479193015235
-17.424301107146036
17.690903859904452
-15.53310870590039
-69.57246567470725
-0.8306012937715082
-44.125689673968694
-76.31124430850325
28.794423360626425
1.0595561559698154
-27.823601010093967
36.92492882041293
44.15883590880432
-59.4670723918514
27.66095429078527
-10.79836384494753
-32.206545129260505
-29.383860764765387
-41.509089320662845
-32.484070718761004
29.490362722266696
49.49686461973957
-70.04027868217639
-14.64640941834098
-1.1860318970251171
-2.474466486976283
-15.618567198566865
-47.87790180037678
-59.973904721598906
50.89219282931393
37.49851490158002
-0.119198560405394
17.095414265952144
23.446430696310927
13.054110155173802
73.37369012538718
21.43390429794657
-15.500882261870089
37.045254359641945
78.61722453774084
-57.01829472561869
10.103515843875329
-60.48935761859126
15.911243249033348
51.56967278798561
-4.90654048378056
-43.62280176660143
-18.411254772612153
52.8103482371381
-5.990475401807515
-21.25793589395667
37.76690514828243
14.464004079052955
-67.00473501824749
-26.864428885096814
-6.668330936374872
28.448507951471868
29.35839987099601
-5.06930452260616
45.76780092258983
33.77977556026332
-29.00404374719065
0.05934062339949264
-27.75053341925714
-14.384886759064926
-1.8164673669447495
-30.531266007472894
-15.976950822691705
-6.882327829989549
-70.35125957639451
56.03881817274481
0.7840068672920211
25.943520189944465
18.00729429762302
-14.912096074114345
-1.1220017591576124
17.821171613060102
11.61299013872241
-25.177274297265754
31.467329069150253
16.036711384180506
-68.9302615008963
-48.28273751957162
-11.597478316643858
33.075769783254
-25.121519931117845
49.70646552708638
36.75351594170502
59.15374492001595
48.636477463333335
69.80135930770317
-70.72621100772764
26.52472273292487
14.637166981609212
-16.48259045890572
-48.602464890819476
67.54510786273289
-5.973065811408944
17.099431749590593
-51.62204166060797
-9.796596280312045
5.404485286604441
75.33554450928091
-61.151537716722146
-12.999584958285098
-21.877989487234785
-19.697920811177184
-58.965760905612676
16.08323694912751
-7.352755189836444
-50.96869153376424
-48.155611072607094
62.39774505436037
53.54477590403701
-22.88981700931039
74.4284777821097
-61.122598633494725
47.86775576696601
81.48822327303856
-44.76677186121253
74.17021056005743
42.087426157917804
4.363745181441658
-19.50335098987091
-18.267330911690834
-62.65260171633108
56.36855020464466
-12.932529002288874
-42.64723032168994
12.273290819982975
4.6886840820234
-3.9737434456388314
-22.42176619809716
-36.7996758085983
-24.99986084710673
76.27548632028908
34.497555599329445
19.962697460522676
