15.573981131915207
7.791183837812446
12.591211706582737
16.757467965143686
16.451549200962297
7.287488246377348
7.779825243288234
10.09992241402998
16.88057951253937
7.60739309049463
17.385485217479143
7.39191857667145
13.649286026118858
15.907536561500539
7.614742624144481
7.944505011304904
9.08108291798062
7.582342585741581
7.656577567571271
7.412390246926784
12.463483883553984
11.48853488958255
10.69451551977706
11.317653126289173
8.000365025103857
13.447651350028888
7.393137748356101
8.338702864386782
7.503962091900639
8.116874315495284
7.287706777691475
9.099160958597619
10.686479297864292
8.428583639733844
7.999871339723515
8.009464375349431
9.927650333426982
8.094047815360973
7.272861128871953
7.704478946558294
10.077991899795531
14.363720735528574
7.2877472573298006
10.84393284585109
15.2821928941643
7.910972897639087
9.048682020272796
12.982489712063398
7.399590502780618
7.716220441774612
