24.8418004092874
-31.37008666865792
-69.84502135564018
-70.6900079779085
-49.182139821569805
-25.42803203908109
-41.147721733035475
15.77624453741636
-53.199756533340285
25.35159040112974
14.368953199413227
-23.523178248897693
-4.272715069805997
-11.589756654475849
58.846485038202104
23.45976838606248
23.966355330777887
-28.34511386358875
46.56387192258333
49.95820697274604
-29.81884518293674
73.15459089270493
51.23518052128625
-29.367684241435143
11.480635163085793
1.2619791965717866
-39.51383624472236
-24.030523731188495
54.27606553482221
-4.23507138482239
90.29822627357592
-6.522589723121214
-10.483844660794219
80.27636470555345
-25.737743603462135
33.40584161035051
3.0803582365102784
-68.82738203184674
-22.10421061307676
47.25949250285336
8.278298478309509
13.505709684931588
-33.78846127968842
-20.001760340767532
28.87348517582282
-93.40054122340155
84.22430380991571
-60.05929355600947
44.72047325611803
-17.619770558565705
-0.7204553288894857
4.552578823064934
62.17332902746256
2.8646621589775805
19.390651618726352
24.310231655058033
-19.9644099066485
-75.41565826910542
-1.1360336382132914
-1.8165485550631217
17.502831165296342
-40.33170853105235
32.9746170956908
-1.068592651636294
-12.626907737187679
-17.928349623917256
0.7392478171381924
41.84321483626087
-5.579570549896516
-7.687281383464011
30.09246166628334
45.79167762629217
-56.79836765663491
-41.374330856338545
-16.370107320419436
36.185457212882596
75.92647159438823
-31.727419107266
-68.41893009069167
-33.91601751886712
-15.831827755915683
3.2767026357871742
28.666819367922713
-11.5129602192888
76.52074513753038
15.821278782934527
34.98006185885751
72.83839806649684
-69.35668791497353
45.76870645925271
-56.2937016416361
-21.828515527548547
83.8634166567796
34.87965976344262
-31.216634963105662
58.828600236491354
-75.56628304673815
-32.25313913592211
23.43168066690602
-14.787330501742318
-0.6234887880278279
90.65946032379205
-7.322894148652281
-69.10489439588457
22.031444861245134
-5.606463618848778
-61.26465505909692
66.71678448755446
-58.645081194670944
41.91870120985868
-0.363675479286627
-16.419473176718583
8.00164875642973
-7.852381110881311
-75.92739114377494
27.711325611997424
22.444463680475693
-4.358909510924818
0.6221588477135072
1.246024371412986
-21.972561409628042
-48.72285811010694
-4.94459743716331
-29.556331588364785
-26.869655405488402
3.541789686710416
-46.7627656191426
-50.929965132443726
70.39149995512165
-57.9426254468255
9.28599258800962
9.258644821556217
-32.59936450414051
24.073176745277337
-15.334227896140206
-0.5056602759687365
-34.630054749810164
-57.26268238417599
52.90445644202356
-51.06390931809033
-62.19371847041442
-15.277860003788362
-31.49222816461831
-42.57481517970461
-5.983220045054125
6.17742189137816
-35.114724599611016
-24.469672362505506
-73.12619364703662
28.99078480417178
-88.25423879452224
-1.9876339690635092
-3.3235897238158287
65.16774815698417
-2.2283085452213385
30.075928929914767
16.129048725789247
-27.473897643196608
-28.099836543676105
-51.631299211069795
-57.086473053666104
25.503216768798197
-28.68222977368943
-66.73153989204323
61.98969692709363
58.1462031645726
5.3682029318972155
-74.67312699183778
-34.88545387909471
-22.65997324917457
79.90374421558283
-4.587327719952313
0.18485752292943403
17.55465029659632
41.532426486332696
-12.873785284051905
4.6675798622897275
79.07796421494166
-4.4357791580858645
-15.376367370775938
-13.694901026014747
-57.803951454918895
24.681070021510635
50.16155587421878
89.38427755748864
1.5176996194961987
22.718084523785237
-24.531276463151812
-31.5557363867824
-44.42327360629319
-11.186715028799782
-92.27871912270585
34.636796146835195
40.41582478704501
-38.34690506169928
60.80458700243463
-49.79419780085766
-18.784063562567624
1.1117517095805454
75.16952037453206
56.20324800158383
-54.342124363848264
-54.568626692054885
14.612705972560946
-46.68438608491509
18.95683752503706
27.133452252358822
78.98574159734778
-35.89607856792204
-13.224924535537951
4.061923566007323
25.388284506129537
25.550193859956693
81.57451795450595
30.004185143074835
16.61433726712785
37.31704113437138
-23.371070220263547
78.41893031392974
14.576374610486198
16.9598057167575
24.011507009796134
72.4855939583795
35.39895073390494
-2.9306341184806683
-32.682438828713146
-78.39469860954104
-45.241534548898244
5.172731347119168
-32.43262200245961
78.54934877692392
54.06070209132184
-16.435726704503324
-78.94588141005252
62.552936412882644
52.612989227740826
1.8951751448466325
40.32928288747647
-87.01556574424822
-26.080968592387933
30.551565728447514
-38.24671796178183
6.678405541762743
51.82254657517498
4.571134726365813
-65.0079225264462
13.303905142589699
69.83936765917645
67.67820372719231
20.606456704668588
63.6340555298375
16.644307262413435
9.085920873296175
-46.39402784528869
0.23532968954093292
55.22715002347874
76.25468494052788
-10.709386152115798
-79.39746495411815
-43.270065602532
80.17978507869361
46.483243723592125
-33.96853101823115
-39.72482123736961
-18.461529158389084
2.4164004607943497
64.00078137183618
-18.683298756366383
-61.8510864559408
-1.8022531694227553
-4.316223780969082
68.08207920600785
10.181512067889813
18.834043196967755
-27.724231969991635
59.98791641817829
-7.591756785396413
-40.003614154539335
44.171396978949105
-88.60781372372469
3.7231440233163937
-35.19209109662264
-8.099009155403024
61.64003617628518
24.7221907683233
-36.59284775498363
5.696523666364357
-0.2565558101222223
-2.0821745827174
-49.423863713725
23.354641883783373
46.80153680996068
35.810580434002645
-60.29512680034674
-34.733159751096906
79.51836574028772
16.193213763492622
-20.75950395691119
43.1720021010654
5.414523062858464
51.03808757791839
84.40444172236303
-4.315997401722953
-66.57975592809126
29.819895480487133
25.1360938987702
-3.7831831405943888
80.20656495481853
-30.093252700934627
0.9676758937927445
-31.325622902517367
57.536992681213064
-31.467537180777285
39.494062842133246
82.0649154004368
-30.32490384242658
76.15309092468289
-36.21046956403133
21.77346710059328
26.348655409819074
-13.18771626300203
-74.3916386604557
-91.11163238842
33.00994185996703
19.10789124851607
63.0747401653077
-43.778613256197055
-51.69762843527733
-70.49923091788901
80.99784111919337
66.67061649504288
-2.3349023478113224
81.15673013375599
80.02290876242412
4.700057330044629
-5.895188413672983
5.29272170212613
-32.342572917899915
14.145729982231785
67.34348918386007
49.654566781184485
-72.18227728472232
-85.19399522497511
-23.29624385874834
0.5558986408884437
-52.151539900806696
-5.485929117744277
32.53121917333644
-57.037004649770125
2.596862041358065
-64.45990889285987
-3.435779027096629
31.67892003031622
-40.9077014401034
10.665109601012048
1.4155038324195175
37.907945508040456
-9.92397236772841
-15.516097739631135
-13.513364159536707
0.11135069974960743
-31.377485048963095
-10.465173087511104
-24.640400125817493
3.47902750415534
-48.244924428053196
22.559380805961382
81.11239817576606
0.45290112352581957
1.165536474177756
-16.746472425378272
45.74653392940505
18.5883875512138
-59.28488950368301
53.28191614123753
-56.79332539057478
9.408314198933724
-32.014442790744525
26.051523968729015
-72.02424691740747
8.995867084062354
-25.415575793635682
39.122123102839595
38.6492644327497
6.1063045312616
-22.077937670493228
80.12025928642743
54.70625367434084
34.25159116317522
-17.917264543425347
-17.706341311186335
67.7988348264453
-16.828157648794644
45.15740366374919
45.68723003933093
80.37932156315074
-13.714124494082725
-78.4960374951381
18.049236068738537
-57.52845503535662
-62.68112250188355
29.219739919143265
-18.101364425556312
-3.805042452584459
-7.817211467210939
-37.454659913729515
49.02497916213639
-21.054995640795852
63.15829205515408
-42.07263673477883
33.41365898013919
-16.368387446602185
46.03321668121049
-19.689171280652815
12.227330326387872
3.711826653907238
23.726483351728362
-29.84334929533989
77.86832551703057
20.86840681449725
29.73677212744589
57.36424391147219
-0.03394173289755997
6.58815873939281
38.25924859320304
-58.24333078595905
3.589790396933452
64.75170600963258
-85.55873898101109
-7.519167392192642
72.45217650796795
-68.7161214619754
-37.98556176669976
-8.83411987872104
-83.15809566815716
-32.62152906075367
39.739673315958015
-51.22378595321136
-21.17065824619057
-5.5171350632108584
16.544034331171858
19.780976338025013
-69.53064396586437
-64.4430332377619
-82.3022669771138
17.643448767013197
-34.77029359022498
-62.930732010794
16.16052827325582
4.569676918931705
-15.146943423094967
-23.250865729940116
-10.345760865737844
-14.808426761051678
-51.94658841634616
-7.558924309318613
37.13733103857936
6.542329403456904
53.09074070491275
17.259527956440806
-7.926010642228363
-70.14519287004208
-94.66901882069821
-46.54683289797833
-48.81707872775351
-85.78386011557185
-17.701435646403155
51.37536297248673
37.45345034363069
10.244575902755187
-28.867081505286563
2.9246497488099124
-48.747972055750154
64.27569434476291
-58.40643873793251
-12.078812742934133
40.732478898359204
-41.31808222437726
-6.67423893473655
77.54310334051127
11.455621217834832
-0.12069686202532637
-5.072270517083368
-11.523535376920748
51.45488928666359
17.23063622361653
69.84224728882555
4.587892738091966
-21.063940054818076
-16.541215674492435
-48.47702988110196
-17.50596862144603
-1.9601252476360145
46.04268491145268
3.062697481257217
-73.40182577341083
-18.363735163192132
-54.71824305007733
40.39735432548454
-8.742832315381165
-35.230884155864
10.014828318799474
11.541921784537294
38.559373413645346
-46.97417080620623
-86.95736923032649
-3.0993277580219427
-30.53431011939604
-44.67728826694548
-60.41711029726821
42.4215249195002
-72.3966781349657
-3.366041448986735
25.541338114856018
-22.999195589068677
3.2875877819893304
4.660513920213305
-6.025987616950772
-4.339868969506725
-58.43621951965253
-51.921498036678564
-21.48396779352636
-1.0944799208814118
-39.79334971296479
19.81856403181021
-58.48766598250135
31.93420383975524
84.95499574721745
-4.221892271050578
8.034666446547334
-0.9728007138494377
30.04356332715672
-12.661065605241504
-84.72542764282106
68.91998252692261
88.65208261774873
58.528276968923024
24.002230838751004
4.2473246717453605
-11.941670520552975
77.69127583760684
-19.669209407204505
-91.79289456827784
-6.7214785254228815
-11.07887770812998
-1.2621982309991893
-16.28396063071959
-11.069612684833288
0.9813086349217457
70.28880543878782
-3.51550513923074
29.699632495424893
50.35428045291056
57.63010165635956
-74.9256897376888
-22.65041870836687
-8.130632240496354
-45.61574628614952
29.62056760544928
1.8694582667299073
-56.114798561210804
12.786078413480766
-12.611268943486607
82.79582637828457
-42.217473827873974
-7.954220426306506
-0.06706057597413917
9.76638537228132
-24.481634138896283
-68.2097622221846
-59.50144215521628
15.490867831957331
-17.580948144931682
32.60088898389742
-16.26366736830782
-10.53368501370393
29.548149720562222
33.882216805458654
-5.467895092321157
-6.977398763187139
73.71372286412526
-43.95513339910075
46.60652576201056
-16.77603893978177
-10.732827333425632
17.16355268060896
15.718824961506513
87.10988398460012
-50.7566989497729
-30.595748034379838
-12.371502178573024
6.716098844409686
-12.733476887787305
7.031150467477659
-33.526758922352954
-2.043295459074571
-55.080124709903075
28.341052577600834
12.045636210985379
-1.4462153698165139
24.498596993691507
52.68604037556895
71.53901880055159
-20.2929678242717
34.188210279666606
37.97714108890838
31.609047721698772
89.04372054156639
-19.812056165617378
27.81809724705218
34.09296612709821
79.68093429986493
43.01959394456151
-1.6313173931290095
43.49447852955785
-10.040228558689222
14.904738975234338
31.753946450967845
-36.25838028286822
-63.84379258330611
8.620949268952955
-50.87716224484863
26.328740571890037
17.14704617361234
18.79682966028375
-4.4868844967624
-33.157952186572146
-0.9329555953426194
13.893456858823512
47.36259833221615
-18.685982626471784
72.7761196011756
-59.504877805606306
-29.05707322643714
-41.672894540939524
-3.09432606097144
73.14272261691488
-42.233003020127626
19.60868658743975
-43.706991708371994
-15.755765568734901
-4.610127563157789
-75.19364366940573
-61.83546494353395
66.49278343839242
-3.4148815006051905
-37.63527286115998
-53.64452148766161
-13.14893402341022
-1.2961733968500084
-13.132178824122278
-73.36161720099719
-7.489561275739831
0.6541210705568119
43.40551697601998
-51.55144609018627
-15.237937104105796
-94.63115260194667
-9.805153008935022
-81.48252488023789
52.980063686068206
-39.97105693039846
74.28987068771116
-29.67335917835129
11.019836623455106
-62.90948902755539
-33.800322415068024
53.33579624472287
-28.30116693155746
20.109766380753996
-3.5688846276658666
-65.52303787065911
9.342651788786185
76.01982562326094
66.14706373152885
-70.59120100658208
23.632562295887254
-59.27348197923004
34.43607023190225
36.18326439173424
-1.383192183215698
-2.9924895377634897
-46.13005930331042
10.39533889531468
-11.935438277701238
26.225857093730383
-47.33342899293578
-18.98057010251604
-43.234096261152104
-26.263065352879167
0.06219951144444735
-10.647631575558492
5.8695323277217
-14.474356909933107
16.368852624073654
-32.2794980239746
4.079728872103928
-86.67767645549986
-53.546327339981865
-10.871445363362014
70.42023749342982
-78.71986678413542
52.35316834169038
54.621563477076876
58.3344778846874
6.895666573994433
-74.79231419020422
48.238777248529715
-79.02690571462931
-5.445354477990335
-18.0201243226647
-14.809032935505229
50.23714118551936
-8.490473924510468
-37.64300562140825
-53.0767206891843
-7.2495483275115475
-20.044508024813084
-6.308610174522897
36.441544859863825
-2.4595177175742577
53.54630991415215
-10.640933051055114
-72.0861466640771
49.58031450339064
16.966134575439
-17.985628719076757
0.343228168641005
48.27559942420086
18.344259798329915
60.90445885488316
0.007805736434832511
16.196673281120965
-30.783324998068053
-24.975857711156834
-18.994858169549246
3.748947856748515
-16.758523778405007
74.43939500309887
-12.310250395010584
31.29928438101487
-12.711234071227437
-66.60269576693433
70.20932760885054
-66.18263396335472
35.34144521150711
-44.70904071191661
3.5571616240679447
-14.03193603998318
-71.7361287043364
13.80031624757899
-9.032503179848504
-49.09086955353612
59.136828574335595
10.288562672222184
59.530063711022876
22.928247574387953
-49.91379802138953
-53.10397318385125
-38.09344074695135
-60.23354138503837
35.83477276490393
22.38723683801649
-17.68334478442833
-24.354216117186056
45.490525529253034
-11.68102816402525
-69.68036171581578
6.177033354531503
-72.59862376268103
-18.831374475412986
14.254744210398243
-34.458450135007986
7.66357278451666
19.499957091374
-45.410674899064105
-54.50504366276516
11.3601638657602
-0.2464753793490928
-11.489498521853946
-2.680590761426572
-2.7314266045190863
30.058951731171092
-34.298223502752464
-28.247354923825654
7.7131077009108395
25.821179610969182
25.084194423841396
13.85679756352863
-78.8765697375022
0.0935477790161201
42.799942886985804
-40.58360293390972
-14.846874522398949
10.345728888376755
-36.509549448918946
85.62436974947181
-3.397912013363765
-15.504528006539445
-28.38450687383539
3.6112353856541404
-18.77030225735824
-56.95055628238717
74.86435273933452
-23.70651821319869
-28.829489724467734
-11.431357446130676
72.09934037223658
-3.5937679755355276
-35.67318445447211
50.07202930579521
-36.60083009476046
-13.725011276240423
-32.66196163541879
39.41505925321465
-0.9721940253945007
32.167550663327546
-0.9887640561156985
6.630920357644982
78.0977042928321
-29.15645236331595
68.25510156941291
57.12321413919827
10.077191005200703
-24.12574065672645
-19.969838732089585
32.80011452364678
-11.816441257092293
-67.16334605263668
-19.72205175251902
90.30604990355877
-17.183859743513864
30.792712282148813
-58.43425511096032
27.096080223267663
34.46603289775311
36.556088631821694
-12.430312804250917
56.65158997272039
-4.024402300077455
-6.294996671402842
-32.060192818888694
-5.43153300837308
-25.784081170605575
-13.976192718293632
-7.950958712632982
0.023712817355658444
45.762389093593924
-65.2058810578859
15.367055591515793
34.1187241515386
76.30391559598147
11.17432870109559
-64.8700613990809
61.561638665106585
29.981630959456666
-10.501151341737085
18.738116253673425
3.093661265844929
2.794989511153773
-56.578269119545666
-90.10718318070525
-80.18683759748586
-22.395992031233504
15.653494075934532
-15.241950846165267
-72.31666135974551
-0.5343851951835177
-47.09798050014345
-89.4912639737923
25.81141079487179
0.5468230615252452
-31.07030662404425
33.678400763421195
40.09319256077211
-58.84465198403815
24.999573839303338
-12.660386349987363
-26.63593261718566
-35.0288653904825
-36.96619141072845
-27.05054468306895
43.45530144651616
59.67321064962201
-78.55948746929931
-11.503614769468399
-0.7120410129350461
-2.2949764624389246
-12.266276696236162
-42.05434523184484
-58.5965246194949
46.86988970843299
44.66928536213257
-0.6412638634486427
15.199138031088452
20.819295658556015
12.2778983384067
71.28120977478133
19.165966897390447
-12.332878759819494
33.37289474497149
86.86574637163838
-53.01783989934526
18.119309981255242
-75.6902120941466
13.889972213827406
49.615782699298734
-3.788151306360305
-38.38694554135224
-14.887284937292875
51.981392210987764
-6.386302476585371
-24.2422427425213
35.13414087363941
13.209881524365429
-68.6948869743438
-21.61788353349114
-5.507504258708693
25.453125745216482
26.225764817150406
-3.5033269102336817
50.68863077983502
40.57028578600455
-29.75301149461761
0.09112873274696653
-31.372018047187424
-13.847264531960832
-1.684982059579454
-25.5180818638232
-13.23569535286866
-5.003587291631803
-77.32798776921763
61.1607336294131
1.4563272686970095
23.216121267180753
16.335876337135744
-17.963898560147044
-0.20790354085410456
16.636662836138257
10.550798246481662
-33.42461650488002
40.50994079560385
17.996419205117277
-71.49940723856923
-42.63416257878611
-11.989334734946027
46.13347610012573
-20.645033889825598
48.71339892750987
33.204734513113976
61.52835370535561
48.31166124705922
69.69079554786768
-70.6586167038406
29.975044703053328
12.784748358763636
-13.223626581888851
-43.49681534954138
64.30309661320214
-4.246644220734922
20.48451430203886
-52.86421300571035
-7.474968313985855
4.758828016828701
79.41776675327876
-59.343915031826405
-10.549681517021241
-18.50015737941773
-15.884240213538732
-62.5373718471949
14.13126995330083
-5.859641365811044
-45.9713857079425
-43.531736173385355
59.56418735988953
67.00136840121195
-18.417085809259945
83.253040208101
-60.00971794349959
44.10754863693211
83.18673380770369
-57.66308645060321
82.50780233333114
42.92598013737725
8.98585383287626
-17.496169727364574
-22.109326719379325
-63.00265941905612
59.421494039737325
-15.499647606115175
-53.194409379066094
11.224468161141473
4.774716598946284
-2.558592765249017
-18.19068857280061
-49.13459825032143
-27.41826442683316
78.14636529845848
31.12455147621128
18.22707237027342
