15.581069928784668
7.73037699721518
12.584375661313999
16.770043528081544
16.462706493203882
7.166139521332451
7.717653152073599
10.080774569536239
16.893725833209306
7.524495450660951
17.4009723326656
7.283121895156419
13.647399770329894
15.916171755475233
7.532728364321545
7.902126667853122
9.055464435935743
7.496433990898763
7.579591674789628
7.306054165655477
12.45605031330706
11.477127615892279
10.679109618661808
11.305289771494472
7.964700797396115
13.44482182477384
7.2844876056484535
8.304190654618637
7.4086325235933765
8.0796573727133
7.166384319101545
9.07368160429536
10.671022822520914
8.395368187661617
7.964147773312482
7.9748938475280555
9.907418331775883
8.064695457424662
7.1497542918386445
7.6332505783625875
10.058706040343772
14.365176684860106
7.166429664205498
10.82946727042837
15.287928930904037
7.8645641489477915
9.022814182456873
12.977484108871778
7.291715951361401
7.646403347091552
