24.840646381286803
-31.359676933595807
-69.99990671441569
-70.85871678958907
-49.301126754703624
-25.41021194742099
-41.142900353185524
15.78563749812453
-53.28251329314113
25.34074678909022
14.363102338966357
-23.480570406332234
-4.259015848287859
-11.565974869575655
59.040032458262715
23.465649183253433
23.957785011095226
-28.367698745526212
46.54737670656684
49.978329912256044
-29.84544995444395
73.06081175122307
51.2449136332759
-29.37079246077633
11.481446582180752
1.2846896116633104
-39.5293563016733
-24.000590344029433
54.20436136304636
-4.227782243801869
90.21387909426929
-6.4962937804753125
-10.456571635839438
80.19980122678959
-25.733818594837857
33.389432264357964
3.0731767699803783
-68.7183868166177
-22.09366251514666
47.20682124201508
8.27840039866868
13.511364231010575
-33.81087792229884
-19.969290271199768
28.882397610694127
-93.33467622328664
84.25182061719141
-60.04458715113855
44.71739947520314
-17.65727803424636
-0.7020934701604631
4.571109576693004
62.10137902930143
2.870348931071547
19.505073406808478
24.43222474692989
-19.990161184046457
-75.32673383608821
-1.1457423342521764
-1.8159862844917853
17.502919163623403
-40.44690345456035
32.95187451018825
-1.0607263716516968
-12.62244385546397
-17.967587524379056
0.7508842252301378
41.8916896942234
-5.5517164824283185
-7.673217799136964
30.074705979997532
45.82108191445761
-56.891066429771385
-41.34985463380926
-16.355082854966312
36.30307973252053
75.87085286731062
-31.7024131851484
-68.56958149062459
-33.87937036430007
-15.86104125824535
3.2863154570824236
28.651966128009633
-11.501821584737726
76.4217442855145
15.914800127134413
34.96477716439284
72.90800085674007
-69.53179979683807
45.96181807452692
-56.361574890787736
-21.79645316901086
83.76842315676211
34.85556215316237
-31.212964815336377
58.73799237143177
-75.68821733464026
-32.31160644697076
23.436479263353107
-14.800733074858613
-0.6249815173725466
90.57682212102316
-7.324656330752646
-69.12493241976244
22.027924810928653
-5.597367515640244
-61.16451519218323
66.65117689762062
-58.57362454444865
41.91446264416075
-0.34595083229352497
-16.420890624763757
8.007718528865283
-7.857988060151001
-75.88023379311821
27.70494358849416
22.440039728498974
-4.363268733358666
0.6447667202318286
1.2598295070326344
-21.93530488717093
-48.73412688027557
-4.95775428840939
-29.583942028093205
-26.88951766817803
3.569297219769524
-46.67997162566422
-50.926259406925304
70.4733304417048
-57.993867199617895
9.305109331306824
9.256511579655978
-32.66507061873227
24.092028672401696
-15.347484299622309
-0.5147427900205344
-34.740773542096036
-57.22831213486565
52.83119100774104
-51.11171717724922
-62.364254028389375
-15.257858756891338
-31.462541849404502
-42.54694049865011
-5.965190111939975
6.182703703983904
-35.068664795940705
-24.474714463780415
-73.08877888582902
28.978478974598858
-88.14910018332374
-1.9601344245120487
-3.3216513922682935
65.06067767414217
-2.220745014138501
30.061073718431516
16.122947338732516
-27.48501644936914
-28.13243839813603
-51.69382511573829
-57.19819271091495
25.584595095154
-28.632930104181142
-66.81591669730845
61.8954448116863
58.12988939876587
5.399822877796822
-74.79807345467792
-34.85107009334678
-22.625280269065385
79.86957790060112
-4.569120100624815
0.1798503980024293
17.551821032823568
41.48912951237415
-12.896642159262598
4.666496285531423
78.9915537497885
-4.4210977573495285
-15.407119276069864
-13.682850860733879
-57.76723477934069
24.67860501012011
50.259906079260645
89.26215873616218
1.5458797486605818
22.71049788749815
-24.521555604617106
-31.562043793485614
-44.48466522717647
-11.179313713995356
-92.18263985021824
34.64765874005212
40.381713856326144
-38.27213905284621
60.755699697609515
-49.86481200887191
-18.826683540559074
1.1098034413287081
75.17564269900402
56.12894059950284
-54.42230996846034
-54.56862723424043
14.617940535969524
-46.689495646529515
18.970298778174865
27.1197375202283
78.94491483032539
-35.83996207635525
-13.250705443298813
4.104515479632482
25.37713928229286
25.584234633358633
81.47461161767396
29.986427655084327
16.60858664532182
37.287503101464694
-23.32406162125372
78.3482045649763
14.678505574204024
17.023324892508228
24.0115818762621
72.56130920784713
35.48371725076487
-2.9377234760174957
-32.640662331723746
-78.35544252644141
-45.36171969357278
5.200201505723783
-32.50031086949211
78.59284223788237
54.24768153166454
-16.417648686090686
-78.88207467338219
62.50977980530706
52.67050434639174
1.9274471459610822
40.41588379780157
-87.03974201190152
-26.05591720440438
30.539959301820318
-38.269014441733894
6.677577081595132
51.81316078130408
4.5872751472547435
-64.95675391067019
13.30688557124219
69.73163239220716
67.63262996820751
20.603731440675276
63.63619665973246
16.65498450231665
9.080051061968632
-46.317942537517496
0.24621441853359727
55.154958451268925
76.20884250658258
-10.712517240811906
-79.28094345021988
-43.192580141439024
80.08105628416925
46.43229504944679
-34.05478048028949
-39.740266338622014
-18.43415364755596
2.4499773374966907
64.07165297103919
-18.653580162964715
-61.87882627398198
-1.778731640246363
-4.322397771931094
67.96943589974444
10.264467974109735
18.830316299851674
-27.76975226330758
59.894883386558035
-7.5642053852235165
-40.09690382942529
44.1744669996622
-88.54132634784102
3.7493943104177134
-35.130617574518716
-8.08032129731771
61.61281676411056
24.715455559435597
-36.6663506488706
5.716913732301052
-0.2388567124885128
-2.0595009642336777
-49.353793499094685
23.379005176669637
46.74690389400192
35.78205155286659
-60.19406798775138
-34.679055731069916
79.57557462203806
16.25094388554031
-20.74067197116682
43.17847807006871
5.4269645911831645
51.02147793597851
84.43754584013212
-4.327759156695976
-66.48188050160883
29.802805842001064
25.142539402965326
-3.7953911630754646
80.09027580174165
-30.109275357763423
0.9699239550802474
-31.291248811471533
57.45664454214747
-31.475146218586076
39.46421421866623
81.95912022577147
-30.365518534596234
76.10602675136937
-36.25372760839374
21.77627240660709
26.429170008439996
-13.213048965488852
-74.31012098333365
-91.01959657735587
33.01851810850465
19.117336734606354
62.99396043457742
-43.87444357723941
-51.662242647453404
-70.39403447256657
80.97563066576257
66.71015732656394
-2.317539954759752
81.0579753940302
79.91340800975092
4.750859869993292
-5.879907791107712
5.3429518584779885
-32.4106986430716
14.244912774568704
67.38554307616488
49.623661625411586
-72.34196480038725
-85.1084135091162
-23.34802885469776
0.5838714860219056
-52.16629994615674
-5.469304322234635
32.50945766314982
-57.10979665082603
2.6290615591689033
-64.5358426776813
-3.433712440465385
31.65888966750245
-41.00720370130962
10.687547637113099
1.4485634611682485
37.87584299989314
-9.902924655982574
-15.485175658510272
-13.535258078775158
0.13158460121907467
-31.384197338283272
-10.437914060521763
-24.619494982380814
3.4978719799266287
-48.171811700155175
22.66805548615133
81.01802408932423
0.4795918069440148
1.1839335237371245
-16.780255648258034
45.884498542320785
18.69935793273197
-59.40551444742535
53.33984424309918
-56.78739023125221
9.405773469682543
-32.00553744540876
26.04880873296115
-71.96869165572052
8.990001599706787
-25.405390186406862
39.12590526265228
38.61870040464623
6.116271845875829
-22.064050506830696
79.99606536724832
54.91517097418631
34.229745146085975
-17.92820974815821
-17.721575379838796
67.81600453955599
-16.80083912563302
45.11342182510896
45.63353482124822
80.37630982179425
-13.699850751141113
-78.5891992403285
18.0549873271477
-57.432613293548
-62.62959364669015
29.206825710496048
-18.126011244175075
-3.7975566978479804
-7.814832206214746
-37.516522081987986
49.15442090194301
-21.062185203055336
63.21000699473794
-42.088087455972094
33.39187425940918
-16.381516529315874
45.98496867918786
-19.73267113895382
12.226286698518066
3.717053162830581
23.72727049224558
-29.92829291222543
77.74230623342334
20.860145328145563
29.723597327881123
57.319846309457944
-0.008964917110517945
6.608564858972656
38.25078688613357
-58.23627393132883
3.591418083474224
64.64599147904224
-85.47242506301204
-7.5123053285525145
72.44179395536926
-68.61293145931238
-37.92242431677196
-8.8068408201391
-83.21313917205231
-32.575161082627844
39.79913149888185
-51.21348915895736
-21.184115380303126
-5.510125149753378
16.597599381720755
19.773305378769763
-69.5877661259854
-64.47431240485457
-82.26508279662964
17.658765670100948
-34.83887637045385
-62.90641549632388
16.154440584612573
4.607964895303994
-15.128096218599339
-23.274077523586854
-10.354515332263205
-14.790418780582826
-51.95971198660693
-7.569121505325526
37.30683226558759
6.56886524788672
53.01258303447534
17.347021655112044
-7.9407401571158545
-70.15207147870318
-94.6294718111952
-46.50703297372301
-48.92673729935332
-85.77750277429142
-17.725971903642872
51.4144618475122
37.4933794383241
10.239283494593408
-28.85678763459326
2.9538899162144787
-48.8017415777689
64.17796527673093
-58.498037695705065
-12.097829091520055
40.69262672529004
-41.25650141515743
-6.670867430521611
77.43633731241587
11.467784334310366
-0.10361380391229602
-5.074360833997048
-11.53485175968926
51.44391180223781
17.23379769952787
69.74191992330029
4.617471732167914
-21.025833812310395
-16.515948605633284
-48.42660218886095
-17.493950208712377
-1.9623035639922222
46.15287810789897
3.0926740695867068
-73.31365640872475
-18.326885579532515
-54.86073645571132
40.35771844404428
-8.731997672473227
-35.18986987032749
10.009204540387572
11.612247389106884
38.58682020908461
-46.88536390794468
-86.86250970795828
-3.111005108831691
-30.62262510461811
-44.6637408308167
-60.336993832263836
42.375868145401
-72.51037685152008
-3.34369236523888
25.53992475262703
-23.01627102258145
3.286082634029057
4.663635957166036
-6.040488086866986
-4.3482048157186455
-58.58591580203578
-52.021551004548364
-21.472716021345235
-1.0751829678991527
-39.71278582103933
19.835894195271848
-58.620775542736936
31.91655216815684
84.83779933406811
-4.196576315065229
8.03384885054652
-0.9595642527950474
30.045437083325425
-12.638304564520269
-84.61317480898066
69.03013847771848
88.5829813204461
58.7341976163182
23.99630731783924
4.252055505720534
-11.931126121591802
77.69834649455558
-19.639254255124115
-91.73323428760807
-6.736108403195956
-11.05828938300158
-1.2282841317937851
-16.283782039077124
-11.066365261030029
0.9725544184774577
70.19197482739409
-3.4926259929473247
29.684673103070267
50.29933192805288
57.71178737172963
-74.87475050861889
-22.636998045620984
-8.138627791394029
-45.66951604782331
29.60933220454244
1.8701205728822856
-56.07773004806299
12.788528839281526
-12.603927365725028
82.6846919495762
-42.14603758583265
-7.941928029473445
-0.05332259259476757
9.766750523533503
-24.437144177831897
-68.2185661121537
-59.46817237163634
15.48755764379321
-17.54611811514738
32.76917882600523
-16.28857921017341
-10.545947953885502
29.627486552542095
33.86121532297324
-5.444755217571796
-6.961358166638519
73.63610864373962
-43.98298578936277
46.80660716320523
-16.78239236627512
-10.730740657984967
17.175637000102626
15.727956898729659
87.01275921027596
-50.88101935076197
-30.6273013482013
-12.348674096961574
6.746257267898628
-12.753734725467254
7.061091297829819
-33.471428176156834
-2.0240155643750626
-55.0137045501661
28.34449007559499
12.085280573331076
-1.419816488248017
24.501086709147273
52.742848960944286
71.42107641887858
-20.289525541223128
34.16347316197769
37.94448729537672
31.611522930330807
88.93371120293912
-19.812339736968383
27.83225383901093
34.21378900802287
79.69133947264501
42.99559711730876
-1.641726240001816
43.65270251694102
-10.04096654371682
14.921111037343067
31.734183816084226
-36.32735797017621
-63.81350884262141
8.643353629812594
-50.96606435662552
26.32887490204898
17.14133198786452
18.790084292357292
-4.457413665553318
-33.12123374684998
-0.9097525561122097
13.891494917493418
47.328684326599245
-18.712004328933816
72.75063956225227
-59.5237878746741
-29.08821668379612
-41.661337707727895
-3.082641555767765
73.02851918192746
-42.16592109487924
19.6906255041134
-43.670305885426075
-15.725355615996705
-4.580987731798189
-75.25933611943546
-61.86644182196459
66.38438249539041
-3.390658463100465
-37.5614433983687
-53.64885503458074
-13.174594097993605
-1.302595077238479
-13.154207489144767
-73.25151884370172
-7.466783268482544
0.6779963055484757
43.399355516073115
-51.57647083701856
-15.248408967450573
-94.6063828029976
-9.824598425064451
-81.56508103543788
52.903773320760735
-39.940484276290206
74.17172223970633
-29.739458867536044
11.033492595036648
-62.8219264497298
-33.763170071920385
53.28846774253688
-28.310466027898514
20.103739494176537
-3.5477343442633895
-65.64896739025977
9.361642732178424
75.93333944940281
66.0681826024076
-70.50074611023811
23.753881102977104
-59.3177928909172
34.410767488458106
36.15838635305565
-1.36056088004311
-2.9699613918781864
-46.18333071654058
10.390109214519939
-11.958112486286595
26.214623393114778
-47.48462386350608
-19.017062348570903
-43.266010321996234
-26.289072752330128
0.05395320306678286
-10.63154354149465
5.8771203522323106
-14.442442060380714
16.36386476444224
-32.22200510903117
4.089234838595175
-86.59193220606736
-53.56121229942582
-10.845643678997106
70.390121634004
-78.75910835745927
52.318278299522916
54.637771512967106
58.28387824787407
6.900370816117146
-74.749507443895
48.20641070298214
-79.12991200476407
-5.430323836576591
-18.052038016327273
-14.782461168827126
50.192619594136346
-8.499685788881266
-37.68263585011844
-53.06887288878387
-7.262020394607646
-20.018968454331755
-6.308308873503989
36.53429664134876
-2.431899871527577
53.46743223169892
-10.614202625810364
-72.25858435340922
49.52166256044279
16.983397066200013
-18.01617962497413
0.35666431017300226
48.21540331078219
18.418704704385647
60.88609862177799
0.03443860493891293
16.213664114379142
-30.86938625648375
-24.99009099190181
-18.959258744426748
3.7419680782796547
-16.723658060370155
74.42930841747099
-12.330610409976856
31.286477513168848
-12.730981653585758
-66.52787659119572
70.3077123507554
-66.291382144507
35.31399570995211
-44.62883109341156
3.573170618566067
-14.01949346523871
-71.83800782346866
13.796054448336378
-9.010100933997464
-49.13281224257524
59.254844005963605
10.30705879660293
59.55626742840926
22.923112294300125
-50.0376426401426
-53.084128245978754
-38.036481252424345
-60.212286460660124
35.80827948938526
22.379625457646128
-17.65314565611351
-24.337563868851035
45.43751921633367
-11.703367701733399
-69.5807848774522
6.203179874387018
-72.6498791949885
-18.804066977566492
14.253651689369192
-34.41392685930711
7.667756573107965
19.51133053017041
-45.42806794868864
-54.459365764165256
11.389086649042525
-0.25391875050050317
-11.48904420262771
-2.691918101777574
-2.7056015245238854
30.10485667779072
-34.374289819382696
-28.333202046258336
7.708703880844411
25.818109796197376
25.08286239106812
13.954283274635003
-78.93045992215335
0.11435992225777625
42.815018421915056
-40.70277828420861
-14.828376901156247
10.340845296053985
-36.4559740238276
85.51830956721489
-3.3865180493641844
-15.483760170170498
-28.328578258123954
3.62137197487867
-18.734478069269727
-57.09116051324807
74.74049884174607
-23.679126595003197
-28.80997599384544
-11.450233413675761
72.03949492854909
-3.5642612663807967
-35.66788033946349
50.01489502764866
-36.57227725751609
-13.750931914378995
-32.63720446752987
39.405801713010504
-0.9791883232393275
32.25450926832286
-0.9548838433278348
6.629619475931619
78.21606785373754
-29.15373392540721
68.17106187408834
57.24693138272494
10.082270528066672
-24.089126873614035
-20.01309188664483
32.86242981812853
-11.830872149756942
-67.33078416350276
-19.713731027143368
90.25316542561771
-17.15229288397046
30.788006992284295
-58.46151622852362
27.08308724851196
34.444077017305915
36.538287286763506
-12.435901490790329
56.60140518015214
-4.015692510724875
-6.26691559085647
-32.04075899736691
-5.430363565032465
-25.73767095854204
-13.954577844785675
-7.9463960733338865
0.019834953133013755
45.76901814873668
-65.17571710558754
15.370087500602764
34.11431284806497
76.30374119505737
11.1725388860077
-64.89763426624404
61.48428702246861
29.970306937141515
-10.491375321059024
18.731679032349774
3.1129231147573933
2.8102334451444904
-56.716941809205736
-90.10264936892867
-80.2521191815945
-22.456049643207635
15.670362984889778
-15.264824522437905
-72.26936173945859
-0.509405731665737
-47.16156084216561
-89.55212594645981
25.80080923265551
0.5790311641588346
-31.132782117158442
33.65809484318095
40.05438474421004
-58.80998973616555
24.98819607399399
-12.684631763940928
-26.591917205727412
-35.11319421056574
-36.93268817231512
-27.010178622896404
43.63784496448355
59.80820262683193
-78.60167123365332
-11.489867822465882
-0.6890472252277107
-2.2648401710823123
-12.241337064272628
-41.970666566229255
-58.54417094233892
46.81708785420565
44.784859146049996
-0.607257644163326
15.213617446438207
20.82787297241542
12.284268649937559
71.18016247779562
19.16875702123599
-12.323237324418244
33.34950090028488
86.8811224475536
-52.92836813977559
18.2269157828962
-75.85579305966121
13.914480243900542
49.59427087658281
-3.794053121881504
-38.332977693855796
-14.876907095287407
51.97328534801687
-6.40124203151673
-24.293520820228906
35.12205063824774
13.204999784085118
-68.64962186751079
-21.576829069659752
-5.4793670257375595
25.445079604993822
26.21961359142024
-3.49909340784329
50.76934688039708
40.683373607655625
-29.795753838085645
0.11801781957969126
-31.437447677864412
-13.86742556271615
-1.6555544716306088
-25.48813360288902
-13.236404714579933
-4.995522551682768
-77.34534712564252
61.222885716609625
1.4633861990509018
23.21071537460061
16.32960906524339
-18.00241078269272
-0.20745630100115875
16.64003041773732
10.563166201276402
-33.52648183195669
40.64739355182897
18.04915252422009
-71.45443166177458
-42.55314860297578
-12.011326159838035
46.30963542675755
-20.62405655261152
48.70983968629838
33.18170811048492
61.54652053689142
48.31958921327737
69.63488576168663
-70.54184461317706
30.050141600336573
12.809275639868844
-13.21479162689154
-43.42761130919513
64.20750885592062
-4.240361712586605
20.55560315521926
-52.893353145999804
-7.467641215715943
4.756564817382994
79.3950057847513
-59.274481232525865
-10.550196009588376
-18.497689020119424
-15.869401284185898
-62.5716588624258
14.152900233466497
-5.86469999959445
-45.8936639566887
-43.47540145410387
59.49608177597389
67.16376259714144
-18.391059378508018
83.29464269114058
-59.95479979319612
44.06599120367693
83.10412151229548
-57.82545813838808
82.54455482623956
42.959658710838426
9.054812818670797
-17.5088321330244
-22.160434057050708
-62.965196715151734
59.45663925240291
-15.530213027538338
-53.333926963095095
11.218809259221814
4.775934611965596
-2.550458287999092
-18.171139344761144
-49.28858645239095
-27.470857680226374
78.08963988972744
31.10506015264221
18.222032941391163
