24.833695860912485
-31.374730576426074
-69.69221161443727
-70.52376886635889
-49.061296773166994
-25.44011072260639
-41.14782156399317
15.760170636263979
-53.11442473370888
25.355130460277238
14.371697168420667
-23.56085571104741
-4.284647173343473
-11.609556775565778
58.65358497454983
23.444258756764498
23.967655552943583
-28.31654122248375
46.5767034487051
49.93641095652069
-29.786304328889244
73.25164988419516
51.223630961413704
-29.358540350834772
11.475987298411084
1.238332612736059
-39.493052755379175
-24.055074816908117
54.343178305153714
-4.24048092173328
90.39309594488316
-6.546429286078691
-10.507447450439102
80.35920702824481
-25.73568601099332
33.41662739605218
3.0879058592320945
-68.94300278883938
-22.109019996059047
47.30586242194673
8.27569270771454
13.494775453030229
-33.76018712995604
-20.029165280157727
28.861797616146802
-93.4810721523807
84.20327996241863
-60.074459301701324
44.72031469752159
-17.579643591871175
-0.7386680373793695
4.535827036691302
62.24416284124558
2.8581151236011664
19.273809830251878
24.18721911119283
-19.933368217809274
-75.51297581930021
-1.1245787593181689
-1.8146592058825632
17.496555377269374
-40.21572350363636
32.98912347462178
-1.0743253464139144
-12.626953321712818
-17.88924029287496
0.7273514499469087
41.79346195368936
-5.605345767941742
-7.698356411323843
30.103144410484475
45.76050165906088
-56.70395999607471
-41.39460747052856
-16.380096154269367
36.067927275893425
75.98650517180195
-31.747033759422536
-68.2699634384744
-33.94781714507571
-15.798271161057528
3.269025791618702
28.675474112201314
-11.519990651602996
76.62451745843234
15.726554292584723
34.99009308505484
72.77183785445999
-69.18390273244412
45.5747572135557
-56.22385776957479
-21.85536579526375
83.96638246969482
34.8968646158211
-31.214417106404667
58.915766835613795
-75.44800258136112
-32.189820503604
23.424366763924453
-14.769123404520741
-0.6211202992812161
90.75273771778353
-7.3180730965714105
-69.0876622165728
22.03157469399831
-5.613217646058459
-61.36850719538766
66.78321128700159
-58.71835287527805
41.919325599483415
-0.38139273481654357
-16.412888359551488
7.992563872691861
-7.843515394489643
-75.98181865550208
27.707965531366654
22.445282801167465
-4.351904597453256
0.5989290243767869
1.2316463586303286
-22.004768036042407
-48.70815336333977
-4.928503414417349
-29.522803172504737
-26.84379939479554
3.5119960305488434
-46.84457204411644
-50.93109299280558
70.31216043575586
-57.889930349579394
9.262253022381032
9.25823044089097
-32.529266670674744
24.052852357927236
-15.31606766613615
-0.495066587568715
-34.5219320201882
-57.297175710074306
52.97223848375589
-51.01287752479506
-62.02441776869338
-15.293083321586892
-31.516647139584094
-42.59881305251934
-5.998899415684619
6.169948679498134
-35.15639453463803
-24.45863363193685
-73.16949213228585
28.993902258615734
-88.37320559629458
-2.0146433353331332
-3.3238438629003326
65.27405877677057
-2.234761929214983
30.081600432716783
16.131279403513673
-27.456706580869522
-28.06146327739306
-51.56569485482995
-56.97341031046823
25.422165962233365
-28.726835125899683
-66.6481560304774
62.08201339297199
58.1614176636387
5.333135498839468
-74.55152630574318
-34.91501105267663
-22.68949287027857
79.94366950751925
-4.603722752107785
0.19071149419733047
17.551816631579158
41.56674495942221
-12.848667710386621
4.669941528873494
79.1702201417479
-4.448647666834489
-15.343078848959507
-13.70235936602468
-57.84103657962966
24.6745636335351
50.06324448216847
89.51712225643013
1.4882420086120476
22.718792817388675
-24.53512325453839
-31.543454798857596
-44.35754905303633
-11.19005996563962
-92.38988786217752
34.62299430081819
40.44319146018347
-38.41884384696083
60.85241708914566
-49.72021412297718
-18.74169269679956
1.1140028210011792
75.16729079170693
56.27373895970223
-54.25956826790055
-54.56698452244739
14.606731631707078
-46.67547196149276
18.942396961678824
27.139955742102217
79.03204804016718
-35.94828234352361
-13.195720220590758
4.01939867877843
25.393935154306064
25.515314778998714
81.68144468921756
30.01429804466305
16.6157184484629
37.33935321393852
-23.41332255140766
78.49513201963896
14.46809904875711
16.89701070802886
24.00236247466958
72.41282441162687
35.31402269204119
-2.921627294325802
-32.719442633006636
-78.44195919271128
-45.11984680938164
5.142140488130664
-32.360725049968565
78.51049590300605
53.87402459966464
-16.448808051344272
-79.01865351968013
62.595746446007865
52.55500796754055
1.8612629019766302
40.24239483849314
-87.00110862100709
-26.100454378796925
30.552957122615112
-38.21896505238009
6.677441065024624
51.82958547672612
4.5567927613168
-65.06237031709685
13.296059096373284
69.9487047328613
67.725161057452
20.606139020849426
63.63252412631229
16.626427221293667
9.090593437940967
-46.468771334125044
0.22443183980414005
55.29518689037329
76.30502548199254
-10.702267346770356
-79.52478435734605
-43.34563238624178
80.28491098634444
46.52771354818185
-33.87978811994339
-39.70414325516058
-18.48384578569214
2.3833885573303917
63.9311708756272
-18.70799757426731
-61.82343198680529
-1.8252733266088939
-4.307777723488087
68.19533398745534
10.09257723790806
18.834839608990592
-27.67349377089134
60.078010795646605
-7.616485158556003
-39.90722734280984
44.16534078858814
-88.68714032215729
3.694575617550825
-35.2497961048463
-8.114624529407394
61.666904781381106
24.72075633112091
-36.51512287143426
5.673147634090256
-0.2742953759651954
-2.1041969815872505
-49.49306391418691
23.329250355658388
46.849317714712214
35.830624582221844
-60.39961961010537
-34.78314670289694
79.465942624424
16.136289005321785
-20.77284937175159
43.16261429141633
5.399707491769746
51.051915663460534
84.37780921447643
-4.301660177825212
-66.68306701454212
29.830196993982327
25.127059631663897
-3.7683058364856237
80.3293449072209
-30.07118995392949
0.9655172716096843
-31.354870180159182
57.61382587435753
-31.45394190841165
39.51754146858909
82.17799341317217
-30.278697257046304
76.20462083600287
-36.161770863303616
21.76219280255954
26.268421822685156
-13.15840088365195
-74.48091735274042
-91.21820339628412
32.99831495394554
19.090297380016764
63.15454936566621
-43.67963307296205
-51.73151858409241
-70.61152572001143
81.02608415516073
66.63269995585586
-2.3513722776368695
81.2623126985142
80.13879125402269
4.648219458838398
-5.908114068476692
5.242024948258532
-32.27029101773033
14.04192149087416
67.30322219615019
49.68170476248579
-72.02529268304048
-85.29165040821395
-23.240965537888187
0.527145582295617
-52.13415959184557
-5.500369365355851
32.54456715766506
-56.96243555971755
2.5626534246295307
-64.3843049265547
-3.4361255965376927
31.691787361123374
-40.805503598658824
10.637143498069491
1.3810262562777638
37.930139331530995
-9.941428532248551
-15.542432461667019
-13.494832632244908
0.09082112149509669
-31.364787183535284
-10.48876642609649
-24.65565404012729
3.458347017436438
-48.316999007937376
22.450246674443818
81.21354784407256
0.4255271795201878
1.1464172502463015
-16.708878459919873
45.60877217073596
18.475060391391395
-59.16351035262352
53.223596967262125
-56.798435297907766
9.40832325172822
-32.0175947837475
26.044668911306687
-72.08582265790686
9.000601540055115
-25.41987100853494
39.11501117176849
38.67301074477382
6.093822046357417
-22.086142482383863
80.25091824270083
54.49721351042015
34.26690824362626
-17.900974154241723
-17.685852408060995
67.78346203953362
-16.850616054275818
45.19519015861647
45.7334256781931
80.38795692609145
-13.723827215617916
-78.40785667737298
18.036248126960686
-57.62667097759101
-62.73512377086744
29.223483500728676
-18.07165262598383
-3.811005170529853
-7.81643410300066
-37.38796450442286
48.89582068079295
-21.042054503063213
63.10755310365272
-42.05232142238365
33.428597287216206
-16.350177917952323
46.07512243985272
-19.64285210129671
12.22750583241043
3.7054231824377553
23.716648094937497
-29.758621976790565
77.99971349778383
20.87178820025619
29.74446525081443
57.40655883233612
-0.05930306114925088
6.564334313821647
38.26346053278448
-58.25004970800528
3.5898646681820594
64.85648676678792
-85.65728979577622
-7.523015045735789
72.4656498980323
-68.82569453170163
-38.04533146132159
-8.85818054746359
-83.11051440162682
-32.663290982264186
39.67928920406064
-51.23174195128241
-21.15149021149867
-5.521800365109385
16.491267149916837
19.78384810002011
-69.47577164213934
-64.4126530187117
-82.34894802287958
17.61999769283014
-34.697302130094116
-62.956761527834274
16.163320146365052
4.532178019087723
-15.1610154583676
-23.221929130414026
-10.338120316995074
-14.821705659755594
-51.9308178997551
-7.545477063368253
36.9665857650061
6.512028028625863
53.16297026663281
17.171895799707542
-7.908099474175046
-70.14182273580683
-94.72298762801105
-46.583974976179476
-48.70506453340781
-85.80024098932738
-17.671892169096807
51.335271459167984
37.41197977056214
10.248642716327822
-28.871498730827867
2.8933613118130097
-48.690491300730834
64.372517241695
-58.31348723990169
-12.055598024424086
40.76431127697825
-41.37674383207725
-6.674821995482688
77.65510944969293
11.438401555160652
-0.1361953924152033
-5.067836940742438
-11.50804389758926
51.46338869705062
17.22591716343399
69.94428934993536
4.555383564680028
-21.097082740273123
-16.561614297411396
-48.52562492678162
-17.512742312347896
-1.9565810198118498
45.93254644445088
3.033885274748613
-73.49759836980266
-18.39580932457646
-54.575261658128106
40.42858868517908
-8.750314480365873
-35.26733668299243
10.018627237834522
11.471370244583781
38.52983705841265
-47.062285134182204
-87.06525960211077
-3.0851965797844656
-30.44648291076524
-44.68699148823416
-60.49992642958916
42.45863952630009
-72.2856380519529
-3.3871596300169955
25.533211567893616
-22.976295777485248
3.288595442669717
4.65598659320257
-6.008393771392534
-4.32916431858601
-58.28656710810734
-51.81900729711502
-21.489536413743537
-1.1134858952389664
-39.871542418595666
19.800362718841612
-58.35399291168341
31.94221083410494
85.08087336994973
-4.245659731782965
8.033189735008676
-0.9856162214352935
30.038222524068928
-12.679591862382665
-84.85037539251951
68.81201459735385
88.7307734184372
58.32275982468195
24.000167727297097
4.241233272396002
-11.947997551154174
77.68887432314477
-19.694054283857056
-91.86643225323459
-6.703631543939622
-11.095566746782083
-1.2961511261239735
-16.27899495801627
-11.068807810678152
0.9913233459225665
70.38760116722594
-3.5370985448519434
29.705697569297783
50.40412292169435
57.548847299778885
-74.98362409366868
-22.65811291817981
-8.120608469716686
-45.55770841276154
29.622013519679015
1.868643596043455
-56.15171609462262
12.779044418989244
-12.614212685096831
82.91461272772233
-42.286548039024794
-7.963419240888243
-0.0807874841834888
9.766022664284378
-24.52123571460666
-68.20369537098625
-59.53552527342819
15.492041380986365
-17.61102594304711
32.42967092861565
-16.23400408227029
-10.517465626498023
29.46888895138278
33.89677844508452
-5.48894563057857
-6.990710574079188
73.79490095434957
-43.92265927251861
46.40540363476157
-16.76447470748836
-10.730941263544324
17.150743716603046
15.709045698987794
87.21640213805136
-50.630831554154916
-30.558351027740628
-12.390158848624836
6.681871398972291
-12.708930355334715
6.996990471769848
-33.577911004110305
-2.061857926196353
-55.14708223104409
28.334408554642877
12.007115333951916
-1.472355740873894
24.493201569008775
52.62875918710657
71.65924389472323
-20.29074664923442
34.20407945340088
38.00194202036917
31.603090864179364
89.16414119437906
-19.806142592265132
27.801665215248747
33.97220499559518
79.6757970548419
43.03874732388212
-1.6187497343449024
43.33621594142582
-10.035683018894716
14.881367547831601
31.76499136445409
-36.18492550552092
-63.87628721357286
8.594009662107595
-50.785392525115824
26.318476080393154
17.148114604913786
18.79969527251785
-4.514752670272259
-33.18975783421274
-0.9560558852239325
13.891088713388285
47.39195789029807
-18.6548620999273
72.80480785012566
-59.48545156578784
-29.020092285118466
-41.679968792432796
-3.1046667348069974
73.26005758490763
-42.2975476482531
19.527133268836238
-43.74030132306537
-15.781540694652747
-4.637606869050202
-75.13213450570368
-61.804510608043415
66.60108272971567
-3.4378879212622877
-37.706141646906104
-53.63818267496919
-13.119793847952153
-1.28834645409664
-13.10892471792826
-73.48003445352185
-7.50950857947096
0.6295628408490472
43.40811626756383
-51.52348953036846
-15.222545874773786
-94.6699278231119
-9.782002599153614
-81.40623893505028
53.050582351828666
-39.997370653742486
74.41167586495663
-29.603469868069737
11.001188064196825
-63.00084972131198
-33.83263373547704
53.3796025980468
-28.285791912752217
20.109793227775413
-3.5886937840639206
-65.39780237638959
9.319020394277956
76.11085056717232
66.22633665223375
-70.6882847748226
23.510069912877483
-59.22818228442658
34.45360759867728
36.20157088944342
-1.4054934480505352
-3.0139540829983957
-46.07259870841921
10.399318473158118
-11.90879697117677
26.229328063356434
-47.18369344801108
-18.939709808075094
-43.197426177871016
-26.231197276529144
0.07168993217921127
-10.659879985612974
5.8634145367406205
-14.501868021445091
16.37105948372792
-32.33280566381407
4.0686200405745865
-86.77607415933134
-53.52920303465403
-10.89346322209316
70.45276377290875
-78.6866890663101
52.384821130479565
54.60426457305448
58.3831233609406
6.888525444379766
-74.84181516611879
48.26692472325283
-78.92894089666845
-5.458192506515147
-17.983583285195067
-14.831031543173225
50.277267237161055
-8.479195323043399
-37.597968066999925
-53.08268134080431
-7.233852154831297
-20.064782123404242
-6.3061922556452
36.34871565807285
-2.486423965705228
53.61949900804788
-10.663947722202707
-71.91654585716743
49.633158575390354
16.94085065092645
-17.950346017264025
0.3296340405141791
48.329019607081705
18.27034728095522
60.92241357546004
-0.019286750777595785
16.172036750407827
-30.696758594452646
-24.955640501848578
-19.025580765341005
3.756098072279215
-16.788736029664804
74.45320706606253
-12.285686752493888
31.30171136974343
-12.69685898090951
-66.68215589655581
70.11337654538164
-66.07465688535383
35.36021073572715
-44.78772404578373
3.5394228744844582
-14.039722981712387
-71.63675875423827
13.80263309360187
-9.05158254801799
-49.0452758940571
59.01969581780597
10.271088995013613
59.503855907759515
22.92958940090685
-49.78837759024195
-53.122254919383096
-38.14679680333211
-60.2554970433849
35.85131964413702
22.388164150913397
-17.708649354716485
-24.365127820464963
45.53602764517203
-11.654760955168115
-69.7865451750454
6.147329027961135
-72.55083781830963
-18.853581303858192
14.2512003275111
-34.49845889122525
7.656686785297822
19.487340112978572
-45.38902199029385
-54.55036374039509
11.332352840156972
-0.23692240679537235
-11.485784909153011
-2.666908958079233
-2.7563746450268667
30.012206436991164
-34.21839170424647
-28.164756770531824
7.717441228287882
25.814845008553846
25.082098118015793
13.755012179385218
-78.82849118440102
0.07242867372031014
42.78233517673911
-40.46412729835584
-14.860643883010553
10.348316603483255
-36.55918256838933
85.7392942188778
-3.407834960639505
-15.520493877993857
-28.43600694779819
3.5996621834022022
-18.80127838498059
-56.80948968128783
74.99209547993743
-23.7284630672074
-28.84332420837717
-11.410093074974355
72.16213153150122
-3.6220723222008075
-35.67299653130965
50.1237435417801
-36.624571082326376
-13.694985477085396
-32.68138898144039
39.4201097879162
-0.9638392461985603
32.080620225392835
-1.0228239099651546
6.6305034237832245
77.9832375655628
-29.153186692423176
68.34035689055798
57.00022303978082
10.068329738557068
-24.157187728960935
-19.923243073062736
32.737276650099375
-11.80383963273691
-66.99766051373032
-19.7248116985526
90.36887814216212
-17.21062957349487
30.79324765888225
-58.4059888563449
27.103175584932004
34.47775850280897
36.568526599768404
-12.42033331816657
56.69925505726113
-4.031341023374907
-6.320722359887739
-32.0741082493129
-5.430280837149709
-25.825655905080424
-13.993290337898827
-7.952347456482485
0.029827244463930924
45.753106574904734
-65.238739037589
15.362875703923848
34.11901498650846
76.30836799201191
11.172805120599364
-64.84360674252699
61.63745953631533
29.982988414700387
-10.507067030623546
18.74084143580062
3.0727271271899923
2.7784058991608873
-56.43902237132189
-90.12341194350556
-80.1276482608554
-22.33878630848929
15.629238165530268
-15.214418379687302
-72.36983464570025
-0.5595057203452711
-47.030483736764076
-89.44022622804411
25.814295978460834
0.5136880129382888
-31.00339027474398
33.69237326145904
40.12360430947348
-58.87995479714415
25.005153377901124
-12.632877819028948
-26.67501684531102
-34.941465365531585
-36.995085222809216
-27.085844793317847
43.27202219451459
59.53921330123049
-78.52323968086209
-11.513280447121076
-0.7350304562070278
-2.3245366407616217
-12.287099192873725
-42.13614954164212
-58.65001123055939
46.916162643998575
44.55379828675149
-0.6756349444498397
15.177707072298446
20.801919238572154
12.27145078681832
71.38463423387225
19.15585619453104
-12.338203350284175
33.38781005195872
86.85788412111111
-53.10813761975597
18.009645073900217
-75.52830259468935
13.858224048018243
49.633991147223384
-3.7801427588942573
-38.437233354237
-14.892821953272005
51.98722853539073
-6.368181467503248
-24.186925562114098
35.14137855487303
13.212777039195217
-68.74459062043466
-21.65404259597382
-5.533594544158575
25.452926908629422
26.2228658683142
-3.505876008050663
50.60771755653164
40.457253126269165
-29.704777427652402
0.06373009057571721
-31.302353499667348
-13.82260288218626
-1.7141142965713954
-25.542614283164994
-13.230418215004406
-5.009507887416731
-77.31665822803859
61.09930016383282
1.448911279692311
23.213816287883915
16.338376059240275
-17.922712569010685
-0.20772647287138568
16.631892548494918
10.53375918962142
-33.324066977105076
40.37255398839281
17.94436146692277
-71.54987155375353
-42.71329008753994
-11.963288954816193
45.95712308487188
-20.660581723656193
48.71427320352976
33.220077659944366
61.51048530068633
48.30143900009443
69.74874976935251
-70.78294313058356
29.899928022455683
12.753509559417125
-13.22793943475358
-43.56380326510921
64.39785878548648
-4.251021287228369
20.413980248844666
-52.83243282957073
-7.479300361367564
4.762243889998672
79.44601004273571
-59.41531578581861
-10.545228925207837
-18.49716215491931
-15.894118305979191
-62.5032835738224
14.102527331267439
-5.851894732071955
-46.0477405775895
-43.585356707881964
59.630226441759476
66.84073694954179
-18.438023810126168
83.21745067130706
-60.066317185086156
44.14277729867922
83.27689416260972
-57.50137696523296
82.47690199974795
42.89053478125726
8.915493332987765
-17.478244470386983
-22.05556860103701
-63.04225628577467
59.386453609636476
-15.472383927791057
-53.05422371746103
11.22825435893779
4.772207868560301
-2.5655043985744044
-18.20502924757926
-48.98176254159056
-27.360983984397052
78.20836887496765
31.136594577085134
18.228969708032167
