28.489729681374527
-35.33621542971177
-56.25740759800709
-55.84560179777276
-40.56780325533897
-30.12913582514618
-43.75943104467988
18.069962170226276
-47.817445842726364
28.68474823503516
15.986554463942099
-29.565384711281283
-6.076143595879529
-15.23000654712169
43.19609977490282
27.062926877211936
27.171169709224344
-29.720817020212962
48.6577864036947
49.18722039973096
-30.793583901050837
74.55364484355349
50.984825456051425
-32.468484654968066
12.77800216932144
1.106468238158243
-40.950221496398434
-29.44256369180512
58.583718285790354
-6.011602120127932
86.76978106626999
-8.537819218778594
-13.800389495093086
78.89297728989851
-29.480176942522974
36.5989502027725
3.2749192437999
-69.43016435675727
-26.32106024839348
51.66487015526718
8.9999843664082
15.269518848134041
-35.08644260171721
-25.368408773196023
30.206699417244636
-83.39429578893575
75.7102467525171
-59.438588222396326
46.128352121321456
-14.657535525478039
-1.544107095741225
4.3363287116656295
64.88499983961188
2.5601932300518087
10.284466049295858
15.433080660087995
-20.449661347964025
-73.0838270266103
-1.2153228266857354
-1.1940834851144757
19.865646223604415
-31.46213431462867
37.100407285281676
-0.7619389434930781
-15.732677728296323
-14.491121915801884
0.04931949501919064
39.88034806703675
-7.18168157388331
-10.297173500231409
33.71217971585577
44.8622862274556
-50.163391828160194
-45.09032756199492
-20.530927768949013
28.731440867416524
74.46077555809103
-36.57062097045776
-55.40695850626858
-39.21229257640539
-14.79704014186295
3.521128991801419
31.93385313394228
-14.8145211476876
77.39187072904144
9.127872855220033
38.00233641259294
64.59221171797387
-54.173354430931674
30.21503973485963
-51.64131382030606
-27.292856385008022
82.64191111916983
38.70267397082043
-34.73060506171027
63.29251434101113
-63.1180333708845
-29.616543148328148
24.924642600771563
-16.419665019685326
-1.446987240824214
86.93190837003868
-9.253511043568835
-64.29669301832419
24.049902442545374
-7.699070693374949
-63.859924590525786
68.05763911494444
-60.866061320548
43.67572157049713
-1.1290194522919563
-19.44962343830062
8.718022421159716
-9.537802809645413
-71.86317488057304
31.700732864514634
24.555925094285996
-3.497327806179854
0.31764796427067665
0.717208238992626
-27.696976489307986
-49.17463790811232
-4.487213644807056
-30.424424874249524
-28.506590033981155
4.154871325194065
-52.24675230956987
-51.84093462620055
61.88066622842982
-54.13789435155119
10.627745047812695
10.15384637928345
-29.042064592400976
24.618288329144264
-17.042392998739132
-0.6053689406569305
-25.5982699570569
-58.26896578847322
57.575477653148
-48.68915856505858
-48.130691521889275
-19.54370514195118
-36.619324772778874
-46.28812215215884
-8.148198039817828
6.527841360334676
-40.769623830287024
-27.49529812485636
-69.6240020315685
32.997604110535406
-81.67867343121364
-2.5844850142024285
-4.778558674718212
69.18054313151407
-3.5878039278416622
34.17433695323186
18.015394275243068
-29.9509426427813
-28.374216740802495
-48.07016495743887
-48.82038912422513
21.180337976999112
-35.00249978291749
-58.884248103851306
65.98598184427749
58.411287256875
6.595373018668738
-62.251927331538525
-39.96372539868218
-28.289571673043625
76.17380707969505
-6.380633119968721
-0.2945377166928722
19.841218972253472
46.434956180104564
-10.737216491417612
5.292862280304547
78.57376446609061
-6.266257011880896
-12.814616451206376
-17.373296336293933
-58.77926496570712
28.261672644439926
43.69570920297616
88.52264947925588
1.7660763491865907
25.73472145356199
-28.70676398337538
-34.305807744364856
-41.65206248211339
-14.262510952954798
-83.776626295607
35.76038006077604
44.485948491345084
-44.93647741123876
62.48683535461194
-45.78826080373044
-15.099991118847484
0.6126834221934132
70.30754975104279
60.28250100684093
-49.03369645825943
-54.518208658203264
15.570860836008663
-47.85699833916273
19.666706709009645
30.58882175187327
75.88122973642683
-41.950612834791166
-11.420889435043222
1.714394251232477
28.26986325150679
25.04491459586457
81.23067758646746
33.77263535691574
18.617923892117375
41.405148200823675
-29.61360726998545
77.17854309455049
4.5095327181550715
13.821936136112328
27.549196319809994
63.91897972066275
30.881607128694185
-3.7198129319715605
-38.35923558636556
-73.15924582370423
-36.30711565464156
6.103365820252421
-28.580554287716154
70.56564790190305
39.361032719900265
-20.762081051937074
-74.4470225474911
63.53389218399502
48.909013557524304
2.5316798044331676
35.508989756155415
-76.02153217313062
-31.206121223164274
34.86126833623101
-39.279554208624205
7.123169881323065
52.729632921127376
4.498617220962757
-64.61352428221251
14.970773831310453
72.82521612133235
67.65519296479906
22.47899154340179
61.67853698625427
19.140037205202503
10.028243914027144
-51.67157315481977
-0.5774237584275568
59.37706963304703
74.14582354618844
-13.005695517780865
-76.59698788002606
-49.19331139600665
80.11829414095158
50.90429752977201
-27.79863315083668
-41.14516133299516
-23.450084263650254
0.8468197235844173
57.52878885810432
-23.80067309694779
-58.59054362791286
-2.628250388143087
-5.4166269952019235
71.75386703925571
1.9920024346847356
20.654457635284743
-26.31671682327277
64.34336323026
-9.903781969594164
-33.782005870407545
45.21845995464713
-80.55133556111244
4.294604728415024
-41.578282123699346
-10.815098154242094
61.87454105327342
28.162478497978967
-32.47421711958356
6.365778204165551
-0.9979565406615194
-3.028404206990814
-53.821736678704596
23.494329986234575
51.4345995208846
40.19722537996341
-63.200366284328126
-40.82183553617962
70.43501225177096
13.524508473695391
-25.462431980196314
44.08094026338068
5.739988125874632
52.525644403106554
75.50538215461583
-4.597549328642955
-67.49868380587267
33.33792019312173
26.57471420809999
-3.4823930454011673
81.1988238725086
-32.08364020471454
0.31700793276557704
-36.7223316029666
61.6919571501447
-34.11920974749062
43.32217598842968
81.95300510733443
-29.76532231036046
74.14024095996908
-35.46965513441134
24.990667543114256
22.131960982841946
-12.088136392736757
-72.14811610470659
-82.94577378699204
34.33913402430369
22.028626372923966
66.08606333506421
-37.5194703454037
-54.05820116436518
-70.41989529072816
76.28532231467412
61.73100093421016
-3.5847601945455096
80.84977727845762
80.64569621568549
1.3586321119028213
-8.076259996976773
2.2072319118495756
-28.416401297885045
5.176303521827506
62.099405159577
52.26046031694153
-57.79982400976142
-79.14404206030336
-19.85554705349547
0.5855551059497373
-51.76516088963918
-7.547541631961693
36.66749772651582
-51.902609008539194
3.3589829804051448
-57.675022243293405
-4.916384301285916
35.42097782924449
-34.0227358909168
12.413368492772364
2.0272843297412777
42.73301218210506
-13.115266919517836
-20.20603946666884
-11.787982255277697
-0.43414655188300344
-34.104794016664904
-13.775909239660166
-29.5391676330688
3.616362824738843
-53.020980230827284
15.156415397871783
80.55633007206447
0.3677629832977516
0.7774146650978082
-14.70311852160944
36.22598522406878
9.814653594958614
-50.01503603239486
49.45919646753899
-56.54768194248605
10.329912344711332
-35.836060541748445
29.86429827271735
-69.60500402908855
9.929552333878547
-29.61419842595859
40.533143037707475
42.645537564051125
6.514678971455709
-26.517206844911797
81.6281175726584
37.53620973230795
37.89676023355361
-20.12046679501337
-19.392638900906093
64.019252521846
-21.615064218188948
49.29631414103312
50.481692067405646
74.71048410015888
-17.50109596546001
-66.9840254635371
20.66800860024769
-60.99719726433315
-62.9771659055113
33.243150441239095
-18.50562804792571
-3.5098509270505502
-10.088479839265503
-34.75269478300801
40.08830824655902
-23.813239080845577
58.13593200828885
-43.22970151973127
37.14332519401478
-18.192672981852
50.33729897188212
-16.422560448730877
13.3261499625835
3.575630843649151
27.2343783451975
-23.013642762688633
80.03431773960219
23.32677357037582
32.76833301936574
59.47134692588688
-0.3444964275304443
7.4402633019898445
40.588965909034414
-57.706034789937384
4.133194290510886
68.78086066852237
-79.39347780784139
-9.938510173323309
69.24203998238687
-69.14825622142732
-44.10314806891798
-11.595443651005269
-72.13788446911167
-38.535937986828834
37.08358065245923
-52.431645809142985
-23.298644022053253
-7.549913784840243
14.250085764806087
22.142831088986853
-62.63516593017562
-60.334380049076536
-75.5728198065221
20.470274199714638
-31.092802058187573
-61.984551724585785
17.959689845601986
2.775159114450304
-19.34457902803517
-24.375288302554296
-9.247655734417464
-18.921052005049233
-51.69700526045361
-8.677575625460108
23.796960220125555
7.685302796777165
58.02179067955905
11.670025078646546
-6.7860260599501885
-65.6639787207655
-83.19548680905748
-50.16891208774304
-41.17828622842862
-76.53510111731634
-18.063572859138446
49.12370896306891
36.37075056819796
11.313299504741892
-32.96719381529971
3.5312821528568037
-46.23191944834393
67.96550868920744
-51.63328418578361
-12.43491978204652
45.32563118399773
-46.871890338757495
-8.799492320082777
78.61670698785923
12.992858927411305
-0.3925936269746728
-4.224933175219348
-13.043286671554398
52.51950785943205
18.48533067587867
72.40651447341247
5.537035348020041
-26.7713969920746
-21.205117228879743
-52.21545836052153
-21.597279632998564
-2.9807199600772805
38.95437701490229
1.918695168541916
-71.73855668582682
-23.73660201791202
-43.681275609958
45.07972205594882
-11.522029057778823
-40.61855881971719
11.059756585236997
7.121489651778504
38.32875007481428
-52.662125411515234
-80.54304501157281
-2.9387034495528326
-23.418095323237125
-47.27221264417431
-62.49402574968669
47.28411474364242
-61.28262978809352
-4.664386682462876
29.303421207149086
-24.818559753733297
3.1528398797826895
4.709018910568304
-5.813579825698895
-5.207014968229757
-46.57473363286345
-45.12787682446013
-25.734238642149663
-1.967465952731061
-46.4237019769188
20.314184066343785
-48.18379630471468
36.26632872246569
84.83718386946504
-5.58310297190296
8.715783267213538
-2.013420722865405
31.886244110406437
-16.54148150619153
-79.7714820168978
58.74980647808522
84.62734338163617
41.60330746006022
27.341609833552866
4.215763756492933
-15.287061169487117
72.1308583746019
-24.890815716240297
-82.21985546242996
-5.949721059002144
-14.5565521393942
-1.1021714725844873
-19.438361607236672
-13.890344607393175
1.1550919595415792
72.54990402387634
-4.825471693524008
33.713587613196324
54.36909624282194
51.48516353874757
-71.35243379689463
-27.069563735171926
-6.88411449376855
-43.42497224822324
33.78363115734439
1.4217437152086774
-57.52779373643758
14.347056911543788
-15.890310541670303
82.8291046511984
-48.06162907679821
-10.601281985665736
-0.8908208330198164
10.621509089403418
-30.634998285976394
-64.21316446950655
-59.88373665931646
16.99768644293229
-22.763737594453957
18.197259704586926
-16.309939813982027
-11.793839436892611
25.503131264274643
37.47332541107451
-7.3182717001472355
-9.421461023560767
74.05628006335459
-43.99209386990744
30.167270284703292
-19.37596111452271
-13.431085903080373
17.869391730965162
16.522929870098253
85.18970438842086
-41.599724149111495
-31.061049258171394
-16.1879788921796
8.098132999020194
-12.96988746697734
8.458493539253354
-39.79619114993892
-3.1481540265662318
-58.01563099409716
30.061302603956875
10.649696515909028
-1.9921116023258065
26.194579699358016
49.02249521702413
74.71863874826627
-23.940723100104364
38.54808483110469
42.32875865393228
33.39884271268116
87.45658905781605
-23.140208718078924
28.76913611028263
26.28565960415372
73.40408045535509
46.030881245313594
-1.363948454078752
32.00041853805496
-12.442831822948122
17.247163450436204
35.898370357858056
-32.66538837178145
-62.90564999085821
9.967787224093215
-45.176923020732175
30.266998553672977
19.24439052636771
20.890370287745554
-5.60943519475228
-38.52916550854459
-1.5651426044210552
15.568983227911502
50.49622391358386
-18.955882151908924
70.36984922646872
-57.2989228596665
-29.533919940170932
-44.61672568071544
-4.641883011246719
75.72355340365351
-47.88313875107739
14.890940146954208
-47.685739173672765
-20.476758629195032
-5.7995951511791475
-66.2050273099902
-58.39751329406051
70.28396493902645
-4.618850701465163
-44.2812477876262
-53.556072587341376
-11.4010704317363
-1.892978731786826
-10.92467481013226
-72.48881498166845
-9.962312033289678
0.43054971257161867
45.15651829135152
-50.645133220899815
-17.27097238364661
-82.62337424226511
-9.225235906934088
-69.62310197678588
57.8198972837973
-44.21757778224272
76.83091321523298
-25.55406251832865
12.516077427297105
-64.55791298800182
-39.134412411921225
56.360832245263396
-30.925061508832016
22.71997928845741
-4.981194847886201
-54.94772768415717
10.690798021831739
76.29345553859352
68.36540072933542
-69.95316230227962
14.706996123862893
-55.63490545773464
38.53204562457884
39.9376433189334
-2.1578831946281127
-4.18192855476552
-43.93392549581937
11.478828980956607
-11.211749186760258
29.725856116348027
-35.058171191306684
-17.29595746377609
-43.04546936507778
-27.21833430473218
-0.09150676448975048
-13.947484334855076
6.259787384041573
-18.959279001475608
18.074011883941253
-38.76364392017905
4.062451203947759
-80.05769965869492
-52.8772373537328
-14.32001792973361
68.85682316243881
-69.9695324841648
54.78321536983674
53.4379656922973
60.61756949608446
7.380536922805703
-70.9465010886152
51.146633801263505
-66.7867194293857
-7.518150983664796
-17.064621860964465
-19.23365830593886
53.614498736517334
-7.173111539328389
-37.215209998199946
-53.76697969106171
-7.96582090210336
-25.077174784588763
-8.212197581041124
31.22987210791308
-3.1674491550854498
58.426024827801854
-14.01344566693814
-56.708648376275725
53.97054325440149
19.72956130266536
-17.307213373336495
-0.3957515651445931
53.021157819184026
14.273069206687836
60.757507636465505
-0.18068056228386808
18.80601570173924
-23.981794297801926
-27.151374929884255
-24.398443586309014
4.0238362037986235
-21.804938489635802
70.71987976969965
-12.425671139782466
35.69578438507381
-11.629735501383564
-66.65697052949253
60.605866607205144
-56.77740522954377
39.743520717258605
-50.48510226945532
3.6007878317990105
-17.776123015700406
-61.558258153602836
15.201140929290958
-11.970850826148464
-47.42767594662028
50.05308933818287
10.27395841171925
56.859077542283046
25.12195171591678
-40.79699960136624
-54.402364142910805
-43.91063781461323
-59.87582039122037
40.517893722709545
25.33721242762236
-22.702894705896483
-28.991550747898813
50.27016505095207
-10.942035994185062
-69.67004310597521
7.227920293572964
-65.15765175011774
-23.853417542267536
16.010215721762208
-40.105996544846086
8.291221694020479
20.371543829683674
-45.993459970127795
-56.69329585735026
10.718740711861543
0.2957889216288976
-14.172949298249819
-2.515439411491755
-3.6450648873982345
28.70095765337662
-29.58055644048315
-21.27888806448526
8.537352078817008
29.583705795308106
27.077159461718367
5.211360990110975
-69.35252803878666
-0.42761425455597646
43.14746229771677
-31.26859998389243
-18.986154810149074
11.427494802570678
-42.370025164402634
84.63518633682554
-5.016241704097013
-19.835331937758397
-35.035320793954725
3.507710457843231
-24.156122091401613
-46.0365256786658
77.61372301838142
-28.976880793088668
-33.52625784024926
-9.573096660832121
71.83240357225358
-4.449355459297806
-38.94887968847161
54.275496930015464
-41.173597924582744
-12.742288322482267
-37.416065504522834
41.72184173670283
-1.4582344697319058
27.485361182635472
-0.7742196634828247
7.073154456398612
65.35404200065005
-32.70874477439864
70.27555387028445
47.860661909833794
11.177990224935414
-29.887146684505367
-16.975607588152698
30.149220690417337
-10.40126203017644
-52.92572453280925
-23.706395179020248
84.86938352866787
-22.186117495461346
33.11795381209015
-56.002726100541764
30.188032283135385
39.09009188244386
39.68272020731334
-14.701976150076646
59.23781728600176
-5.774993720180561
-8.120841860817379
-36.54780141820771
-7.232819562619866
-32.03614498181217
-18.09068683518825
-10.355011748091187
0.6451844611370916
46.40281689750725
-63.87016650063501
16.499523130544574
36.355586585953745
71.52879115555456
12.391263988310968
-60.85031327163412
64.70863448656289
34.20419382017093
-13.573645194517496
20.78759333992062
3.166457663755409
2.6484102379503156
-45.86776725524928
-79.12537062543574
-69.6552954180213
-17.504740704026418
18.155652440503772
-15.473029094078484
-69.47730399009106
-0.9606865511020004
-43.93968734444068
-75.91977163370505
29.26638478526317
0.9167024249126854
-27.73953144965074
37.21536136003567
44.752757526408715
-59.460663337059884
27.950697810158943
-10.842097041048035
-32.76054728924592
-29.310003609133005
-41.76282145665265
-32.982402353834885
29.103476679145302
49.171732883081916
-69.71950844094987
-14.903622218309067
-1.303755253697247
-2.7462510919116596
-16.090940448601614
-48.45231466759742
-60.04619633731163
51.35506931642493
37.20445447775742
-0.34214368413550744
17.536057617955876
24.028369454287258
13.027115044848841
73.54583638772871
21.90796265314229
-15.695209922410669
37.58554299412313
78.35054330187222
-57.38554485694156
9.799562536605237
-60.15885679504196
16.340065082117178
51.62662589090294
-4.831658815900596
-44.02343975675204
-18.625950708184988
52.782346416042174
-5.9677196594437305
-21.22618689694916
37.902205165540835
14.585280377445741
-66.93770052940661
-27.497377211814012
-7.064889564660064
28.974946995655785
29.962281816818773
-5.06649164966278
45.52406937538939
33.48881579188995
-28.901398897871857
-0.06039320230003398
-27.6709069756147
-14.324389669087097
-2.0486245747250393
-30.928465264800778
-16.032966011861234
-6.952772395965198
-70.06983320466293
55.805681894019045
0.8685158372329482
26.430721032749005
18.226538674532122
-14.95720064087125
-1.0331885743946998
17.838442552456428
11.91519363325638
-25.17665820622652
31.141081264560967
15.840073120347995
-68.83542338733807
-48.819334570002965
-11.560972022174624
32.69983619150847
-25.46619643789961
49.68165755478532
37.197660326267425
58.99684365230746
48.56881768647642
69.78394559666216
-70.9328934936119
26.294066825281035
15.027228871919178
-16.668894473715056
-49.02233542710289
67.86788041331019
-6.0066165428882385
16.86573236686627
-51.457563416852416
-9.901712607885543
5.402526811669958
75.1559454505167
-61.29555679464203
-13.038006591921118
-21.987940023930065
-19.982171177579488
-58.741254619907785
16.51375372014455
-7.301908749280642
-51.400931996461445
-48.47667465234969
62.60905435004534
53.183851898974666
-23.33864627700241
74.15050329274604
-61.188928714447144
48.23103642345967
81.40171839116542
-44.573456026732735
73.8997414304686
41.95400195281388
4.11113770853899
-19.473290320162988
-18.289779183853383
-62.61463054122157
56.185974852556825
-13.058128524325838
-42.46948773658696
12.419140087808998
4.855722111273707
-3.9915800369089567
-22.768506481326682
-36.684960078354614
-24.928304971351196
76.17351321942712
34.91664005955599
20.10097372866788
