27.88544613976694
-35.20188040862512
-56.5522312858461
-56.13958408324
-40.73427027875669
-29.87997048001175
-43.727554476905205
17.647737041195555
-48.02803582153127
28.26010051477273
15.7912553435049
-28.984280263570653
-5.9606590289667025
-14.811154495292769
43.58920324122087
26.430962733240946
26.73980737286439
-29.774820071941065
48.60024883774088
49.29969712381103
-30.861736539582026
74.47978479777268
51.07186948965898
-32.42169582405842
12.503132226260433
1.127331595418923
-41.00015383444931
-29.036596184041016
58.17971971278152
-5.973363016851351
86.93979778883349
-8.166180754825504
-13.322867820034787
78.98047390683945
-29.36782677125254
36.38356501168417
3.1638151049921106
-69.23646299087748
-26.12792516582273
51.24561347721476
8.781478020781407
14.923841594912773
-35.145973831764266
-24.864368927918562
30.211216337432603
-83.60696755752566
75.99115027349052
-59.514299278874894
46.128371008527864
-14.618423337391832
-1.4859573930961147
4.46099045428501
64.7187200449919
2.435953374586603
10.577166924909307
15.734533986798425
-20.511950354009088
-73.06135378153859
-1.293231039372273
-1.1123129361646988
19.47523902269198
-31.54426038398192
36.605489357487954
-0.6489201833124696
-15.61821723959541
-14.418239405761625
0.007425945470913575
40.047298495642025
-6.818025531701622
-10.099070158189448
33.338065447685636
44.98697474051443
-50.39445865553356
-44.951363304711016
-20.25734464775101
29.024355971801057
74.55711097497138
-36.31955725142424
-55.694342662708955
-38.88949886248575
-14.826723160619167
3.614079453930259
31.638951291954612
-14.612909897519046
77.35254755163552
9.392661886032855
37.82692177269789
64.873864723
-54.4546872843346
30.605222519748565
-51.86019657643848
-26.824399251229977
82.72021819938834
38.356806041470094
-34.64483634696558
62.82526114800703
-63.45270535260164
-29.714661711342885
24.899466610172624
-16.457461684294074
-1.5390078908193345
87.10836567396944
-9.261780704879712
-64.51823994322478
23.938456325939214
-7.6118203083716764
-63.58832409679121
68.00819858025923
-60.698731238560065
43.65140330067689
-1.0888764035613718
-19.38551109807807
8.48790164162233
-9.572205015588494
-71.98103773230336
31.050175617454812
24.431702086080335
-3.4211046712675284
0.362746407546922
0.6758221738633239
-27.158046907509075
-49.25381788472218
-4.50522013828332
-30.49523057708916
-28.54980658412947
4.112627636147309
-51.805469409459526
-51.88293772349842
62.1686855775954
-54.347788400827106
10.360280301360618
9.936122613483946
-29.131976951235742
24.67896506066002
-17.077238684327355
-0.6908384313097429
-25.6201316695782
-58.249146210900776
57.06866575252491
-48.86303018863096
-48.3608980667512
-19.189610541823015
-36.3234215464738
-46.14179433898261
-7.926880801508148
6.335333199147158
-40.38452389813337
-27.45321173953991
-69.7443318683616
32.40109518515689
-81.7374014749853
-2.382427007617366
-4.808836952463011
68.79178175569515
-3.5893691444480993
33.57771587635489
17.784860485555427
-29.950796591329393
-28.454621038478066
-48.26320229121795
-49.05006967977486
21.41901526603084
-34.45498338318467
-59.1646115581656
65.61660505383446
58.45821357179955
6.493337844841406
-62.58182731234874
-39.67453403124749
-27.799106250555766
76.34934932009978
-6.196391436772373
-0.4028453640570575
19.488935053832677
45.75070439763272
-10.665978405291312
5.303737448416342
78.61836693517617
-6.133806832504419
-12.762171568133937
-17.145585440913678
-58.75569395364277
27.68208824930474
43.96533596296558
88.58891609441847
1.8146299202978042
25.328629992132562
-28.534826876777686
-34.28541387479092
-41.81249910240922
-14.118962207942388
-83.90006536178107
35.78556974708005
44.12986866461523
-44.36679234298254
62.429139337175314
-45.97804749883397
-15.031534181274552
0.49652928942884955
70.5179528923062
59.92438341736249
-49.24956854727543
-54.59854451069161
15.572244903570407
-47.90315941283316
19.70867087006225
30.184896890683262
76.03747802983074
-41.49147346718037
-11.392270335048579
1.9073716691399625
28.01381617809652
25.166166860607134
81.26437236808897
33.33896154426344
18.354454220121525
41.01375691555154
-28.968057018618353
77.26126470899322
4.791047602496434
14.035194860997464
26.960834819875032
64.20630649833603
31.121861426598656
-3.8033927469065247
-37.96972682620882
-73.31911141718949
-36.435307116411174
5.994938484534771
-28.665052603827988
70.83919783476966
39.7447734578179
-20.442649173151267
-74.54463294645116
63.52449556531437
49.11522985589093
2.5891945256749835
35.7529758358294
-76.35345877270754
-30.885595870610317
34.15330061707286
-39.349486421456234
6.932018476970043
52.75200100638992
4.613752670734328
-64.61156412856468
14.646061457073273
72.59151867237759
67.69518665159381
22.37817179585211
61.815306222447305
18.686912771450096
9.898230219123818
-51.26996524001527
-0.6112117148156955
59.00734122187441
74.26867430966786
-12.993691132120574
-76.5169141066414
-48.71592442182869
80.13649638165742
50.47907943269732
-27.85823351816991
-41.19561433137282
-23.002426288078922
1.0243875223776655
57.78546883258653
-23.31925492657004
-58.783626366095206
-2.4774930209355546
-5.48640201420163
71.41947734292035
2.248319515869426
20.53906582511746
-26.400184293890334
63.899772363283034
-9.476703958912694
-33.896464657590364
45.24387112583324
-80.72567368705782
4.238871708415729
-41.05466725043987
-10.534056350766534
61.9148889318256
27.654140192345594
-32.58652523590665
6.2147193981297875
-0.9616671538128401
-2.8757649361769637
-53.51622622607199
23.58121422519342
50.94093886195816
39.661873683888814
-62.90709017069525
-40.356842858685205
70.72651665629016
13.726712012569052
-25.160112803500965
44.11626894856522
5.575264508827047
52.50974446709142
75.79255862584935
-4.664297766179786
-67.32286633736524
32.9915301881621
26.561312168546834
-3.5151829448447245
81.14641081723857
-32.11147354943584
0.21576802722840682
-36.38034405380673
61.31053221892668
-34.10600939640745
43.01904021000729
81.97320537484956
-29.859863581702385
74.25940027471225
-35.5836963220375
24.448795940011934
22.368425807243696
-12.100129685149128
-72.1408189069973
-83.07108462420665
34.34832411822242
21.511714020848643
65.87757931855475
-37.664584399466804
-53.9743991678815
-70.26810657182796
76.48801093683528
61.95171172056422
-3.482420588495188
80.88160498059707
80.619976411999
1.566121870844583
-7.898144330047501
2.4126423232195435
-28.499086175715647
5.451629895652388
62.32652603867524
52.14749890209046
-58.107628240176794
-79.23530226468515
-19.868229075338874
0.6757099918976337
-51.874108181789346
-7.360267809006004
36.15311259621805
-52.12839292849918
3.3828801292708874
-57.93935887583484
-4.943767615686369
35.042928555353
-34.13665795776478
12.102139232368827
2.1130687201231666
41.987744885831944
-12.762684003107069
-19.665013553271564
-11.675314338152816
-0.3890545576255562
-34.08621872662854
-13.298862624790502
-29.24844662599031
3.533589734531674
-52.674968998358466
15.440113885766607
80.60196583404803
0.45238623596280547
0.770673500278491
-14.700299126998956
36.54762521813194
10.102889994012301
-50.25545503893635
49.66773352054227
-56.62542173979801
10.114003208369738
-35.71745198346571
29.231960046024795
-69.66089350920366
9.803199479159417
-29.44267882210417
40.53706238704359
42.29490814262877
6.327512171023159
-26.285737888225327
81.53483034815062
37.94597883791937
37.59035824078455
-20.131592764791748
-19.428930244710386
64.20865915904204
-21.150197312481126
48.94381259198957
49.91713392350678
74.93690492858255
-17.238880571702637
-67.32768443811098
20.209551879335095
-60.68358716969598
-62.948232107534714
32.64842252979136
-18.565297594220922
-3.379837457407419
-10.047794001464837
-34.88022255483648
40.40014562356646
-23.7891033945223
58.36246017070951
-43.289747001028
36.80222955528669
-18.22278609275
49.94427174438974
-16.398983949725007
13.278168175337655
3.4326413565155747
26.647763873147795
-23.015512244334943
79.88094310530431
23.074961029100976
32.54892648518671
59.38732066993754
-0.25312507389050154
7.259713829909117
40.511417474528656
-57.791219172073376
4.175856602778424
68.39052918865741
-79.48593509420806
-9.846714325169884
69.40865617609464
-68.9796329233941
-43.626750519748214
-11.143192507425539
-72.48112060387236
-38.10160147445473
37.274048778720754
-52.45117652663329
-23.316348533756198
-7.490097945746143
14.442294257902788
21.884428434104393
-62.90969522312319
-60.54812740641451
-75.7686020646855
19.962838419038263
-31.196872683517554
-62.05422645859254
17.775695623596178
2.9576744262254238
-19.008905597742356
-24.432152174272176
-9.123556134343588
-18.59836291045312
-51.800164704102286
-8.73789820286072
24.158199603270972
7.521293631708616
57.410535112463975
11.925125821756836
-6.748110889472798
-65.86736568132311
-83.47358337581234
-50.000727717047916
-41.350746830667724
-76.81599006494321
-18.122647645960527
49.28913478263621
36.510071516904475
11.20090578413452
-32.816501819661596
3.524230699094673
-46.40378872866203
67.6446907897712
-51.87296282506862
-12.488722413408013
44.796813665532795
-46.47617279438093
-8.763150100953524
78.56044551445672
12.67136162439408
-0.25040444663116546
-4.127377053720338
-13.086154571531438
52.53240957235789
18.458480022343565
72.2264170136956
5.460402208233262
-26.202162074904834
-20.7716021532038
-52.0125097177301
-21.36895734226401
-3.0581645677470135
39.23818038295596
2.085411792176629
-71.69501463963726
-23.13459326120045
-43.87257559020411
44.502944087467114
-11.355949364113542
-40.27904248518469
10.896984120029401
7.353761942067749
38.43043046154875
-52.182281323363846
-80.62229418967767
-2.985513834018221
-23.422740477466903
-47.22410440431032
-62.310511502184575
46.64495399791289
-61.599995899934335
-4.466138947107439
28.67432824088445
-24.8520687780791
3.008735183668321
4.544478307578288
-5.850145263231326
-5.2825055262420335
-46.79073686539862
-45.328889307883266
-25.530127590450434
-1.8872458003485235
-45.83920045500732
20.375035802620573
-48.41215057392529
35.6142270407891
84.85850934003929
-5.311791121946015
8.505572452439594
-1.994580791652723
31.84481863091142
-16.137390729647265
-79.76963533943295
59.06512560709231
84.81093884474197
42.01038935658639
26.846320889908128
4.061040312251521
-15.09131278810959
72.35622347162499
-24.419598423272504
-82.43534636353793
-5.943448310185715
-14.20010603794465
-0.8712590541353364
-19.357803670476684
-13.80361717954581
1.0768256733157386
72.4024687376606
-4.614731893910317
33.14774964566894
54.04405493396942
51.741692562591595
-71.45038090386319
-26.84710750272339
-6.7854664060147485
-43.584101900327866
33.124107255860224
1.3002769800079363
-57.484874410101824
14.03641743341673
-15.736919498417521
82.84062202228534
-47.608237571666656
-10.425579491622258
-0.8940140206977532
10.606099450907905
-30.05025405857903
-64.40781254288126
-59.89073022154987
16.897892224439104
-22.182099787121672
18.558642736937244
-16.36478973776879
-11.845616494470448
25.73530288153877
37.17597586912774
-7.033478112221175
-9.206894377484815
74.05937713605002
-44.09791128898266
30.566197126506694
-19.35684385909363
-13.361768935204438
17.908518895477712
16.54833887318607
85.29975221145702
-41.77435720593923
-31.142872756897276
-15.783411238315836
7.936463740001031
-13.0223362551544
8.283836691897932
-39.29380488093253
-3.0345098243561495
-57.82158008705177
30.02805586048804
10.816110358029675
-1.8261215431099629
26.14999201230593
49.227564815761525
74.45241402556857
-23.82004469521904
37.97572299669744
41.85574887457403
33.366185431976845
87.55475037472618
-23.057455807345335
28.803265219702524
26.583441466669726
73.64422077309851
45.87635359410331
-1.4077683667031096
32.3473936538376
-12.412348971722565
16.81795334975058
35.35083664492558
-32.78051732273261
-62.96435388161498
9.723373405907395
-45.3747802585241
29.584357677439442
18.96577841170574
20.69597935165963
-5.267302099278282
-38.19399095424134
-1.452854675804474
15.278969479986202
50.323584131459796
-19.01654061712668
70.50868648274476
-57.46074772088541
-29.612839808968815
-44.55401688836196
-4.58088923768058
75.5315531124578
-47.46353482509634
15.135391128738561
-47.49962596635333
-19.947471396805
-5.456758707463351
-66.5161707922002
-58.59633903027685
69.9339324818664
-4.39458037357123
-43.702302443671876
-53.64361537999063
-11.375518119818679
-1.9885116681195854
-10.836485275554338
-72.35589382305973
-9.62417957186058
0.4843578039687202
45.13162729909399
-50.77747954040741
-17.289889422036737
-82.92819628218056
-9.24651276171059
-69.97678682040572
57.249002591677595
-44.02385093657483
76.64111596758045
-25.611084970108962
12.203016361704101
-64.37575309843002
-38.80541528656412
56.189478041408904
-30.91512777805403
22.3649600199019
-4.790973366661547
-55.22550393399052
10.421580808012237
76.29634214143806
68.23785780809368
-69.86538931874829
15.007694758412654
-55.84185534709725
38.08833128609032
39.625512136442325
-2.0333037850807187
-3.995605281776548
-44.094561603796926
11.367063325354465
-11.23432788337746
29.263055516255292
-35.17055358515227
-17.3246725820282
-43.15884023674672
-27.282790942589614
-0.18682601460352544
-13.673627065868516
6.325677823634834
-18.38966156344881
17.93504229326723
-38.211313404687516
3.923542288725997
-80.16223231982846
-52.99450504064535
-13.867686966756068
68.96638978628397
-70.27356383884286
54.682466764186245
53.56020141746097
60.51325897824185
7.174055106748014
-71.06644754400227
51.001658963884125
-67.13631563069269
-7.354715745224979
-17.107481527805504
-18.765078733197768
53.40259428679852
-7.077030498683797
-37.32778906221676
-53.81008568512826
-8.02998955104475
-24.675740918745518
-8.213304949479834
31.483997948358905
-2.9424727355929434
57.83686416405226
-13.545061593507384
-57.010154619090805
53.556114748546435
19.234105510357153
-17.355922689263508
-0.41334211529571974
52.48902194139197
14.505590779651797
60.82044411954254
-0.07694855225032882
18.33557177086864
-23.99536022222121
-27.168491100027907
-23.828465032518167
3.909148298477362
-21.209473129164408
70.89984275141305
-12.475755905121801
34.965600235621
-11.509418861184855
-66.58194228805796
60.91156180154687
-57.06087157759437
39.18676657586067
-50.01858287529712
3.5020372723890745
-17.541473900845645
-61.87032684103877
15.090110997389502
-11.60696425638261
-47.58398190413715
50.360054836024375
10.372815061071051
57.02664932917716
24.98771002092002
-40.96481819557075
-54.40032491777588
-43.48873652225877
-59.931856441424515
39.79796648079099
24.945317130135834
-22.200351383643792
-28.745589537615928
49.71089792212089
-10.962817645668181
-69.53137769913937
7.076573430140613
-65.44213928889582
-23.411261264197137
15.70307433973646
-39.722761296988644
8.070617956382435
20.399534003470635
-46.075052014665815
-56.59390085136074
10.854201444470135
0.2893175984233949
-14.11637600277706
-2.563734398699225
-3.4291759829254715
28.855895631642554
-29.667202594435025
-21.258091107777673
8.476215289266648
28.96639686250016
26.99662593859206
5.484092701121796
-69.67255321912232
-0.3769709809350985
43.21591973749
-31.34751885890614
-18.655574747815876
11.23580834327909
-41.9456465986677
84.7028538909214
-4.950829642133499
-19.469500712290383
-34.403811219347105
3.382587439910182
-23.578464581816903
-46.24783974609566
77.39819490203305
-28.597894724616452
-33.29296808688446
-9.49846744696913
71.8758289379362
-4.148227797151733
-38.87820316261144
53.908534478124125
-40.952939155788975
-12.7625666907892
-37.178152926538885
41.64750893026974
-1.5554917060526492
27.730333453272337
-0.5583103239457188
6.88461801475907
65.69809842695318
-32.62000045000835
70.16015846274155
48.17203517555171
10.90777194366568
-29.3979548634765
-16.967200749027867
30.344650588699977
-10.28271325577974
-53.19586269325412
-23.530233245952047
85.09102349617058
-21.65406830127239
33.023112321888135
-56.1760129777788
29.910048682230766
38.350260370108344
39.4979247648603
-14.699582940238429
59.10761263984875
-5.725338579856285
-7.72633921718986
-36.34761511929574
-7.237627406315042
-31.456614114351282
-17.706487595755263
-10.286430258424588
0.6759092079094273
46.45130593926112
-63.94163177941755
16.4786698629091
36.281676761486125
71.73607150543393
12.143429540147793
-61.06016462372317
64.4883351243686
33.52501972962861
-13.401929426663273
20.60633170351231
3.0988642002014473
2.569228485511374
-46.07765162893458
-79.4357294987131
-69.9915700226448
-17.447958253593157
17.702228809538667
-15.5279819222785
-69.56175892132681
-0.8481003246062926
-44.11325763899928
-76.29952777312242
28.805681719222406
1.0396157625844893
-27.82137533521329
36.928832650847426
44.181778949322904
-59.45583310789434
27.663187961133303
-10.804257709702782
-32.22955083319606
-29.38738106782675
-41.509625410417854
-32.50314742643515
29.480576713047313
49.499505234102514
-70.02598441624365
-14.660921896737932
-1.2023570104316121
-2.5004544380054767
-15.64746584706296
-47.897544912569025
-59.96626605878115
50.91120532749082
37.49537041043601
-0.14370517460112353
17.10544978254687
23.464139326203835
13.048338694894483
73.39478053367426
21.445295060769595
-15.510365470508376
37.06205756209812
78.63146575060395
-57.025790409257866
10.083270956055742
-60.48627327056261
15.920714298560995
51.57142286950389
-4.905159517486425
-43.631814843198185
-18.419963373741354
52.811039133510945
-5.990545014613829
-21.259737843661853
37.76536655732255
14.461252126867038
-66.99385879962193
-26.8961359412409
-6.699521712435299
28.462830547482852
29.37747915355365
-5.073454405270212
45.76702792277558
33.775109033730615
-28.995074690675096
0.04181383958632523
-27.749437240291854
-14.379785868772714
-1.8402499543526716
-30.544575148605347
-15.97689697416618
-6.890209712974894
-70.33661631283795
56.041931710984215
0.7806823909528617
25.95547439398834
18.007067421604077
-14.921133638698564
-1.1230008721344973
17.815592006801225
11.616615656083084
-25.195724325102233
31.461234511327064
16.027802369401897
-68.91924790494151
-48.299893131046765
-11.595537582404205
33.06913267196765
-25.134435635686344
49.705791803746166
36.76483079469568
59.15698117531397
48.63497442097082
69.81218259119237
-70.73078162290778
26.517780105795566
14.644617019421858
-16.49078582280349
-48.61220767445801
67.56905849869491
-5.979082900107912
17.089685253237604
-51.605786136213325
-9.804457309189871
5.40066822124777
75.34728691284542
-61.14782230254756
-13.000391482206084
-21.87771109005034
-19.710419631578688
-58.94952891657374
16.092805306653602
-7.351449011429395
-50.97923729300647
-48.15938250999867
62.411809563308765
53.550130071149624
-22.91136369572901
74.44109961808414
-61.11505664019483
47.879607589954816
81.5053741487832
-44.7723954097792
74.1825053096639
42.08372954421711
4.3436980888535
-19.496614266798673
-18.27608884787996
-62.64110627427926
56.37080363841031
-12.95769264553735
-42.65038997932219
12.271681219647391
4.688811328024059
-3.9803895274270076
-22.436601934463
-36.81244774639921
-24.997144447605663
76.28866871424171
34.50694498739824
19.95965071086539
