15.557363912639598
7.860100351148726
12.594822122012225
16.732885024487423
16.429025314595584
7.4228095226019795
7.85023921816468
10.121555206454726
16.85516794222897
7.700539676923152
17.356675267012633
7.513472268983397
13.64573678395157
15.888674273211507
7.706920284007718
7.9932084111165596
9.111419992479405
7.6787917081792445
7.743239913133684
7.531245054371859
12.467958593165445
11.499392772762583
10.711162022645702
11.329822021429596
8.04170411394211
13.445466506575176
7.514530711036865
8.380089671752621
7.610744515238852
8.162105614735076
7.422999243816624
9.12931711475759
10.703193192919304
8.468412730961827
8.041275513627394
8.049603850361851
9.950727808724796
8.134744053356226
7.410110772718224
7.784826208630309
10.099808602684472
14.355337137399538
7.423034386817444
10.859326327039359
15.267539620526968
7.964097007290152
9.079343350962475
12.983452471753903
7.520132765882464
7.7950197625522195
