27.857864226725496
-35.20863311889678
-56.55605400633867
-56.14052675346809
-40.73327016101089
-29.874125353867854
-43.743391589711095
17.63487970209553
-48.04259906943355
28.247738259980252
15.792358792563448
-28.94523159666737
-5.943133230988508
-14.773311194404386
43.58915558606549
26.40075065632749
26.727063010016778
-29.790242079738178
48.59975930552588
49.30131676637964
-30.877699724079335
74.45488156250221
51.07253872738656
-32.43350085976492
12.499340200552098
1.1442310968385954
-41.019292386951435
-29.015239813283173
58.1498641520607
-5.964016492995725
86.91331031640073
-8.12480725409695
-13.276996429958047
78.95886872950359
-29.373351559304254
36.38259089167286
3.163845900675966
-69.23239817174343
-26.12438651937029
51.221564708724145
8.779779782245669
14.916130742466933
-35.16365194478091
-24.829242355092788
30.219240856626357
-83.61485027956721
75.97299870602612
-59.53365098184474
46.13081683303034
-14.605716156503377
-1.468546410914442
4.472765961396192
64.69914834516578
2.4385235959696274
10.605552219023622
15.755878645260509
-20.522094550587227
-73.06641840319382
-1.2942684746170556
-1.1027475504926088
19.465160544570452
-31.529895399172815
36.58532132740595
-0.6362235211939549
-15.61242811749436
-14.393661814296507
0.016123106482041294
40.05244199956877
-6.775777143932785
-10.078278837460275
33.32834874120033
44.99063850210152
-50.40798462900671
-44.96034591968688
-20.240774624288477
29.033233656002295
74.5400726163235
-36.31726354920479
-55.69851473703694
-38.882036534077876
-14.828470162786402
3.623754109149729
31.6349042549505
-14.597304961000901
77.32637010280783
9.417453209051502
37.82736440921198
64.86236036613349
-54.45325034024559
30.618021444677083
-51.878755006862
-26.794838793335103
82.69433018094898
38.34713319120846
-34.654931046238666
62.78436557685163
-63.46439536017122
-29.721844357782572
24.907437735364965
-16.465613265434115
-1.5386199223280386
87.08192275495963
-9.26130297065039
-64.5395953435667
23.94403908576004
-7.599412021509309
-63.58237278030152
67.99178326532248
-60.7026790744294
43.65459513599666
-1.0728383142714364
-19.38793455862374
8.486151102745694
-9.574705572130412
-71.99544440063178
31.017873324062748
24.43683554535643
-3.4114157131164404
0.3811939183774058
0.6854995000556414
-27.121616340317317
-49.27481926036352
-4.504246906333833
-30.510986885033873
-28.564476029089192
4.126684994390558
-51.789451878023776
-51.90249428909886
62.15850894029836
-54.3687397924368
10.357839082560858
9.934623069054041
-29.13527973546458
24.688165841287642
-17.085611120648636
-0.6918399064312268
-25.59118381846983
-58.26408761526042
57.031153724849986
-48.88364269427615
-48.35501455306333
-19.1637343264874
-36.317204184326265
-46.150342346161686
-7.900853798998071
6.33509394220286
-40.37202042469465
-27.462884682768347
-69.7604882035096
32.3735529253579
-81.73814988759253
-2.351259737746261
-4.805404307513172
68.750034208144
-3.5811644064581145
33.54983630417482
17.78462902597029
-29.96429085153197
-28.468767433043382
-48.28169958805772
-49.05861336033567
21.430579603546576
-34.42374309157489
-59.18167452993548
65.58073958563304
58.45359292475831
6.504024284416076
-62.5929475273044
-39.67032342542225
-27.768224828644193
76.33225642570198
-6.171971850282702
-0.40381550629368235
19.48158966995541
45.707738738681684
-10.651267492904694
5.309407058979957
78.59529432502649
-6.114727124172617
-12.748936828264348
-17.13023662744847
-58.770228988547224
27.65679464727343
43.96621130519091
88.55577498166286
1.8352383109689185
25.317847891024485
-28.53489735966133
-34.29956282277543
-41.828595772075914
-14.108654783408213
-83.90232660914847
35.79261990678083
44.116230066115946
-44.338157008048796
62.41780592453304
-45.99422734068416
-15.00663100690062
0.49649053526123055
70.50507177691867
59.89630834749383
-49.26518240883686
-54.619250865123966
15.58003952338079
-47.92302631301881
19.717679529022547
30.173794769354714
76.02042679828978
-41.47250397506602
-11.38541897481582
1.930009543831403
28.012654027879165
25.175596059074266
81.23783914646805
33.324859441252556
18.352526976983512
40.999475007606634
-28.922327189783914
77.24119359153954
4.831834864113375
14.04922176195683
26.93475535018726
64.194949477378
31.12927813214648
-3.8054923637198925
-37.95579247392668
-73.33442149769176
-36.42798534331535
6.004391209289082
-28.666745903995135
70.82444510215288
39.74787837355248
-20.421680015336804
-74.5557972593904
63.51413954093684
49.11537727776468
2.6116249877104707
35.75838450324366
-76.37055447739966
-30.87387574761756
34.11465126162807
-39.36869550546521
6.931032152912678
52.75092049352938
4.624787691357966
-64.62454145413855
14.639681388438348
72.55768379472914
67.68275848778663
22.384056739705187
61.809080229017184
18.67175175792579
9.900356393854963
-51.25756503989604
-0.6024774015769196
58.97936328996872
74.25255480908598
-12.995062097214714
-76.51406560504006
-48.696707066463475
80.11040224316591
50.4552456978937
-27.849200830741523
-41.21481077981167
-22.97114822375815
1.045241790021251
57.77917439789837
-23.284841914577314
-58.805756656344265
-2.451721931823286
-5.488496577835264
71.37889388077485
2.2891483198686444
20.54430035374915
-26.408899660742506
63.85963153216841
-9.431228960128621
-33.8951238760213
45.24719448267541
-80.73478686967852
4.251686722224349
-41.029383733681534
-10.505177829470085
61.907440559745226
27.63511398534682
-32.591177911455674
6.2198964840807065
-0.9458676794556737
-2.8503092736027185
-53.51179462179512
23.590666467532742
50.910965941187925
39.6367976434349
-62.89977877445857
-40.336885757238086
70.7111002441755
13.740218650278209
-25.145508910664304
44.12026048733787
5.577887887244373
52.50793234765388
75.77430296326119
-4.666720071483738
-67.32184513644917
32.983825658798565
26.569442393811144
-3.514900926930494
81.11479603694923
-32.12714716306441
0.21773046322128664
-36.36999980440359
61.27895560138347
-34.12049328468766
43.009718705314356
81.9451146689006
-29.873251449028018
74.24320977986505
-35.60011775642757
24.42685463724183
22.379486023172902
-12.09950868313203
-72.14777865300508
-83.07454439685736
34.35556644693614
21.49161020281784
65.85389883490126
-37.66732924567862
-53.98662392832833
-70.2663869102414
76.4709039984742
61.944162211207924
-3.463001360264741
80.85540338392482
80.59073935415356
1.5928376559333373
-7.876594005567924
2.437148896651607
-28.500313775120077
5.488179187051344
62.31856228817165
52.142417502323184
-58.111354107182436
-79.24125856102502
-19.861536459126697
0.699189826425382
-51.895838041329554
-7.337056963988275
36.13151132419148
-52.146230077417535
3.402826511631531
-57.95754515644077
-4.940186967662356
35.03237624232804
-34.13327656189548
12.097026784963788
2.1378017130637943
41.9415128141448
-12.729188202181234
-19.620270538585245
-11.640637979229098
-0.3715772304002485
-34.1003972610525
-13.253010735588873
-29.238322390836316
3.542645387013593
-52.66725482271928
15.459433091612851
80.5767902067731
0.47502684296460984
0.7842077359117354
-14.695930812144454
36.552077394425964
10.131252586101112
-50.2627132321914
49.66753237567451
-56.64565446659068
10.112623150878761
-35.725599092011166
29.20164264372572
-69.67381217883647
9.805431462270349
-29.44338039563175
40.542193954918815
42.282810605658256
6.328430248760782
-26.278819536485614
81.49985581740043
37.95200158579652
37.583634766129705
-20.140441155699946
-19.43876832694677
64.20036070674993
-21.115119639351846
48.92688071897598
49.88182624206118
74.92074186421289
-17.22015393505025
-67.34317431001088
20.194247689975896
-60.67586256060566
-62.96051408947805
32.620978699188555
-18.574248031342393
-3.362310463595989
-10.043203862144352
-34.89144062831368
40.4021585780296
-23.797869828871697
58.35689200648474
-43.309626144224374
36.79356172133865
-18.231600141804293
49.923451319924936
-16.38757824366445
13.28417790645166
3.434341598922728
26.62184626928604
-22.992883004388645
79.84364257882112
23.07419585530529
32.54891808750182
59.37756862606108
-0.2306674921877061
7.263018113773256
40.51459496927248
-57.811454028229825
4.182700313005313
68.34918830954811
-79.4916787310444
-9.83663441760605
69.39690678221623
-68.97777466213049
-43.60682962155408
-11.097204324208505
-72.49867969441902
-38.08353150649144
37.279811115392135
-52.46963960614266
-23.32745852760607
-7.480414244692156
14.454975787157252
21.883226439615143
-62.92970107049845
-60.57000661383129
-75.78345336007081
19.943250316061025
-31.201734492851344
-62.07234381358692
17.777738450114114
2.9769319153882066
-18.98470898504638
-24.44499172456041
-9.095302397292429
-18.575027710534414
-51.82177377892007
-8.742270507109964
24.17606563538108
7.52673832510942
57.36282140359452
11.944814298191545
-6.741905947905707
-65.88820634969463
-83.48457477084902
-50.007655373348676
-41.35327011519396
-76.83259693481297
-18.131276593920504
49.29013724719451
36.51686094975997
11.204150227213603
-32.82086440378569
3.5411983252749195
-46.42307913910876
67.61028575735298
-51.887307784305676
-12.494482199866823
44.76898078927465
-46.46422399243686
-8.757493942605066
78.53176974758344
12.665065992353021
-0.23412728402740868
-4.114544830603336
-13.092396430653949
52.531282195148634
18.466056948811627
72.1971034524579
5.472512132933204
-26.16166293028958
-20.739342518159262
-52.016590498279704
-21.357960984763693
-3.058018671950663
39.241244412260556
2.103138267730273
-71.69992845833092
-23.08742271426196
-43.86860080578998
44.47107737699301
-11.340061574973546
-40.27061962298295
10.898145858128984
7.3757402114782735
38.43689080622951
-52.162694117577715
-80.62583836931002
-2.9858779797283006
-23.39934365148592
-47.239234685215756
-62.31236329454222
46.60560149625866
-61.61277827955925
-4.438004483010161
28.644365240257656
-24.86469111238992
3.0085024448828364
4.5448326815917
-5.851124855978938
-5.285314267703384
-46.78812071922274
-45.337716085289756
-25.525118902110023
-1.8680462937960982
-45.80947031910989
20.38432256313186
-48.41509563782633
35.58048505064491
84.82708249718107
-5.277178102102241
8.504128040193379
-1.9820197569894162
31.851691513798272
-16.10273308121934
-79.76861328864263
59.05558087870091
84.78679652743554
42.01219290884839
26.82843934202802
4.062154423501056
-15.076858040637177
72.34184637120217
-24.38738554739237
-82.44469266504383
-5.940697026651478
-14.16801950442921
-0.8353608489994144
-19.35875936560896
-13.798610336519147
1.0770169080734604
72.37524820674551
-4.58549377282705
33.122761753368934
54.02462914264311
51.738824964375056
-71.46419610426364
-26.84146281840229
-6.7699263280954085
-43.602438919139225
33.090480115035746
1.3010976295331176
-57.498701283194016
14.030815036653507
-15.727432573524055
82.81100656564271
-47.591165502201534
-10.407532217615866
-0.8823334778208789
10.612355098241707
-30.011787206362683
-64.42900298055713
-59.90657035950302
16.903108413516733
-22.136001739305144
18.58528896240658
-16.37169954601852
-11.851620031403485
25.744872269997003
37.169998152622526
-6.999674046907998
-9.183237942770845
74.03919390782667
-44.118671837373604
30.57986153796074
-19.362977646613146
-13.357997505928438
17.917361956248044
16.556788396701975
85.27257813047174
-41.773006659075264
-31.15865927806817
-15.748268863565443
7.9426382484826945
-13.028053824972119
8.289054370120084
-39.26980459548189
-3.013317421834131
-57.824793015174315
30.03542348305008
10.828724132174074
-1.7979596952692987
26.157488409076166
49.22768623322082
74.41344286067888
-23.82113294420448
37.94827895607412
41.83461957627836
33.3729261632088
87.52456707790265
-23.061188677124164
28.81185379568555
26.594087160584778
73.62869352649994
45.87367794769645
-1.4072051176149216
32.355595422151595
-12.411369538374743
16.804375507283893
35.32671647169306
-32.78715296465741
-62.981534427276884
9.722794486495033
-45.38646862483831
29.54913047473154
18.96307310410235
20.69797041366715
-5.225345717459902
-38.185127021739554
-1.429754932942103
15.274877282303521
50.31696873873062
-19.025453252378824
70.49596352758397
-57.48292609364601
-29.627858787852333
-44.56810783231763
-4.567292863096455
75.49708821048793
-47.4495339923429
15.150976822823537
-47.50527182251962
-19.904292780790712
-5.414962953094587
-66.53473778814553
-58.61842015476122
69.89402749323986
-4.363659523573645
-43.67257944157233
-53.664684123860205
-11.369206200779388
-1.9900552054758691
-10.81680863927366
-72.353590908776
-9.588165305813504
0.5038635377169385
45.13405632841429
-50.79945351073933
-17.29738418437526
-82.94060491935565
-9.247081357715075
-69.9928859625422
57.205355471595965
-44.02860547359577
76.60534359169634
-25.608274192508873
12.197295945720455
-64.37641748068117
-38.797365238938845
56.17809650957571
-30.928514365169093
22.357749096997836
-4.764093434790226
-55.234344536415385
10.419014176017953
76.27372863753405
68.21681952482913
-69.86882554329014
15.029953640126507
-55.863420901843355
38.07160633285642
39.61747706086166
-2.0096737877707227
-3.9681002949506023
-44.11316905395695
11.370386106064132
-11.235275939577136
29.24759199286804
-35.15054226708557
-17.325087624022004
-43.17929542523121
-27.2970135530433
-0.18787751814519993
-13.64946945343209
6.333886847389138
-18.340383776134047
17.939023097398106
-38.18189914062608
3.9267085128083608
-80.16794513672566
-53.01637044199395
-13.825147876088451
68.9545429118449
-70.29280297698762
54.675956706077784
53.559367141387895
60.50149286748922
7.173153351305373
-71.08164883635307
50.99593859359149
-67.15061767336618
-7.333991139958215
-17.111199376030882
-18.72685880870415
53.391299446156694
-7.061654088781054
-37.34562423705305
-53.829438836541044
-8.034293456824614
-24.65087399549249
-8.210898051427847
31.4912063918583
-2.9096518731191736
57.7907758257997
-13.500430210929636
-57.01093244514257
53.53025797164361
19.215411357902994
-17.3609452464773
-0.40256458180516574
52.454149802317744
14.520680356917168
60.81433259913484
-0.05300134164362191
18.31885941013742
-23.975729845239485
-27.1815581353858
-23.785408447528084
3.909393563699325
-21.160809224749002
70.88696097505431
-12.480866528883368
34.92446849564928
-11.469617484309708
-66.5889010249498
60.90133294772801
-57.07362524386131
39.16008399158943
-50.00038015800401
3.5092971477171773
-17.52586784595411
-61.8849544389465
15.09453433324849
-11.570810906264668
-47.604890387882094
50.35614535859165
10.382534510569812
57.02326652249374
24.992467280279257
-40.96263325051116
-54.417350649250785
-43.47384472645058
-59.95018926098003
39.75563110333357
24.93558330635669
-22.16253568080579
-28.739228504321048
49.67626321110069
-10.96351251271895
-69.53133682870427
7.082821807437483
-65.46211948774379
-23.380977624072898
15.69801996648313
-39.71017224367499
8.069079048572988
20.408365372800233
-46.09587857932231
-56.60438126636878
10.86529747596461
0.2926318790236593
-14.114627401019817
-2.5639784665679315
-3.397895368754689
28.864598564438353
-29.666574904835798
-21.225705617626275
8.480308106361946
28.937523791555478
27.003117327200016
5.519724927771421
-69.69118435840042
-0.3588970600731045
43.22055242498942
-31.33108584580694
-18.631498681682316
11.235828273251585
-41.930076262541526
84.67425673234007
-4.937254879061854
-19.44273836309823
-34.364058475724406
3.3866108376820847
-23.534334171539598
-46.24693815124838
77.35933939127199
-28.57881667925774
-33.29066657446094
-9.48457645694586
71.85959228291338
-4.109099607257036
-38.890738024955645
53.88608956666127
-40.95489512477096
-12.763114265341855
-37.17736128307505
41.650279469849096
-1.5570397690229925
27.739186686900354
-0.5235606231412646
6.8836784703211435
65.68311555195766
-32.62900870594292
70.13769536758087
48.16931172139968
10.904093051229111
-29.36862608894431
-16.95909202195206
30.352667008255025
-10.252279812081284
-53.195008658359505
-23.5261315635382
85.06729354292173
-21.61256692139044
33.02825031388005
-56.19826714683129
29.907363238530678
38.306715154659514
39.497215727913925
-14.703384344592791
59.09581793696614
-5.714455733642325
-7.682040032051276
-36.349618893675824
-7.2344530264166025
-31.419875330816424
-17.67579049697214
-10.279267589712148
0.6815114032051071
46.45427956200098
-63.958949700329086
16.486093456266005
36.2865586439205
71.7223864299655
12.140995978096967
-61.08205770891891
64.46542031355958
33.4893837200417
-13.38794066683539
20.608918102994465
3.108979411734097
2.577363354663234
-46.077069935594864
-79.45105279164675
-70.00924853281458
-17.41558961580931
17.686827858296297
-15.53494485946102
-69.57629359929143
-0.8242038482868139
-44.130023600160854
-76.31510561406968
28.79044831475875
1.0668520045303893
-27.82426611348076
36.92362479784467
44.1506715228073
-59.47118407392178
27.660241548899464
-10.796200314307441
-32.19833648962073
-29.382394158386305
-41.50905269262327
-32.4772927933175
29.493538407661532
49.49548111277031
-70.04517550397442
-14.641177519003918
-1.180065086444671
-2.464968808440773
-15.608085591520137
-47.87098322626735
-59.97675259866774
50.88546120230896
37.49930035542093
-0.11023528188175646
17.09181224993486
23.440053420679845
13.056157925587925
73.36608458881733
21.429841012438715
-15.49748798495223
37.03929562524101
78.61169478671741
-57.01575698682691
10.110679631261036
-60.4900285286461
15.90782681226726
51.56904629834807
-4.907037758116886
-43.619718776104065
-18.408158934354162
52.81003755094113
-5.990442142148268
-21.25717765337366
37.767515541873735
14.465038088743512
-67.00865335103471
-26.853009914952366
-6.656948498803743
28.443412648312673
29.35156784210527
-5.067798329966223
45.76777103223148
33.78112879960452
-29.007212654649564
0.06575117836221978
-27.750782182283572
-14.386721315331016
-1.8077744213029945
-30.526571271131232
-15.977017556985558
-6.879470904746341
-70.3563396074446
56.037384661617494
0.7852359129229143
25.939277482715184
18.007445162216072
-14.90875360225256
-1.1216243383036328
17.823175919101246
11.611716555455317
-25.170381569092328
31.4691795680109
16.0397551155436
-68.93420346729965
-48.276720484305734
-11.598157510259483
33.077779380497475
-25.11693549053581
49.70665252862122
36.749547240680045
59.15237140650382
48.636924584103866
69.79737223046621
-70.72463008169646
26.52698636283546
14.634486334795554
-16.479670194259455
-48.599126977031524
67.53653981130714
-5.970884036821062
17.102746301211482
-51.62783993865667
-9.793761529360623
5.40584901966389
75.33104955411753
-61.152990539329004
-12.99932706998679
-21.878165555773293
-19.693454161516556
-58.97148126141679
16.079790295425127
-7.353235337795809
-50.96506481448174
-48.1544227044455
62.392734612598275
53.542353085776284
-22.882075266831023
74.42351853998676
-61.12540508341011
47.863600917603094
81.48184998488878
-44.76437107940449
74.16538258410122
42.08859921079329
4.370894653335
-19.50581941813239
-18.264057487859517
-62.65677793318239
56.36749985096802
-12.923316715230854
-42.64575961372256
12.273918006789515
4.688673177081995
-3.971323511092862
-22.416466323989866
-36.79473336585477
-25.000732526448132
76.27055443766707
34.49427785182991
19.963847596823058
