27.98772229920135
-35.186855975119734
-56.51558353845928
-56.111850805692114
-40.72142806900237
-29.90879733263536
-43.678898715608696
17.69795384778459
-47.96503095486617
28.311852316091844
15.793405281875224
-29.127139450638055
-6.019800739563863
-14.942520959808803
43.56244326551362
26.54093360403961
26.792600840037395
-29.722506049642575
48.60289847085849
49.28557247380087
-30.806615294501142
74.56347037994382
51.06259998098804
-32.386612034940356
12.522285485747418
1.0724300542200211
-40.93621086267178
-29.11908478964689
58.29162171019081
-6.004750520129278
87.01443117133832
-8.306291897549599
-13.480362971451328
79.04481254791068
-29.355567057554694
36.393872564156254
3.1668714642883486
-69.25731798840668
-26.147173403060194
51.338451178056204
8.792558827521745
14.956541947517124
-35.08602335653831
-24.9918214686149
30.182410148100445
-83.56724509410766
76.03028607708819
-59.44816292169398
46.11828931455361
-14.658098578396036
-1.5432173702315026
4.415719420916332
64.78928172197178
2.4304987265577864
10.47150062827933
15.648844162086718
-20.475844844388973
-73.04484128879673
-1.287621752046718
-1.1472834692288671
19.517307987849577
-31.579200172889372
36.68519841373393
-0.6954846116628914
-15.641142539457348
-14.49683141967401
-0.0197772496808426
40.01776013938027
-6.960547490945544
-10.170904344835677
33.3810469260809
44.96520997971436
-50.33301700353328
-44.929755199564774
-20.319405818902325
28.97551516651484
74.60611945987878
-36.337867591608116
-55.657118207922004
-38.926990085010026
-14.818169600332425
3.5773104452320013
31.661402529356394
-14.669133546931832
77.43856743518651
9.299147801207198
37.8312235840055
64.8906096326316
-54.435166412910625
30.54025445903781
-51.78493782407952
-26.933938306782167
82.7987649801255
38.39953879569353
-34.61704676190542
62.97488500243904
-63.38981082323093
-29.68282480009023
24.872469211785713
-16.430217349001154
-1.5380677974699637
87.18242615766263
-9.263756749819748
-64.43580836628723
23.92316632110206
-7.654251976446091
-63.619217471641015
68.06322706244313
-60.694107251621034
43.64010279092008
-1.1413729240337176
-19.38092561496437
8.498836890886707
-9.563724003057274
-71.92754472960814
31.169120447998353
24.418388002786216
-3.4557150349084367
0.3024320218878671
0.6454439537540821
-27.291098446094338
-49.18213233310846
-4.507733034969533
-30.440551872375806
-28.500675494036273
4.067796504761276
-51.87515321975533
-51.81823546787532
62.1804630158409
-54.26639888482076
10.372967616909463
9.946799482700271
-29.112326128352237
24.643345982329393
-17.049413798132235
-0.6851516961793465
-25.705297177709824
-58.20254149637619
57.20793736124082
-48.785199479695066
-48.358690092020474
-19.282858041074164
-36.35575630507713
-46.12192102307009
-8.015439053569366
6.340593568362294
-40.44026301616319
-27.42470177703092
-69.68529640458618
32.504872260777915
-81.72874108465508
-2.4863640724008036
-4.8195252385307725
68.94199430430194
-3.616015086267126
33.68294639807033
17.792345523380177
-29.907971260096403
-28.404116379637728
-48.190016168055976
-49.00357636165481
21.36548929304378
-34.57377450765127
-59.08949150130023
65.74725553993457
58.469122419667514
6.4600676089096964
-62.52091019588028
-39.700609021544054
-27.91362088095576
76.3933073066506
-6.278864291259168
-0.39686036878143227
19.521850425512355
45.909027082930265
-10.714489378769699
5.28367288662659
78.68992712438873
-6.198262047386947
-12.80461067733225
-17.20206103372388
-58.710562735506066
27.776852236373543
43.94241670894618
88.69082902450913
1.7472177353725584
25.374460821023632
-28.54210793113208
-34.24152582500275
-41.74889214207502
-14.156862555192035
-83.8828713095948
35.75878483796339
44.18639515565579
-44.47987545201853
62.467877342386174
-45.91186757737306
-15.110782111215357
0.4995786131774054
70.54530265503695
60.02927114459851
-49.18308706069148
-54.52780709119284
15.54489820331807
-47.83719200162549
19.674991803398385
30.232540669777734
76.08264108495962
-41.570209923522846
-11.413855021725254
1.825192556562115
28.02555494839436
25.126153335903027
81.34756219449989
33.39736769792853
18.368233730048516
41.0729282571495
-29.133522446735256
77.32094862826702
4.649883126820981
13.976380176282447
27.057843925927514
64.22207414933442
31.080426169810238
-3.794446699309475
-38.029821259292234
-73.2601301625721
-36.4448412739203
5.966002263006317
-28.65066315869491
70.86755519210763
39.708863879648305
-20.51982623191047
-74.50231552516146
63.55758462350434
49.09925571198738
2.5156465655597344
35.71745557591288
-76.2768194559063
-30.93544563521037
34.29420056878686
-39.283954361199456
6.940172111887705
52.75248716771753
4.571310419004249
-64.56990812303903
14.674400842119354
72.7108465917037
67.73241668317152
22.361475007269576
61.825818216431486
18.744901753082814
9.895052704225122
-51.32679800066713
-0.6387175583291196
59.11221261892203
74.31300138799912
-12.990481556272812
-76.52740872692785
-48.796797730617605
80.2191664132059
50.571286646237894
-27.878379757967934
-41.13145435050878
-23.115887338041603
0.9486572954198209
57.78691658526566
-23.443491238989537
-58.700493930960974
-2.5632733557045384
-5.477996751651105
71.56414009020338
2.108413015577227
20.525099299900063
-26.3653760822164
64.0463605256713
-9.63108191324136
-33.888684496137245
45.229452011963446
-80.68468944595143
4.198317371904196
-41.15527700941361
-10.633308536845504
61.935606946926924
27.72827763055851
-32.560885637827084
6.200699730638945
-1.013319449184749
-2.9605966857831305
-53.54426572194989
23.54329991049015
51.05476866630073
39.758751884681544
-62.943232780544335
-40.43872169090176
70.75551691320618
13.670170615431488
-25.21760848597981
44.099050265878276
5.570209226406433
52.51474777912071
75.83148746740181
-4.654422627646625
-67.33363706332548
33.02730122842024
26.53316283719397
-3.5150781103526896
81.25029525459479
-32.06003352173103
0.21179406259818734
-36.42731083834013
61.4275426440517
-34.060673461902255
43.05988073133463
82.06207449471742
-29.81021192242352
74.30419827723767
-35.52312328428019
24.531330670421198
22.316490675394803
-12.100269263173445
-72.1176995141692
-83.0502000538522
34.32179790117556
21.586864761369455
65.96319937853286
-37.64197118761397
-53.93985509870073
-70.27955096680871
76.53003871307592
61.960304864359756
-3.547081879681045
80.96385088218915
80.71497380558185
1.470833854811886
-7.971622434044903
2.324027163338556
-28.48624351839989
5.323152005276839
62.335988522276665
52.16797271906867
-58.07042879808163
-79.20908789103306
-19.885286376361307
0.598382920251197
-51.79813938031711
-7.439124039055514
36.23768336059416
-52.05472123637568
3.3178449362470275
-57.86206975521358
-4.955013457150784
35.08892332690772
-34.13514439073924
12.123846636485581
2.0316498223154014
42.15622233765205
-12.878464335417021
-19.82207868295683
-11.787704649830673
-0.44624931599339845
-34.042141886809475
-13.456280637116464
-29.292074523897227
3.5059139514617925
-52.714957727430935
15.361346622146982
80.68017032722989
0.37786670045612425
0.7271546442241288
-14.712125608225136
36.51054071726821
9.997545522761826
-50.21206932107374
49.65273707433204
-56.556368915204885
10.12429568226159
-35.697342260096505
29.34368558955221
-69.61585842175198
9.799560619889931
-29.448010902646175
40.517805086432986
42.346075939794844
6.328582235612444
-26.316955807720632
81.65133711852155
37.90032817272237
37.62234567901362
-20.103339237966907
-19.396152126011216
64.2222575801919
-21.275547050631843
49.01144946125234
50.04958340486988
74.97396327978703
-17.30691998865794
-67.25328645547518
20.268849373791326
-60.72205710786529
-62.91032095714315
32.7519451899102
-18.53323434616314
-3.441841242744758
-10.064380365439817
-34.83381032252344
40.37105373584842
-23.762690459493612
58.363931835294835
-43.222804112110296
36.84140591093856
-18.19373842673346
50.02578564190381
-16.433381042351
13.259088012552908
3.4304665031874464
26.744109550084104
-23.08233434301735
80.00767755076279
23.08500885740996
32.55602030962757
59.42205951069647
-0.32716252943646396
7.252248969741075
40.502714431800854
-57.72169144683453
4.150617263838001
68.53948574418081
-79.46028300353062
-9.882089051802893
69.43553004786861
-68.99247651063044
-43.70932201772352
-11.300029763576617
-72.40151504554858
-38.17621348518388
37.24091827064285
-52.391285054966886
-23.28037020496707
-7.523202669105089
14.388786086058815
21.895991502104977
-62.82683216500272
-60.46429584421123
-75.70868267018224
20.035277358072364
-31.171332803823034
-61.992332136357085
17.774511031772576
2.8862338350593433
-19.09637011219074
-24.387994325890176
-9.21728381333287
-18.682706275802673
-51.7249807077742
-8.722222067016205
24.079608714941628
7.506222343617196
57.585090660247545
11.847099810732487
-6.7691541806732545
-65.78801248826855
-83.42010202455138
-49.98702180220465
-41.32669054238455
-76.74478192661911
-18.0916427956615
49.273351086146334
36.47707313554761
11.193477940745865
-32.80962948218347
3.4693920933948306
-46.32992321665884
67.76907374264684
-51.80849294246558
-12.467762461423533
44.90348602399183
-46.53112019979274
-8.782931610781446
78.65526681660364
12.698193818071303
-0.3098138373600676
-4.172824560898633
-13.06503196434916
52.53358029219234
18.433073352022646
72.32907603702594
5.42228187753129
-26.348488675846895
-20.887241451736173
-52.00936274306733
-21.412331608552265
-3.056866672663375
39.20747353445097
2.0197153563511705
-71.68023227294654
-23.30172981813051
-43.867106856824456
44.6234832154384
-11.411722782421577
-40.320303899612895
10.897926130463532
7.270635006224353
38.40095767291936
-52.264576864994716
-80.60404211487686
-2.9829129769630782
-23.491750256222858
-47.17856018164906
-62.313118225842786
46.791163618772
-61.534956484969264
-4.560487186482419
28.78465729529752
-24.81025034861267
3.013198259781106
4.547295564927197
-5.845591173597711
-5.271464161334265
-46.77930723005254
-45.28364752648664
-25.554332502852574
-1.9506728146103995
-45.9563818642527
20.339360056052726
-48.382721699817445
35.73950026032756
84.95776450420524
-5.428184880789331
8.515716402038208
-2.0355409676197667
31.82213283441132
-16.258734302327895
-79.76996016650592
59.07262646255583
84.8772129166502
41.97747783412041
26.916425015457477
4.061066999972837
-15.143824091506445
72.38739366057968
-24.53695003033785
-82.39100274340959
-5.952334138984227
-14.311847376931638
-0.9908433045170995
-19.358472792213604
-13.823101816075877
1.0784120437660647
72.49700394098036
-4.712839981971214
33.24321781066462
54.11942736856031
51.73182552521595
-71.39996655391626
-26.874069475112847
-6.838872370415956
-43.514025228085586
33.248182586764926
1.300588055017215
-57.44305963741248
14.062013515487735
-15.772677545309861
82.93477122276659
-47.68144787658682
-10.48827763515375
-0.9316506686037798
10.584900426162534
-30.19167309177442
-64.32792236688654
-59.839749641509194
16.883435849751336
-22.345102770797723
18.454533292273666
-16.33935395333208
-11.824831940629991
25.687957980534733
37.205240205323236
-7.147785884727227
-9.288008599465499
74.12394654298745
-44.02493768929106
30.498353285497302
-19.338675708712117
-13.376785701871697
17.875646694373216
16.517567734599226
85.38041619732772
-41.76198554351863
-31.087154326772705
-15.90620432743141
7.918739799995862
-13.001392901566689
8.26941119544162
-39.389429223727674
-3.105013551019425
-57.820648108114945
30.00335193196463
10.764814169694674
-1.9197910072733606
26.125466530250876
49.21176286353989
74.58937020602488
-23.821936297594277
38.0804449071064
41.93909194359529
33.34349851064681
87.64555769518341
-23.049509442975534
28.771015046136455
26.529117337850437
73.67803889152475
45.89042473966117
-1.4083921850690047
32.297830494180516
-12.417239861401328
16.869626878538554
35.44384945810995
-32.748741407578834
-62.90605569379625
9.72936248814409
-45.321237647510316
29.712078207446822
18.982445949707454
20.695339666027053
-5.408316792532148
-38.236267993233625
-1.5293454099852397
15.299840269919713
50.35152191956374
-18.98437577631661
70.54074801144696
-57.37977633964488
-29.559773489530883
-44.512520702412196
-4.626225806017075
75.65113004518037
-47.5258737186757
15.069942737165618
-47.490748657486456
-20.09944015374758
-5.597295037062111
-66.43514067339908
-58.512883829459284
70.07697260668951
-4.498271269678881
-43.81899879518737
-53.571244445415324
-11.395271677550866
-1.9809993247924353
-10.901367268544064
-72.36795032554558
-9.74696223257844
0.4204767847816129
45.122906551033225
-50.69898044442802
-17.265715128149736
-82.8685272815781
-9.243202646513836
-69.90021875673104
57.40957239040179
-44.018031212569255
76.76472862952846
-25.612569204765265
12.227663600349302
-64.38185031617544
-38.84497319512688
56.23325169152244
-30.873153376353358
22.397984426897708
-4.8812130042717
-55.174773888405014
10.434715057039654
76.36874725829333
68.3115647186624
-69.85768307990912
14.919391269442684
-55.75902048715558
38.15619315326023
39.66211847089295
-2.1117390038618566
-4.087682311461208
-44.02357241086072
11.359354788690368
-11.229365132503801
29.32558081309277
-35.22113792900337
-17.319624413305007
-43.08619571232199
-27.233529762854488
-0.18073044435557506
-13.758418436387913
6.2945828620287045
-18.561222430928552
17.926067865914177
-38.32529009200039
3.916345006176428
-80.13591513389855
-52.917559047329355
-14.014308017425563
68.9974849855106
-70.19173321049445
54.70718117522523
53.55363064553629
60.55556658456325
7.18182867471991
-71.0103803708792
51.02556397831583
-67.06494899028749
-7.425192755762055
-17.09180909685398
-18.89975485553751
53.44753001825006
-7.129725362999949
-37.26310009313872
-53.74596441165035
-8.014138568525539
-24.76823646717412
-8.221643018331548
31.44235661106856
-3.0521222188159385
58.00576865941852
-13.698520954387817
-56.98244090030935
53.65493598744351
19.303193915453534
-17.336019847456328
-0.44776622932394616
52.61978363950459
14.442383273786518
60.83537603908735
-0.1559931114531139
18.397924642193814
-24.05194401238697
-27.126142199562523
-23.98214343900979
3.9116166784621953
-21.38054654209988
70.92951954580136
-12.456812187010712
35.11492936530365
-11.637840612861453
-66.56290696666058
60.92206312092475
-56.998098292327725
39.28907982171947
-50.09596541915464
3.4805531926922413
-17.599006313053707
-61.80023154957613
15.078712353759187
-11.73110931090116
-47.506644408666915
50.34990788851738
10.334562262553135
57.02538293365387
24.976015220889423
-40.95551803184105
-54.34621350704968
-43.55361492329557
-59.87014194624261
39.95292548546382
24.98748510686434
-22.335490454338725
-28.775809420984928
49.84103171849793
-10.95877074947198
-69.5370587036343
7.058735532964434
-65.35891523218572
-23.52155852841058
15.72732636810376
-39.77862764809671
8.080827348874166
20.36715143852544
-46.00368911472196
-56.56559234309069
10.809441508185287
0.27819685345802725
-14.124612625335715
-2.5615074132005873
-3.5337793879542687
28.815905067442316
-29.659564494392157
-21.356986135031974
8.464176091072233
29.073323818391344
26.977035193039995
5.358437284401859
-69.59114058264369
-0.43618590543340474
43.19458296470032
-31.389180613432657
-18.7424592935907
11.241203673661829
-42.012575011169126
84.79056566676437
-4.996224918535461
-19.56588816905024
-34.55166617650913
3.3722975443887293
-23.735621937910253
-46.23143359108123
77.53265189601473
-28.67234123197332
-33.31038176680249
-9.544851707765204
71.92535717941269
-4.279413658626908
-38.84200243385404
53.99497924515609
-40.95695670336929
-12.758586828957192
-37.19128947481921
41.64002343791631
-1.547860938455571
27.68432167835779
-0.6739683324081795
6.892595422095525
65.72117058767955
-32.595760160038836
70.23794221497033
48.157812954693895
10.925931069554395
-29.50793931389059
-16.990403270650646
30.30418164181529
-10.382640230836813
-53.175270081545655
-23.550451849730095
85.15328748750963
-21.801327894524945
33.008608562737976
-56.093833068213335
29.9274794405447
38.508762727448755
39.50642603712413
-14.688249478777834
59.151121932847985
-5.761870051159164
-7.876069173696038
-36.350387636516075
-7.248277726043085
-31.592841105532827
-17.8152921687403
-10.31197929894654
0.6557310123718736
46.436713139871586
-63.882109220072984
16.453569738207193
36.267113665054666
71.76635895800322
12.157873249199326
-60.97665396885407
64.57190525678695
33.65582579189683
-13.452117393845327
20.603340181286526
3.0674807868314247
2.5445646251966423
-46.06036013384525
-79.36650554188179
-69.91172459861156
-17.549337060831064
17.760102454080368
-15.502643585359849
-69.50999465263104
-0.9271367008025209
-44.046627313669546
-76.22359612400125
28.867338204998788
0.9495976815075977
-27.803680195772927
36.95525384135152
44.29969753898541
-59.40707248463827
27.68155380418294
-10.830202991966075
-32.3472844695701
-29.393708164706254
-41.52296797247264
-32.60262053812657
29.415653077505596
49.48837111256327
-69.94405998917117
-14.731236735131716
-1.276054365427953
-2.61896275331965
-15.784410672638884
-48.004039949385536
-59.93682862806401
51.01013416395233
37.461566885929784
-0.25497995424996134
17.15759964728889
23.552980760400047
13.020087301952145
73.4942002071387
21.50561960330539
-15.557667482371599
37.15071591023883
78.6760246511206
-57.073565487164494
9.980969322102851
-60.447724602523266
15.968949737485786
51.58027152021489
-4.897338929753019
-43.68684154004478
-18.464846981028245
52.810902753143154
-5.989882417283127
-21.262640197079307
37.76255685633282
14.452416932331204
-66.94307208726532
-27.05170599173391
-6.84308874741059
28.538493135828844
29.47489801818395
-5.091889612506023
45.74638888684984
33.73519209191949
-28.94920971953141
-0.03717452037442115
-27.73661843299078
-14.354884382706572
-1.9484666452691357
-30.616141622419462
-15.97924842482874
-6.926684442688
-70.25629221403797
56.0392103278451
0.7679197307648877
26.019723149755478
18.01230346618709
-14.959559081664864
-1.1253599755233097
17.789999536962355
11.638483972259436
-25.26976626451318
31.413732031253062
15.97661839564374
-68.86623243905379
-48.39460363776467
-11.584878910180535
33.017262695119285
-25.201906814031247
49.69968153104128
36.82759227193145
59.16038748043522
48.622732682134625
69.85790077269908
-70.75830089951333
26.472017366036297
14.683402834078379
-16.532467247164405
-48.671380457268384
67.68660445137348
-6.0065533886675695
17.0328520983184
-51.52586090116031
-9.841918883469006
5.382763409687186
75.387279525036
-61.138406994549975
-13.00580141338584
-21.88113485444066
-19.773584752193642
-58.8657443853637
16.141839151000283
-7.344760283030354
-51.042377750265906
-48.18945091385275
62.481953747471835
53.5485567839286
-23.018032940325156
74.47745628090121
-61.085688612006685
47.94409796773306
81.57487185613056
-44.77904620711185
74.21802021465018
42.057634043443954
4.245254504976671
-19.46661326961133
-18.31150383135592
-62.58945946764026
56.36796814720938
-13.068312674045188
-42.647701107213514
12.268690477892747
4.693407601994011
-4.0101093781270265
-22.51187308771138
-36.85468863162657
-24.97865985946885
76.34000763083301
34.56041348769264
19.950047435094092
