28.05759514196089
-35.18836845100231
-56.481915583840504
-56.081815660546546
-40.704363836066506
-29.933395632410353
-43.66176227445346
17.738669974064663
-47.9259627446133
28.35457501855427
15.80581296559292
-29.213451016840366
-6.047954607784817
-15.014458330546702
43.52757583853287
26.614440678257452
26.835981990826184
-29.69758894828111
48.60575978151445
49.27118690249543
-30.77968483665842
74.5971931223354
51.051648071170916
-32.374916306023124
12.544891331361953
1.0499575946136162
-40.907660470340176
-29.172860943750706
58.35612788140233
-6.017911397562614
87.0284246323915
-8.379204105965314
-13.56536777892805
79.06076420998778
-29.356450201639163
36.40957375052966
3.175602718960448
-69.2784849533321
-26.164631253602195
51.39662994067868
8.809377679442761
14.987301001605545
-35.058018454871885
-25.067599900934226
30.17023744218932
-83.53998080091358
76.02441692379023
-59.41851133835484
46.11278088290487
-14.674331932830853
-1.5680784782994976
4.39105342301184
64.82411276399463
2.4357517495773635
10.415533432854701
15.598891791786343
-20.45638504794597
-73.04129072559202
-1.2795715962410128
-1.164970191427571
19.554227421628454
-31.58601242172695
36.74223487620134
-0.7196079835462967
-15.65510782386417
-14.529847418149998
-0.02753528011099604
39.99435511353184
-7.03410003633897
-10.208217043789631
33.417942877048944
44.947283466175605
-50.29331661021512
-44.92979273461324
-20.357341062920014
28.938048039872825
74.61591914074586
-36.359128077459246
-55.62362042839172
-38.959987549418294
-14.811353940081986
3.557964657228169
31.686320202177455
-14.700659234541433
77.47086176200526
9.248724794488595
37.842262536632404
64.87668503066197
-54.409130705708
30.492689772611868
-51.74097949989882
-27.001192109230075
82.82044500938355
38.43478486121609
-34.61068052648188
63.057119612758044
-63.34371775148123
-29.662472195685112
24.86318058614141
-16.415914281461042
-1.5314479872765787
87.19577458132929
-9.262721184970175
-64.39032943160703
23.923689453323064
-7.674299658587245
-63.64874383832937
68.08486054815793
-60.70361889460388
43.635762880520986
-1.163453349822305
-19.381523651052888
8.515629042667172
-9.557073572586546
-71.90082834938676
31.24781218288925
24.420392952559297
-3.4727944243581135
0.2766895718462905
0.6362618630250552
-27.371162205817853
-49.149244982113544
-4.506299593670633
-30.413592184110684
-28.477671947737065
4.051845732780549
-51.92863397245968
-51.79074743569162
62.16438103409544
-54.221032711640525
10.390930830977624
9.963593184374744
-29.09718637013991
24.625292131094753
-17.03506952760071
-0.6766728670173734
-25.73503292837607
-58.18655062628638
57.288482280232614
-48.74324333434711
-48.34239103621573
-19.337005891868472
-36.38497132323832
-46.123175224347925
-8.060517408584133
6.353423018231936
-40.483964090032046
-27.415022040336623
-69.6561629702015
32.575624871588076
-81.72305008839028
-2.537064795447563
-4.82084363794506
69.01986097221604
-3.6253104803917893
33.75437208011698
17.808573004726668
-29.890260862033003
-28.377994184386793
-48.14836501429669
-48.96964908708211
21.329710906735556
-34.64984557644878
-59.0419615653888
65.81673846409575
58.46820077271232
6.451062638957893
-62.47582769000825
-39.72738098742377
-27.98408010420276
76.39597811764179
-6.319732728409107
-0.3872102668185988
19.55365701520222
46.00569164563291
-10.736246835912311
5.2759942044974935
78.71137865914787
-6.229377956964115
-12.822798677638858
-17.23518902760017
-58.695416103298015
27.842823706954334
43.91503308055627
88.72162510049742
1.7180642065993652
25.413946655997776
-28.553924999032077
-34.224887200937815
-41.71268670523522
-14.178169385619839
-83.8698416553043
35.74576707581622
44.22736572630333
-44.55634521893566
62.484036059277855
-45.87290014758405
-15.1437591355443
0.5083012644592628
70.53965977409473
60.08850166685369
-49.142426727254254
-54.49565971437746
15.534398810125026
-47.80861935323647
19.659194930902302
30.27272366715522
76.08703501123404
-41.627018646327784
-11.422539928365666
1.7830367274572723
28.044403415116378
25.102462742855053
81.37393923614044
33.44317294050586
18.388527756008656
41.11684683134271
-29.23190609647392
77.33553873262477
4.583003509323575
13.94062308991316
27.12489123329226
64.20746525471736
31.048441404039124
-3.784852592946862
-38.07515800745054
-73.2286085793571
-36.43889304194462
5.959399167340763
-28.63790711212205
70.85828807090655
39.67128531339338
-20.566048713057597
-74.48130784277085
63.56852683401536
49.07814620775167
2.4832930294165863
35.687220448721945
-76.2270247908668
-30.972207296981665
34.38419237712398
-39.25333182007243
6.954585985452496
52.749349529920664
4.548315834657515
-64.55510336492303
14.702734090292935
72.76784964342895
67.74164599237696
22.36092425762712
61.81883516287388
18.789908475493704
9.902141150287093
-51.37303406075038
-0.6469410327372742
59.17211280601143
74.31932395217524
-12.98853872195464
-76.5376860349349
-48.85629948645009
80.24640317103382
50.629554654923766
-27.88070244809863
-41.10279846500701
-23.183102408830422
0.9097398400293599
57.76897025950433
-23.516660972872273
-58.6561576636113
-2.604118462648799
-5.469405171755909
71.63667233789022
2.043286831404558
20.526574579813513
-26.34485894027638
64.12610786661514
-9.71232172340703
-33.87667498949288
45.22071104431322
-80.65938238152714
4.184794919656326
-41.22398999203201
-10.685589230541439
61.9387311331819
27.783350907003154
-32.5420229688917
6.202619102272209
-1.0348809202904619
-3.0011024858053332
-53.574079515590334
23.522733435390265
51.124940084296924
39.82442620785639
-62.976023549163884
-40.49691854943582
70.74540308299945
13.635913147438728
-25.255744958382436
44.08865375354739
5.57701955844901
52.515765301329225
75.82516368310283
-4.645239263078508
-67.34984166899633
33.06000633055194
26.522590743725218
-3.511748203471214
81.28990481253331
-32.03728345919325
0.21672671986880232
-36.46475854825818
61.492659951086324
-34.04301202939425
43.09197031780701
82.09140316336718
-29.78341658397558
74.31093894597373
-35.49104154668558
24.590517560949877
22.28135913678645
-12.098020088722166
-72.1106562844503
-83.03566993702363
34.309971829903105
21.641504002999767
66.00623444711803
-37.62229618463917
-53.932237150581805
-70.29460428039899
76.53021313224599
61.94717522302176
-3.5769250222294033
80.99001518913425
80.74960050671638
1.4232989559725695
-8.008571600786894
2.2788794010695597
-28.47420342135257
5.260712667939458
62.322770103178016
52.18091572281358
-58.0358465119462
-79.19471579254206
-19.88938148726487
0.5633897942293373
-51.76178980745052
-7.478671056207887
36.29751517443151
-52.01089403325509
3.2904200514933564
-57.814718359225054
-4.956706176265612
35.127160202843044
-34.1256416226078
12.147022373220139
1.994803163426539
42.25936270517576
-12.940877740683263
-19.91059486296082
-11.835296616048339
-0.47058802273053857
-34.02530506191027
-13.541230634516424
-29.324626822741536
3.499379031585491
-52.75165080908925
15.314645021775362
80.7039475584429
0.3443445443182327
0.7108045750794929
-14.715281045191063
36.47548980928377
9.941927352922548
-50.178738133938474
49.63183228847387
-56.52521781617909
10.140878453051428
-35.69599277488465
29.4185507896391
-69.59630665049312
9.80627235994173
-29.45911861826056
40.50878461469918
42.38473334237486
6.339092331868244
-26.341179437378855
81.69820628348634
37.85835383164766
37.65136782488264
-20.090320100540467
-19.379787044095877
64.2129626727494
-21.348043718788972
49.05638715889998
50.13054367381389
74.97079504765625
-17.34635589810233
-67.20251333105902
20.315066897659477
-60.756835359109424
-62.89857499953157
32.82254618945166
-18.515500773957243
-3.472650442637388
-10.071774135806379
-34.806049394455684
40.33922966878666
-23.75260699065005
58.3478479561885
-43.19257613565752
36.87506592438538
-18.179216407360244
50.078230775640634
-16.44655787127229
13.255012885990453
3.43796624048494
26.810770372857732
-23.106303370556844
80.06219546596645
23.103162279350897
32.5708813260905
59.43842962256869
-0.360677478810814
7.258125256913345
40.50280509636673
-57.68995655842231
4.138944893209867
68.616983534317
-79.44604916603728
-9.89958567071315
69.43257945477768
-69.00906949195698
-43.768828872158096
-11.383469049944992
-72.349367917212
-38.22963581113594
37.214781045538615
-52.367176249022464
-23.263989022829577
-7.53813793495479
14.35619473103975
21.91510727032177
-62.77720534560108
-60.418406456190716
-75.67454862195149
20.08786736603875
-31.15302260649898
-61.964915043679994
17.784944890236346
2.8484484732734643
-19.147304300900174
-24.365887369506538
-9.259010224358434
-18.73172150303523
-51.68932508244739
-8.71116911741818
24.02890505542271
7.507747088770415
57.6845743654321
11.80234412372775
-6.77839392700956
-65.7451269623583
-83.38332228490393
-49.99230596398377
-41.30484049375344
-76.70064021152218
-18.074353809008528
49.25491113636377
36.45428864251522
11.19786406121888
-32.815073131313895
3.4476991580241503
-46.28938640962867
67.83332354054147
-51.76716272506353
-12.454792058041463
44.97269596728748
-46.57580784941265
-8.79135260400318
78.691869564288
12.724904679408667
-0.3405862611716799
-4.195364445887222
-13.052837402134543
52.53131343789494
18.424914576010224
72.37658930142419
5.410384522371899
-26.435118700652296
-20.954322654663386
-52.02097798830904
-21.440697307561322
-3.050831060957549
39.17659778212314
1.9850023792840688
-71.67863557888147
-23.397668785502702
-43.851591751429645
44.700397111860525
-11.441113638509393
-40.35585270896854
10.908331488980707
7.225620257946801
38.38186119262514
-52.32511423532046
-80.59344912004504
-2.977779583152355
-23.516384919506123
-47.163921493788585
-62.3264748747175
46.881045788593894
-61.4890050244019
-4.606896120135971
28.858749683017834
-24.790621272925804
3.0238712894730355
4.557984975661881
-5.840208772742429
-5.261440154721157
-46.760035916533845
-45.251865273247205
-25.574271921117216
-1.9790794747038518
-46.03542733025861
20.321533944225976
-48.35556520108446
35.821273120928225
84.99072433709159
-5.486922446003348
8.531840190479656
-2.05177250168407
31.815092043992422
-16.326109753459463
-79.77148815226127
59.053482247193045
84.88732708509141
41.93992067839645
26.96930922545809
4.070047282109954
-15.173618742597924
72.38216844409285
-24.607062888929462
-82.36177803196885
-5.954858141689684
-14.372944792481704
-1.0495903509023918
-19.36204391954061
-13.834169232780724
1.084833755628111
72.5394578091967
-4.761355384844379
33.30948073135505
54.16568347003883
51.70982296568803
-71.37570758710669
-26.896196604480167
-6.864359007839894
-43.475609345639846
33.32952687588036
1.308332635187412
-57.430329631304566
14.088669773090047
-15.793736944198528
82.96657917900305
-47.736537110146934
-10.52086238546471
-0.9455332000809449
10.578146752912588
-30.27777853631254
-64.28529788657673
-59.82046955129054
16.88403366553797
-22.438279139750975
18.39555317463288
-16.32446440136549
-11.812221511456542
25.65455699345084
37.232738031240046
-7.2062425065742275
-9.329800022363884
74.14563049026916
-43.98930195705138
30.44945972331803
-19.33138636728519
-13.38515251257563
17.860454909439056
16.504152457067775
85.40067480371073
-41.744642088108364
-31.059041010259776
-15.974143029030543
7.918756136390897
-12.988483512583997
8.271346457491475
-39.454826711561836
-3.1378080356189315
-57.8330188409017
29.995134292577575
10.734861279366584
-1.9646659404359639
26.11825573382579
49.19078704212822
74.65484982852018
-23.82845372783403
38.15084573280774
41.99650115879007
33.33582706429618
87.67022527793202
-23.050009745464237
28.755717711286252
26.489580747592
73.67282122333276
45.903645073002394
-1.4047594074523175
32.257346277447226
-12.419499490746247
16.91052091554809
35.50846136427714
-32.72733407163288
-62.88081302152436
9.743298567202686
-45.28647039078763
29.795113293538705
19.0045888892609
20.706409671230844
-5.480359346217625
-38.27173074478909
-1.564685269725274
15.324028206679714
50.37096209935291
-18.966517239739957
70.54153097612763
-57.338345591248704
-29.53282272977988
-44.50015440446917
-4.646172903908251
75.705570387748
-47.57486341449474
15.029965368551771
-47.49875910594977
-20.185413831164354
-5.669159895729138
-66.38401863154463
-58.46799390616807
70.14986497191771
-4.549706474329426
-43.89727527307632
-53.5378984919306
-11.403051812170887
-1.9713539158206572
-10.930336184301439
-72.38209687679279
-9.811344102319694
0.39282030249776767
45.11952627053179
-50.65992947023716
-17.253784617636853
-82.82758744938444
-9.239124984780332
-69.84821333490699
57.50162391815681
-44.027365536446126
76.82049081714342
-25.607738204224646
12.252978276073705
-64.39655584704352
-38.87910812224907
56.258472358976064
-30.856429819955594
22.43008801999069
-4.92555641395704
-55.136487035684354
10.452947459755123
76.39329726914525
68.34510299352064
-69.86149852360889
14.868630834220482
-55.713481651648436
38.20616013206262
39.69316832233224
-2.1483887679498537
-4.132637460558854
-43.98474362221239
11.363587186453643
-11.22449742291721
29.3742596161772
-35.23242768172761
-17.31416038993541
-43.050080657324806
-27.20899191260723
-0.1715809853252921
-13.804773490159363
6.2790251185440695
-18.65668160341214
17.93098675451884
-38.40031081124409
3.9213257301864957
-80.12066170421146
-52.88035926735416
-14.093828053839374
68.99985610570764
-70.14125847628648
54.72091233583072
53.54134602335097
60.576029429056604
7.196370670397783
-70.98249007924522
51.04179022348788
-67.01491939348624
-7.460224169113715
-17.08135623280039
-18.97581089958014
53.475680813584546
-7.15477054249169
-37.22966880692464
-53.71878540088549
-8.002726386994013
-24.825121438332616
-8.223527152304257
31.409477124853908
-3.1061615569185506
58.101948713727126
-13.781500924464481
-56.95201870177271
53.71510765082584
19.353748716273827
-17.323572082923604
-0.45966654748148983
52.69844059816967
14.403908615713561
60.83488308820563
-0.1921920379224531
18.444768454244652
-24.071283355757885
-27.10742218145073
-24.071327881081174
3.920290295014567
-21.47743295840813
70.92671290177162
-12.444823168392091
35.20921358971185
-11.69142706198997
-66.56149216667632
60.90451907352582
-56.95488732828249
39.357861666363306
-50.15365311046859
3.477450900812144
-17.632934810959668
-61.75270784448662
15.081259132235886
-11.79732881340881
-47.46603108006991
50.32494618904775
10.31387951083272
57.01207149257871
24.979194914801425
-40.93978680763979
-54.3258912470879
-43.6032611754891
-59.84353092414864
40.049528633663755
25.024893323022226
-22.413833759405534
-28.80066379973249
49.920833638230164
-10.954379826845638
-69.5491050679216
7.058621913119751
-65.30873713747802
-23.58731132331374
15.753573684058438
-39.82219543558134
8.09705136459354
20.352708856985387
-45.970504620242956
-56.56154591267777
10.783891802312212
0.27534834337996017
-14.129646556105868
-2.556447065104436
-3.5852773530340585
28.789847348456362
-29.649307709822892
-21.394288505211733
8.46392042183949
29.14569913924535
26.973867006163545
5.297056021117925
-69.53961711503563
-0.46162558056548164
43.18052586650995
-31.39883148097246
-18.792874759506972
11.254795535017877
-42.06296457735067
84.8162424919152
-5.016402853747493
-19.62188619453154
-34.64338356559644
3.375344227966252
-23.826512771523
-46.210420259418534
77.59399556090682
-28.721514170994553
-33.32999596714555
-9.56605895957415
71.93887202426075
-4.34565809430589
-38.831753771536185
54.04780890187439
-40.971390179797325
-12.754195763895709
-37.209883289757386
41.64033131886251
-1.5380496520985218
27.650558074303106
-0.7304633861380125
6.906848384306173
65.70604027527409
-32.59081464795574
70.27220092517851
48.13118080295513
10.947548455524839
-29.57679896867495
-16.99827522676108
30.275306007147435
-10.426212382670258
-53.149387235976896
-23.56715686948513
85.15941137757432
-21.8858113291774
33.007907032974344
-56.050998908677045
29.9496219059981
38.607449854300455
39.51954698818304
-14.682587685117
59.173669170821825
-5.7776769964183785
-7.953937378977713
-36.362726397446195
-7.250891311415984
-31.676882450762847
-17.876901322612326
-10.324390817916893
0.6469664068082324
46.426382444272804
-63.85562642619797
16.445281915387994
36.26494454235774
71.76198564712774
12.177557266423406
-60.93122158067834
64.61491507957686
33.740640352964306
-13.479676800061142
20.612788275523286
3.058732632171754
2.539339106267164
-46.03907144797037
-79.32131253920427
-69.85968552435116
-17.58966839539542
17.80445115283628
-15.487823009224684
-69.48600039380155
-0.9636222078055283
-44.00850554632306
-76.17073549148685
28.915565997861933
0.9077051599186063
-27.789810304654793
36.98107843639448
44.37531195704835
-59.38937769733313
27.704630203520708
-10.841183646879273
-32.42174503350489
-29.389504932087206
-41.54294533334103
-32.66732102502564
29.368686299619
49.461970836213084
-69.89334693726482
-14.770391935199385
-1.309762993625725
-2.6776618931053804
-15.859817239242034
-48.077596488790945
-59.93136714792061
51.071968164950306
37.42924346934532
-0.30894209754794133
17.198937535957597
23.61510096235851
13.008129102139748
73.53867101057389
21.552676825915242
-15.584879768013721
37.2125833299697
78.67207265548453
-57.11438512597087
9.92659275295641
-60.41156307347262
16.007200171882488
51.585247064087184
-4.888784816241028
-43.73101158433622
-18.492400491154413
52.807122468560465
-5.986855272110333
-21.25988284676845
37.76860731528848
14.456739277902656
-66.92115090694763
-27.143661693627877
-6.917149646290866
28.594389325536795
29.542357608340268
-5.097543896811118
45.7213655803902
33.70105514256295
-28.923869978405364
-0.07329998526972759
-27.724850372219976
-14.34026208848664
-2.0012981603542386
-30.664697093724214
-15.981997637832535
-6.943107139618576
-70.20903839268507
56.0210044958275
0.7684051490851687
26.06941079585151
18.027087112695412
-14.975112046050967
-1.120261787286708
17.781560750091003
11.662169697256004
-25.29545921407663
31.37526318502745
15.945056044336397
-68.8417630683514
-48.46172255109832
-11.577048164650037
32.97496786115781
-25.245475206281085
49.694022193249424
36.87504828445989
59.1492680867143
48.61208119082383
69.8710241728125
-70.78251819350895
26.43965369431956
14.716297869170532
-16.55718370634615
-48.71873758028693
67.74699341570619
-6.017597248133356
16.996992027216933
-51.4852182817607
-9.860521835357702
5.376729078391165
75.38746839702921
-61.144908185588214
-13.00866527067528
-21.887555154446318
-19.81180815155014
-58.82008969539023
16.18077901601677
-7.337988775116031
-51.09215422582903
-48.22024636786346
62.51856267216152
53.52362720115494
-23.08155149558013
74.4700149442481
-61.079948135587664
47.987793309301026
81.59158465426935
-44.768009289751724
74.21075118055623
42.037849281275385
4.195121751656387
-19.45215213632659
-18.32441310590835
-62.56885635639066
56.35296855107194
-13.114550807293455
-42.63387965617535
12.27669835506272
4.705066299879675
-4.021279399232611
-22.55819731654219
-36.86184109352315
-24.96532738236182
76.34939344166926
34.60313421230987
19.95473969713099
