15.470352787097426
7.9083655485788436
12.552498844128959
16.628151747878537
16.328873025624876
7.518176036619338
7.8995665744974515
10.117170406696477
16.748591128894756
7.76599141781806
17.24253773147505
7.599073349012188
13.587546955445319
15.796668314143297
7.771684759186791
8.027136319805237
9.12336624059824
7.746585958667459
7.804092341139303
7.614931798364833
12.427550681653546
11.47350410140793
10.697351379785761
11.306576860621707
8.070408470471005
13.390300328427372
7.600017784525854
8.406977721861132
7.685868241143255
8.19379159915577
7.51834532264895
9.140951499097262
10.689509945022657
8.493356747905093
8.070026035403295
8.077457313247955
9.9490739683182
8.166092901102068
7.506845090036021
7.84119930813872
10.095771458464636
14.286433870078667
7.5183766803391725
10.843147031972329
15.184897884726805
8.001160553313102
9.091848546072391
12.935261711627668
7.605016432801738
7.850294897550328
