28.37947878145434
-35.28688682617955
-56.32380189549139
-55.91778966204685
-40.60940466052411
-30.073036676321635
-43.72022376582096
17.98160079150378
-47.83979034862015
28.596917859901666
15.936288423737395
-29.484329611299074
-6.075156804030456
-15.186683843034558
43.29409674656759
26.948723259776756
27.082183032785466
-29.701162285577794
48.63980732164711
49.20683839682266
-30.776453286734593
74.57217060622489
50.99973632026041
-32.431112673431215
12.71513268567287
1.0812946550566522
-40.9241348796878
-29.37452369283676
58.53117729323486
-6.015193290320624
86.84820808349136
-8.514056736606179
-13.756506466239102
78.94417249385577
-29.437664288294826
36.544238086850385
3.250178554646169
-69.39389889950003
-26.27436007224449
51.59850615750199
8.948833124031623
15.193560311200116
-35.06449153671431
-25.29918473618268
30.1910072844762
-83.43763456576275
75.80406251842041
-59.42247009309195
46.11944331325185
-14.66969193311742
-1.5592144984377398
4.345965094815639
64.8727299801482
2.5257737465237255
10.310209439138205
15.471877544650013
-20.441553324947733
-73.0735663646695
-1.2291490724852423
-1.190235850138123
19.78250505685969
-31.50860894821504
37.00786276449318
-0.7564478213680701
-15.709372736516784
-14.516852406361906
0.02464277015239702
39.90810512468397
-7.162026379877489
-10.28016732547718
33.63279483930785
44.88171437577492
-50.19316802679945
-45.03782704857461
-20.486752601428407
28.786743966722327
74.50674020771103
-36.508883737381154
-55.47059202985695
-39.14255237829622
-14.797461340956318
3.527115516108168
31.864994491045735
-14.786844562840827
77.42060159825874
9.151392896422209
37.95491083783887
64.67613203954957
-54.24707979061029
30.29226636341602
-51.65868746667487
-27.22314369752931
82.69775289866686
38.63015954963092
-34.68708553649219
63.24326810070272
-63.17944354580791
-29.62362110895822
24.902693996493
-16.409100203601312
-1.4674777351307569
87.01180451877227
-9.251914895974267
-64.31261140960453
24.011295645004665
-7.695501544364063
-63.8067077890759
68.06793439453782
-60.8198190842468
43.65983965946785
-1.1463258594502577
-19.424091784414898
8.662741952515262
-9.537202254223075
-71.86939769407002
31.586898370762782
24.51487242747355
-3.4949244210346677
0.29620004924476007
0.6904230208552207
-27.621608503033315
-49.153745154726536
-4.490253581701069
-30.40829361777419
-28.485607466118992
4.116734122786696
-52.16645486282113
-51.81447771816617
61.9642736691672
-54.14915986976344
10.560671194968648
10.102794804459052
-29.054798984004762
24.6148630681662
-17.030674238781486
-0.6212100307291166
-25.65674419336723
-58.23779831618037
57.510507257864276
-48.69131408094876
-48.19971301536693
-19.495605890157776
-36.55345519915915
-46.23489435945681
-8.135180964224105
6.4801812944819375
-40.693739040615064
-27.46245457088017
-69.6270455659666
32.89055848096666
-81.6973452081212
-2.5880321742177017
-4.788701568500812
69.15196701247248
-3.599975469064077
34.06804523645832
17.95808736714953
-29.92164207475622
-28.363300688365683
-48.080752538054604
-48.859518417747665
21.217192151684472
-34.91751099572568
-58.92084932706824
65.95219508426831
58.42508721141459
6.546222960576017
-62.313138089207314
-39.896712957874556
-28.216803821508847
76.23900583450202
-6.3746484561620065
-0.31646572211985813
19.76386110234243
46.33340323090687
-10.74530137920135
5.286852393285173
78.61718739623808
-6.263745174611472
-12.824507424715037
-17.33848023302984
-58.74807142126815
28.154261778208195
43.75690521035904
88.58707445738148
1.740310610337687
25.649033420417325
-28.65916367409615
-34.270853022112604
-41.658299312704244
-14.240060915769263
-83.80859159335598
35.750647653381975
44.4174973711051
-44.84426445948898
62.48671603705185
-45.80208609365272
-15.127439707657146
0.586568852873981
70.37482467189818
60.23821185829166
-49.05549666270099
-54.49941798732127
15.557196957266427
-47.830036378796656
19.659887343620994
30.50423556933194
75.94164808515202
-41.868053676449684
-11.424245378585795
1.7224566014421328
28.20625333001749
25.055615754596147
81.27709186627933
33.685458766675225
18.554926078634594
41.32898890140319
-29.52798718401408
77.22614776456268
4.5135940396970256
13.84873720246614
27.440457295911514
64.00423327569848
30.924956565382672
-3.7328427829523605
-38.284164623744395
-73.1741404928051
-36.3515089767848
6.055754057705883
-28.59514007720867
70.65235477926456
39.45129727900152
-20.71412912577516
-74.45492565066913
63.54367059586437
48.954530476822015
2.504000986173182
35.556321539485765
-76.0747362661421
-31.142799773752856
34.74367078226561
-39.257857290163436
7.078312580879128
52.73173888605825
4.507303257314149
-64.59187725895617
14.89860832187695
72.82066148382043
67.6801818348655
22.44274412119792
61.716776095095156
19.04709676933325
9.993808479753099
-51.594513028348864
-0.5998368978463589
59.3297624607618
74.1966720437525
-12.995292059453874
-76.58757394315299
-49.10880148286884
80.16037670972025
50.83606575266444
-27.82849994135303
-41.11912667794262
-23.388110179161544
0.8539107821137577
57.59776894577527
-23.735709898120064
-58.59677149681937
-2.634836838561128
-5.426050676969368
71.73646288259758
1.9889213630809053
20.616108352365345
-26.31694190021355
64.29866987681399
-9.872836647225853
-33.81054830244176
45.214263954273605
-80.58266937217655
4.2553941497813526
-41.49065521708761
-10.791426607258671
61.891412129450885
28.06374611817806
-32.490055070747744
6.316116800279531
-1.0158580607974983
-3.03372097336495
-53.75480851835825
23.496909087760542
51.3597694906573
40.102817101257756
-63.144096036789136
-40.739240354972054
70.52764795817467
13.549388714525136
-25.407932670669155
44.07809321491729
5.693104289985911
52.51976626461814
75.60106622535523
-4.605661423191805
-67.46092342635883
33.26217415482657
26.55506109316765
-3.4876549071015006
81.23328949584592
-32.05737149959903
0.290541264368656
-36.65234727265794
61.64793036533186
-34.08537221875716
43.259549974216384
81.99875437339043
-29.759414674912748
74.19031455245027
-35.46325208969194
24.886886803488693
22.16898885127344
-12.088962090961871
-72.13790416209304
-82.97591617115702
34.32537354657322
21.927292445299003
66.07058281508787
-37.54776467001334
-54.01546274077606
-70.38987080445635
76.35726254348418
61.792488512975495
-3.5914542443834137
80.89522369332892
80.68256300727168
1.3639067995914047
-8.066153679243797
2.2154820132922737
-28.431460895281347
5.184937493737621
62.1632143535694
52.23673368702049
-57.869983138612035
-79.16081537996152
-19.868757928306053
0.5658049953182456
-51.750581463000294
-7.538248358761535
36.572339431045265
-51.92307023846622
3.3267956483473853
-57.705326312299455
-4.9260484384733445
35.34195515522612
-34.055298570201565
12.338448142111659
2.002820340449759
42.62048234223923
-13.081286448472255
-20.14380526409795
-11.820588134916804
-0.45329356287471967
-34.07020227739666
-13.732115763733589
-29.48019433449086
3.578442818893194
-52.94970747866999
15.193404012821162
80.60337098770566
0.3483600335091097
0.7519181657431346
-14.707836634559598
36.296089793879844
9.839188263360555
-50.05962765210554
49.50586285628802
-56.52966664473462
10.279166017646801
-35.78817139484408
29.75145566385565
-69.59858131638956
9.895865226781567
-29.565684758055227
40.52105320449405
42.575848963120706
6.465373016955766
-26.466963057556853
81.65846525380164
37.62972341266533
37.829142346103225
-20.10196930566211
-19.378557239763964
64.07393322179902
-21.555243446186836
49.23433886063938
50.39806788449127
74.78695699553984
-17.463560306773672
-67.04088694376452
20.57476382048297
-60.936112280628286
-62.949882348354706
33.13645755158609
-18.49913354035344
-3.50879228648094
-10.082026214419955
-34.7595064041631
40.159423909148785
-23.786252923323744
58.19578529521888
-43.20508278669713
37.070362452445465
-18.17894953116
50.27191812207536
-16.436038988252946
13.304257448089032
3.5378370896551843
27.125729931026953
-23.05512700805204
80.05439325276629
23.26419460883102
32.71137449350337
59.46230488336741
-0.3613474112933943
7.3860244432093936
40.560485496804205
-57.69008360740693
4.1325758727798245
68.75121997524437
-79.41096898078901
-9.929166930755542
69.296552857063
-69.1141098642315
-44.0185945945849
-11.558581049083074
-72.19189600813469
-38.45704075451433
37.11641665178897
-52.40197260929411
-23.277688159152888
-7.548338793225426
14.273777794536727
22.079474844531433
-62.66565445078619
-60.34639894950681
-75.59769850858123
20.36945368758053
-31.10607326136268
-61.96994217986383
17.910322838607954
2.7861093528387215
-19.298168181096187
-24.360828838216705
-9.2665763226926
-18.876393192458664
-51.681263391490006
-8.680017021425542
23.857995209717714
7.630179362138719
57.94812788836205
11.698791230663218
-6.7859514203451425
-65.67696513824686
-83.24886455372784
-50.11425175282138
-41.2142755005585
-76.57721283298777
-18.05754876963549
49.15747055790703
36.38915815730732
11.281020702419795
-32.917748942443026
3.4969122106811454
-46.2355988544632
67.94103074412692
-51.66382165932263
-12.433123246388249
45.23794222297528
-46.79408473292768
-8.796256092751634
78.6455239749304
12.919642156668615
-0.3864450972211273
-4.22326539523344
-13.037627682667718
52.519417024246565
18.464789146453015
72.4072018109812
5.492658796075716
-26.69533838237156
-21.14824878042434
-52.157978729859174
-21.55466672191561
-2.996772767648878
39.01605620073309
1.9283009420994688
-71.7231895986975
-23.663478248101427
-43.73569035465093
44.98667179385123
-11.504152539245908
-40.54672203768895
11.018535801224246
7.1407177973984375
38.33831212749965
-52.578707842048644
-80.56150220996244
-2.946103173998438
-23.46174610736469
-47.23113952912586
-62.4480310669604
47.18810287132504
-61.337195390550534
-4.662259454751123
29.19066309266222
-24.798769650573092
3.1194771489172837
4.668271469695966
-5.8171660835376
-5.216494031074092
-46.633020082179655
-45.15877521889184
-25.68735811984068
-1.9801045210659538
-46.33018307579793
20.311278786704506
-48.23390981052229
36.15569036605385
84.88850216842988
-5.573797127265806
8.666557782603462
-2.0291711101907026
31.86120180886067
-16.496208108004225
-79.77832661671363
58.840073995820376
84.70544238432834
41.70259513515353
27.244320984181982
4.175970819254175
-15.258789082174673
72.20429422030298
-24.8247041053026
-82.26098872320996
-5.950434423003557
-14.51894078869418
-1.1081889427091198
-19.41137148298911
-13.872703335748483
1.1385653701837697
72.55486910731497
-4.822114040438336
33.61045495545906
54.31814576552185
51.54868997229687
-71.3548591795298
-27.019370333279426
-6.8870877144904625
-43.426910315650034
33.67022989152147
1.3922110328355757
-57.49291007419163
14.27742539864289
-15.863826693736371
82.8752628852481
-47.978943602497
-10.584976986983435
-0.910981545354872
10.60744460483852
-30.552240807597244
-64.2230426252901
-59.85778149893392
16.963902223106516
-22.69378325947234
18.24516749903694
-16.30622591135824
-11.790912248227357
25.541226291909396
37.40672313555049
-7.303393042626027
-9.40559056893963
74.08522655818857
-43.97689743427518
30.24577818273019
-19.35491056311382
-13.415622177192034
17.86246873514095
16.513657610885517
85.25502015268671
-41.64422836684991
-31.047593434713363
-16.143454428132642
8.041427994181461
-12.967859919878947
8.400066303333645
-39.71109432332963
-3.1554439205956015
-57.963449461309864
30.037646606179237
10.667435093558609
-1.9996204061535536
26.168557996613785
49.06775662757116
74.71484312531015
-23.90363438985034
38.44799842723998
42.24366150057003
33.37594708455529
87.52381374329656
-23.107765461611805
28.75980471553069
26.339623677235608
73.48310955172158
45.99327292710518
-1.3725476866326147
32.07200640141633
-12.432126498398858
17.156736348768675
35.798820019400495
-32.677988472034826
-62.890390456610895
9.902814154551962
-45.201366960518556
30.14874847399072
19.178711902098343
20.837962237058377
-5.5954418023749355
-38.45867440264758
-1.5771313362097459
15.50277672024994
50.46071837595338
-18.949727634234975
70.41910864647306
-57.29737217425601
-29.521076171782227
-44.57341588620692
-4.647929931615678
75.72992145411743
-47.80334572705491
14.923230888861255
-47.62836812329586
-20.414768281407092
-5.785036993788097
-66.24789789977459
-58.40513107539803
70.26166405506555
-4.615218808326887
-44.18842847089883
-53.53808224547781
-11.404109512470384
-1.9102981998050552
-10.937717392507992
-72.46483867520925
-9.937064045532807
0.40922601008320214
45.14168539026605
-50.63536750557777
-17.256904336558847
-82.68044224859288
-9.225914557527489
-69.6818220841636
57.74940639957708
-44.159083293377236
76.83994538266305
-25.570700368732062
12.44379161378437
-64.5148943283298
-39.06415704708412
56.333587112263956
-30.893657749748854
22.641706787911005
-4.978682260936438
-54.99924446999903
10.623504952162989
76.32631399521003
68.36482264370494
-69.92935586671138
14.744202899562026
-55.64468760290179
38.44680211576184
39.87072515864426
-2.1674053544731464
-4.181896653739315
-43.93579900560134
11.446534053859168
-11.211990801579702
29.633320477647047
-35.12402204270859
-17.298866924318006
-43.03246211613384
-27.203293129233757
-0.10979420006778184
-13.916806814751524
6.261870387937776
-18.897715201599
18.032519900816027
-38.67527488590064
4.022195271072917
-80.07828032425334
-52.8646427902274
-14.276576532426049
68.89756141434853
-70.01044037027236
54.76477724649928
53.46390483688609
60.60704166462662
7.33040713702988
-70.95153889878789
51.11629122803936
-66.84733339914001
-7.510417668383269
-17.06437330355432
-19.17829499580013
53.57733312547472
-7.176406005819288
-37.20600348774666
-53.741634855172585
-7.9694295034635445
-25.015786080590118
-8.212498336002255
31.27720396971955
-3.1678749588466104
58.355157932806634
-13.969662602710713
-56.78326101876763
53.90851461778493
19.63000606013054
-17.30579667335472
-0.41806930701653755
52.945125704395224
14.303069218574194
60.77761071634498
-0.19730928745936183
18.709807910347905
-24.02063152486737
-27.126867154746606
-24.326309267721612
3.9976825796751285
-21.735886049426554
70.77950870724382
-12.424270641173365
35.57668718586302
-11.668540659328215
-66.62914054968458
60.69448490967807
-56.82278768220002
39.64629654833115
-50.40188773696122
3.5624738479930755
-17.74000910487166
-61.607909990496495
15.166345415157679
-11.938890195823191
-47.42485419303309
50.13212400014535
10.280624185163518
56.90037372058009
25.078988012198508
-40.841398680200754
-54.3706527935092
-43.83069783935759
-59.857010166670094
40.40488450026808
25.253484357594672
-22.638440481368036
-28.937003344344944
50.186713619358414
-10.942347612212217
-69.64005284062438
7.174856132253282
-65.19121951565145
-23.79113063693366
15.940984935404416
-40.03055312184416
8.238514949744399
20.361593408363518
-45.97277541200715
-56.65064095596202
10.731620167791093
0.2906494535035904
-14.156977389490905
-2.523460548005829
-3.6447060156458377
28.720715082368315
-29.600401511738383
-21.332077281474056
8.516614267568087
29.47244170739873
27.04401166724304
5.22064264797055
-69.39822038481697
-0.4464842180290134
43.151632600385256
-31.318354070865922
-18.940810667298507
11.380733533340205
-42.290234131215726
84.69281786326573
-5.021014721364651
-19.785836969586768
-34.9441451518437
3.4694757663803557
-24.083893005776645
-46.089974943356076
77.62173402934218
-28.911521513331564
-33.468360015594925
-9.578829904792897
71.86445597260243
-4.44125310867507
-38.905328583099454
54.21938283530781
-41.112785551650184
-12.742790640229245
-37.35508062060512
41.69473427294841
-1.4759927638445447
27.52783397126106
-0.7821659573046276
7.028985704103604
65.46104009120006
-32.66617077148118
70.28023063159992
47.939068656941885
11.115481475544641
-29.81228012010061
-16.986376443879806
30.180096754770346
-10.42529050990251
-52.99512998915925
-23.664721050309566
84.95614954607794
-22.120609341934113
33.08275498122154
-56.00339408320273
30.121281925622796
38.973527517508955
39.63480916658759
-14.689441174675864
59.22114097490078
-5.778587097820619
-8.09666528296755
-36.49097306694052
-7.235618717519671
-31.952000741427852
-18.04344443684937
-10.346178791802046
0.6444019336655344
46.40472276423034
-63.85794978108739
16.481046952661572
36.32551497886797
71.59653796047368
12.333621703699478
-60.861530886901555
64.6890313762363
34.08903571730818
-13.55072572139629
20.737471366789748
3.1306055390353293
2.6139485812410186
-45.920166930295245
-79.17754020167848
-69.70677076809982
-17.54831976003308
18.06177219298644
-15.46920234369577
-69.47472971291052
-0.974453579169122
-43.94816791917858
-75.98732502373272
29.17398560816075
0.8978787888054427
-27.751009847376906
37.15016397473158
44.65986543689601
-59.43265745860235
27.88221774324191
-10.845584421930326
-32.679104481188475
-29.336294739635576
-41.698648400795186
-32.90459845654388
29.17658530844568
49.25684981606142
-69.76101817626116
-14.872919250792805
-1.3171526692186433
-2.7465493207619716
-16.04402591039684
-48.36127722735322
-60.00911913396525
51.28546474373084
37.2667592592143
-0.3524843499902772
17.44576496943806
23.92133808037599
13.018529793999136
73.5523823051816
21.814295232892178
-15.666858817403465
37.49006758750386
78.44674807900995
-57.31624649452122
9.824281901512109
-60.2343566928735
16.249232575987037
51.61226913112088
-4.842497335218468
-43.946098895194346
-18.590307179923514
52.7858442531836
-5.970146527914736
-21.23634523198531
37.8613168663415
14.548517286883168
-66.9272510763813
-27.417960682442725
-7.0454333958956425
28.875983023857344
29.854961511645186
-5.074868376107233
45.57829327421595
33.5466429784683
-28.897622879624507
-0.07747499143002301
-27.684656007303474
-14.320681150013641
-2.0533241017134287
-30.860331532284718
-16.013653032706074
-6.952558658661474
-70.10105779267343
55.86646543033697
0.8399940587046473
26.33583919212718
18.170989897094998
-14.969478242811789
-1.0552068720211025
17.81896472100307
11.84565331997193
-25.22774632019511
31.205395600156635
15.86373572927404
-68.83176768595767
-48.73123695280971
-11.56077326053294
32.7772484066993
-25.409415188562434
49.681052457648434
37.11272540220193
59.03825528315673
48.576611321987684
69.81004765875684
-70.898591978118
26.33050679012429
14.941440690496663
-16.639066430254644
-48.94359499692213
67.84553748604836
-6.010795658402728
16.896639170635737
-51.45158457285555
-9.892111157799818
5.394413032715491
75.22370176257448
-61.25199239549725
-13.025622469395245
-21.954498849734506
-19.939137578211756
-58.75142434532486
16.42338563529752
-7.306654002004166
-51.32196553034053
-48.406283766079696
62.588526149938815
53.28609459910547
-23.278311893548917
74.24613075487366
-61.153863400117174
48.167750581945114
81.45978971446439
-44.638389101242396
73.99253383769101
41.97283694666427
4.122291089079624
-19.457158402762715
-18.30693895160924
-62.594362446393674
56.23149605739718
-13.093495545143654
-42.52245409229938
12.379672167079633
4.815579074819482
-4.002020081264419
-22.716069430022472
-36.750328928989724
-24.935019958500334
76.22571100805544
34.83316772360868
20.058136598089618
