27.847830963541924
-35.2113314082425
-56.55668196213006
-56.140065146857594
-40.73235469044694
-29.872200640488572
-43.74935264933212
17.630233759877925
-48.04750736901109
28.243385616022962
15.792876839911045
-28.93102877825642
-5.936645273825661
-14.759352738638668
43.58824097844902
26.389701196089348
26.72255774252828
-29.7959154149263
48.59959292294036
49.30163230518568
-30.883540255739504
74.44569763119438
51.07255805458428
-32.43798544545558
12.49805150247785
1.1505422914823669
-41.02635177713932
-29.00759471970433
58.13916216408154
-5.9605694940783
86.90309197359443
-8.109443063632199
-13.260019833058095
78.95065129386768
-29.375564520471414
36.38239562939941
3.1639037858101204
-69.23105678066182
-26.123271956604185
51.21300490988327
8.779243781376124
14.913393319846762
-35.17015009656249
-24.816438925843755
30.222112002019742
-83.61735045998388
75.96560942724335
-59.54073440078495
46.131644345394875
-14.600914387006114
-1.4620622309209068
4.476927299166263
64.69207070825516
2.4395223614216803
10.615663137918261
15.76328021348013
-20.525781261427383
-73.06826820744217
-1.2946252690873337
-1.0993069176737862
19.461584631346554
-31.524142224377
36.578143074876834
-0.6316596311291818
-15.610385713569954
-14.38445984594459
0.019376259574954702
40.05393641554312
-6.760070409548177
-10.070617623660098
33.32499606162344
44.99167946639031
-50.41244821464813
-44.96388501625044
-20.234797174932453
29.035881211176218
74.53354209236784
-36.31668928402162
-55.699290425128126
-38.87959255919951
-14.829028339657583
3.6271840852958235
31.633610371049485
-14.591621274765188
77.31665617995199
9.42625025559596
37.827661405420514
64.85741232194513
-54.45191517884418
30.622002330977352
-51.885179191884895
-26.784128561998543
82.68452218732449
38.34380869011261
-34.65882400020669
62.769602485355364
-63.467946001287
-29.724233861032317
24.91033411115265
-16.46864355295358
-1.5384519005990427
87.07170734420905
-9.261159396463924
-64.54713005740658
23.946155317926753
-7.594843207060592
-63.58043564163024
67.98572929264037
-60.704346422753325
43.65573322584777
-1.066862571116772
-19.38893712273672
8.485586367840256
-9.575653388611215
-72.00058554125604
31.006118018687772
24.43879866170478
-3.407901934442279
0.38807724178853675
0.6891211134383894
-27.1083605607395
-49.28251546348302
-4.503880545169167
-30.516743378489053
-28.569893574770177
4.131950847406046
-51.78392116987344
-51.90971910740145
62.15403093283936
-54.37611007954245
10.357002604124148
9.934168061423335
-29.136206020134622
24.69138600943876
-17.088726807572556
-0.6921800800024016
-25.580109477141647
-58.269679566263015
57.01765697188438
-48.89096366719445
-48.352110815736225
-19.154291558116384
-36.31519741818558
-46.153727243732995
-7.891217442519917
6.3350772760136635
-40.36774030692205
-27.46657104571959
-69.76628470685952
32.36359723150579
-81.73821757849925
-2.3396504949852357
-4.804137536830424
68.73490131101718
-3.5781210505404886
33.539768907476116
17.784674417933644
-29.96934347007081
-28.473891340671642
-48.28816016350401
-49.061176207414285
21.43436421550959
-34.41250483828192
-59.18739416509653
65.56778718517145
58.451745041508104
6.508039836970283
-62.59628835373357
-39.6690717811513
-27.757037439604844
76.32553883056977
-6.1629167733438805
-0.4041389570382137
19.479031995274
45.69218965840133
-10.645797406306812
5.311444021127116
78.58660556705732
-6.107662074786319
-12.743973721172324
-17.124676042998843
-58.77567363258226
27.64761738554664
43.96588041175846
88.54324442395915
1.8429347352835919
25.31405893374864
-28.535123306736182
-34.304884615408795
-41.83421794485907
-14.104928797857497
-83.90285616827228
35.79509810918748
44.11146671657352
-44.32796896195812
62.41364662431499
-45.99980585043231
-14.997294885982853
0.4965153136413676
70.49982361042177
59.886241174017215
-49.2704812488778
-54.62683443029202
15.58284594925459
-47.93036167630453
19.720868001421152
30.169919044734073
76.01376805319148
-41.46585698389679
-11.38283448459427
1.9381585394577883
28.01239521964534
25.178791705194115
81.22786958519552
33.31989739616921
18.35195850593854
40.994476285306746
-28.905640962973607
77.23355867993348
4.8467030872677554
14.054014775624779
26.925272101859193
64.19003858070965
31.131471627552543
-3.806250680891125
-37.95097002990602
-73.33982461478138
-36.424772389086336
6.007949647782851
-28.66707226648657
70.81832786716308
39.74817440694983
-20.41407466266675
-74.55974982866493
63.51027080441452
49.11493042029261
2.620003328495372
35.75981049325958
-76.37626488827999
-30.869803674596312
34.10056589317273
-39.3757411733022
6.93074826237401
52.75041684074543
4.628685736979023
-64.62935805351103
14.637442588264875
72.54536056797494
67.67804205780226
22.386273293418142
61.80646028333081
18.666249948997162
9.901206383899435
-51.25335777304812
-0.599214755617183
58.969338591514514
74.24631290315725
-12.995625849403169
-76.51300029227883
-48.69000133707593
80.10062494423386
50.44676550265055
-27.845515663575995
-41.221890684834484
-22.95974906872698
1.052751379895568
57.77621756705773
-23.27228196124541
-58.81363361158305
-2.442127930243032
-5.489265361172613
71.36414760415056
2.304079845078789
20.546290589827365
-26.41193123712445
63.84513646276841
-9.414348109735585
-33.894210000616276
45.248302567229445
-80.7378232804341
4.256491104905095
-41.02040892599868
-10.494507849000286
61.904563031494035
27.628281034168893
-32.5925544107766
6.221871949098215
-0.9399798666500914
-2.8408363159359595
-53.51048618489151
23.59393664749338
50.90023927185513
39.62782756663114
-62.897356484905885
-40.32986751209186
70.70468323076818
13.744837419067125
-25.14031407712379
44.121596877817154
5.5789199232130215
52.50722115690769
75.76685590591211
-4.6675935616067505
-67.32163492340666
32.98120645894929
26.572380346568096
-3.5147867827812576
81.10305573497817
-32.132963215296684
0.21849078657645293
-36.36648222370916
61.267605057482115
-34.12592969419901
43.00651840747054
81.93458199672074
-29.87803738319697
74.23694906251922
-35.60599671004166
24.418888559480735
22.38308126387298
-12.099216540034618
-72.15032234231063
-83.07552599435417
34.35814133150362
21.484287638768876
65.84533975605746
-37.66788890967746
-53.99129772240604
-70.26587128235028
76.46411647732955
61.940844824109405
-3.4557851525989207
80.84556193813822
80.57985254285427
1.6025027909945493
-7.868626353056129
2.4459781592877903
-28.500467387689355
5.501441442039038
62.31507494179306
52.14063229931452
-58.11191930436335
-79.24324849537818
-19.85887399348465
0.7079509296582387
-51.9037463504482
-7.328464721731891
36.12380017785296
-52.152360937104845
3.410281818122101
-57.963730343416124
-4.938866579063188
35.02872405637149
-34.131589625790355
12.095196666643929
2.147036565997425
41.92470713203437
-12.716823901642428
-19.60381003727032
-11.627727525365145
-0.36506034545448074
-34.105727650388864
-13.236041078974438
-29.23482094651139
3.5460512964660182
-52.66475503990307
15.466096312121422
80.56731016415912
0.4834737369358777
0.789264007024002
-14.69421616121923
36.55298875619562
10.141363837060965
-50.26476220448225
49.666951015194314
-56.653065255362634
10.112213090615612
-35.728801862525124
29.190603353699643
-69.67850381270698
9.806318035152302
-29.443843991295466
40.54400105956461
42.278607453642195
6.328836682120141
-26.276466837969565
81.4869109657605
37.953370527480985
37.581378300340475
-20.143762237182415
-19.442420105654108
64.19685203158863
-21.102281716045425
48.92091401101072
49.86913591211754
74.91424199594888
-17.213341959511936
-67.34817619511843
20.188717795994947
-60.673313473395886
-62.96511440035599
32.61106274566313
-18.577497240005613
-3.3559383748951888
-10.041552806447967
-34.89528702057267
40.40216558280903
-23.801199602498542
58.354286552746544
-43.31694148028763
36.79060035721375
-18.234884818606716
49.916070037687234
-16.383226247594337
13.2863884957859
3.435024984184551
26.612418911712197
-22.98422380130029
79.82990946080096
23.074067808060178
32.54907374631816
59.374028412939026
-0.2222932184479447
7.26430186620648
40.515798278963956
-57.81885137483153
4.185140063583404
68.33420878216134
-79.49358582326289
-9.832950749699705
69.39218504094325
-68.9772337737374
-43.59984594072549
-11.080153643951263
-72.50451035996917
-38.077189938353136
37.2814842632512
-52.476493649517025
-23.331606089934212
-7.476855629609304
14.459298485968787
21.882936245204647
-62.93658034036976
-60.577743594741406
-75.78861503214233
19.936089830857398
-31.203215184819825
-62.07897372660358
17.778600709351906
2.9838181522160596
-18.9758879066771
-24.449702234797655
-9.084844514514913
-18.566521408773255
-51.82964905319074
-8.74388527155017
24.18202771696255
7.528811355236911
57.34557023550039
11.951682385888404
-6.739619204966715
-65.89559333963044
-83.48812391659852
-50.01045769214575
-41.35367689443835
-76.83824491141547
-18.134406759643184
49.29010572537061
36.51902634680255
11.205401221379944
-32.82268358117899
3.5475451825316924
-46.42989646325032
67.59783829682951
-51.892065998637634
-12.496574989416104
44.75902384770188
-46.46017606715865
-8.75543802226943
78.52114335457583
12.662824626146048
-0.22826959646712908
-4.109877425687685
-13.09471882851956
52.53077710423608
18.46881528658288
72.18641050951683
5.477056360160333
-26.146881368479
-20.7275476989997
-52.01836513941223
-21.35405626717902
-3.057950285301004
39.241704157867645
2.1094817459850645
-71.70175700173583
-23.070111230091314
-43.866502329577465
44.459630474995066
-11.33423767789158
-40.26783315451598
10.89866000002607
7.383538405498712
38.43901119466625
-52.155855144505445
-80.62693340425885
-2.985997509399354
-23.390389498879998
-47.244952479715614
-62.31325937602084
46.591399545158254
-61.61677967099852
-4.4275459695826385
28.633449988510023
-24.869371704046458
3.008472085514782
4.545026697505193
-5.8514673366024255
-5.286339860474186
-46.78647961521051
-45.34045364849966
-25.5234598183346
-1.8608986982951592
-45.79888666956861
20.387582549646737
-48.41553203947503
35.568256110234984
84.81528695650584
-5.264308444960307
8.503684649043151
-1.9773451609273422
31.854203918378346
-16.089980987518842
-79.76811138888525
59.05125889437389
84.77743128672907
42.01196048775776
26.822024731762752
4.062625210155261
-15.071606122923697
72.33600740497121
-24.375658528568835
-82.44774089732388
-5.939676913435349
-14.156199621497848
-0.8219744436173073
-19.35922657452093
-13.796839250318541
1.077115172042383
72.36529767902087
-4.5746246358984735
33.11376664639121
54.01773607092056
51.737134147003616
-71.46915052235383
-26.83958308149255
-6.764221458154637
-43.60892308034432
33.07825983100997
1.3014440817232327
-57.50391162092083
14.028862091109275
-15.724026415878853
82.79991363282636
-47.585244174263146
-10.400895674478718
-0.8779780460608322
10.61462390773626
-29.997815089878216
-64.43653786194272
-59.91245466165481
16.90507675638176
-22.119075051921328
18.59461059218718
-16.374188301371277
-11.85384226216047
25.74790347972248
37.16801095226799
-6.987124834409869
-9.174499595449362
74.03165639150478
-44.12621769932251
30.5841607132744
-19.365323712551614
-13.35667754844819
17.92049744598691
16.559801635188933
85.26222400158258
-41.77193895275697
-31.16439596567328
-15.73533118898456
7.944979603991598
-13.030124806935675
8.291040835350273
-39.26128875050487
-3.005436251132707
-57.8262236137648
30.038106964927536
10.833087854794485
-1.787468188202169
26.160234760413715
49.22723265616543
74.39922855613722
-23.821688425497868
37.93841884156316
41.82711602293796
33.3753782078179
87.51309769182208
-23.062699468716772
28.814887088600287
26.597400787228324
73.62239023432295
45.872818097735546
-1.4069868010030717
32.35788888451168
-12.411067780879065
16.79943400435775
35.318065532864466
-32.789280119744646
-62.987831346518675
9.722641293252437
-45.39030689870198
29.53625097009217
18.962223189848274
20.698824604628115
-5.20973169633821
-38.182165472275265
-1.4211495924904796
15.273496842928779
50.314680229467314
-19.028679688837528
70.49094563607315
-57.49089231348597
-29.6333159672364
-44.573459785929266
-4.562254692914806
75.48447737271081
-47.444737680733866
15.156296188771677
-47.50761603478586
-19.888419842431247
-5.399410872675489
-66.5409942617924
-58.62626370683785
69.87955036499193
-4.352159938374456
-43.66198608752536
-53.672389377952406
-11.366820816012137
-1.9905987646606178
-10.809499763682297
-72.35282182501936
-9.574820994258843
0.5111419628549925
45.13491543474416
-50.8073997451502
-17.30019626455099
-82.94463328390643
-9.247255601259297
-69.99811338020302
57.18960332363645
-44.03062419826008
76.59223782163383
-25.606960758315083
12.195262076806756
-64.37685946124441
-38.79470574788228
56.174053400223784
-30.93354015685057
22.355260689445103
-4.754106330098935
-55.23691635294935
10.418131607676628
76.2652830485307
68.20915110135408
-69.87016700783046
15.037706470128896
-55.871038158086705
38.065704330723236
39.61474605054502
-2.000875121886452
-3.9578723633534594
-44.11975293819997
11.371665573591656
-11.235574253380179
29.242098881801567
-35.142602571985634
-17.325115954240815
-43.18670726253531
-27.30221611056045
-0.18823202580352927
-13.640596492522576
6.336791807419402
-18.322211767836706
17.940569700064245
-38.171375418457174
3.9279350632377543
-80.1698190835076
-53.024312557459844
-13.809423532738279
68.94991052338821
-70.29935890309191
54.673631909377235
53.55876014676136
60.49723422920317
7.17289717135786
-71.08708595759893
50.993952599861046
-67.15514929252768
-7.3263255007314
-17.112468803105386
-18.712816418544193
53.38732444661301
-7.056004120589662
-37.35204496574342
-53.83658446896308
-8.035869359182826
-24.641876375755004
-8.210036629455075
31.493293131809565
-2.8974296775263895
57.77412390608532
-13.483919948805692
-57.01039334983212
53.521033398984
19.208573173901897
-17.362703677689268
-0.39854144129671454
52.441625351891986
14.525836879028674
60.811906683513484
-0.04407036282381682
18.312756047739867
-23.96816789392554
-27.186428608130825
-23.76963997012895
3.9095335546360275
-21.142910758347313
70.88178980080963
-12.48271169306922
34.90946605268701
-11.454789607875782
-66.59156020928272
60.89678442223507
-57.07768116219462
39.150516194024476
-49.994048559770754
3.512036794341711
-17.520216397876894
-61.88967523779496
15.096220074230146
-11.557439815770138
-47.61236802150721
50.353940615792595
10.385931044785124
57.021618000209145
24.994301324874158
-40.96126591936281
-54.42370024424071
-43.4687069020337
-59.95692570171398
39.740250389098975
24.932179519747493
-22.148693923249127
-28.737104091768614
49.663820184502725
-10.963719396689527
-69.53143927678782
7.085192816519253
-65.4689777784534
-23.369953459437752
15.696285522669982
-39.705856332264034
8.068593061632015
20.41150829837953
-46.1035040853688
-56.608418989269595
10.869145529811988
0.2938345062446217
-14.11405798753691
-2.564053776344508
-3.3862525863352886
28.867451090217642
-29.666008390100203
-21.213441987583536
8.48182954932227
28.927022598267996
27.00553670847343
5.532642342631178
-69.69746359064006
-0.35215780157002996
43.22206417736945
-31.324563683721777
-18.62271791029572
11.235933956533756
-41.92468089527802
84.66344664840244
-4.932228025971071
-19.432969928570742
-34.34966579081487
3.3881515776357105
-23.518162042127898
-46.245955542258976
77.3451055565506
-28.57200838862606
-33.29006691526931
-9.479429780688065
71.8534570953573
-4.094531733892666
-38.89552249833797
53.878104352798516
-40.9558917773151
-12.76324864340721
-37.17733975066247
41.65132984750662
-1.557582231025819
27.741918232151164
-0.5106011793871517
6.883411669613324
65.67669742576783
-32.6324993749855
70.12948058795291
48.1675400060208
10.902829558488165
-29.358034826462372
-16.955953289810424
30.35517830941933
-10.240984762305686
-53.19391670709045
-23.524785977050087
85.05799570086847
-21.59734477151926
33.0301903170824
-56.20623170728205
29.90655855390972
38.29086232472426
39.497099333499335
-14.70484695570093
59.09157914547379
-5.710436260760474
-7.665577184804562
-36.350607648489934
-7.233300803520393
-31.406563199331046
-17.664535111448757
-10.276668188985894
0.6835237911332968
46.455218794182684
-63.96527493571206
16.48879009970301
36.288381712384535
71.71685049062864
12.140209470895641
-61.08981151429154
64.45715772877674
33.476417350520364
-13.382843386606424
20.60998354641265
3.1127769056166983
2.580423193882794
-46.07621158316031
-79.45615907010247
-70.0151244202419
-17.403416248053176
17.681210219897253
-15.537464882468925
-69.58154450211467
-0.8152969071044254
-44.13586784720958
-76.32011647160131
28.785036792856857
1.0770159103173
-27.825059429403623
36.92191515396374
44.13950314163699
-59.4769044216691
27.659337434056567
-10.793180129211194
-32.187081747713876
-29.38019478201292
-41.50913453817243
-32.46802461467243
29.49760073300746
49.493185989408715
-70.05170531964754
-14.633957507553092
-1.1717591983776003
-2.451747747330927
-15.593565572211205
-47.861575616336104
-59.980759574440526
50.87628292042197
37.5000724295422
-0.097751290121181
17.086856266721142
23.43126106185599
13.058952541593541
73.35558630253846
21.424272064328974
-15.492825006615519
37.03116207455324
78.6037091054474
-57.01239542819803
10.120435793536188
-60.4905665670317
15.903112137912359
51.56818387829847
-4.907723561196377
-43.61560616455642
-18.403924150640393
52.809552114372025
-5.9903880087566534
-21.25603336809131
37.76840445443776
14.46649911909634
-67.01405388491966
-26.837261565896057
-6.6411190456123705
28.43644225623612
29.34218280341554
-5.065711517578151
45.767453678742385
33.78270120219787
-29.01152333929393
0.07467921134262667
-27.750993260683515
-14.389246230945474
-1.7956725011325148
-30.520181042688478
-15.977149640900038
-6.875515345011493
-70.36317221790675
56.035128257090804
0.7869577873725149
25.933481873276392
18.00771150794958
-14.90406745195503
-1.1210893142327194
17.825932525215663
11.609988003226093
-25.16066309604821
31.471421474229686
16.043804054763584
-68.93961449365696
-48.26856093213084
-11.59907452977825
33.08020664028041
-25.110670508515582
49.70685876037558
36.74416852528327
59.150290472443515
48.637455189757674
69.79179289247472
-70.72250618451022
26.52989535751955
14.630793078119424
-16.475669645879677
-48.59466966654786
67.52477641933623
-5.967862748427066
17.107140637556853
-51.635779579736045
-9.789849135718299
5.4077188781164125
75.32461157243745
-61.1550901039467
-12.998999136690003
-21.878472378355482
-19.68732394064625
-58.97925362277271
16.07503788013669
-7.353905779132788
-50.9602096838603
-48.152928186118594
62.38587376287862
53.538568917116606
-22.871413998923742
74.41630877326511
-61.129349343508665
47.8579724769705
81.47288234126088
-44.760730056411774
74.15836589893286
42.09007386485075
4.3806828750444
-19.509257176582366
-18.25943845918141
-62.66256352674267
56.36583714941605
-12.910490844068619
-42.64343752291204
12.274822260300311
4.688687401732608
-3.9679637145624014
-22.409194191135057
-36.78761855037029
-25.001836929628837
76.26358652037965
34.48984917586063
19.965477242005107
