24.81389383349361
-31.324021822206575
-70.30828833337776
-71.19518779555112
-49.528745726349015
-25.360209447774366
-41.120829583793615
15.786004618734438
-53.437406219966526
25.300318457167222
14.343394704809256
-23.384196040602774
-4.228001103646179
-11.509203485214854
59.41930112111697
23.451570919885484
23.921843349465433
-28.395961618427194
46.505628732873646
50.01312834792506
-29.881690930100774
72.88636984103897
51.259075879260166
-29.360879091639532
11.4726328991039
1.3260051605075915
-39.54565688156949
-23.927846893170482
54.05270753683732
-4.208945284586335
90.07633054337808
-6.438787991788544
-10.393804376927434
80.06655718756275
-25.710345693752757
33.342697467883085
3.0600150584094905
-68.52235522623971
-22.057942635391
47.087781414493804
8.271710343359942
13.508144202800096
-33.83912791313047
-19.892469398777564
28.892525053267704
-93.24460004784663
84.32183336323064
-60.016753042873255
44.702933693231245
-17.72335193581415
-0.6663424105440754
4.612249199511581
61.958185590430986
2.8787908983303367
19.722883950972843
24.668285887986556
-20.02644686966785
-75.17467837691048
-1.1601452269043477
-1.8081779147256327
17.48655606545485
-40.669796155706614
32.88594563176167
-1.0394381884873525
-12.602260940525852
-18.044159108717693
0.7724622192034616
41.982889011661655
-5.492195420609548
-7.638187349212515
30.021502981511517
45.873750253642356
-57.06770990085048
-41.29070088386122
-16.31256938384719
36.53307465617826
75.77363719381552
-31.63918617712072
-68.86863738370712
-33.79476850424919
-15.906496710730082
3.3104115655604858
28.60670463340432
-11.469455433057789
76.24094750027265
16.094873961857004
34.9212148489969
73.05126309548712
-69.880405860903
46.33688359313419
-56.488951067051445
-21.720019097739623
83.60361549107384
34.79053415833161
-31.190168987799296
58.5525078662331
-75.93632394725036
-32.412914692991976
23.439257279975948
-14.814282550417772
-0.6258564303685716
90.44290039802024
-7.320253516394516
-69.17131681979049
22.012134619402204
-5.573771964156279
-60.978089877767665
66.5253008975327
-58.43830637140055
41.89673372674653
-0.31181989101897045
-16.4101359341459
8.011230433869414
-7.860513673256776
-75.80693259735676
27.66681127161894
22.421918717370133
-4.3645481205642085
0.6867225026317527
1.2847899078396665
-21.84911873909725
-48.74688205723825
-4.975601120785797
-29.62219489375269
-26.912458038549346
3.6163539134959137
-46.51512858740343
-50.91196494081809
70.63903902677694
-58.09006415072351
9.329699460411149
9.245393324324723
-32.78172615209634
24.125008242220346
-15.360485766393225
-0.528562692376795
-34.96363444649144
-57.161107398190275
52.67420214265192
-51.1965202210905
-62.70095430834331
-15.206308178381661
-31.390485394870353
-42.48197704491787
-5.924146552715058
6.186853642878887
-34.96683366418371
-24.46873869017189
-73.03085887723282
28.930301184529583
-87.97989768017224
-1.9056440466557945
-3.313732075755013
64.8500198776656
-2.2034319434226433
30.00796724164583
16.10073183211209
-27.490675847455506
-28.180821369273943
-51.80780741133416
-57.41301524760307
25.744546504685204
-28.52402036530144
-66.98344457637288
61.706728126711795
58.09511785902879
5.451800720582668
-75.05125627249778
-34.770941976565815
-22.543783634516302
79.8175807640489
-4.529189276721709
0.17210906756592692
17.531189532067017
41.38137066698641
-12.935003945542078
4.667849528948409
78.83802366785224
-4.388045060575465
-15.46020025692819
-13.647379693140962
-57.69608416324129
24.650056061674604
50.45179784154169
89.05157483364619
1.5969366179710107
22.677485559237212
-24.48705731047248
-31.558522098325767
-44.593107249451705
-11.154385144865088
-92.03457623011523
34.66115356872385
40.297618404400396
-38.11821676949382
60.657573748869794
-49.99384521451107
-18.910183143063477
1.1065348408127704
75.1973633172916
55.97421567907847
-54.572716460848845
-54.564043787268155
14.62626728213047
-46.689236395639846
18.994066929450256
27.073995011264145
78.87923161495829
-35.71969744421976
-13.291794914570175
4.188383232219579
25.340923866150717
25.6485511097696
81.29780156216145
29.931715135397013
16.585721593484493
37.211032536433976
-23.219522755873626
78.22427772239183
14.862917737526118
17.14955415779866
23.98769894275314
72.71624150634997
35.64881089863201
-2.9466652059139022
-32.5462322217315
-78.29956650555346
-45.59256563694238
5.244972003870473
-32.62131972701489
78.68927275939225
54.613369926179246
-16.369262220953587
-78.78070650445007
62.42464309987099
52.78134923546196
1.9855074826636212
40.58414581191067
-87.1126328121646
-25.992218329685173
30.49048116807529
-38.29806357519182
6.670956924362443
51.788678584678706
4.623780303083791
-64.8650032723661
13.299572268580647
69.5257212290224
67.54722297027547
20.590403702300023
63.64177618404514
16.65648292058239
9.065356414724647
-46.16529284346985
0.26698831291248837
55.00348076993143
76.13088178910274
-10.708287110820791
-79.08131881266186
-43.03569270568878
79.90494580598539
46.316145520912215
-34.2165632673324
-39.75649959898016
-18.367356621901934
2.517505854563126
64.21289642129102
-18.582290716898996
-61.93308836291329
-1.731976378889783
-4.3286368964319735
67.75143653463067
10.411832046741637
18.815314450135233
-27.844794312543982
59.70596824782612
-7.503228383442249
-40.270927681280725
44.172621025452685
-88.44510157946789
3.7939194276519146
-35.00025461400201
-8.036024313941425
61.55871812583652
24.68071779432212
-36.798717220808435
5.748278713389141
-0.20490350276321578
-2.013995498849397
-49.21413787622424
23.42392800969222
46.62262220705833
35.70424682546812
-60.00511081470144
-34.56220264408383
79.6990937899607
16.36606642876872
-20.68943748677475
43.18346919883072
5.444511986031586
50.98179304712727
84.51838629971513
-4.343963781790919
-66.30444482051459
29.75164679662585
25.148341563581994
-3.812126113627258
79.88020578771483
-30.124575585833014
0.9742125691910957
-31.210390134363664
57.29093785142419
-31.47413758790708
39.38938697015092
81.77151256585188
-30.4300150790026
76.02560358467596
-36.32379241886095
21.759234738663423
26.587290015461832
-13.251857180568152
-74.17087478324059
-90.87794563724697
33.027262132525124
19.113994499706394
62.83394749891323
-44.053330855637995
-51.58879873194476
-70.20669104267844
80.94761850632011
66.79122605856892
-2.281740862583618
80.8829157023909
79.71627948351895
4.847962531756835
-5.844220552068606
5.440380891561503
-32.53269620765167
14.42740619904653
67.47192399255994
49.553570572199106
-72.66141490377191
-84.97275594410391
-23.43976134116852
0.6358576138844683
-52.18802704060383
-5.431455299440913
32.444968061238114
-57.24731017643539
2.685993637800877
-64.68508671548283
-3.4254488139430066
31.60103982086028
-41.194435354484526
10.716213763459933
1.5087557813435666
37.78740999734629
-9.852586102296442
-15.412715328450645
-13.586227715318543
0.1697901966700215
-31.38143868709119
-10.375186825156817
-24.56370616431998
3.529274119773305
-48.025766709785515
22.879515838422734
80.85136238515392
0.5293386581423078
1.217425236695064
-16.835979529894132
46.15431589348569
18.910591263154487
-59.63932612501326
53.45168269892724
-56.77333820588487
9.393911846012742
-31.972849568759244
26.018225401745838
-71.87562603874437
8.975494276164696
-25.36992673175928
39.12456002276949
38.54130738335542
6.1286491270748655
-22.021950585786087
79.7705354808009
55.322670549401295
34.17004978134045
-17.935533837884805
-17.73748870297544
67.85390741781055
-16.73470521357983
45.011560577508476
45.509399912909686
80.38464901706155
-13.660087478454429
-78.7845144005064
18.04685488406905
-57.25106660760368
-62.5350048076526
29.15751498984862
-18.160733847389807
-3.778536260395768
-7.802118653735505
-37.62454086044142
49.40770594483047
-21.061086454577563
63.31316790503726
-42.10528912134517
33.33145800274568
-16.393799929707342
45.87442674704104
-19.809945279059335
12.221982127300677
3.7237673462285557
23.704823255757503
-30.094539894322935
77.5104195569925
20.831113401314724
29.683509923380498
57.22782626114139
0.038243175733128965
6.638821549260584
38.223163110057556
-58.22131005315709
3.5992298942031056
64.43752819129566
-85.33577396228625
-7.491249224425701
72.42931293851899
-68.42761243484202
-37.78983605693737
-8.745307696868977
-83.34043575044961
-32.47218329949767
39.91271603188025
-51.18691965628586
-21.19534447477716
-5.49058396813696
16.704538448249508
19.745619026300886
-69.70527587529405
-64.53765380289303
-82.21724958762047
17.666839558882486
-34.96112469855027
-62.8630807455991
16.13380459266145
4.685251618408259
-15.078815076020717
-23.304274162550243
-10.374007397702925
-14.742909147660598
-51.978166730739964
-7.580561829172709
37.634941849382244
6.6101160096498575
52.844934135915565
17.517975238853168
-7.96089907123698
-70.17455620294758
-94.59025121846025
-46.42191561054885
-49.13479734605398
-85.79142928055965
-17.7606293250213
51.48802591334143
37.56724819891977
10.225672404310998
-28.821099480121816
3.0049528276569646
-48.89692182078233
63.985117747265434
-58.67347634501757
-12.123857940816194
40.59404482728689
-41.12811265575348
-6.657212639873038
77.24161587173944
11.47775463096012
-0.06570738366102091
-5.071956546058232
-11.546019036410897
51.415988400881986
17.235901035854567
69.55072214756666
4.666849355997925
-20.938219748283373
-16.45381878182087
-48.32285002567924
-17.456740933873974
-1.9632087086424974
46.368020568895815
3.154683132771737
-73.16097275272827
-18.242260569987337
-55.13797992679309
40.258564671311376
-8.702282011270768
-35.09745952438188
9.993299271371583
11.749504922040941
38.634884517747764
-46.70953475200079
-86.7112717884548
-3.1273046779365785
-30.79617515313133
-44.626882788469935
-60.18706559689429
42.26465486555145
-72.73971885467672
-3.2972521936381725
25.511942418221096
-23.034243194042347
3.2815617367063368
4.665672963438666
-6.060580754042888
-4.35836541486519
-58.87868633874883
-52.210632740442904
-21.435777353590893
-1.0372302856275724
-39.54870977706197
19.86750698152042
-58.87950597123945
31.856829633222787
84.63156494086226
-4.1434751258329925
8.02593323570477
-0.9330616165012628
30.04000823931794
-12.582839211568498
-84.42699676268879
69.25032476591815
88.47273448993317
59.13704709906273
23.96361789898468
4.2573254140789345
-11.899622784342768
77.72389318142743
-19.567247892817022
-91.65317206728642
-6.756039768692503
-11.008006219228463
-1.1626977047478135
-16.26997824812092
-11.049546533454887
0.9587459659858268
70.00822700003297
-3.445001934336503
29.632116740073315
50.17895735501173
57.87205803692356
-74.79331370127356
-22.5956846076039
-8.148550929307348
-45.763226091270795
29.561672021172782
1.8707000032705992
-56.004523991565634
12.780927979014805
-12.57818563814395
82.48762994055116
-41.999825346077415
-7.910070099526564
-0.026938334816946963
9.767522967102977
-24.337183527932083
-68.24277518383767
-59.40493960648974
15.475453293824913
-17.465525541612962
33.090809796625194
-16.324627531009284
-10.559528230766787
29.78269801802155
33.803395326113815
-5.3944340954500944
-6.923172581082355
73.49387561243165
-44.025076433908524
47.1947736024199
-16.7811379497344
-10.716398056612903
17.197393619555243
15.744149760651851
86.84743666096557
-51.119896949640825
-30.673445415652026
-12.293251611022754
6.793749873898392
-12.781936533301305
7.107764995774801
-33.35202321981595
-1.9849500791093249
-54.884877893435274
28.34279559195913
12.165909034190747
-1.3681022195478931
24.498327041588723
52.85229790974557
71.19703168742839
-20.26791896993541
34.09202718124334
37.86032352853729
31.607231478763595
88.74590324504123
-19.798103020854995
27.85393554464504
34.450025058380305
79.72490678392526
42.93615984507602
-1.656322961817196
43.961593270602606
-10.032566659676462
14.93417596194466
31.672776487501835
-36.45020941683425
-63.75980997630639
8.674554582742942
-51.132196429640345
26.302368579720834
17.117807532386053
18.766648778481382
-4.396033888206986
-33.0363290450957
-0.8646926982092822
13.876031278768536
47.25068887711737
-18.749314549621474
72.70904622010573
-59.559178420060746
-29.133579055628914
-41.62671477372858
-3.0566886574947745
72.81392415179167
-42.02776684897362
19.851980812472277
-43.58941010621739
-15.653771102606726
-4.520097275121373
-75.39875543354677
-61.9268742739488
66.17281849525037
-3.340596861898163
-37.409007784661334
-53.651795103114765
-13.215303582023324
-1.3115953128885849
-13.193622748376072
-73.05783515608525
-7.415141934940507
0.7222573423821643
43.37801297485407
-51.61746464859371
-15.255954724861454
-94.59496489998335
-9.852680206952613
-81.74306483565312
52.740158414389384
-39.86925741156452
73.9507875551414
-29.858434182587914
11.046523761494896
-62.66033156685853
-33.67759794612229
53.18702490260853
-28.31255379569137
20.076046729704075
-3.5033361347630887
-65.89701886863945
9.385942566211185
75.77632074705173
65.91536021591494
-70.34099707441051
23.98824948089876
-59.40165246146561
34.34110489778669
36.09269004010548
-1.3160040290629667
-2.9236248579209985
-46.27627463135263
10.376557616809976
-11.991798063806883
26.172236984522613
-47.783864179738195
-19.076649599531763
-43.31569306802263
-26.32435655469358
0.04103211060599676
-10.59023552474001
5.895974416771992
-14.368534358140096
16.346766126264825
-32.098361823683774
4.103121417465033
-86.45751687301305
-53.58418522628521
-10.785452616542656
70.33745694246485
-78.85174265897736
52.24179747426567
54.6664218099271
58.18010926704136
6.9027572553505365
-74.6831887428541
48.13230040428033
-79.34465943712952
-5.395564000830774
-18.102031892236596
-14.718585200937753
50.09438217409269
-8.51188605340272
-37.74569891521134
-53.048285757924745
-7.277922350024468
-19.955197645177364
-6.300806428461797
36.715200257980825
-2.3765774582024335
53.29899862757668
-10.552375534493464
-72.60333045605837
49.39226591560208
16.995534921885962
-18.063251524831117
0.3820112482099347
48.08050039203161
18.565797557072443
60.849121771793335
0.08467354866348842
16.226249814641903
-31.03595345440523
-25.00208477357141
-18.87681159420154
3.7286839099681686
-16.643265946936808
74.41902456649092
-12.359227184257293
31.234247600947526
-12.78289859919866
-66.39344712539804
70.5055552004157
-66.50601960315976
35.23776637449845
-44.467637830240136
3.5993446930512647
-13.983079770113164
-72.04381836662698
13.782580834272977
-8.95784553152997
-49.20501503245637
59.487159713926616
10.346038089632145
59.607187127282
22.903106580339653
-50.27550516579129
-53.0409153648251
-37.91536124448939
-60.17227192586439
35.73063083611723
22.347074812960585
-17.5812594758507
-24.289864935565035
45.31471148158849
-11.73650154881362
-69.40312859568448
6.244221826030056
-72.7591392453169
-18.737287056656584
14.239064056449038
-34.314781488651406
7.66843880158082
19.530317392216503
-45.45064709639926
-54.36876965926934
11.44870107537946
-0.2627934934682088
-11.477352926159554
-2.707800379678787
-2.653332310232557
30.19230440816085
-34.512843640293006
-28.509040747244015
7.699925092645742
25.787268267483213
25.071263030767838
14.134286554208856
-79.05110237547262
0.15366137216793163
42.83777135667165
-40.93473467967482
-14.77991022107905
10.325103917194241
-36.34059885640659
85.3342313460956
-3.360789508357726
-15.43064034737067
-28.20738987340019
3.6369207960296563
-18.651668530979578
-57.36480145914114
74.50904748166715
-23.611194678171927
-28.756774437774567
-11.480487345937277
71.93028862896696
-3.5039080170706427
-35.64288394562945
49.88945449395399
-36.50357975486755
-13.790577828576048
-32.574614521711325
39.37674013356866
-0.9894084486249
32.424448445235186
-0.8897463440713977
6.622284739673759
78.45651375187768
-29.132570324446405
68.0103043041259
57.49001140122826
10.08185537201004
-24.003866859862725
-20.088529449863415
32.9827413038372
-11.863305378508898
-67.66284595259665
-19.682874644379268
90.17540403839755
-17.077989077599156
30.767896560131845
-58.51196198863394
27.04222589795262
34.374495463613414
36.48954092868294
-12.435367999750383
56.49698710833721
-3.994382885780553
-6.206188779695452
-31.98809511742735
-5.4219702957257425
-25.634075680334732
-13.900582666437998
-7.929387515813133
0.018311666082965417
45.774973599531506
-65.12353042914923
15.373021831102207
34.094916417944944
76.3141770653254
11.160073674274656
-64.95430042740864
61.329511066738206
29.92201742176276
-10.462345680577002
18.709293412775438
3.1455706086446895
2.835954412594532
-56.98650733325282
-90.12462709322223
-80.39581034365573
-22.580384125643093
15.683383900530373
-15.297150814206901
-72.19206538306605
-0.4615380510811633
-47.27538729618447
-89.69712046237312
25.759767991063995
0.6388830487806558
-31.242985881246284
33.6019071325635
39.956853442660275
-58.7435764475241
24.950715604537677
-12.723132191210397
-26.492752236038328
-35.26972161118241
-36.854832950719334
-26.917800960920417
43.992561069000374
60.07394055850361
-78.69972553318124
-11.4524774733069
-0.6446599505904373
-2.2049644786204396
-12.181920759512622
-41.8017887978818
-58.44443382328846
46.697204131843705
45.01062836976752
-0.5423765514108538
15.223137661195764
20.82116354418757
12.296581761458455
70.98925744951302
19.154671985282462
-12.293226103520595
33.28167560555789
86.93008644357522
-52.7552106373398
18.43232970831977
-76.18935674488355
13.94269895854994
49.54368234873394
-3.800202598393156
-38.21750786890292
-14.844021617226318
51.95149317673611
-6.421927996110355
-24.382850798034596
35.085766329515565
13.19019242681324
-68.57249734541057
-21.4836094310121
-5.4193788900254845
25.40760697360028
26.183719293935155
-3.4867174967128705
50.926189652005604
40.9042930667087
-29.864665220479893
0.16861811136799076
-31.553963732857028
-13.894894408583653
-1.5978265605894393
-25.415251906212205
-13.225898546574442
-4.9744670094826375
-77.39504893639753
61.3457541825058
1.4758197409875464
23.17974674297342
16.307354002441457
-18.07030876088976
-0.20524075709190015
16.64294671799091
10.57454125996388
-33.72870461561466
40.915999077597206
18.154112511891043
-71.38066153814128
-42.389447567512356
-12.043475081369934
46.65314320156159
-20.568775814512506
48.69584357041896
33.11667786916061
61.58254224690273
48.32900285408141
69.53103810532289
-70.33306946027042
30.19680186760229
12.838907628141314
-13.185794703007062
-43.286141371445446
64.01903646496686
-4.223413098979307
20.696126337743706
-52.943167500123494
-7.445731505509002
4.755267612203738
79.36451715114481
-59.143521264272124
-10.541010108631227
-18.47854005379348
-15.827457916870344
-62.63903643051254
14.175868444865628
-5.867679014353939
-45.73774939919749
-43.357800819953724
59.35793246504187
67.48482318319665
-18.326828582298234
83.39087117062024
-59.85148932394574
43.968498769237414
82.96234181355752
-58.144630485057675
82.63092858479257
43.02069791193725
9.18644298251472
-17.519719933181406
-22.253024563863804
-62.89724376135181
59.52527366394341
-15.597991964867362
-53.60486001309813
11.20274362026278
4.774589266047528
-2.5317346625645882
-18.119280432995765
-49.59251827792985
-27.56109066986825
77.99247562358923
31.047503582257946
18.203894443965268
