27.93298188595145
-35.19272203487427
-56.53892947298412
-56.13082389590788
-40.731154303715115
-29.89201126094258
-43.70249576869021
17.67032433837049
-47.999792147908664
28.282846469067636
15.790669390696678
-29.051544425383412
-5.989691628037448
-14.874491689590172
43.58152480208295
26.482474408256536
26.763094464028313
-29.749147968005644
48.601285036859366
49.294561642901726
-30.834879469395148
74.52129219635859
51.06879431995392
-32.40338654242176
12.510709440544119
1.099847874956339
-40.96849540459271
-29.074558635594826
58.232272708455184
-5.98891082625326
86.9800069825449
-8.234485481726693
-13.399137285458238
79.01426942720033
-29.36037174394683
36.38685726006912
3.1643511787500103
-69.24486838458193
-26.135708190106087
51.288551885371135
8.785362210911472
14.937932923963984
-35.116513600372436
-24.924610808920292
30.19721977739445
-83.59005804356326
76.01526835762076
-59.48179288945305
46.12373277636516
-14.63857715504983
-1.51443464838529
4.439798368348136
64.7525926181294
2.432285770465498
10.527044049791598
15.695053007460814
-20.494641721111535
-73.0528725084205
-1.2911560744812078
-1.129011325869925
19.493609518728604
-31.564138478004864
36.64166834342893
-0.6711006052643
-15.62875643419919
-14.457825368819044
-0.006579763276675976
40.03524169886694
-6.887623040977601
-10.133883511644243
33.35657707143602
44.97819554432115
-50.36737240318429
-44.93870851307166
-20.286334323142924
29.004137472139362
74.58330398522395
-36.326090034952536
-55.68063533957967
-38.905014402130476
-14.823101715316326
3.596767056927675
31.64772236230081
-14.639665000887021
77.39565474003945
9.348547379669611
37.82756482463486
64.88682826578639
-54.449925745417374
30.5776187112009
-51.82568209167565
-26.875708347798295
82.76108182471751
38.37530700760246
-34.629753258697036
62.89628599805613
-63.42646692308474
-29.70051405973946
24.885977798964575
-16.444121577316224
-1.5392911708862158
87.14838161388508
-9.26282371342407
-64.47973391662156
23.92988686627922
-7.632577353367282
-63.600849971081836
68.03554879156232
-60.694331559942924
43.645855993839746
-1.115067870073105
-19.382521085135693
8.491774661781264
-9.56821663522193
-71.95558753401332
31.10573493564118
24.42399856815446
-3.437772903188886
0.33267634154566394
0.6602360551358686
-27.220747816922753
-49.218619377406
-4.506745781595697
-30.468646170214868
-28.525574376733587
4.0899217718182115
-51.835942796753045
-51.85070872352894
62.17927220575936
-54.30986296052623
10.365115031570411
9.939752198376098
-29.123993746832895
24.66222909314314
-17.063572259132414
-0.6887814963912717
-25.664621187625954
-58.22523229810399
57.134249358427496
-48.82636683730737
-48.364186314955504
-19.233861652990086
-36.33664022022847
-46.12992427518465
-7.970057250083528
6.3365833356294985
-40.40868049145823
-27.43830527442759
-69.71608322677591
32.44909831242413
-81.73423004053419
-2.433537327594408
-4.814465625267459
68.86372019857097
-3.6028259583900137
33.62638498017023
17.786689749896993
-29.92915198475376
-28.430357293411745
-48.229330839344954
-49.030701694610364
21.3955876746859
-34.509991601153914
-59.13116510455965
65.67883812440346
58.46466272298551
6.476203451712323
-62.55654630879428
-39.68456007773996
-27.852724338372525
76.37415957464731
-6.23676200612779
-0.40076661978478967
19.502836709254083
45.82513165426573
-10.69007297543331
5.293896284671803
78.65523078685513
-6.165409293983899
-12.783491837972349
-17.172196932305454
-58.7324791898414
27.725916282988763
43.95816669201534
88.64152530667519
1.7810621002537061
25.348582032073722
-28.536692127299702
-34.262963832449636
-41.78304821517787
-14.136884327586785
-83.89345188141142
35.772876826096535
44.15513925840406
-44.41830977365445
62.44821967924412
-45.9477864395788
-15.07153358812485
0.49710804615934023
70.53500820555752
59.97376181095467
-49.21960237347331
-54.56380017879445
15.558797647873405
-47.870374737650465
19.692604161344036
30.205636353892885
76.06260186004712
-41.52660401775837
-11.40320758420529
1.868047305982472
28.017531032793343
25.148057412445183
81.30698458620373
33.364863072012525
18.359223775011017
41.040149758733804
-29.046328682842343
77.29264482201825
4.722076036309943
14.00854572289991
27.005831750102573
64.21887711252023
31.104791864614498
-3.7996349437421486
-37.99612684735835
-73.29148772815368
-36.44299427805428
5.979873417809287
-28.659688287053683
70.8578148584676
39.7322708694623
-20.4789504319171
-74.52461922592114
63.54131964181275
49.11059999169569
2.552641248472767
35.739010321814504
-76.31960843243974
-30.907638542048957
34.219517011723894
-39.317342540398926
6.934606512769065
52.752925821354665
4.593879481053804
-64.59042328831241
14.658005168641111
72.64929850501969
67.71470920532178
22.368995867844845
61.822820179017555
18.71328751357268
9.895489199050786
-51.29429831887453
-0.6253202803326303
59.05662293876222
74.292890196818
-12.991923104157493
-76.5216055638671
-48.75178981745135
80.17863941736647
50.521669680708385
-27.870182529116263
-41.163852645133815
-23.05607541700006
0.9881635535588771
57.79037264381333
-23.3781120412539
-58.744378751345806
-2.519765819858094
-5.482779829699339
71.48909744427269
2.1796866172069116
20.53110210440697
-26.384158630004336
63.96944271685132
-9.55185188868073
-33.89506132483572
45.237387588510444
-80.70752003212331
4.218225292143558
-41.10035826206536
-10.582187765540127
61.92615212833175
27.687807373661855
-32.575876513203596
6.20679796135515
-0.9874573635312771
-2.9175494844455017
-53.526884136333685
23.563665143326844
50.99391755033349
39.70637060030663
-62.92204236835024
-40.393554466878165
70.74576424717492
13.701076636097355
-25.18638475884663
44.108514394552174
5.571633949685378
52.51244729529449
75.81668251946249
-4.660004680323567
-67.32629408544867
33.00660886153361
26.547399461995354
-3.515510696866343
81.19842712588118
-32.08584959847762
0.21297366156748865
-36.40055961349811
61.36581128984011
-34.08291878878929
43.03686099450246
82.0185230242925
-29.83635080396155
74.28379972022225
-35.554926138661756
24.486816697207544
22.34580475384236
-12.100644007984798
-72.12914388386437
-83.0625822632515
34.33555049453196
21.54635992015271
65.91859999489029
-37.6560938741889
-53.955791226073885
-70.27222815062217
76.51227544371307
61.95958965329919
-3.5143482727535087
80.92371313390646
80.66781068218876
1.5201830998974373
-7.9339755120368665
2.3701616555622422
-28.494486936023634
5.389263196584423
62.33494292268213
52.15683351008323
-58.094234271368585
-79.22351162191876
-19.87771101978177
0.6373768442463188
-51.837180021700135
-7.398769825265887
36.19164847709621
-52.09482995723726
3.3504324203605336
-57.90451610259793
-4.949654100182542
35.06289781227403
-34.13845987329067
12.111356880233231
2.072714767896244
42.06720178340623
-12.818642277951213
-19.740321436201825
-11.731685601218913
-0.4175700797770787
-34.063696866367614
-13.37509707371693
-29.267644434685607
3.5191655134042463
-52.69128525483672
15.404038494579368
80.64220869730332
0.4154234376863002
0.748720816749298
-14.70671008814567
36.53386343941895
10.052877122959643
-50.23786128776387
49.66363042857395
-56.5914795532005
10.11744192913946
-35.705881848258095
29.284076881678104
-69.63885837859367
9.800257766922257
-29.44354361596656
40.52787943489287
42.317554399871085
6.326778769928225
-26.29924457973614
81.59276736366502
37.928639052130876
37.60376828244756
-20.11743280093002
-19.412807457530093
64.21852345700913
-21.20985311654772
48.974625640280976
49.97905183741807
74.95906602173218
-17.27109379560399
-67.29554420744269
20.236397538730373
-60.69947865425609
-62.92862991293814
32.696290126952675
-18.549986993400026
-3.409787392691669
-10.055803264142938
-34.85909102251338
40.39038757969925
-23.775469973619295
58.36688197590311
-43.25670695558749
36.819000760515166
-18.208450584734152
49.98173268267618
-16.416714319183058
13.26827535069738
3.4304878999457316
26.692457767221754
-23.05032658411305
79.94336974994636
23.077890009433744
32.55058736838134
59.40410099615943
-0.28982140310426985
7.254924097189146
40.50655186722523
-57.75713978993333
4.163761459594923
68.46181957852951
-79.47445414205862
-9.86383368586786
69.42478384111044
-68.9842380072746
-43.66360996106484
-11.219375420327523
-72.44608333035603
-38.13496984891403
37.260523540931416
-52.42106689783207
-23.29838418617784
-7.506339823243252
14.418099361430095
21.888080607471565
-62.872005301064895
-60.508856535555076
-75.74104924517601
19.99635857442152
-31.186116404596888
-62.02378035488212
17.77352069759361
2.923788993919601
-19.050364229820488
-24.410647305636118
-9.170079370253589
-18.63834973449076
-51.76354288291894
-8.730575418018503
24.123160988400045
7.5128887783654505
57.493195537994296
11.889017860387042
-6.758479461640206
-65.83009227736214
-83.45060892213525
-49.99170673020512
-41.34198172667463
-76.78402456691148
-18.107865210565265
49.28396476320981
36.49585080316655
11.196192904695522
-32.811334520729105
3.496704692850116
-46.36918098710194
67.70418506767484
-51.844442520352736
-12.4788536147108
44.84611710210814
-46.49968001363641
-8.772821642070056
78.6078068032925
12.682829278733578
-0.2787518151882722
-4.149317513624183
-13.07592653911152
52.53355549165613
18.445708190552153
72.27632352870083
5.440923296934017
-26.27143682379908
-20.82657159991281
-52.00844403014592
-21.388793002930868
-3.0581537786075756
39.227232144250706
2.0542447246093616
-71.6871174700618
-23.21438843718063
-43.87362007837255
44.55895724635829
-11.382821738390604
-40.29627801911839
10.89604915730827
7.314605598009422
38.41744215108079
-52.21879432106125
-80.61445018418723
-2.9847052625866866
-23.458717241634773
-47.200394195809956
-62.30961562573683
46.713475818275924
-61.57238821048822
-4.512439418059486
28.72579719102316
-24.831377357057093
3.0098108186253825
4.544652355442267
-5.848311259509373
-5.27763594561975
-46.78912501076349
-45.30969398140971
-25.540338845376027
-1.9186912030548768
-45.89262697918912
20.35822075125951
-48.401534817918375
35.672660246834056
84.90913224212983
-5.3687676384820975
8.50902225688833
-2.0151087899200917
31.833343689377813
-16.19568298679586
-79.77021504970696
59.07400171589879
84.84711316557656
41.99964913788742
26.878048105418785
4.059905715169606
-15.116216579378843
72.37542843295387
-24.474976726405785
-82.41609641954082
-5.947984124614919
-14.253934086725721
-0.930043680176567
-19.357317970588667
-13.812671748687904
1.0768859782823768
72.44862177225815
-4.662852246122725
33.19165084166329
54.078918635180344
51.740920595770405
-71.42621021655142
-26.858521051766402
-6.811556087926647
-43.55124701329329
33.18207124575386
1.2994692695729526
-57.46309064902305
14.047052768002231
-15.75364306703949
82.88851049108868
-47.640454281930715
-10.455913253999668
-0.9130107415807487
10.59547309006878
-30.11669847349991
-64.37014031468522
-59.86495352510099
16.88981282486995
-22.259995687135344
18.51015854582026
-16.35279599696277
-11.835664522403079
25.715035083711655
37.18809331072529
-7.089293889087202
-9.246317763199656
74.09217139103907
-44.06254549495535
30.53716317248572
-19.347436865133403
-13.36871242324743
17.892796539042678
16.533479630467482
85.34214168031338
-41.77161483867197
-31.11596434069287
-15.84245168777582
7.9268106992511065
-13.012490736931099
8.275770799759286
-39.33721106220131
-3.069313214714299
-57.81873333069278
30.01565644695195
10.79259976228532
-1.872270610323099
26.137526174798637
49.223003310874674
74.51879677726083
-23.819745393444194
38.02403860407739
41.893736982317336
33.354819218062374
87.60213890457933
-23.052551284401858
28.787909012254516
26.560416311016112
73.66499150907723
45.88207026025029
-1.4085321879394002
32.32742636913028
-12.41451125516987
16.84145381312331
35.393485731843214
-32.76674401295719
-62.93557815959057
9.725041761220538
-45.35123495682832
29.644396936933347
18.97189824736425
20.69399255664152
-5.336282515386927
-38.211837503372955
-1.4906759061408792
15.287230346150992
50.33605036501419
-19.0012197529299
70.52698928144903
-57.42207896568007
-29.587232387870827
-44.53219106434721
-4.603331829516577
75.58990169027567
-47.490549525153455
15.105750024432211
-47.492872925123166
-20.020256433876355
-5.525492529421697
-66.48000770850803
-58.55703453854011
70.00258710309541
-4.4454369848461255
-43.755598345449215
-53.60815932198531
-11.385559475066742
-1.9855738448711833
-10.868729902421634
-72.36060955984152
-9.683886055373776
0.45255242274399166
45.12736356936878
-50.73966992905935
-17.277866570239098
-82.90247498400457
-9.245261167890831
-69.94361496045303
57.32487761199616
-44.01860329623371
76.70153825235232
-25.61339237280511
12.213473486633802
-64.37667520666818
-38.82192334963315
56.209871184821424
-30.89378741596981
22.378811003071178
-4.835246978291124
-55.204709147468364
10.426627646871836
76.33308957399956
68.27372111638329
-69.86050859167591
14.966826506607504
-55.80308949660187
38.11880913265361
39.64117397578403
-2.0720337848617305
-4.040835574844053
-44.06125688437447
11.362216339801734
-11.232320130648375
29.291000397789702
-35.198839474105945
-17.322943621353843
-43.12378634464022
-27.258843624537647
-0.18463566731203684
-13.71437536279754
6.310968791511712
-18.472207160766715
17.929345681006197
-38.26366473820807
3.918950786579259
-80.15059164125461
-52.957202335860714
-13.938582119807151
68.98378591669163
-70.23671829508814
54.694050435025474
53.55898078336344
60.53360737451948
7.176463720864589
-71.03971051202889
51.0123802493118
-67.10586088712918
-7.389137041142092
-17.10045009968374
-18.829566997557052
53.42318776501983
-7.102801434735682
-37.29685513706017
-53.778156330625585
-8.022661627214731
-24.719012309224652
-8.2175016640211
31.467014592491836
-2.9963291522618647
57.916809755898385
-13.619334159153127
-57.00151295341596
53.60206333218096
19.266061136660838
-17.3467857619398
-0.43081544220578394
52.55023382534506
14.476940458046926
60.82911614732376
-0.11608335275045079
18.3642541467228
-24.025140777981022
-27.147312167981013
-23.90160875685997
3.9093602551694886
-21.291430524132267
70.91757593632775
-12.466902323651794
35.03593526180535
-11.573988537720808
-66.5713912583322
60.92179562872971
-57.03393006284824
39.23390160900607
-50.05275322054444
3.4905964900378876
-17.568556099843534
-61.84000048544594
15.083443240230366
-11.667130829110647
-47.54725788827758
50.35989726353654
10.355016005250988
57.02876157525063
24.98072296242414
-40.96353559289181
-54.37284408893343
-43.517109599916516
-59.90130975977888
39.87084261020166
24.963507899230777
-22.264653076799675
-28.758395840576526
49.77168809201319
-10.961247787982984
-69.53269778068787
7.066836917822258
-65.40436859606882
-23.463324127794337
15.712950482128974
-39.74701857856456
8.074145618194407
20.383948853712553
-46.04008363970965
-56.57826387266052
10.833604858100585
0.2836816810118563
-14.11998899407368
-2.56312145176814
-3.4805452812017137
28.838321156135237
-29.665367758669788
-21.308946241768197
8.469663454002657
29.01615472494818
26.986239135482776
5.4231779038497905
-69.63624647945831
-0.40646737559349333
43.20655058695249
-31.37076439093994
-18.696790886026875
11.236903886030888
-41.975080206153834
84.74822978142743
-4.9732686390761245
-19.515247818937013
-34.47292423169239
3.3765379131791917
-23.653335709107395
-46.24361775450926
77.46384702223705
-28.632012163617276
-33.29928516059738
-9.52138799584688
71.90156875590003
-4.212494246736597
-38.85900284641214
53.948622840900185
-40.95243945347104
-12.76109621746447
-37.18217243124679
41.643288631176546
-1.552519356946135
27.710947846935653
-0.615198739007667
6.8871261513563695
65.71524926768024
-32.606698748342524
70.1982092842857
48.169869804860554
10.91499602524037
-29.449201364646612
-16.979437796680344
30.327433451558903
-10.332537949471671
-53.19039331304363
-23.538717252588015
85.12576185003061
-21.724346649696955
33.01514424954132
-56.136951559899515
29.916440800964338
38.42493956710368
39.50057874506629
-14.693801974188844
59.128288095763395
-5.743404458325443
-7.799377476916888
-36.34677313531112
-7.243025828522903
-31.52038251234943
-17.758483772841046
-10.298748729320081
0.6661357265198973
46.44504048205502
-63.912416069509405
16.466098942385315
36.27391396798973
71.75454174158753
12.148748257385634
-61.020974948644906
64.528209729791
33.58628435769782
-13.42588034434337
20.60327337190003
3.0826682784016555
2.5562969325017235
-46.07295528688945
-79.40523910321667
-69.95637104518536
-17.499528172945887
17.728739696854177
-15.51599310492233
-69.53669514311908
-0.8871927744290105
-44.082470290735564
-76.26692944021022
28.833216132184717
0.9951191382077837
-27.814244228435655
36.939610237267715
44.23651624234739
-59.43102440931796
27.67000001552877
-10.817278887190824
-32.28426318035031
-29.39256120204638
-41.513512513082176
-32.548986685340196
29.452874991855694
49.49912902857184
-69.98914467062258
-14.694518323766786
-1.2388361102538994
-2.558646036286561
-15.713430245935527
-47.945746425079626
-59.95030465327085
50.95703401611087
37.482924405253385
-0.19847853130008275
17.129124379392948
23.505417202976517
13.034641102679018
73.44336392699796
21.472539191860193
-15.532700227091269
37.10257096427611
78.658291394419
-57.04591180905469
10.034799231512991
-60.4724720385953
15.942777505833632
51.575582861932105
-4.901862499895998
-43.655463727271325
-18.440828284359625
52.811734680514775
-5.990551947951886
-21.26230406601489
37.762824104524896
14.455744911521762
-66.96887921049785
-26.969831367444684
-6.7696386240361335
28.497209569274716
29.4225078243592
-5.082806500691234
45.760619736869614
33.75944746492411
-28.973511589377026
0.002700965686599943
-27.74476835548279
-14.367960895470674
-1.8934707367034633
-30.577112434819313
-15.977519912425066
-6.9081420650038154
-70.29986140960864
56.04441737736994
0.7736035813846627
25.98437404569958
18.007844113501747
-14.940700941649666
-1.124910800696469
17.802766259257524
11.625724058865856
-25.234499075063752
31.44204463535206
16.004776144174414
-68.89353410850404
-48.34241329907049
-11.590757316728059
33.048187234773565
-25.16553206716702
49.70344489850436
36.79284280853594
59.16130764286447
48.63012404800236
69.8358112075548
-70.74253186691578
26.498218172638943
14.662111836483788
-16.51029851024397
-48.63768400112789
67.62530392805076
-5.992731035190857
17.064271757713527
-51.56751438278741
-9.822592673253638
5.3917688540678625
75.37035433087593
-61.1412204199394
-13.002749626465373
-21.878313195520093
-19.740002524166414
-58.91022081472918
16.115177935594176
-7.348499797043644
-51.006583672925146
-48.17099951813754
62.445163424100826
53.55510439392825
-22.961719308186176
74.46400017117415
-61.09921190586849
47.90886236870534
81.54200505139642
-44.779715930742185
74.2048497774285
42.072851083946176
4.29650534627487
-19.481719522463777
-18.29453630816664
-62.615261076382936
56.372404307841066
-13.013340053576357
-42.65268861369075
12.268893410085568
4.689829685682213
-3.9953034386777375
-22.47176147337798
-36.83673327137796
-24.98932662631924
76.31629821058769
34.53047904263619
19.953625723793124
