27.985670839920388
-35.18697081146592
-56.51655342930521
-56.11267794434954
-40.721877935759004
-29.908120123025355
-43.67964411483107
17.6968649126231
-47.96631441697979
28.310699250607342
15.793207324828089
-29.12439356811322
-6.018774723973223
-14.940119262363112
43.563318491439134
26.538758521505002
26.791429900924456
-29.723415073430957
48.60282905851918
49.285957012203596
-30.807586860459566
74.56208504038545
51.062877306369984
-32.387134301330434
12.521769340230605
1.0733322765617856
-40.93729406053127
-29.11743012138949
58.28948996661691
-6.00422616283889
87.01346108378087
-8.303792174275031
-13.477507723411165
79.04390798015436
-29.355664644057896
36.393532802172814
3.1667187062040796
-69.25678685516343
-26.146702176031482
51.33661782127817
8.792209116364702
14.95577277217295
-35.0870586886878
-24.989391677956803
30.18290453579536
-83.56811373411895
76.03001398188115
-59.44929382481551
46.11848403459331
-14.657461777335698
-1.5422579441488438
4.416574105480635
64.78801481573268
2.4304894184331545
10.473451630585046
15.650513642237044
-20.476508480425906
-73.04507686075195
-1.2877917529668252
-1.1466486458449339
19.516348962549827
-31.57879167255487
36.68354022807526
-0.6946322756544987
-15.640690360700688
-14.495547951416
-0.01937357948749252
40.01845356936573
-6.958014404549459
-10.169614589856508
33.380061372927344
44.96573101840957
-50.334301266112845
-44.92995907249642
-20.31819977434813
28.97663824985112
74.60546872558444
-36.33734419277167
-55.65808928447863
-38.926094413376916
-14.818366031009575
3.5779947264397407
31.660804502462327
-14.668084699856877
77.43718120840819
9.3008927205331
37.831015075291674
64.89069870593303
-54.435848834942135
30.541697130185128
-51.78641505373818
-26.931812941663367
82.79762590852727
38.39857415003232
-34.61741222498947
62.97209880491391
-63.3912333349872
-29.683484308472273
24.872899522358765
-16.430702922678165
-1.5381651639547869
87.18147278862762
-9.263741708310846
-64.43737366380664
23.923324129247206
-7.653514121642758
-63.61844857963857
68.0623230929277
-60.69400124568053
43.6402913397003
-1.1405023967576255
-19.38095176440912
8.498492801794
-9.563899962970751
-71.92851767716303
31.16676621964919
24.41850279320613
-3.4550963891553153
0.3034364804050256
0.6459013135885527
-27.288546103720776
-49.18336611823654
-4.507723803606325
-30.441520105177005
-28.50152076746751
4.068504332748262
-51.87362080187729
-51.81931137466132
62.18063935713744
-54.2679527254358
10.372596872803754
9.946452763767155
-29.112786806147767
24.644005641400327
-17.049905781252022
-0.6853285017184305
-25.70402342405002
-58.20325535507246
57.20529026288398
-48.78665689960513
-48.359040677674564
-19.281098382835467
-36.35497092953583
-46.12208872494315
-8.013867158738876
6.340364508355904
-40.439021054138145
-27.42512660958529
-69.68636036386268
32.50278088814065
-81.72895114207674
-2.4845541688830934
-4.819386213387901
68.9392608394597
-3.615595646531915
33.68082775901334
17.792036412938614
-29.908666681737287
-28.405033283090873
-48.19143066652379
-49.004628521408804
21.36662337224243
-34.57141672886329
-59.09103875160416
65.7448497645928
58.46902950365751
6.460560041711062
-62.522297286006555
-39.69992253159582
-27.91139678777091
76.39282927406606
-6.277415890344088
-0.39705543238585506
19.521056493434983
45.90597442193487
-10.713671490911423
5.2840061234103075
78.68886019673616
-6.197138795088776
-12.803912529784611
-17.200984583455053
-58.71124882185565
27.774932336820797
43.94312267903757
88.68931199346824
1.7483456776322583
25.373418573616334
-28.541841854355496
-34.2422146573738
-41.75012127577147
-14.15615030072729
-83.88328811356774
35.75927211290451
44.185197747836156
-44.477561227809396
62.467226388333216
-45.913173289367265
-15.10949404407451
0.499428563443729
70.54513361757802
60.027287674045425
-49.18442960985723
-54.52902138085081
15.545351733951378
-47.8382967432748
19.675594747017897
30.231463572946183
76.08212094968817
-41.56853828438127
-11.413508936032997
1.8266852326210028
28.025158879257603
25.12695147698173
81.3462998623142
33.39609493097959
18.367800840848446
41.07166434858851
-29.130370374144178
77.32011248660913
4.652338682703331
13.977558487119197
27.05588825148297
64.22218567818464
31.081384790702998
-3.794672069912451
-38.02851199698646
-73.2612385244608
-36.444891182990034
5.966413824125695
-28.651035063189966
70.86744746565174
39.70987039225426
-20.518344743467054
-74.50308937458706
63.55707404795632
49.09978005494813
2.5168847768245115
35.71832880379435
-76.27841953951688
-30.934372937516684
34.29145401529749
-39.28508856559257
6.939886919073629
52.752535791303956
4.572110437625085
-64.57056027186215
14.67370924193878
72.70874022992822
67.7318921495939
22.361663980803215
61.825833348265576
18.743672648320697
9.894988491910524
-51.325504712100205
-0.6383042651998352
59.11022034836779
74.31245576053288
-12.990532775227905
-76.52716470336196
-48.79506157889239
80.21789509814568
50.569459555937556
-27.87817875773871
-41.1325414669279
-23.113727186714897
0.950034162875312
57.78722163127111
-23.441134201907502
-58.70204248455821
-2.561791381847897
-5.478201203485
71.56154135703625
2.110825837251255
20.525229571968552
-26.366058882000658
64.04364088375328
-9.6283159311333
-33.88899195473711
45.22974356799759
-80.68553223168475
4.198946124631931
-41.15320662799197
-10.63152207561059
61.93534859171328
27.72672123270553
-32.561469130690156
6.200833012853977
-1.012465035310683
-2.9591294215481128
-53.54351317321737
23.544024275093165
51.052544470982184
39.75678768771553
-62.94236023008739
-40.43699817814295
70.75542078874139
13.671301826323727
-25.216442051648826
44.0993974448096
5.570176445828238
52.51468308714604
75.831226441199
-4.654654302593244
-67.33328085919216
33.02645111721597
26.533625158157292
-3.51512320294988
81.2486143069124
-32.06089673942424
0.21177295585381728
-36.42625360469316
61.425345818741675
-34.06139313422298
43.058977143566864
82.06070802164069
-29.811137176057372
74.30364086999953
-35.524243169261695
24.529638938032235
22.317599218414102
-12.100305646825646
-72.11805457344198
-83.05067538434872
34.32226317751372
21.585320432169482
65.9616524955562
-37.64254933309073
-53.940312148957354
-70.27921066417409
76.52962415087956
61.960451490886356
-3.5459750722834684
80.96260130901584
80.71346087399158
1.4725387121948188
-7.970322094680313
2.3256307649787544
-28.48658899182405
5.325417377769142
62.33612890167362
52.167561859204454
-58.07142116296734
-79.20960468226804
-19.885071780380827
0.59969576119218
-51.79947503359078
-7.437731370530642
36.23593601253822
-52.05618344608114
3.3189256317657936
-57.86363053828381
-4.9548632165264195
35.08788530484827
-34.13535247301862
12.123311078434895
2.033033089911015
42.152983733598205
-12.87636116698718
-19.819169293435266
-11.785856274680185
-0.4452976217520046
-34.04283577158802
-13.453426990764314
-29.29112876803643
3.506307489581971
-52.71397951374768
15.362897251758127
80.67899972369185
0.379129311815106
0.7278510830501688
-14.711967457711907
36.51151472620211
9.999487375085266
-50.213085371268576
49.65324854178587
-56.5575512490851
10.123955698899849
-35.697552465632555
29.341464087968134
-69.61662748791653
9.799506745793181
-29.447774965546515
40.51815047585595
42.34496989259151
6.328432140079045
-26.316261939659412
81.64941531184957
37.90149842723082
37.6215838900647
-20.103814183452812
-19.39672633764026
64.222285333955
-21.27319119998765
49.01007341273515
50.04701298479313
74.97365737133447
-17.305633425589363
-67.25489099758632
20.267585026625397
-60.721128389268884
-62.910884942687304
32.7498579506065
-18.53383000709944
-3.4407349205835516
-10.064091251833162
-34.8347339002025
40.37189741572729
-23.763100691709184
58.364200407428314
-43.22394524235474
36.8405027980759
-18.194245425678986
50.024154840449
-16.432847461120787
13.259356429721848
3.430390822822247
26.74216695999388
-23.081326010375435
80.00553343989921
23.084643080902453
32.55572849548014
59.421446732975454
-0.325905506456067
7.252258473328709
40.502806923039714
-57.72288901540147
4.151064873827295
68.53677092782328
-79.46079255397456
-9.88145992090945
69.43531601509756
-68.99209610723506
-43.70757012293865
-11.297205805489426
-72.40318601649211
-38.17463630019683
37.24169491786071
-52.39225820812063
-23.280976160249338
-7.522634673516507
14.389860925136318
21.89559669267021
-62.82848153116487
-60.46588019408693
-75.7098477758816
20.033795495965904
-31.171903732053337
-61.993386665890775
17.774376007303516
2.8875538072102955
-19.094716373744006
-24.388777565860693
-9.215704767511369
-18.681112692120422
-51.72629673764922
-8.722539345054173
24.081228757417804
7.5063753584022095
57.58180482688638
11.848607984093206
-6.7687977115421205
-65.78950311231662
-83.42126296673304
-49.98706586282094
-41.327324401057986
-76.74622914078708
-18.092220938024212
49.27382417948522
36.47778838854833
11.193497757721488
-32.80960215167363
3.47028519678166
-46.33132046682505
67.76680877369495
-51.80983349290155
-12.468169122889918
44.901360363304775
-46.52986939610914
-8.78259494466461
78.65372399017599
12.697548000861744
-0.3087285509837727
-4.172013494041465
-13.065422280578034
52.533607737301395
18.433470084414708
72.3272844628637
5.42286414696423
-26.345706760534696
-20.885063717255065
-52.0092032645119
-21.411455753217012
-3.0569593005399867
39.208314667113314
2.0209287493094763
-71.68041724970342
-23.298605192971735
-43.86746773051801
44.621104593220366
-11.410711401931607
-40.31933107326016
10.897770631454492
7.272190653841605
38.40157416576753
-52.262810803988344
-80.60442265202245
-2.983010078572107
-23.49071081355224
-47.17923554560128
-62.31288159028603
46.78833026570584
-61.536393242095194
-4.558837644444992
28.78246256203869
-24.81096746801768
3.01300528584963
4.547121450635871
-5.845713995920178
-5.27171790960044
-46.77979054853523
-45.284646477421205
-25.553774151973982
-1.9495990853394431
-45.95398705077869
20.34001631416747
-48.38350475668118
35.73702493429201
84.95623701994276
-5.426132302610597
8.515385834707843
-2.034873721190138
31.822482556712856
-16.25649939435486
-79.76996214333546
59.07290190250589
84.87639021235844
41.9784555810574
26.914942318294592
4.060947066377437
-15.142838099081459
72.38718126883694
-24.534706275851093
-82.39194643350785
-5.952201888311052
-14.309803163325043
-0.9887562788875215
-19.35840079241396
-13.822728092710292
1.0783079050439568
72.49537283574219
-4.711121630748593
33.24127323092546
54.117946426434685
51.73231120542704
-71.40086807452629
-26.873449780314374
-6.837940630701738
-43.515349630803634
33.24573255765017
1.3004814187005849
-57.44367296955997
14.06137387648215
-15.771990019338489
82.93331242954528
-47.67985565175291
-10.48714958104739
-0.9310512533465101
10.585232020135066
-30.188943418052276
-64.32941232948954
-59.84056141419764
16.8835849319521
-22.3420617494219
18.456524051014384
-16.33983987042872
-11.825225767407517
25.688995022390472
37.204529312618064
-7.145758328767329
-9.286559678474916
74.12294526539307
-44.02623143821419
30.499844385734036
-19.338959662643276
-13.376497566455868
17.87623156895981
16.518102620493195
85.37928065904686
-41.76243742304467
-31.08815400761921
-15.903946861352935
7.918943563072233
-13.001799546097288
8.269553684518755
-39.387459949432944
-3.1038042484211417
-57.82045808531194
30.003741200772126
10.76582054962418
-1.918169916897611
26.12583860303762
49.212283106281774
74.58695513004756
-23.82180637209862
38.078336003155016
41.93738202212765
33.343858014592286
87.64425017999565
-23.04957047888334
28.771595305119334
26.530326016750507
73.6778019765404
45.89007825405662
-1.408433097578424
32.299012711846814
-12.417145763571
16.868526237642968
35.441948792389326
-32.749423494459975
-62.90703997052764
9.729120036315933
-45.32236095203379
29.709578870022085
18.981956463501945
20.695188916447705
-5.40582102417018
-38.23528709717187
-1.5280375866298925
15.299281269033642
50.35093536687751
-18.98497555804346
70.5404177362366
-57.38125137106026
-29.56072793297608
-44.51311873358022
-4.625460095297939
75.64905964154622
-47.52448320358219
15.071255690189304
-47.490701237069956
-20.09661913043182
-5.594806715569874
-66.43680439542449
-58.514445636623016
70.07438591303872
-4.496453753152565
-43.81662149537603
-53.57249442272966
-11.394957759562473
-1.98121055546072
-10.900275103976895
-72.36762180232114
-9.744761526913123
0.4215455849732308
45.12305320801295
-50.70038779062083
-17.26613190324892
-82.86981789869768
-9.243297130957515
-69.9018638996066
57.4065384238273
-44.0179321873892
76.76259689048712
-25.612657426480993
12.227061284110633
-64.38156016688305
-38.84403951598103
56.23241077984653
-30.8738244390275
22.397181978422708
-4.879635251211397
-55.175946493344945
10.434335799515523
76.3676213694203
68.31028443938581
-69.85770911316682
14.921097971342306
-55.76058947613057
38.15475611590966
39.66127724835383
-2.11039259781883
-4.086076935215999
-44.024912372864144
11.359379797930728
-11.229490777628953
29.324230892200532
-35.220513016944544
-17.319770072214652
-43.087495449876435
-27.234404303985443
-0.18092092118097014
-13.756863109917333
6.295152231260857
-18.558066648719077
17.926095119958745
-38.322992902835836
3.9163591286759214
-80.13644911848122
-52.918919276138055
-14.011642231876749
68.99713651816518
-70.19338975955625
54.70671365513451
53.55390485850194
60.554812203530815
7.181548732842899
-71.01139655572285
51.02506771822178
-67.0665151293102
-7.4239510022763255
-17.092134756510433
-18.89725528801617
53.446634312281276
-7.12880809888901
-37.26428020378466
-53.74703052316406
-8.014464682113825
-24.76643879874186
-8.221519688936908
31.44333317115442
-3.050205974654787
58.00258804180109
-13.69573584189527
-56.98327554662727
53.65300859702495
19.301777204674778
-17.336417497217482
-0.4472283681225804
52.61725917903178
14.443649287831448
60.83523578358023
-0.15464589553282337
18.39662985479174
-24.051110967298015
-27.126849344797833
-23.97925292006188
3.911470863952701
-21.377370984518294
70.9292762254932
-12.457184839885869
35.112033787796406
-11.635742080306969
-66.56312341652355
60.92228017788685
-56.999463190009116
39.287016221970475
-50.09429172905327
3.4808328440062724
-17.597907107446304
-61.80173905866326
15.078800565476286
-11.728866796805448
-47.50807121734698
50.350453147167144
10.33528806682068
57.02562484597604
24.97609537479306
-40.95591332269751
-54.34706893968759
-43.55218988644264
-59.87117943876811
39.949924521817366
24.98651045341707
-22.332948561984225
-28.775114874887663
49.83850226697345
-10.958879662553471
-69.53682162748132
7.058940062238989
-65.36057797955698
-23.519451432644743
15.726703506927024
-39.777386724947064
8.080497766694577
20.36771932594823
-46.004924178747004
-56.5659323977954
10.81031151908023
0.27836209721867533
-14.124442871238315
-2.561599366131688
-3.5319515105597787
28.816744517089248
-29.659834286635316
-21.355450108895553
8.464313433146941
29.071186792931215
26.977293414784867
5.360659036780447
-69.59281446699033
-0.43519757116602875
43.19503275447943
-31.38866126471251
-18.740819356817596
11.24095605126034
-42.01111873874546
84.78927091025102
-4.995455243310914
-19.56406929202376
-34.5487831144894
3.372371531660832
-23.732671565169596
-46.23199108984991
77.5303246561428
-28.67083662039026
-33.3098935031575
-9.54406133983069
71.924639296816
-4.277101708070148
-38.84251318936338
53.993287033884144
-40.95668039755926
-12.758697777917405
-37.190858522451975
41.640099740445436
-1.5480761551879993
27.685353370271528
-0.6719536837839541
6.892314105174236
65.72122976604606
-32.59606795988205
70.23660881500848
48.15842642744724
10.925442531069862
-29.50578285107497
-16.990063834354274
30.305075643286983
-10.380973837547572
-53.17595800802093
-23.549983226552442
85.15257405398626
-21.798574108114607
33.008774967868675
-56.09534453242342
29.92697512444053
38.50570043152808
39.506141871281784
-14.688439451385136
59.15032343375077
-5.761254538100957
-7.873400062719853
-36.350156788650665
-7.248120021630626
-31.59019259832327
-17.81326701026758
-10.31152484511857
0.656079622072042
46.43703281583947
-63.8831269822966
16.45396543454605
36.26730268899394
71.76613873390616
12.157445925108448
-60.978226950423945
64.5703804670998
33.653257025897915
-13.451188682624206
20.603237713397718
3.067944204638806
2.5449070384098462
-46.060930120801714
-79.36795611546052
-69.91339614806367
-17.54772151169432
17.758889196825862
-15.50312572390773
-69.51090231154804
-0.9257859534937154
-44.04791909723587
-76.22525061677925
28.866004349156086
0.9511406480726805
-27.804099533414217
36.95459714692612
44.297365204497424
-59.40783623523888
27.68102777782636
-10.82977701103566
-32.3449636511735
-29.393747241091646
-41.52251284118664
-32.60062869490518
29.41708552218664
49.488952491109245
-69.94572199224962
-14.72993295798237
-1.2747985836462163
-2.6168885655521734
-15.781901052219638
-48.00183436465156
-59.937205154153226
51.008185041118736
37.46246239653516
-0.2530463069191313
17.156486230438333
23.551188028432804
13.020573009592326
73.49248815912003
21.504329845908373
-15.55677213909324
37.148895736318536
78.67566560001157
-57.072447990048964
9.98286231289238
-60.44875884781479
15.96792843724883
51.58010463052841
-4.8975367607754094
-43.685598427489765
-18.46396957112897
52.81096823441439
-5.989930731582106
-21.262673605598266
37.76249752508801
14.452452061536832
-66.9439327349696
-27.04875139534876
-6.840537696364919
28.536907886478886
29.472925641118067
-5.091607567210886
45.747029762039574
33.73617560170652
-28.950076027160208
-0.035828848370442756
-27.736957873827947
-14.355356751976018
-1.946581968910138
-30.61467365427299
-15.979172332474675
-6.926060402189137
-70.25787423187563
56.03955800412402
0.7680548953830595
26.018347051819077
18.012038445722183
-14.95894582244182
-1.1254006218436388
17.79040260187216
11.637932637388033
-25.268664395476648
31.414860681745182
15.977654840676735
-68.86715928581802
-48.39261342393374
-11.585106411047576
33.018496722979364
-25.200558864730553
49.699838308835325
36.826245953507936
59.16054504520156
48.62303428800186
69.85722737641899
-70.75765842495184
26.473021712400765
14.682554868942873
-16.531665248586847
-48.6700464541928
67.68446745478508
-6.006100000874412
17.03401585468677
-51.52731065931891
-9.841252292307814
5.383049131559119
75.3868839252269
-61.13839640980622
-13.005692947718302
-21.880991406487198
-19.772363668795805
-58.867323667074714
16.14079763996054
-7.344919670620783
-51.0409672178921
-48.18866173399231
62.48066503270479
53.549024656731035
-23.01599596745578
74.47724078141559
-61.08606998822324
47.94277392315439
81.57390422565649
-44.779221039334814
74.2178086076184
42.05822979024049
4.247035366321057
-19.467128750518683
-18.3109680613115
-62.590302012296
56.3682560005883
-13.066505278310942
-42.64800600286772
12.268610636324013
4.693200198548482
-4.009631148189257
-22.510407699925693
-36.85421393333298
-24.97907257924622
76.33934116035763
34.559234316667954
19.950084256849976
