28.018381499341615
-35.18620929440676
-56.50077059505357
-56.098936490224176
-40.714234765994185
-29.91926391148199
-43.66933887127871
17.714908529556837
-47.946593697841806
28.32977174099672
15.797464093914883
-29.166884540788942
-6.033857895564509
-14.976570771372266
43.54822092459389
26.5733126801927
26.8107930541954
-29.710037260344265
48.60402327252456
49.27950438478095
-30.79322533734036
74.58163627997152
51.05810593854076
-32.37997624746171
12.530968761254769
1.0604932519071326
-40.921582289616644
-29.143392535842096
58.32201837110449
-6.0117017105735755
87.02523402894656
-8.341348784170336
-13.520735955235324
79.05546932204504
-29.354936468382206
36.399761939532056
3.1698455080923793
-69.26589635448303
-26.1545236934149
51.365108668842254
8.798732853092446
14.968906966720994
-35.071895905448585
-25.026869922745192
30.175875951501794
-83.55459601041267
76.03133361799556
-59.432918748952076
46.11556339650576
-14.666554399744427
-1.5560870861506828
4.4037416323185
64.80667517319824
2.431577738552292
10.444266298601121
15.625106849628878
-20.466484727240157
-73.0421711596284
-1.2846314589619823
-1.1560459427998637
19.532462640957547
-31.58385505533704
36.71013047834259
-0.7073237526333571
-15.647645225104043
-14.513956525735622
-0.024679881385026192
40.007331618010966
-6.99600912248323
-10.188941400317887
33.39644870721901
44.95730451324303
-50.3144394721425
-44.928083578051826
-20.33687148215158
28.958734090569024
74.61344996009637
-36.34640762215077
-55.64233110566278
-38.940931115057175
-14.815173501385601
3.5678001265339674
31.67123921977418
-14.684035001433145
77.45645895435746
9.274706957106872
37.83510777084828
64.88705613719458
-54.424243110334935
30.518848699700612
-51.76393730654682
-26.9647925327495
82.81250180553073
38.41445425038438
-34.61276567880624
63.0142073853749
-63.368795732718134
-29.6732850534857
24.86703940580415
-16.423367974784384
-1.535974674222345
87.19296162927091
-9.263685986174309
-64.41379780370696
23.921935329044004
-7.664324700107628
-63.631426571298164
68.07500510286894
-60.6968735996661
43.637659090785775
-1.152960346889202
-19.380829631274466
8.504946634409663
-9.560961240037216
-71.91417460844178
31.20402641843276
24.417805780011435
-3.464218057053756
0.2890081709395389
0.6398131266132765
-27.328008529967335
-49.16539384770138
-4.507524908557798
-30.427182627893302
-28.489116527808307
4.0587371329962
-51.89841844525152
-51.803880976438045
62.175754875938736
-54.24449715804511
10.37949919812732
9.952947734575119
-29.105459031537478
24.634274947977886
-17.04250313133521
-0.6820221245952922
-25.72166204002808
-58.19346755547841
57.24575508371518
-48.7647800703824
-48.352450735490976
-19.308096772603264
-36.36803520822799
-46.12079007673685
-8.03734206384803
6.344976710105641
-40.45918417315646
-27.419271390827845
-69.670696368155
32.53605896808517
-81.72583007217294
-2.511357944995666
-4.820952576602878
68.98003638679072
-3.6213406500905023
33.71449631369154
17.79807388904338
-29.898707836132118
-28.39133203659624
-48.16999921761616
-48.988053374317396
21.34896262057721
-34.60830225338042
-59.06718460958979
65.78092350003331
58.46969578874081
6.454143709599791
-62.50038798200905
-39.71159032058027
-27.945924867278862
76.39778228776586
-6.298919820517426
-0.39335698878632286
19.53464195897726
45.9533173594254
-10.725548001156923
5.279380661128002
78.70302246147384
-6.213706877152433
-12.813966218523433
-17.217506353268192
-58.701885967753874
27.805660559425263
43.93107769644931
88.70950266286391
1.7320916808216253
25.390821958925102
-28.54664783354454
-34.232530834380164
-41.731492500811584
-14.166965495447954
-83.87678630595954
35.752140949899086
44.20437836621559
-44.51413853687384
62.47646898388095
-45.89327690839618
-15.127935707797732
0.5025204211531218
70.54555506580527
60.05740550804666
-49.163846579742824
-54.51137752062301
15.539040810749299
-47.822382757560874
19.666842208417805
30.249338259417357
76.08780997718253
-41.59527430165702
-11.41842061691743
1.8044839123123495
28.03252211119218
25.114811200906928
81.36325371584496
33.41689580504004
18.375784143675546
41.09203366304803
-29.179004953106173
77.33076820608505
4.616354311361633
13.95950546533328
27.08715364623977
64.21819684517322
31.066092022692402
-3.790697061614239
-38.0496191190241
-73.2446796093499
-36.44316559731852
5.961227206210623
-28.645001873822793
70.86656386917272
39.69302151147738
-20.54120357511225
-74.49172231942944
63.56397919916981
49.09067830371933
2.4989719798028176
35.70417196219594
-76.25363475797786
-30.95158567664619
34.33458123021825
-39.26848798597066
6.9453432839426625
52.75144530705754
4.560116301198008
-64.5615739465095
14.68565398263199
72.73958638841643
67.73858830602364
22.359774224445374
61.82428550011116
18.763854595436385
9.896963267487578
-51.34665373830193
-0.6437894534730475
59.14054924694619
74.3187678873189
-12.989679355119648
-76.53143631896985
-48.82293534053206
80.23510323929503
50.59790727710546
-27.88043953728726
-41.11677237131908
-23.147016209762896
0.9295478465092515
57.78077700490516
-23.477421826845173
-58.67885360520584
-2.5836125141958632
-5.474618004278867
71.60002037357827
2.0755856895035123
20.524285453994096
-26.35562383684585
64.08464534706434
-9.66997819538878
-33.88368736217789
45.2252808573117
-80.672653193814
4.190391084017065
-41.18598798101795
-10.65840137760543
61.938357184871364
27.751949626827283
-32.552257710829295
6.199913101993616
-1.0246717042841311
-2.9807458869551198
-53.55640252151436
23.533192963610333
51.08702074263772
39.7879232781637
-62.95694593206778
-40.46448755047242
70.75425617052744
13.653983287878987
-25.234789508283086
44.094088671684716
5.571772632248496
52.51547042218107
75.83235100584787
-4.650693126861043
-67.33978983832365
33.04075780343831
26.52721282032026
-3.5140475464746004
81.27207787181396
-32.04837872901412
0.21291607816186797
-36.443464528735234
61.45860803440729
-34.05121998000866
43.073679617567194
82.07921422790011
-29.79721534718726
74.3101458048798
-35.50746517291453
24.556908832045792
22.300302047482248
-12.099505983283038
-72.1133502962173
-83.04333634081318
34.3155732787088
21.610317026040903
65.98453533355328
-37.63321077317328
-53.93457078256056
-70.28533813731124
76.53348704182517
61.95644551213431
-3.56214632111309
80.97939459210298
80.73437751693078
1.4473120328787132
-7.98967819410052
2.3018101885883056
-28.480942628348586
5.292062212507446
62.33216206703361
52.173926667889305
-58.055246018272406
-79.20192601175589
-19.887832442886847
0.5805820642121517
-51.77986546271627
-7.458456095973915
36.263900057435706
-52.033866782654464
3.3034404384165725
-57.839693444052884
-4.956607306451559
35.105026679642094
-34.13146379725852
12.132756508526
2.0128920983347456
42.20329914178885
-12.908170306745916
-19.863594499499
-11.8123851339178
-0.45895640821920836
-34.033065662366475
-13.496629588917273
-29.306332163167397
3.501319591497264
-52.730321493525636
15.33923071337668
80.69458598646213
0.3607726050399549
0.7181301869104146
-14.714033475556576
36.49546384302627
9.970456120457186
-50.196958248683025
49.64430670883925
-56.540401861570096
10.130347502340385
-35.69534003323681
29.37673448785081
-69.60560515779237
9.80131158702821
-29.452161680080565
40.51313156461771
42.36284269009866
6.331847030846262
-26.3274837110488
81.67655189386485
37.88227138654412
37.6343553963755
-20.096832493117986
-19.38815816127365
64.22015347831837
-21.30933245376025
49.0317060977674
50.08681868017757
74.97584109480647
-17.325346399761386
-67.22984774755606
20.288341733841236
-60.736630254725455
-62.90332589934231
32.78306927484755
-18.52477994811521
-3.457097911923526
-10.068241375165996
-34.82061365663758
40.35769166468455
-23.75730097974794
58.35847159212048
-43.20736200105423
36.85549660255893
-18.18666798791449
50.04963305288359
-16.44037289397791
13.256038215295348
3.4325361393363636
26.773233622248455
-23.095369959992652
80.03624585717759
23.091585593868885
32.56134308907565
59.43037358544939
-0.34420547162166315
7.253262209165399
40.501943191668715
-57.70548124987057
4.144587689023055
68.57729972162431
-79.45320765177058
-9.890756403161646
69.43669794856814
-68.99890309923268
-43.73558554862988
-11.339836743994567
-72.37726810448767
-38.199823575152934
37.22925464532179
-52.37845379403819
-23.272110715491806
-7.530862278862017
14.373394193045712
21.90299706582961
-62.80327920307935
-60.4420455121682
-75.69223605897969
20.05779821200582
-31.162922307878674
-61.97816296379906
17.77766018234628
2.8678130933166557
-19.120099603575085
-24.37712339685322
-9.238589112535664
-18.70555996114288
-51.70700816026184
-8.717415754976372
24.056123689888878
7.505182018587632
57.63192285263759
11.825725001723328
-6.773927017265052
-65.76714020826594
-83.40314022722319
-49.987712941095836
-41.31702900625408
-76.72399848646893
-18.08342150764247
49.26573604850458
36.4665912527106
11.194159464661467
-32.81093595377686
3.457670067657361
-46.31027914262394
67.80054848805736
-51.789126411561014
-12.461822879981469
44.934709015229515
-46.55031554910034
-8.787390362676902
78.67530946169782
12.708730944753611
-0.3248979329578674
-4.183999745086098
-13.059391761171653
52.532886995945745
18.42814856341947
72.35333320259377
5.415051853855886
-26.388589140149193
-20.918486778602798
-52.012991858745266
-21.425179688811937
-3.0549251995990687
39.19432276085075
2.0027857297437066
-71.67837155894944
-23.346492245995293
-43.86094758677324
44.658311862393504
-11.42589533059791
-40.33538857462615
10.901243179798783
7.24882755941303
38.39203078823098
-52.291168536782905
-80.598752711158
-2.9810970332855646
-23.505173782164192
-47.170076455704894
-62.31772524592639
46.832312366762295
-61.513857223500686
-4.583302019518101
28.817330190953797
-24.8004240688405
3.016875780450505
4.550809582314429
-5.843507921397986
-5.267391756868534
-46.771385306273515
-45.268998518118686
-25.562893232017302
-1.965185666008324
-45.99182167524009
20.330364845686574
-48.37075914687823
35.7760378138922
84.97695702544348
-5.456759045671859
8.521597686408953
-2.0442898392640387
31.817815177118433
-16.290506959203967
-79.77020850222577
59.066482200399605
84.8860230967934
41.961880037274085
26.93905603779369
4.063794109711878
-15.157864338840042
72.38808626676251
-24.56934312295111
-82.37734674205186
-5.953923893000038
-14.340806428118299
-1.0197219702570237
-19.359776542364912
-13.828384566691739
1.0805332842656128
72.51893183465822
-4.736638448995691
33.27231467965257
54.14082636308274
51.723381780056
-71.38767759899333
-26.883570277080565
-6.851622012276934
-43.49540585409464
33.284412504492536
1.3029726120663554
-57.43546576221992
14.072509114490941
-15.782526512823736
82.95316721457488
-47.70552275086138
-10.504045420027566
-0.9393786172113892
10.580799489531586
-30.231245654294796
-64.30710934249475
-59.82921046581646
16.88229504282579
-22.388628251485315
18.426370426494827
-16.33237008850682
-11.819079939152417
25.672699813926627
37.21652772703945
-7.176093700509725
-9.308245337784768
74.13654395924681
-44.007148790271955
30.47628784894391
-19.334885911171426
-13.380827645537408
17.86776815869672
16.510457085140075
85.39383920343462
-41.75471755562567
-31.073291529899336
-15.938274315310181
7.916976175191479
-12.995463586092697
8.268531214302072
-39.41864706888832
-3.1215088576480667
-57.824677979602434
29.998473421100414
10.750519284458903
-1.9420775288799348
26.120930591997066
49.2032462281839
74.62234300497991
-23.824301185530885
38.11173395382397
41.964543970416116
33.33897486425758
87.66127976480536
-23.04910483105735
28.763148728269385
26.511222507513352
73.67893358337611
45.89589213750685
-1.4073399995303646
32.27996365295482
-12.418471150562866
16.886698327588576
35.47226901039272
-32.7387965355324
-62.892899853451695
9.734036129810164
-45.30497500030037
29.7490219834596
18.990827376401782
20.6987434010326
-5.443176660801527
-38.25140023670986
-1.547163053113266
15.309192912910817
50.36021351177814
-18.975860623745177
70.54362578520528
-57.35932977788101
-29.546516055445295
-44.50512777703828
-4.636514945176415
75.67906935361088
-47.547075351023686
15.051117451627036
-47.49273618912973
-20.13972495095304
-5.632057748724563
-66.4111609163244
-58.49102176546986
70.11282118333025
-4.523465700283282
-43.85413904068576
-53.554280382810454
-11.39939210176685
-1.9773591677678013
-10.916120919597091
-72.3734553619249
-9.777864649303112
0.4061425597017774
45.12100104695651
-50.67957044379886
-17.259906794494754
-82.84966386357249
-9.241604233402612
-69.87620201142218
57.452857342247086
-44.020706522462255
76.79343819307164
-25.610828628231815
12.237563932952213
-64.38716457854207
-38.85945323239086
56.245202389440124
-30.86428785957436
22.41091011676015
-4.903026280645662
-55.15737909848158
10.441370114283842
76.38294624064315
68.32881809694769
-69.85821437702813
14.89518897768319
-55.73696331194604
38.17791191444138
39.67518901477237
-2.130131690684067
-4.1098468491655495
-44.00474269491405
11.359962867025303
-11.227348284739222
29.34629882509327
-35.22846162125607
-17.317308209015337
-43.06825893395402
-27.2214180397242
-0.17735753148323852
-13.780430962501441
6.286771262510243
-18.606141267803935
17.92678758430567
-38.35911649194355
3.9171681176630813
-80.12843298137835
-52.89891154910489
-14.05203447918231
69.00083153478246
-70.16795151270011
54.71376366242052
53.54889484084276
60.56586564977013
7.186969689892493
-70.99642067857218
51.03287335167488
-67.04197043556908
-7.4423869988154365
-17.08702043044096
-18.935427221803266
53.46050847313134
-7.142267056049278
-37.24667982112964
-53.73175211356582
-8.009185020811302
-24.794334099244836
-8.223046649606331
31.42769512469542
-3.078651176244321
58.05108208403283
-13.737915329910194
-56.96938618954941
53.682772025064
19.324772484203194
-17.33024219135133
-0.45459545224591125
52.65619653933848
14.424244424779488
60.83642733148454
-0.17431215531149746
18.417767485993664
-24.062610838856102
-27.116580351864158
-24.023640923414447
3.9145209833185106
-21.425913575497617
70.93095740413534
-12.451346034717886
35.15738783322175
-11.66576919813275
-66.56083224990842
60.91672273077518
-56.97814333163177
39.31968167271842
-50.121229119027745
3.477580265356977
-17.614797673573534
-61.778241217215886
15.078461513651149
-11.762717567187565
-47.48675116179472
50.34037458747997
10.324432069681038
57.02070564280277
24.975951652648035
-40.94903887015812
-54.33510915406866
-43.57522793625129
-59.8562762514892
39.996741342772424
25.002879302062652
-22.371967248066696
-28.786469114521367
49.877699298483975
-10.956987120667804
-69.54139810989707
7.056948598317504
-65.3351423018813
-23.551961059053852
15.737609563216978
-39.79751311747069
8.086709814340423
20.359561001833214
-45.98687954505033
-56.56198354243732
10.79714957729054
0.2762588283907377
-14.127016552451707
-2.5597492211083903
-3.5590750221138876
28.803745085379262
-29.65523793129053
-21.377026818697303
8.46297149396699
29.105186149980284
26.97424242146151
5.3279150531172945
-69.56699930334516
-0.44941328807398406
43.1880418640136
-31.395315082849137
-18.765972246523134
11.245907638335055
-42.034591374311965
84.8063850270012
-5.0065915251244775
-19.591981338299277
-34.59362231967258
3.3722447477072848
-23.777950021653908
-46.22255511791317
77.56408396778747
-28.694499559802892
-33.31830342639786
-9.5555771067106
71.93398363378728
-4.311615090669434
-38.835750570507805
54.01942288290152
-40.96210606754777
-12.756781895969993
-37.1985383012961
41.63943003327722
-1.5441543826211586
27.669032881821977
-0.7018062541925048
6.897703950674966
65.7176111830654
-32.59223713241717
70.25578037064355
48.147383138538686
10.934183681961969
-29.539371384427554
-16.994737618396513
30.29100477119755
-10.40502820817656
-53.16433409444702
-23.557630984759854
85.16039365028979
-21.8407654611796
33.00706477674893
-56.07280208640436
29.935992417370784
38.55348496802452
39.51134960387603
-14.685562058512318
59.162197142942034
-5.770097770306933
-7.913503475850561
-36.35474364204552
-7.250111306796825
-31.631338492336084
-17.844195423658718
-10.31819812983096
0.6511027742578932
46.43199261013842
-63.868428242970026
16.448629220549094
36.26509318740898
71.76728933277366
12.165253763441925
-60.95459028286622
64.59305073749684
33.693719144718415
-13.465243865953994
20.60602501028906
3.0618733599004457
2.540657699664365
-46.05132440411403
-79.34547712955437
-69.88749274553908
-17.57064399138315
17.778781844430455
-15.495707555623383
-69.49771134649743
-0.9455378138637514
-44.02832655934605
-76.19933329113277
28.88783352610524
0.9285306376397813
-27.797409635179662
36.9657627947191
44.33388646737029
-59.3972461771525
27.690427728163073
-10.835885583764309
-32.381184884078564
-29.39248692736726
-41.53069359444467
-32.63187637872102
29.39444833953226
49.478251330740335
-69.92018452624909
-14.749750190607799
-1.293121011030152
-2.6477178743257497
-15.82003623859923
-48.03683399729138
-59.932635037186685
51.038468455902034
37.44767955074249
-0.28165101185612684
17.174867881212535
23.57995714952257
13.013675886114555
73.51719846764564
21.525493121233495
-15.570448768904512
37.17793807048241
78.67817550999197
-57.09089690760074
9.954527198635247
-60.43187867767315
15.984829064309451
51.58262549821549
-4.894023253495561
-43.70586838477367
-18.47754703568583
52.80959338501506
-5.988880365888278
-21.261775801638848
37.764220215002894
14.452956205795303
-66.93159464022277
-27.094284885708788
-6.878799325819031
28.562568054997513
29.50444059051911
-5.095356311362053
45.73606156691659
33.72022014236998
-28.936986785727214
-0.055466904076610035
-27.731423489704156
-14.348072483346385
-1.974501139037784
-30.637877593369936
-15.980424966917425
-6.935102021715267
-70.23377989717889
56.03266977373423
0.7668655043893864
26.040843975444247
18.017383462457786
-14.967684614554884
-1.1240393107490974
17.784967200542027
11.647645969094796
-25.28391081007271
31.39670492042154
15.961745656198701
-68.85369701646
-48.42434611934583
-11.58143394975886
32.99861258100708
-25.22166033242827
49.69724105797235
36.84806299250519
59.156847247511365
48.61809783877922
69.86608045487793
-70.7684004883571
26.45723523023024
14.696798201958785
-16.543984138507
-48.69179300072342
67.71625751185309
-6.012499760100241
17.01607136165319
-51.505779735838466
-9.851114327234555
5.37919030565233
75.3905751023155
-61.13978701187943
-13.007270455024454
-21.883592363208976
-19.791231360239223
-58.843582838412786
16.158027004712594
-7.342113296648279
-51.06390265909483
-48.2020833257568
62.499875416024054
53.539665781562206
-23.047414736154153
74.4777185622977
-61.08139847701964
47.96367635565801
81.58620122920561
-44.775310096125956
74.21828653994152
42.048739278801264
4.220585836348334
-19.459484604449557
-18.31845539499095
-62.57839987625164
56.362571192639535
-13.092383828801545
-42.642342856107106
12.270909060985147
4.697391280230661
-4.016290366719872
-22.53313879298929
-36.85994633999859
-24.972559138375487
76.34738533164779
34.5785645985886
19.950642289121788
