15.579090366098562
7.747678793484332
12.586253167075181
16.766542614022065
16.459598832300216
7.201024830478755
7.735351465597376
10.086016903158068
16.89006666143504
7.548213199396467
17.39666411354576
7.314361645181866
13.647903606323773
15.913763413189177
7.556189548136163
7.9140761742188355
9.062518053568063
7.521026227877562
7.6015924422754795
7.336579270002715
12.458093644706096
11.480218628370384
10.68329537582489
11.308649215130096
7.97470028615466
13.445587437708589
7.315684795601148
8.313745505186585
7.435960945772535
8.089843083522315
7.201261999536695
9.080695818341383
10.675222859840975
8.404551432451896
7.974164496137377
7.98457568700609
9.912966788396961
8.072599559000874
7.185150219130878
7.653579156278837
10.063987343918068
14.36475298925917
7.201305931536672
10.833387516895591
15.286324456832162
7.877684228100853
9.029938422320662
12.978853628797921
7.322687882065364
7.666322041070274
