27.9767394443451
-35.187572244057286
-56.52071992590119
-56.116201652449064
-40.72377596366358
-29.90521080951011
-43.68303240202067
17.69218270292157
-47.971950125509096
28.305743979084085
15.792444856813631
-29.112334343830213
-6.014196876911967
-14.929503213487337
43.567002002831
26.529275267826108
26.78639669464947
-29.72746950549663
48.60253602746346
49.28759467948814
-30.811913570197035
74.55583763500184
51.064047770555106
-32.38951517201265
12.519608814454656
1.0773948781567952
-40.94214647736975
-29.110198536936366
58.28009335445472
-6.001866899504634
87.00890747419021
-8.29270682098992
-13.464875730276503
79.03971754794736
-29.356168389212442
36.392129833524564
3.166115633110863
-69.25453778131272
-26.14468465283045
51.32858192570572
8.790771111785887
14.952500661531786
-35.09168291304049
-24.978709046779713
30.185128516297112
-83.57190918388427
76.02854743113426
-59.45436107046182
46.11934617898356
-14.654593009672723
-1.5379528317591422
4.420357780467839
64.78237272424673
2.4305312363589167
10.482103781939685
15.657873506122598
-20.479444154710166
-73.04617710289946
-1.2884914889770585
-1.1438249818936868
19.51224752626723
-31.576870865446764
36.676340858842565
-0.6908475833616166
-15.638702972518487
-14.489775778553607
-0.017517724982070604
40.021453508965834
-6.94677528665386
-10.163892557227143
33.37583583371236
44.96797928125497
-50.33992698425728
-44.930976060883275
-20.312905485790026
28.9815073764113
74.60242323947492
-36.3351388318128
-55.66226541830074
-38.92225570979267
-14.81921275479526
3.581031170270961
31.658285310023928
-14.66345388609514
77.43090344581074
9.308622015696827
37.83017892670878
64.89087208052794
-54.43872782623055
30.547969674118377
-51.79292496511626
-26.92248811212309
82.79237808276508
38.39442541881647
-34.619113015217884
62.959779351159
-63.397419751071325
-29.686373731295774
24.874858807158205
-16.43285311387099
-1.538532979487627
87.1769899815545
-9.263651733938374
-64.4442969642077
23.92411142759947
-7.650219573590746
-63.61517514768249
68.05824027382303
-60.69365241606461
43.641144203826656
-1.1365884222066711
-19.38109526188032
8.497079849961182
-9.564655290922474
-71.93285019277988
31.156492984020588
24.419103720044447
-3.4523406463847834
0.3079479134417369
0.6479973387433233
-27.277333689042038
-49.1888848273376
-4.507652981096399
-30.44582946266219
-28.505294692168803
4.071717282014632
-51.86699669442642
-51.82414739558803
62.181204745656146
-54.27481990670609
10.371067368343944
9.945029974277034
-29.114783468522603
24.646940216759205
-17.05208704053868
-0.6860545029664848
-25.698230744195612
-58.20650675484331
57.19362571936523
-48.79311067997629
-48.360453789613814
-19.27334914542824
-36.351610211612105
-46.122948551970005
-8.00688513493003
6.339451721859774
-40.43365872340206
-27.427060771596217
-69.69110091598293
32.493672794808845
-81.72987793279701
-2.476494252016167
-4.8187247283087515
68.92712784283259
-3.6136877372560434
33.67159769962777
17.790791162266544
-29.91179573787622
-28.409101775430003
-48.1976736622693
-49.00920541161616
21.37158111013308
-34.561101319931865
-59.09782510704921
65.73418872418495
58.4685511628667
6.462826807683911
-62.52832635096265
-39.69700881442296
-27.901640314136188
76.39050621482505
-6.2709711753501125
-0.397852318432939
19.51768390341661
45.892575345697196
-10.710007791870936
5.285515068885928
78.68396640964679
-6.192131811022648
-12.80077636930615
-17.196246004665838
-58.71437786743365
27.766584550154036
43.94610628770201
88.68235669295771
1.7534069313203702
25.36895362917035
-28.540740192026078
-34.24533108800328
-41.75554558709051
-14.153005152299883
-83.88510376636933
35.761445312152006
44.18000102658851
-44.46747314535099
62.46429670156232
-45.918924212715545
-15.103697834471419
0.4988371782274612
70.54418638590619
60.01853231756269
-49.190329635156964
-54.534456818659116
15.547404179374297
-47.8432558876223
19.678290164271445
30.226841006106127
76.07962169242185
-41.56128184604283
-11.411947453273172
1.833316946740112
28.02353107894706
25.13046753698673
81.34052763911902
33.39060420227963
18.366014362973402
41.066188846357136
-29.11651311592196
77.31623632339148
4.663304318301016
13.982739349482074
27.047380949622394
64.22245721666158
31.085539279285342
-3.795619350852135
-38.02284470336321
-73.26615282525698
-36.445009301902445
5.968323799887912
-28.652634515849527
70.86673275011748
39.714156575368094
-20.511833273193616
-74.50653793896834
63.55474466076615
49.1019823529212
2.522434508753676
35.72209116346437
-76.28542723600326
-30.9297219527449
34.279438981195284
-39.29015485748446
6.938726363258908
52.75271791082443
4.575653554241711
-64.57352522113251
14.67077976791137
72.69934103634972
67.7294621812467
22.36258625263679
61.825776853925674
18.738371108246113
9.894794131301637
-51.319935545065015
-0.6364087426875074
59.10143286256033
74.30986663217783
-12.990754639010007
-76.52613579805794
-48.78753551371084
80.21209425108165
50.561455763429336
-27.877208964098884
-41.13741137011564
-23.104227428892017
0.9561505527656209
57.78839254887458
-23.430764890096796
-58.708905459889785
-2.5551810640563417
-5.479062969861019
71.54998135633593
2.1216121068714386
20.525897559872675
-26.369064243071904
64.03160743972919
-9.616058949234088
-33.890280500785366
45.231025937715486
-80.68923831395982
4.201810572617234
-41.14418703083638
-10.623604811996543
61.934125147396514
27.719984064914314
-32.564005246673275
6.201517175964696
-1.0086217173501382
-2.952585770700807
-53.540328304461774
23.547232999016614
51.04278560110083
39.748227476896346
-62.93863221455933
-40.429509134017714
70.75474643579923
13.67627669231193
-25.211349176898636
44.100924835198555
5.57012709324205
52.514380155089356
75.82980580141154
-4.655638623017424
-67.3318102287882
33.0228220491978
26.535719582028875
-3.515287805468816
81.24100898587426
-32.06476501452519
0.211751812298985
-36.42169336611301
61.41563957417554
-34.06464369221492
43.055076868476874
82.05447360141017
-29.815232278618765
74.3010011488077
-35.52920633804475
24.522299271598058
22.322441839512237
-12.100442603927377
-72.11968418030348
-83.05275471299892
34.32434932907384
21.57862764958739
65.9547717328214
-37.64503961897892
-53.9424443936496
-70.27779614563595
76.52756838889002
61.960928937574835
-3.5410275715727266
80.95688847833893
80.70659752304692
1.480126471301844
-7.964541176829698
2.332758472533314
-28.488070332892633
5.33551751883212
62.336573361708076
52.165761237999874
-58.07568154821944
-79.21189633492764
-19.884073139931502
0.6055701169168941
-51.80543400440203
-7.4315391773023975
36.22834389301212
-52.06262009956205
3.323781913598836
-57.8704893265669
-4.9541528420721335
35.08342450253684
-34.13619299771712
12.121055593079177
2.0392219675365197
42.138772728573684
-12.867054803339329
-19.806333782726952
-11.777546670998078
-0.44102211431685134
-34.04597360160952
-13.4408019558863
-29.287030965204764
3.508132428651095
-52.70980021096848
15.369725864551583
80.6736345417263
0.38478117219078456
0.7310035741098346
-14.711235630954619
36.5156862759124
10.008100609192113
-50.217492496024725
49.65539068391388
-56.56284639937474
10.122562692669064
-35.69857483541342
29.331779090581122
-69.62008239847181
9.799356884726933
-29.446810086950165
40.519694353557526
42.34018350373648
6.3278678235159305
-26.313262398149902
81.64074818314282
37.90651849024161
37.61832885226852
-20.10593546018164
-19.399278148538514
64.22224653583206
-21.26281474983685
49.00406529635288
50.03572956544687
74.97207695578413
-17.29996607541642
-67.26189750713745
20.262132507463292
-60.717158615369186
-62.91346949391447
32.740767956392915
-18.536460213842403
-3.4358103197948537
-10.06279422810006
-34.83879705799976
40.3754810866123
-23.7649548746014
58.365227008162805
-43.229053874110456
36.83662990649364
-18.196497939860237
50.01701929935592
-16.430433855930772
13.260608789118493
3.430143711566771
26.733717312176083
-23.076747701859702
79.99590321603347
23.08315198565832
32.55454701674884
59.4187095462388
-0.32028067944571603
7.252399183052859
40.50326440973174
-57.728248624132874
4.153068114775039
68.52472354330084
-79.46305059706003
-9.878658515488212
69.43419761082168
-68.99051155668072
-43.699964956012195
-11.28470067514182
-72.41050022440724
-38.167786118129854
37.24505606336146
-52.396647091442915
-23.283685475024967
-7.5200906457138785
14.394586465807365
21.89397864025625
-62.83573972816617
-60.472890654678025
-75.7149932990693
20.027373338427097
-31.174388699225986
-61.998115746805944
17.773890230434148
2.8934070812096166
-19.087434757692222
-24.392259247506942
-9.208628032438327
-18.674094878128315
-51.73217142895356
-8.723914880327968
24.0883267310748
7.507148041610492
57.56731279617691
11.855262960584227
-6.767197631869152
-65.79610492343102
-83.42633218117192
-49.98738595955905
-41.330048701997164
-76.75258602581147
-18.094772351538253
49.27582383858709
36.480909085733686
11.193671232723858
-32.809569654827555
3.4743141980773373
-46.33750080765864
67.75675245479019
-51.81570853650995
-12.469950167973366
44.89206737154768
-46.52448241555776
-8.781080735903345
78.6467486024797
12.694812827790855
-0.3039098227818897
-4.168402469125212
-13.06713891699512
52.53370096506913
18.43528370235343
72.31927375099394
5.425525763054665
-26.33347300344954
-20.875473436440785
-52.00862914023814
-21.40762720402799
-3.0573137789801734
39.211904136237564
2.0263096972282
-71.6813032623347
-23.284836850635585
-43.86894954391315
44.61069451585652
-11.40622786866831
-40.31515618930039
10.897182993222287
7.279079371469933
38.40427452893471
-52.25515545124737
-80.60610644814071
-2.983400200158755
-23.48598990399455
-47.182322355570214
-62.31195440719927
46.77589890725312
-61.54265467852203
-4.551495138361375
28.772895900911124
-24.814168103347185
3.0122356390636753
4.546443846977439
-5.846226182710723
-5.272797693760012
-46.78180967710979
-45.28900115665815
-25.551369235748155
-1.9447905594958002
-45.94354612411652
20.34293847341216
-48.38686780695633
35.72621168640299
84.94927048292445
-5.417011487879435
8.514030728179833
-2.0318622868908705
31.824083776550225
-16.246629236453785
-79.76999073577906
59.07389993813902
84.87249557305478
41.982599449685125
26.908531239926262
4.060507073504056
-15.138487978477798
72.38602615617464
-24.524844483179137
-82.39607907737529
-5.951592160200775
-14.300765880221007
-0.9794673623263037
-19.358111371209887
-13.821077526894214
1.0779050099457521
72.48806579218629
-4.703475556498432
33.2328144246664
54.1114451230159
51.7343024325132
-71.40489205661511
-26.870780393004452
-6.833782826444903
-43.521207874601636
33.2350339116758
1.3000868784314292
-57.4464858959013
14.058672431249008
-15.768963174258758
82.9266656588124
-47.672963537259015
-10.482144711889177
-0.9283344864135472
10.586748954893451
-30.176961476496786
-64.33601629404583
-59.84423744405785
16.884330358397264
-22.328658064747174
18.465316461072604
-16.34197722030541
-11.82695203918827
25.693513829454005
37.20149904834872
-7.1367561483498605
-9.280128559708785
74.11838141336241
-44.03199514516096
30.50633367883026
-19.340238444307943
-13.375222775083984
17.878848681987407
16.520504736629164
85.37402352103248
-41.764339509860136
-31.09259707990917
-15.893974811463252
7.9199397099577595
-13.003581176406897
8.2702801606641
-39.378881415849314
-3.098401564843485
-57.81974543135829
30.00551679470985
10.770256653945083
-1.910942297875195
26.12754726462269
49.21446761483401
74.57617928167238
-23.82128335326695
38.06914071792107
41.92993705657145
33.34549625195643
87.63822117964017
-23.04988541133541
28.774187247923933
26.535582808419562
73.67652462690495
45.88859997933011
-1.4085721324607476
32.30411928298068
-12.416723043498095
16.863786075349367
35.433680649710226
-32.75240315010889
-62.91146051209265
9.728153829758895
-45.327279970915974
29.698660031322902
18.979922338183783
20.69463670900366
-5.394740443585604
-38.231070105811696
-1.522192776864145
15.296937511910883
50.34838140794034
-18.987623466611055
70.53879322307424
-57.38780530892652
-29.564967983970774
-44.51586373530508
-4.622026201923916
75.63979294311247
-47.51848124888234
15.077026874596825
-47.4906173150164
-20.084176488340205
-5.583759814450289
-66.44410304100141
-58.52136364708282
70.06289148367563
-4.488368260903172
-43.80625290512313
-53.578084625453414
-11.393539414221166
-1.9820871208117978
-10.895381605555983
-72.36624771726575
-9.735006422288308
0.4263416198036083
45.12371621175487
-50.706651171697814
-17.26798461848493
-82.87545323736877
-9.24369080016848
-69.90904965426671
57.39316205340913
-44.01761623872264
76.7530502599997
-25.612994919216135
12.22451637490721
-64.38039131121744
-38.84003285694248
56.228702958133994
-30.876850926293642
22.393773813762152
-4.8726116584259245
-55.18103777115081
10.432768913818322
76.36249237562845
68.30455349692494
-69.85790690341602
14.928628433558515
-55.767529621812265
38.14852838607334
39.65766577523473
-2.104379609518759
-4.078927593218495
-44.03084030223488
11.359576225952708
-11.230023685864353
29.318405821848003
-35.217597132933875
-17.320387583563644
-43.09327927552887
-27.238293664575153
-0.18170296247213003
-13.749986297445233
6.297687425161811
-18.54413283051241
17.926314663681467
-38.31296085182109
3.916510884543257
-80.13880900862196
-52.924984101013195
-13.99985188571172
68.99545186848223
-70.20066706937824
54.70464720163176
53.55503444291833
60.55144806417431
7.180414353429683
-71.0159223868787
51.022903198946835
-67.07334333536
-7.418426325548282
-17.093555591080104
-18.886228855003992
53.44270691443447
-7.1247138619440165
-37.26951841142831
-53.75182345292664
-8.015876798636427
-24.75855211636808
-8.22094562063144
31.447559695842187
-3.041678180780181
57.988558991614866
-13.683415515048836
-56.98682888262865
53.64454396897102
19.29564106352221
-17.33815956338117
-0.44478143829043404
52.60616486623675
14.449215313949452
60.834530679380066
-0.1486220900364401
18.391032457706302
-24.04731746662351
-27.130017664486218
-23.96652503186533
3.9109010732853164
-21.363365978242413
70.92801484577754
-12.45881450929231
35.09935672466062
-11.626298874014893
-66.56417192864616
60.92301902911544
-57.005420375872255
39.27801799418572
-50.08704285504256
3.4821551051326622
-17.593070122748614
-61.8083244366215
15.079279593682458
-11.718937321481022
-47.5143995072817
50.35268230306727
10.33850364654485
57.02657376838832
24.976545899017637
-40.95756440761052
-54.350943572048415
-43.54602777470931
-59.875839621732744
39.93677294829641
24.982343658052272
-22.32175465802281
-28.772123930372402
49.82740107562543
-10.959338334303638
-69.53586479651585
7.05993922944613
-65.36789225724701
-23.510188754898437
15.724079431869413
-39.77202695408386
8.079147385945333
20.37026591706146
-46.01044354007892
-56.56754931290584
10.814152340154422
0.27912730410834286
-14.123695009429937
-2.5619654009268515
-3.523816176308941
28.820420446239012
-29.660971242608568
-21.34849666082168
8.464985908620719
29.061876574704755
26.9785115225977
5.370561483077083
-69.60015645780045
-0.4307601440381177
43.19700070432353
-31.386242222356074
-18.733596785764092
11.239968392691154
-42.00481472779662
84.78332447720726
-4.992005736248174
-19.556059622907057
-34.536143601421905
3.3727854810194913
-23.719677263747656
-46.234347292272865
77.51991004349841
-28.664266280131315
-33.307831947639116
-9.540525021373313
71.9213299441841
-4.266829439678034
-38.84486392222362
53.98585661696032
-40.955577542742965
-12.759165500424544
-37.18906352174388
41.640481128610645
-1.5489693373791056
27.689838176278357
-0.662983602246257
6.891170078783134
65.72122794501479
-32.59750850142096
70.23062806111591
48.160962997875515
10.923399574822824
-29.49633383688804
-16.98851660541777
30.308968575332443
-10.373496023440921
-53.17886801530238
-23.54796456718394
85.14914596621983
-21.786439040661534
33.00958335142974
-56.10205240431547
29.924870228103714
38.49227955703583
39.50496881130567
-14.689281850976968
59.146778200611806
-5.7584908422162755
-7.861563370643026
-36.349240646594325
-7.2473888037377066
-31.578576931890808
-17.804334299436576
-10.309498218588587
0.6576461382627485
46.4384250804641
-63.887690289773204
16.455771643828
36.26819682293177
71.76496155940592
12.1556748006508
-60.985189846677805
64.56360826180457
33.64203136991122
-13.447082348189866
20.60289572957643
3.0700761496342324
2.5465030099345114
-46.06334346568724
-79.3743078712788
-69.9207150300183
-17.540431410616506
17.75365178955539
-15.505246272824607
-69.51496276993888
-0.9197492144913042
-44.05361833823143
-76.23246671712386
28.860250607202275
0.9580320241275757
-27.805915050361378
36.95180541880444
44.28716114334435
-59.4113034073046
27.6788312943973
-10.82786133111044
-32.33480150781173
-29.393849089379728
-41.52062377523049
-32.591922812645166
29.42331807142024
49.49133340423114
-69.95302165456553
-14.724174750850494
-1.2691827472198156
-2.6076612273264885
-15.770812070971871
-47.99223353394794
-59.93897620202103
50.99964052462727
37.46629499689658
-0.24443288767676563
17.151691432311225
23.543396936928502
13.022758392514788
73.48481668727757
21.49876763618292
-15.552825242376542
37.14097952272709
78.67380381310241
-57.06765229678861
9.991255237412943
-60.453196904568514
15.963531242098227
51.579367654439864
-4.898366485288136
-43.6802396784425
-18.460118149918543
52.8112220231566
-5.990115875505083
-21.26278016674256
37.76231043558843
14.452700031724376
-66.94779966175066
-27.035757074797075
-6.829218609680879
28.53004294001697
29.46434594572729
-5.090315010408162
45.7497354437935
33.740412213800056
-28.953904614135
-0.029811474608138155
-27.73841483285952
-14.357433384144613
-1.9381897652177713
-30.60827466708733
-15.978847662561236
-6.923265264843721
-70.26484444845298
56.0409367092513
0.7687276831899226
26.012407396107946
18.010986039452035
-14.95618124777296
-1.1255150459176235
17.792242513045423
11.635612096936939
-25.26365153034351
31.419738280344347
15.98220826458929
-68.87130650432616
-48.38396472471728
-11.586090968266518
33.02382767645733
-25.194663466296262
49.70050976922951
36.82042227920218
59.161116921965686
48.624330924111405
69.85413135740666
-70.75491158035616
26.477397438726527
14.678922050441557
-16.528136536692003
-48.66429541839717
67.67497584230054
-6.004054601280174
17.03912117492945
-51.533754057519246
-9.838284997973659
5.384352508689432
75.38492289498757
-61.138465785198576
-13.005209864268565
-21.880399374441268
-19.766999839583633
-58.874313494680194
16.136313694723427
-7.345590904344576
-51.0348805947664
-48.18531292133724
62.474946315315634
53.55086810810917
-23.007040782456798
74.47602467333687
-61.08785961818231
47.937000626492676
81.5694147953644
-44.7798601861984
74.2166156052804
42.06081380139361
4.2549515608738915
-19.469424521529376
-18.30853726918008
-62.594105357715655
56.36940051652172
-13.058373563373536
-42.64924168541881
12.268355082290881
4.692375521006937
-4.007465315584582
-22.503978516196597
-36.85196684925295
-24.98086737375276
76.33620969717498
34.55415342734955
19.950347130385993
