28.336615314610825
-35.26898804848268
-56.347823856929864
-55.943768601087086
-40.62430656193817
-30.052161003563725
-43.706288245793225
17.947429722315164
-47.848401443701206
28.56305749157606
15.91691381294045
-29.452552555055618
-6.074649681332772
-15.169309217710932
43.3304040964897
26.90429962869773
27.047839025863652
-29.694810073676024
48.633497274072425
49.21475229614751
-30.771021129321284
74.57965721670095
51.00591356217703
-32.41798642561527
12.690741396622826
1.0721364249839525
-40.91531482145821
-29.34846475961899
58.51091389812291
-6.016835072950045
86.87855933895534
-8.503769679209583
-13.738512812102812
78.96421832985791
-29.42241302409394
36.523617356530025
3.2402377097058803
-69.37931184385226
-26.257203382901253
51.57298665599055
8.928881767319695
15.16416907070817
-35.05727330337631
-25.27212206762519
30.18541540790025
-83.45318788176468
75.83969083448784
-59.41688518815507
46.11659306825348
-14.673545570665183
-1.5646622949955287
4.349990903623663
64.86840358898402
2.5122784735747956
10.320312136315096
15.486731236270671
-20.439347124071787
-73.0690985918376
-1.2349950355780663
-1.188460832325788
19.750349639875978
-31.52480554432961
36.97211739947764
-0.7538922868577629
-15.701059059811172
-14.525350112971495
0.015128637126409217
39.91893195017275
-7.153197942820583
-10.273512272483188
33.60236451691898
44.88950723565486
-50.20441336183131
-45.0185520465379
-20.470045437275985
28.807601496690452
74.52479442411826
-36.485881230178826
-55.49363528356811
-39.11622539990014
-14.797871186828658
3.5296573704748226
31.838740750388098
-14.776433961331577
77.4320019186211
9.16072273063891
37.93715716091074
64.70784324680622
-54.27350970648144
30.320997907054902
-51.66563792786627
-27.196121870547785
82.71955247046662
38.60248093346965
-34.67152867207107
63.223973848912095
-63.202033343852385
-29.62651124764561
24.89461705173204
-16.406096924413546
-1.4758996352556721
87.04270646102268
-9.252035428910759
-64.31895924097012
23.996749314045104
-7.694306098183489
-63.78582414533434
68.0723787889975
-60.80213313520837
43.65431527744096
-1.1526674949384699
-19.41526081480177
8.641284019049053
-9.53781340202059
-71.87160693940552
31.542546933198366
24.499386403444674
-3.493657243697797
0.2885019756777609
0.680194431641624
-27.592131766534422
-49.14673422944086
-4.491702020439504
-30.4032242509211
-28.47876613181134
4.102692600684378
-52.1353104216987
-51.80525047802216
61.995796612446355
-54.15394862940283
10.534958914222457
10.082896129363036
-29.05953604944027
24.613873118709392
-17.02724468530957
-0.6278339644815674
-25.677048296941308
-58.226392442206055
57.48516770209389
-48.69282321563886
-48.224281592668476
-19.4769969999914
-36.52871854980204
-46.21528787467885
-8.129734584793681
6.461619444144489
-40.664819282791655
-27.45104306478291
-69.62820573816836
32.848953911948314
-81.70334453888384
-2.58837237607554
-4.793099639182358
69.14071717391661
-3.604880589293529
34.02673375738104
17.936025938134605
-29.911652217668276
-28.3600899648318
-48.08526172190987
-48.87392678820847
21.231320668283303
-34.88447800513319
-58.934687566915464
65.93908542513537
58.43091235566504
6.527994592741365
-62.335628861038565
-39.87153799268556
-28.18855129929591
76.2642571170542
-6.371900023807541
-0.3254709535355431
19.733974788689395
46.29359055284624
-10.747607364087926
5.2845299534306065
78.63426625568823
-6.262585084578404
-12.827521137845267
-17.325381280763196
-58.73662018610335
28.112540929097364
43.78000202760359
88.61208316944808
1.7312012395141352
25.61598083946882
-28.64177976748138
-34.25868411086145
-41.661187677224504
-14.2318693288681
-83.81961218012697
35.747392893287724
44.39137689654214
-44.80831217863032
62.48721147222446
-45.80769326407454
-15.13655632512804
0.5760235319364142
70.4006883852108
60.22121926387024
-49.063949230816924
-54.493035547975126
15.552122086116043
-47.82074562732917
19.65753397998138
30.47169696484559
75.96512465159961
-41.83628509329947
-11.425193520286456
1.7261968161625134
28.182013061920912
25.059978947419424
81.29528256015325
33.651900759519606
18.530649576324578
41.29981923159832
-29.494179933294305
77.24483112524666
4.515756414221258
13.859201671993716
27.39820822763251
64.03640313298612
30.941462345053424
-3.738544503631047
-38.255561094649444
-73.1796125260798
-36.36717691493422
6.037966231119327
-28.60046843709162
70.68525292620589
39.48479588584044
-20.69579382937586
-74.45754267703369
63.54796959509585
48.97199404518361
2.4943415048626463
35.574304263410255
-76.09451630422532
-31.118915592986653
34.697709414304995
-39.2507052317034
7.060733309306855
52.73310834836269
4.510933454250008
-64.58375628022476
14.87066606488311
72.81899602985578
67.69027574433858
22.42907493988932
61.73178007133927
19.011147238360337
9.98039076875935
-51.56477742461599
-0.6085128390222394
59.31159406241039
74.21655708551953
-12.992162323720649
-76.58295694272128
-49.07603318427624
80.17691192408552
50.80981976177324
-27.83887854185923
-41.110323697723274
-23.363983957472456
0.8572824340277805
57.62391940442123
-23.710307335594322
-58.599674239245836
-2.636634114409887
-5.430411584678325
71.72960453271367
1.9885120805479914
20.60156784294564
-26.317491274947344
64.28117680391529
-9.859665454031855
-33.820745594848255
45.21319629502341
-80.5938387676624
4.240872201390019
-41.456699998614724
-10.7818608184553
61.89841532077773
28.025510378388788
-32.49595212583425
6.297249063980601
-1.0224332505381142
-3.0350736234850046
-53.72918369979687
23.498189361148036
51.33078220853909
40.06625350605674
-63.12202008922219
-40.707449913038
70.56266530527662
13.559133900814814
-25.3873582177238
44.0775266493001
5.675039100916663
52.51809704792802
75.63735542204859
-4.609402320577885
-67.44597735747342
33.23319550343186
26.54789657270878
-3.490040305091995
81.24680142252745
-32.0485450547401
0.2799646142247809
-36.62587118900861
61.630945265320975
-34.07363849865287
43.235782484751525
82.0166706815622
-29.757943877103642
74.20990952494316
-35.461649556431
24.846628688171606
22.183176819574612
-12.089402591144264
-72.13357141609144
-82.98632442026808
34.32057101566707
21.888032194880836
66.06492189418134
-37.558039520290414
-53.99971622916911
-70.3777158460017
76.3849943742944
61.81602317983538
-3.5936827678737444
80.91304728542181
80.69704564465036
1.3666441308967165
-8.062033740039297
2.219296717896384
-28.43693845067088
5.188798555007168
62.187601411759175
52.228187526653244
-57.89535686993124
-79.16640177991881
-19.873235192467845
0.5590702068167417
-51.74588925258391
-7.534340295074401
36.53553621728571
-51.9311123807355
3.315336163794214
-57.71692642128558
-4.930259717710783
35.31167568253258
-34.06685870775876
12.309751660760867
1.9944842074473712
42.57628956249357
-13.067630535967524
-20.11897549956926
-11.83156600432531
-0.46021698564113933
-34.05817487795361
-13.71415652046798
-29.458057529266753
3.5641048718549797
-52.92232149808385
15.207614502237334
80.62181541432815
0.341691841615372
0.7424142067635415
-14.709395482288897
36.322332303882376
9.848856480256643
-50.075947710925576
49.52375496055427
-56.52349545313483
10.259389311392283
-35.7708613639266
29.707532777218276
-69.59603180837743
9.882737413193098
-29.547965473616273
40.51695034706597
42.54926391313808
6.446297894734045
-26.44831844523766
81.67031261562872
37.66435748921043
37.80342013401125
-20.096005716904813
-19.374260923165878
64.0950385782931
-21.531770717010872
49.21069960322862
50.3654905121862
74.8162962812869
-17.449278582167196
-67.06199902159699
20.538666737634884
-60.912278716076585
-62.93965972690782
33.09499396345228
-18.497493339420686
-3.5076822712691467
-10.08013270169046
-34.7624471356405
40.18606460368923
-23.777064115870488
58.21864329541478
-43.19678470903562
37.04250887328317
-18.174778199791618
50.24686010459024
-16.440419672541566
13.295907565849944
3.5230393023010294
27.083519640151806
-23.069348646269958
80.06220358797586
23.240235662864265
32.689831833140914
59.45938150399323
-0.3671029339836167
7.3653666526996915
40.55010587577354
-57.684652307419576
4.132410882375723
68.73956699847724
-79.41680931156286
-9.92592420195632
69.3177126929773
-69.1004341423983
-43.985958235772834
-11.543191825167995
-72.21203490893258
-38.42680179717523
37.12909309911177
-52.39147330387037
-23.270835803473915
-7.548030104336064
14.283062491821752
22.05517369858545
-62.677354868727974
-60.351402661593085
-75.60683141242107
20.33045072028385
-31.11106509285284
-61.96479004802927
17.891377282289525
2.7908647628541132
-19.280275415348925
-24.356378885160368
-9.272588263628336
-18.859203700589163
-51.67613456379265
-8.681802189644486
23.880871363644545
7.6093918435463905
57.91907976266478
11.710027657148444
-6.785739404461552
-65.68216791680027
-83.26831872479583
-50.09390362695032
-41.227303530562686
-76.59284507350836
-18.05607000494348
49.17062256570753
36.39648583108445
11.268511049052918
-32.89976184025561
3.4844429711563265
-46.237643263587636
67.93159269423111
-51.6753726568831
-12.433176614203106
45.20396437182964
-46.76426131749114
-8.79552336534374
78.65691299619789
12.891385841033042
-0.38351080758172884
-4.222098200355973
-13.036429124425652
52.51995191646532
18.457115151805013
72.40768748592978
5.4762381568943255
-26.66542915322428
-21.126024052815666
-52.13636688193003
-21.538790141365766
-3.003542182558391
39.03927924594578
1.9325372554605451
-71.71683070464341
-23.63440461295437
-43.755082716427566
44.95048948089391
-11.497418459609108
-40.51951812481225
11.00250005361427
7.1485032601786145
38.3423568367449
-52.546206724018525
-80.56757616790478
-2.949382157527296
-23.47674026443248
-47.21636889171005
-62.43028368356367
47.15056061830526
-61.35735776135164
-4.660716161770324
29.146781601534173
-24.7923680552004
3.1062152017714197
4.652295700332715
-5.818977892276365
-5.220878410161745
-46.65385576666761
-45.17023527585932
-25.670079137357405
-1.9845338088042581
-46.29363531941938
20.310434990982387
-48.252033243741856
36.112556516327714
84.90850829583994
-5.569225498940952
8.647333940512297
-2.0351535942522503
31.852051746619082
-16.47825680765378
-79.77983783024916
58.87390099427694
84.7356393268239
41.73934160002088
27.20665826336085
4.160396803523497
-15.248206982606206
72.23245205377529
-24.798956194332376
-82.27580679174821
-5.950806370539723
-14.503995311885717
-1.1090982003705392
-19.401930883825372
-13.866568123465456
1.1317835696832503
72.55706247723458
-4.820051837546387
33.57043656175534
54.298765707135516
51.57274644810488
-71.35562807044803
-27.000790988130092
-6.887506738945788
-43.428314110676
33.626017791914535
1.3804297648746058
-57.480078551133815
14.250453187576639
-15.854146320470349
82.8933143313892
-47.947002808095355
-10.578724579299589
-0.9186454768303491
10.602080446041398
-30.51982610059879
-64.227136444693
-59.848325629858245
16.951025965451763
-22.665963831008114
18.263252406142314
-16.30550644554191
-11.790717305234622
25.555798150666575
37.381404791276395
-7.2968191959392925
-9.399210030851975
74.09679062680306
-43.97211126390532
30.274963002369958
-19.347909311648124
-13.410364654670559
17.86004751681604
16.51030582312123
85.28041943768486
-41.66015975451408
-31.043483665843354
-16.125761418172914
8.02014914636871
-12.967794256249874
8.378098090092706
-39.67820911167557
-3.1577847663040473
-57.943590004027136
30.02900191993882
10.674505389610204
-2.0015991100331547
26.15893589214771
49.08512847786287
74.71333195684844
-23.89033779419441
38.40914715153548
42.21084870085954
33.36764164044695
87.54992378668896
-23.096340058685144
28.756619037484683
26.359990410392342
73.5133348046219
45.979360360990825
-1.3762253404746616
32.09874827272776
-12.428787736208875
17.12183903623142
35.76023706299347
-32.68281294199174
-62.88492252055437
9.8780174045406
-45.210623753643816
30.102633072182854
19.153402241255975
20.817926493862714
-5.588702069829907
-38.43202157256831
-1.5810737842234914
15.477146886488597
50.447589356347606
-18.94818746183195
70.4383461595491
-57.29741591537111
-29.517185275829675
-44.55783907171914
-4.650256046149252
75.73248444991529
-47.7726430040974
14.935727989399226
-47.60702387202778
-20.390103595173386
-5.778101256361936
-66.26404288259337
-58.408550803442154
70.25291670874913
-4.612953286897053
-44.1522206622012
-53.5320417588948
-11.40497459245276
-1.9175888379335788
-10.941688627197962
-72.45487395788038
-9.926528862968922
0.40164508477607797
45.13657049837863
-50.632501230455034
-17.25258181417621
-82.70134678535476
-9.226482589049283
-69.70363222393576
57.72172420857845
-44.13738875728984
76.84350906584893
-25.576570393043795
12.41592352869327
-64.49814263163552
-39.037611698195505
56.32360004635785
-30.882859694764505
22.611530963415873
-4.977072626769626
-55.018129128964134
10.597703713923039
76.33935211272109
68.36499700571073
-69.91980165142114
14.758478399186814
-55.6489343261238
38.41400135911715
39.845275886886384
-2.170412545124009
-4.181161219535028
-43.93718450601435
11.434025404031132
-11.212369785501096
29.597585046240425
-35.147071513304596
-17.300034011071006
-43.02848956258537
-27.198623814157827
-0.11736934433642432
-13.90485646989903
6.2628164690996755
-18.872923496179283
18.016665796252994
-38.640941218305265
4.006588883850085
-80.08526476257539
-52.86066818267278
-14.258920176051788
68.91360108647535
-70.0258526183104
54.75826193351901
53.474223359753665
60.603520873230735
7.310891723180788
-70.9533659499046
51.10517684053596
-66.86975561244876
-7.507225790532573
-17.06462962329104
-19.15636820714701
53.56349174152135
-7.17694746231075
-37.2034159092685
-53.73275880181968
-7.971593751533703
-24.99215373767062
-8.213248419612171
31.29516724272301
-3.166971709983457
58.32725354930682
-13.951770769056097
-56.81010478161587
53.88464712371899
19.591527727494494
-17.3057205114322
-0.4265842341873167
52.915533750151695
14.314724266327957
60.78582874061877
-0.20288255929641252
18.672646911765483
-24.033947613734142
-27.118696908258755
-24.297793918572836
3.987224292891426
-21.708292430416037
70.80258445316571
-12.42439608741762
35.53008092245295
-11.681807972741893
-66.61834097967986
60.72776886689806
-56.83962918669282
39.60858996528941
-50.369607356865075
3.5478638321347375
-17.726406723353193
-61.62637415084156
15.153008057334688
-11.925850840615652
-47.42456848558026
50.16174604897384
10.283392354324278
56.916422694566705
25.0627712583849
-40.8572595309156
-54.359262486937645
-43.80003734456134
-59.85035494152226
40.36061247747625
25.22120397130159
-22.613083339397974
-28.916713740411794
50.15422250524642
-10.942738381181528
-69.62801292241511
7.15486579464752
-65.204020927474
-23.766927526006356
15.914188662193283
-40.00181674561505
8.218008752960998
20.35804821810629
-45.96591347497863
-56.634756175875005
10.736807281001788
0.288518279314971
-14.15161402869174
-2.5269742514483937
-3.6436155859399832
28.728492450459484
-29.60751038759321
-21.350474757704205
8.508536639729428
29.429159475950016
27.0316534341615
5.22474776236038
-69.41537530459796
-0.45326733681525866
43.15370305637711
-31.335679942972945
-18.92332786261646
11.362544514019888
-42.259650363182026
84.7152796507427
-5.022868438080408
-19.76665864307266
-34.90838925409099
3.4546695037137454
-24.05529457902793
-46.1091396780326
77.62481820252373
-28.886586112490605
-33.44688390718778
-9.580310942665434
71.87723216234187
-4.4368390210630935
-38.889754624475046
54.19791376920816
-41.09018721765673
-12.743188964996548
-37.33240496589294
41.684890654847464
-1.4834371377839517
27.54401324618148
-0.7838497263279862
7.011665506276728
65.50100698006639
-32.65097166169646
70.28241098849088
47.96842963613824
11.091245629542811
-29.783275150928887
-16.989915866316792
30.192009740481467
-10.433150068491983
-53.02003196432991
-23.649476408471884
84.98954644876034
-22.094686874833727
33.069706146209654
-56.00429400006787
30.095837161460608
38.927838402778235
39.61687287417155
-14.685593435006695
59.21524316175439
-5.780148172386234
-8.086055060902225
-36.47001128762555
-7.2372729042366615
-31.919110535385613
-18.024938694209993
-10.343268713344344
0.6441181138390562
46.40597101370133
-63.85360197543837
16.47412443652938
36.3144858253423
71.62260718850573
12.311234866185245
-60.86622800099097
64.68178576765735
34.0440942860597
-13.54218560862185
20.7183291915197
3.117094037225556
2.600804488683522
-45.93896716827322
-79.19681114626145
-69.72600317817532
-17.56324711102458
18.025525798641084
-15.468484604298595
-69.47370731981364
-0.9789914558100321
-43.95187712066448
-76.0123183090788
29.13830086369667
0.8917479420461092
-27.755283962396973
37.125403302849605
44.623764105648746
-59.422421191320275
27.856046025123504
-10.846515927406116
-32.647467919201574
-29.34553858003376
-41.67465191905493
-32.87457259533504
29.2038367147414
49.28863913203679
-69.77665363214507
-14.861171988188403
-1.3216618257964257
-2.74542411404731
-16.025226963211765
-48.32573705552205
-59.99522162624553
51.2586338088156
37.290194540074424
-0.3551191836362335
17.410893773649434
23.87981099640477
13.015375338264093
73.55515519581019
21.77802955093597
-15.656319119945735
37.45312204909919
78.48333177004886
-57.28933812060052
9.834025034340172
-60.26165622178791
16.214322683177116
51.6073501789669
-4.847382201220029
-43.916542147697825
-18.57705068530909
52.787741334856975
-5.971406363985935
-21.239914823979205
37.84611298459325
14.534384335493712
-66.92335589563518
-27.386651871787393
-7.036658376559302
28.83765858382708
29.81326888296455
-5.078492334744581
45.59888312770997
33.56843342404426
-28.896871960146214
-0.08321304160170939
-27.68967182258494
-14.320064774182697
-2.0539954362613884
-30.83435657296799
-16.00709928987432
-6.952705015226158
-70.11290436442742
55.88961144923442
0.8288039264973861
26.29913057806293
18.149626941695402
-14.973387866982307
-1.0641533689311302
17.811687260754567
11.818824711443455
-25.245405324937963
31.229518482690565
15.872990253794143
-68.83037744200277
-48.69694762163107
-11.561129234927222
32.806080306823674
-25.387849444122693
49.68137688127996
37.08006215390745
59.05438500041578
48.58009552716936
69.82056093088872
-70.88460132028115
26.344468156413384
14.908521189640012
-16.62804678453854
-48.91329061958749
67.8369834786175
-6.012717316492328
16.90859837461089
-51.45010768368367
-9.888741181225654
5.39124717394445
75.24987028209807
-61.23535827377111
-13.021645392589804
-21.94257704382386
-19.92284771038767
-58.755776795040696
16.38860134805462
-7.3092513264003
-51.29143920574684
-48.379520105801596
62.581004914592256
53.324074183475545
-23.254897183339864
74.28234934772959
-61.1406787214604
48.14361612373517
81.48244409418604
-44.66141556621021
74.0277293391004
41.980377472215025
4.12714884713067
-19.452091412109752
-18.312626690562894
-62.58695040537295
56.24908442077083
-13.105467897480068
-42.54130142904983
12.364385562865081
4.79979671093453
-4.006232699155433
-22.696059905705056
-36.77324781129342
-24.93764160216982
76.24612333973835
34.80110138825637
20.04182519036779
