27.871831201862378
-35.20508992922519
-56.554496859820354
-56.140449173562594
-40.73404928245245
-29.87698233020423
-43.73526826195143
17.641374155121667
-48.03541508343091
28.253925495472018
15.791740111236805
-28.965001323451716
-5.952063485715783
-14.792568027826917
43.589619852116954
26.41607928271479
26.73345048162591
-29.78239778877284
48.5999999534169
49.300630426226945
-30.86959602187048
74.46755192250563
51.07230919291837
-32.42742497701185
12.501213792712264
1.1355929858273868
-41.00954833267802
-29.025990241127914
58.164904629388644
-5.968772774608553
86.92700679728983
-8.14591168651124
-13.300366633323463
78.96998343748854
-29.37044999482802
36.383003619035605
3.1638060609947445
-69.23438671245518
-26.126090289250357
51.233649723900925
8.78059762775473
14.92000061178787
-35.154662678205646
-24.84704007001116
30.215199130239426
-83.61104426690574
75.98257625663769
-59.52382624972058
46.12960746349668
-14.612239847052194
-1.4774372963082527
4.466863033898576
64.70903760030708
2.437189539955
10.591278359601503
15.745245036490942
-20.51695702811149
-73.06384936574305
-1.2937537595732636
-1.1075720036541412
19.470217914126266
-31.537432050157932
36.595455365634535
-0.6426262433360819
-15.615327098503343
-14.406240015871347
0.011674351616548506
40.05002218545093
-6.797336429830082
-10.088855084513455
33.333177688136885
44.988926001712116
-50.40135976774131
-44.955658175706205
-20.24913885705351
29.02902373040041
74.54886275572301
-36.31829234437798
-55.6967702451398
-38.88567728870434
-14.827622248959287
3.618899024593489
31.63686352453948
-14.60520958569812
77.33971801446154
9.405003990315976
37.8270711449689
64.8685611384673
-54.45438179269217
30.611869129766404
-51.86951663980015
-26.809783871195847
82.70762893657883
38.35193410490379
-34.649705936174136
62.805019207256294
-63.4588241968304
-29.718315356540245
24.903400897718143
-16.4614515695759
-1.5388304513445519
87.09560321230575
-9.261529672507166
-64.52889521618502
23.941167554928924
-7.6057224697830605
-63.585270455616715
68.00013520982807
-60.700561677849194
43.652988517394846
-1.0810296224242393
-19.38664563824497
8.487000572483964
-9.573420026281795
-71.98819755053941
31.034233497159505
24.434186400156122
-3.4163166165238863
0.37176752145246894
0.6805486195359975
-27.140063198310244
-49.26415214506304
-4.504745389598327
-30.502992342171524
-28.557004040376157
4.119492057103713
-51.79741191853154
-51.892531904203466
62.164043833229954
-54.35825191987708
10.359049389941276
9.935335831791122
-29.133741570111624
24.683567837258153
-17.08133499454847
-0.691345291768485
-25.60611648940906
-58.25643988507215
57.050076727943605
-48.87328919305876
-48.358373262029126
-19.176850739545813
-36.32022249267496
-46.145872725451134
-7.914116102734383
6.335179014638641
-40.37821502201401
-27.45790029386957
-69.7523453841158
32.38746859717432
-81.73787503078894
-2.367175201040439
-4.8071518333689625
68.771147929898
-3.585348533686272
33.56391740810378
17.784679881719114
-29.95738281452107
-28.46161167209189
-48.272462704734934
-49.05455586165206
21.424930786342458
-34.439496776903745
-59.173274427728714
65.5988547558675
58.45601400198419
6.498550514749994
-62.58766608490784
-39.67231276751425
-27.78383702399053
76.3411565506753
-6.184421994184106
-0.40333968393878195
19.485250876108395
45.729457894897166
-10.658776253128082
5.306548133351086
78.60712128410069
-6.12445002051733
-12.755712627755258
-17.137996422675002
-58.762786837938236
27.669590956772694
43.96608743508912
88.57278628690466
1.824704858923127
25.32324028690283
-28.53475944768202
-34.2923074427115
-41.8205571011966
-14.113861767980652
-83.9013305013691
35.789090717697405
44.12303784731753
-44.352539971092604
62.42356194367511
-45.98618352933807
-15.019381951432507
0.4964899245681096
70.51187057467342
59.910453314692404
-49.257462228556484
-54.60873603428882
15.57610533195789
-47.91290784048499
19.713160037162083
30.17933468665882
76.0292842883718
-41.48198012241436
-11.388933336734155
1.9185854522472
28.013159262180423
25.17093587039392
81.2514287631229
33.331916394585676
18.35343511833196
41.00660915415091
-28.94550628206204
77.25151967222013
4.811155730070027
14.042270342257808
26.947959662830485
64.20108375706394
31.125770419223528
-3.804432214122542
-37.96272266975939
-73.3267507380084
-36.43196526507407
5.999545842615035
-28.666030101179928
70.83228437608
39.74671467400077
-20.432285540140313
-74.55019755772373
63.519432613773404
49.11554859230162
2.6001599036936085
35.75591190685216
-76.36215126374385
-30.879712740704875
34.13423661312211
-39.358935399661924
6.931492969778958
52.75152093514336
4.6192568203028515
-64.6179195054756
14.642869972555246
72.57482343132682
67.68914702866678
22.38103697948398
61.81240706088502
18.679421810302046
9.899240077417687
-51.263689533098386
-0.6069429773632606
58.99345559994717
74.26090222103576
-12.994334817740622
-76.51552308307276
-48.70629288165354
80.12375368404997
50.467221124962464
-27.853972471816178
-41.20503767165387
-22.98699525457171
1.034716853889293
57.78268986970173
-23.30228644990072
-58.79463323433728
-2.4648795418763854
-5.487432704993765
71.39943570733689
2.26842460777317
20.541604861815827
-26.404552488803674
63.87990600182192
-9.45442232943195
-33.89601280422971
45.24555983460297
-80.73031254109473
4.245127448130432
-41.04207258761052
-10.519882066319639
61.911294049291286
27.644704100004773
-32.588976359740954
6.217229149394058
-0.9539376113343252
-2.8633041112040445
-53.51388391405297
23.585961806965102
50.92605720699325
39.64942075816697
-62.90336029895181
-40.34686804217317
70.71930431190557
13.733523450839613
-25.152843487914367
44.11829475642463
5.57652022850894
52.508874325087305
75.7839430433454
-4.665497173378711
-67.3222800066697
32.987634763249076
26.56533307428198
-3.515049220145798
81.13092038004956
-32.11914983117656
0.21671283493918736
-36.37511269547251
61.29487858621303
-34.11307188837779
43.014343655580745
81.95949106624886
-29.866510587149932
74.25158967973948
-35.591845565958224
24.437957253853526
22.374095504496907
-12.099854701902657
-72.14424742684449
-83.07293302107142
34.35192664272623
21.501794745121003
65.86586230094633
-37.66615521975759
-53.98031669751769
-70.26720171367191
76.47984321340653
61.94826582231903
-3.4729098544336523
80.86882146346653
80.60566547319911
1.5793310650706758
-7.887569710423165
2.4247776255820384
-28.499835507115776
5.469679289644361
62.32288515624427
52.14495818926474
-58.109859942013834
-79.2383316320103
-19.86503756564943
0.6871924602206718
-51.88482848762896
-7.348883631554315
36.14237693552397
-52.13737247851839
3.3926288106113134
-57.94854756395605
-4.942009312667281
35.037626257372864
-34.135214395107745
12.099600908178417
2.1251614884111802
41.964920032902285
-12.746237535686731
-19.64301682794415
-11.658350473642187
-0.3805058534413348
-34.093127990247034
-13.276371141128507
-29.24335634746194
3.5380043669868826
-52.67100498324479
15.449826750500364
80.5896946698393
0.4634587108934909
0.7772885243789602
-14.698203984986336
36.550170752560916
10.116986060286735
-50.25932997448666
49.667884001399045
-56.63537987357757
10.113274649095104
-35.721351088595036
29.217000494793155
-69.66727255755345
9.804262529581464
-29.44291877801645
40.53962309937728
42.288838024820905
6.327928517590706
-26.28223908094222
81.51767263856684
37.9493537060811
37.586944319356945
-20.135907637215112
-19.433748182727513
64.20480347904632
-21.132918887709565
48.93535919275334
49.89963079483829
74.92923075356111
-17.229635380579964
-67.33564481263404
20.201978124217334
-60.679641310488805
-62.95422574109338
32.63484257912049
-18.56971686279242
-3.3711854362527447
-10.045518649916147
-34.88587327835051
40.40149578608447
-23.793358268438283
58.35999672102636
-43.29951368820506
36.79785478174938
-18.227096091418602
49.93389923811361
-16.39345437389906
13.281120970352987
3.4334474444673333
26.634970090095706
-23.004556396894714
79.86260913440191
23.074506712130542
32.54884177264822
59.38250226928963
-0.24214010829625465
7.261304252606379
40.5129606464163
-57.801185550081996
4.179259141677036
68.37009346989106
-79.48886231194223
-9.84174674786314
69.40307596658192
-68.97864681948319
-43.61678276101517
-11.120649271465965
-72.49006514030837
-38.09256321680124
37.27710091467824
-52.46021753798332
-23.321777386579484
-7.485335648693749
14.448696564141443
21.883760113748878
-62.919766465935176
-60.55903484828907
-75.77605277794288
19.953186619605376
-31.199413028879277
-62.063146706033486
17.776642786981668
2.967236937995551
-18.99696961923067
-24.438467361494347
-9.109703060867446
-18.58685149430299
-51.81081994832607
-8.740043980616619
24.16727902425785
7.52393591759062
57.386932601758815
11.93498652332832
-6.745062086857303
-65.87774733696826
-83.47923526956367
-50.00400288735379
-41.35224446036485
-76.82438367935843
-18.12690931608641
49.28982404114052
36.51357191413419
11.2024704810688
-32.81853662344963
3.532520901612415
-46.41340645590718
67.62767398176916
-51.880269892939936
-12.491565438280318
44.78299244106114
-46.47012231686648
-8.76035716646794
78.54638432840471
12.668228928823595
-0.24233959764157476
-4.12104294547018
-13.08920888188564
52.53189865287942
18.462217280648318
72.21196058820084
5.466312006611659
-26.18219275091495
-20.755705945740843
-52.01437577747235
-21.363480251484148
-3.0581007030630616
39.240014867575894
2.094212053030745
-71.69741869387019
-23.111382018789797
-43.87093708982015
44.487143202234364
-11.348128266099195
-40.274743248232184
10.897510353251874
7.3647046597967005
38.43373136726953
-52.172466634278585
-80.62414214007664
-2.9856999240988102
-23.41141374416918
-47.23146235575372
-62.31131192996798
46.62547450348484
-61.60662693319609
-4.452361219679474
28.65954601804279
-24.858252378883478
3.008592170642558
4.544619764843404
-5.850635150598009
-5.2838901626753625
-46.78978740403893
-45.333479184879174
-25.52757202269737
-1.8778490643613424
-45.82440629867076
20.379676981980538
-48.41391850941635
35.59754971844686
84.84317178329673
-5.294841956338729
8.50481719190725
-1.988432687195754
31.848203061043677
-16.12035325408928
-79.7691972290329
59.06083214599545
84.79930604292375
42.01171494155935
26.837448745210082
4.061556699014602
-15.084173563383487
72.34942556194807
-24.40369973713821
-82.4401372559898
-5.942099106239553
-14.184339453225249
-0.8536988844321343
-19.358214450873362
-13.801119996194089
1.0769051710745146
72.38905472394083
-4.600413831610652
33.13536819990125
54.034380146891095
51.740595637997785
-71.45723446838412
-26.844232527084287
-6.777822102689001
-43.59324220218686
33.107502930239235
1.3006573038713753
-57.49160601995675
14.033608302842566
-15.732213279794962
82.82615759137008
-47.59966299154839
-10.416705882181375
-0.8883011575696287
10.609189497876784
-30.03125276186779
-64.41835629256721
-59.89848491032468
16.90042990226665
-22.159420710737166
18.571972294174913
-16.36821097802705
-11.848559979849725
25.740247510970008
37.17293099491266
-7.016915501383906
-9.195282249547034
74.04950897828803
-44.108157923494375
30.57326887000511
-19.35981281760813
-13.359880769560931
17.91292281569153
16.55253819866526
85.28656621993176
-41.77397566409127
-31.150664698888974
-15.766139084551341
7.9394652412919555
-13.025161542816974
8.286369217609007
-39.28184766188761
-3.024133532185303
-57.82303223795103
30.031688904254096
10.82244699955254
-1.812341381590116
26.153680663817312
49.227869362099824
74.43319439476056
-23.82050042449592
37.96211548277438
41.84522863484227
33.369510751396575
87.54008842226446
-23.059220326366088
28.807547855869274
26.588970345069143
73.63687767474369
45.874975326297374
-1.4074970995176272
32.351780257639575
-12.41183780891528
16.811251883220848
35.33886941841564
-32.783932498922894
-62.97280796557421
9.723059171942225
-45.38075261385932
29.56700188304289
18.964374488658635
20.696895583066393
-5.2467636324962115
-38.189481426044814
-1.4415515859687957
15.276894058474
50.32025925116679
-19.0209456411622
70.50259701497063
-57.471742329993106
-29.620253165917646
-44.56085577825525
-4.574223491566329
75.51457510704216
-47.45647237829742
15.143255494655676
-47.502264371817304
-19.926237760275455
-5.436297837480012
-66.52558211830898
-58.607329369863606
69.91421499950332
-4.379440595227152
-43.68751799062447
-53.65399077521534
-11.372445913548688
-1.9892830800869632
-10.82684917109924
-72.35472217418277
-9.606521500058761
0.49389639053448775
45.132836782909095
-50.788345682965904
-17.293544783654298
-82.93456566221916
-9.246808554648169
-69.9850464155362
57.22739735240617
-44.02605009184213
76.62350187342511
-25.60984037453528
12.20016857651359
-64.37597877834492
-38.80130447281992
56.18381109746974
-30.92165463586265
22.36133208352932
-4.777807570122874
-55.2301866385926
10.4202882109674
76.28528589309195
68.22747942551186
-69.86703847757518
15.018847627202248
-55.85261033865412
38.079984877076356
39.62144969679417
-2.021739185774507
-3.9821374986766642
-44.10383471395815
11.368666694241824
-11.23481768803299
29.255356040200283
-35.16100537915051
-17.324936592511747
-43.16894759944264
-27.289793996132985
-0.18735962844054654
-13.66174360607937
6.329769741108436
-18.36545696507035
17.936956333481447
-38.19670288640111
3.925067324888815
-80.16515548461899
-53.00530003829933
-13.846810981639564
68.96069989284027
-70.28328006102541
54.67923075159686
53.5599382346787
60.50743943800637
7.173573091163163
-71.0739959176855
50.99878723302348
-67.14370881063596
-7.344547962413671
-17.10935601550962
-18.746279797290995
53.39695209727543
-7.069469237848466
-37.336622327464475
-53.81958214231524
-8.03210845739055
-24.663440042740035
-8.21210977971954
31.487819367784653
-2.9264102683306135
57.81405984904177
-13.523165003459212
-57.010947204028845
53.54326214831107
19.224896477715916
-17.358433995033778
-0.4080731740032775
52.47173005614934
14.51320180354054
60.81752625292506
-0.06523541253537246
18.32733396290118
-23.985880786951057
-27.174880005626036
-23.807261537220043
3.9092430102819264
-21.185546518679388
70.89372198817836
-12.478284143688796
34.94531809031875
-11.489953206327684
-66.58531134242116
60.90691964562197
-57.06745541713687
39.173527335756035
-50.009449681475665
3.505571665743929
-17.5337565087529
-61.87784452654516
15.092254475581413
-11.58922572542221
-47.59436249092084
50.35851000054251
10.377680938698944
57.025184690341945
24.990004775628137
-40.964022900122146
-54.40864738920235
-43.481243053372886
-59.94086874192811
39.7770609861297
24.94044288223843
-22.18172513085871
-28.742352839700615
49.69372569040462
-10.963182169326132
-69.5312976317392
7.079609629555122
-65.45220405767955
-23.396314499352442
15.70052602285719
-39.716412539896304
8.0698203853118
20.403926172227827
-46.08530349357296
-56.598958315735004
10.859771112311563
0.29095499463470276
-14.115478919159415
-2.563861550053133
-3.4138645723230496
28.860345162345737
-29.66705882635138
-21.2423496369167
8.478218121597479
28.952143832798086
26.999799291272453
5.501695293724211
-69.681997026186
-0.36813037413735117
43.21829066433585
-31.339678426983312
-18.64370007028704
11.235767509503802
-41.937823594122506
84.68893498574272
-4.944172837779007
-19.456305098124417
-34.384151315869474
3.3845344935872816
-23.556737478173957
-46.24771901722103
77.37906201130636
-28.58840947975672
-33.29171081780272
-9.49165741317293
71.86792554283946
-4.129076873684198
-38.88427494388656
53.89736662148658
-40.953759102921325
-12.76286772886509
-37.17762621582498
41.64885369545743
-1.5562667380903292
27.73494383728996
-0.5413125914918027
6.884115551127664
65.69117830533514
-32.62433748745465
70.14909043472855
48.1710749697296
10.905917537995848
-29.383436356015537
-16.963291168922083
30.348806488897736
-10.267806803900186
-53.19582918796921
-23.528133798505593
85.07963507237957
-21.633642340741247
33.02561129161896
-56.18705949618458
29.908635898106823
38.32877357375932
39.49750302892133
-14.701418693704099
59.10176410599394
-5.719996687226967
-7.704642738612179
-36.348471567736745
-7.236059276116961
-31.438450148375324
-17.691377369020785
-10.282891235257281
0.6786872134806003
46.45284264668888
-63.95016461684259
16.4823344989326
36.28406119176236
71.72958994700906
12.142177548858825
-61.07107308627459
64.47698728686262
33.50743156944037
-13.39502779580981
20.607544433145634
3.1037988779241346
2.5731938536094106
-46.077684826632556
-79.44352763994723
-70.00057213192119
-17.432183388116243
17.69463396107318
-15.53142358267985
-69.5689498543281
-0.8364096095272515
-44.121656680767785
-76.30754484285936
28.798096852191023
1.0529350664287875
-27.82292822695912
36.92616896635769
44.16635163786475
-59.463339322781216
27.661648528240008
-10.800324060585524
-32.214090123785425
-29.38510950317294
-41.509194658138576
-32.490314088439135
29.487292995519724
49.49792765592153
-70.03568119525268
-14.65119333820553
-1.191449955339948
-2.483090832034776
-15.62812183087918
-47.8843030941175
-59.971343294055565
50.89840573393826
37.497633558321496
-0.12733432107452813
17.0987151380386
23.4522652311513
13.052221848408124
73.38064355580337
21.43763958060822
-15.503997248243707
37.05074921164797
78.62209571345932
-57.020690870982484
10.096900502196448
-60.48853868289638
15.914366266323213
51.57024738176099
-4.906085639173952
-43.62569729283884
-18.414105694040373
52.810603209358106
-5.99050189453304
-21.25857821266318
37.76637239484498
14.46307743877503
-67.00115001241653
-26.874875369358833
-6.67867448538405
28.453198657531658
29.364668625361404
-5.070677249832826
45.76768375346995
33.77838391183724
-29.001115066739516
0.053521809671849496
-27.75023713653964
-14.38320675968501
-1.8243604204629236
-30.535606354099727
-15.976911567251094
-6.884933125998259
-70.34652120103422
56.03998338220501
0.7828969398847789
25.947430596644125
18.0071878324635
-14.915113247731028
-1.122339150665681
17.819334880859373
11.614169938527937
-25.1834656105014
31.465474320616664
16.033849278561632
-68.92664294814469
-48.28831664566326
-11.596847386810126
33.073752185278295
-25.125744910123487
49.706268031430454
36.75719622528001
59.154903996335804
48.636023953112726
69.80496514809568
-70.7276873724127
26.52254066295437
14.639620516517326
-16.485276499560868
-48.60559727990446
67.55297377235729
-5.9750551228783735
17.096307354719357
-51.61670950943425
-9.799188044484495
5.4032322311408905
75.3395321632496
-61.150261025996734
-12.999835943091298
-21.87786323438914
-19.70202312999912
-58.96046789892196
16.086389802683215
-7.352320499762442
-50.97208833413869
-48.156776354941826
62.40235466490097
53.54676067169811
-22.896907823865533
74.43282111958118
-61.12007206660502
47.87160994987315
81.4939617124787
-44.76879323345803
74.17444011821544
42.086278515291326
4.357169777487627
-19.501111787649094
-18.27027010938518
-62.64879680457842
56.36939920449839
-12.940889174531435
-42.64842048085972
12.272738537781848
4.68870989029358
-3.9759452618078654
-22.42663464750933
-36.80403823001655
-24.99901298398234
76.27991190868573
34.50060247125086
19.96166916063801
