28.00893925230075
-35.18619177362676
-56.505369003935904
-56.10299881359854
-40.71652774577127
-29.91597702017961
-43.67195573704036
17.70954320909111
-47.9520965344059
28.32411395786623
15.795986799505329
-29.15492512402983
-6.029797614195388
-14.96647352804007
43.552811933190185
26.563364851194336
26.80504944939443
-29.713640942948956
48.60365910173604
49.28143050219603
-30.797108588644292
74.57657883265452
51.05955533357974
-32.381778650571434
12.528093305451407
1.0638434741029528
-40.92575914789031
-29.13600478272535
58.31297606726153
-6.0097476864091135
87.02267277862774
-8.331035221617554
-13.508785577741847
79.05278385885964
-29.354963114389022
36.39778301714128
3.1687868313000536
-69.26312804363582
-26.15220255862529
51.357065538203784
8.79663468283023
14.964917087741597
-35.0759621933659
-25.01634894434622
30.177705164849655
-83.55840510687916
76.03162381029992
-59.43726364669715
46.116361425611785
-14.66416902715487
-1.5524326962095785
4.407256175896222
64.80164926021826
2.431048569783016
10.452239747372928
15.632147421526298
-20.46924669073445
-73.04281521352328
-1.285644877107785
-1.1535031054006168
19.527625137655022
-31.58270939695329
36.702427469054015
-0.7038712600163848
-15.645699487098568
-14.50910924103529
-0.02340771525599905
40.01054198338406
-6.985590403528249
-10.183648133767974
33.39157087769263
44.9597526137959
-50.32001012614667
-44.92831893272043
-20.33161540089702
28.96387923100555
74.61168986052874
-36.343637823948896
-55.64691307776937
-38.93653406153671
-14.816104780186123
3.570573138737956
31.668027069634405
-14.679611448911956
77.45154483269394
9.281879389652019
37.83375459084954
64.88859425246093
-54.42772878276339
30.52538562639262
-51.770161273098374
-26.955489939909768
82.80895753093574
38.40976355080349
-34.61384235468587
63.00259695975504
-63.375186118146075
-29.676145553036662
24.868499453854284
-16.425391410755765
-1.5367523212248386
87.19048591980334
-9.263770621823625
-64.42027215121776
23.92207948852662
-7.661424231173854
-63.6275281441706
68.0717441151672
-60.695783400328594
43.63833147020645
-1.1496911595184827
-19.380800702061222
8.502862715784275
-9.561840185074615
-71.91804001545384
31.193335332110337
24.4177493290844
-3.4617577849702315
0.29280792903786335
0.6412938114795281
-27.316909174918123
-49.17018934928144
-4.507660631643532
-30.431065292684877
-28.492449884706915
4.061205919960145
-51.89119445700474
-51.80793995656416
62.17761625037289
-54.25095005593088
10.377277258950144
9.950854124907238
-29.107558277158844
24.636896292263998
-17.044538356710476
-0.683086254305735
-25.717168637026987
-58.19593114792689
57.23448678627014
-48.77077066319912
-48.354554831655726
-19.30055124027305
-36.36415176251863
-46.120859267628305
-8.030931015857703
6.343426177192455
-40.45329569379508
-27.420754565362984
-69.67491357097596
32.52647204682751
-81.72667049972262
-2.504092430283862
-4.820649765936452
68.96892321408171
-3.619898977583375
33.70480747157217
17.79608105360893
-29.901325378527048
-28.39507127993076
-48.17591286252731
-48.99276822512
21.35394590050238
-34.597830511710555
-59.07385959734956
65.77104718355423
58.4696862010064
6.455663117104436
-62.506634308401054
-39.708069443970736
-27.936181706727538
76.39695337306068
-6.293077949040594
-0.39455772624911845
19.53051143862416
45.93996469045314
-10.722385499826146
5.280556305170975
78.69958610148726
-6.209232973303159
-12.811308623146871
-17.21288870319212
-58.70423115021993
27.796764959776922
43.93471216019876
88.70458755315443
1.7363849959701128
25.385622855795717
-28.545138859801867
-34.235031372414774
-41.73663400297353
-14.163970863486071
-83.87861769329758
35.75404808022083
44.19883034229562
-44.50367154281684
62.47406415709034
-45.89879215704265
-15.123087575696303
0.5014689862760093
70.54593958679922
60.04906930450153
-49.16958010428533
-54.51607439929527
15.540648783406226
-47.82658633523325
19.669165850292345
30.24402390631272
76.08675531749904
-41.58755349175735
-11.417139721260938
1.8105187840525758
28.030161640578626
25.118170158761302
81.35908645527692
33.41078184021339
18.373236103940087
41.08611272309173
-29.165348178293257
77.32830186670282
4.626013417391505
13.96453373171191
27.078109686625098
64.2198315873699
31.070488112355918
-3.791930561649451
-38.0434870169941
-73.24919459149717
-36.44385768030119
5.962406089935371
-28.64675504849521
70.86739417687798
39.69804094827916
-20.53478586601973
-74.49477456973919
63.56226938883708
49.093457683594806
2.5037208143751997
35.70829110599726
-76.26059783080757
-30.946602445419074
34.32228590551978
-39.27293696772588
6.943562060258458
52.751828946286196
4.56339687871224
-64.56384622357308
14.681997430240884
72.73132040094711
67.73703536463879
22.360063573264284
61.82502158705972
18.757893479410555
9.896177908660192
-51.34044461226104
-0.6424597862271355
59.132135940419744
74.31748607210238
-12.989935618009838
-76.53011645135794
-48.814863085695535
80.23083799196269
50.589863452912994
-27.87999023401592
-41.12096456990682
-23.137678365764614
0.935118188077908
57.7829782636766
-23.46725070183311
-58.68519083849944
-2.5777289701337054
-5.475725550952987
71.5896032758497
2.085016741743374
20.524300183300156
-26.358524073237362
64.07336339834407
-9.658511447184779
-33.88529450037095
45.22652193530911
-80.67622961653622
4.192521229665488
-41.176594166133185
-10.651011928370906
61.937740205284456
27.744576022332254
-32.554881674040686
6.199900433333127
-1.021473763514436
-2.974914543144905
-53.55249261629679
23.536146171541162
51.07730665745345
39.77898541626095
-62.95259451032385
-40.45656585937577
70.75518782702537
13.658803853077075
-25.22955877339406
44.09556388021025
5.571065260835766
52.51529799030277
75.83270110213107
-4.6518959438834315
-67.33772920590438
33.03646234335574
26.52884117701521
-3.5144385619432796
81.26607360361928
-32.05170668341526
0.21240187123208898
-36.43842792931404
61.44942376139019
-34.053860821692346
43.06937592077608
82.0746243616455
-29.80103610770614
74.30880746658772
-35.51205270650026
24.548969260735916
22.30519020268801
-12.099784108080073
-72.11448883058176
-83.04538788881693
34.31733322296404
21.60301423514747
65.97834749943533
-37.635916049900345
-53.935880818559845
-70.28341492858546
76.5329883782399
61.957966736441676
-3.5578175998494714
80.97526396786625
80.72907699529165
1.4541393077567193
-7.9844078906102425
2.308278251998715
-28.48259208291553
5.301052291839099
62.33368532167597
52.172135755477086
-58.05996445381031
-79.20400581708907
-19.887179749723728
0.585680921476424
-51.78513432909539
-7.452814290816946
36.25581109393249
-52.04006117834838
3.3075074717121
-57.846363888560916
-4.956253490037412
35.09995048318726
-34.13270030552981
12.129818748991255
2.0182648422781
42.18908355990271
-12.899385710135192
-19.851225180604985
-11.805396640672853
-0.45536212803641263
-34.0355923115613
-13.484686625391618
-29.30192466391223
3.50246303850642
-52.72544924781037
15.345804019907561
80.69079105079126
0.36566311804259044
0.7206180185553706
-14.71353742983537
36.50019106465723
9.978383418615962
-50.20157166838829
49.64705017655393
-56.544959684889456
10.12828280250882
-35.69572490867353
29.366588049772275
-69.60850023541249
9.80057637907558
-29.45075988643015
40.51446486761324
42.35763762253919
6.330627013395002
-26.324215921301587
81.66952737979747
37.887924916215695
37.6305326036223
-20.098713216348315
-19.390496222056697
64.22114182051104
-21.299231577990483
49.02554203390329
50.07560962574439
74.97581250420077
-17.31984405102817
-67.23692384982384
20.282213270320227
-60.73201070136941
-62.905182919422806
32.773502004666284
-18.52728624561948
-3.452671224721527
-10.06715035243549
-34.82453815207103
40.361939407955134
-23.758807778836413
58.36043826370471
-43.21177783692822
36.85103967576538
-18.18873908828776
50.042409258050554
-16.438420668448018
13.256775466261203
3.431702333918736
26.76424456885036
-23.091771194259593
80.02818428621725
23.0893317882918
32.55950692691201
59.427993587069125
-0.339323707505244
7.252705542795397
40.502053195212426
-57.71011666645163
4.146302930836683
68.56624618889586
-79.45526516442052
-9.888243172384563
69.43675318130343
-68.99677566790581
-43.727496315149
-11.328080599580332
-72.38455686714381
-38.19255818272217
37.23284173186178
-52.38204772665048
-23.27448781219684
-7.528678579503023
14.37797985954326
21.900612179361005
-62.810282072996536
-60.448584469171834
-75.69708581920864
20.050780085648213
-31.16547408063674
-61.98219097939344
17.776456490171938
2.8732038643643847
-19.11300337831524
-24.380293688368113
-9.232507381256937
-18.698728430713373
-51.71218299716026
-8.718908487796512
24.063184457489484
7.505237537755946
57.61798985430298
11.832049646928269
-6.772573552706788
-65.77326115214512
-83.40826178484589
-49.987227392090446
-41.32002353899222
-76.73020242229785
-18.08586203473044
49.268181264925374
36.46976290226547
11.193746566932916
-32.81035298122792
3.4609365884043086
-46.31605627023679
67.79136557503318
-51.794928765625
-12.463620619238114
44.925216957836255
-46.54431444227939
-8.786138715218243
78.66977332503404
12.705298967092276
-0.3204966545846446
-4.180759603346388
-13.061087788197554
52.5331571156118
18.429452897026934
72.34639959788282
5.416966485106656
-26.376556984076785
-20.909142558594326
-52.0116245277926
-21.42127945636271
-3.0556393770954173
39.19847082172842
2.0077392301284505
-71.67875664082341
-23.333118574006562
-43.86298138568495
44.64774560832814
-11.421730644716988
-40.330641939771354
10.900016286966547
7.255230381634576
38.39470979323599
-52.28295537015584
-80.60028995696638
-2.981731370496945
-23.501471290362275
-47.17235675023578
-62.31609181636567
46.81989967850987
-61.52024827340229
-4.576661865967864
28.807294172362617
-24.80326281821472
3.0155783500132713
4.549537045709371
-5.844199818687301
-5.268703446410129
-46.77394608040891
-45.273430306454216
-25.56021851488103
-1.9610388865309716
-45.98099862274093
20.332957941587267
-48.37447254286569
35.76488460121536
84.97180886325475
-5.4484002718738225
8.519591236084366
-2.041852819070513
31.818952759433046
-16.28106660275415
-79.77006920811976
59.068773779466824
84.8840304188802
41.96686223922967
26.93199026788713
4.062758784311043
-15.15368978785466
72.38837776057409
-24.55961356831456
-82.381442271794
-5.953514798855863
-14.332224343351115
-1.0113142847920642
-19.359330952204857
-13.826823819988135
1.0797632699169668
72.51270000171172
-4.729704700614505
33.26335070687816
54.13440027427319
51.726209117708066
-71.39120850855373
-26.880601795911616
-6.84794360246093
-43.50088152247422
33.27333747376349
1.3020732934537165
-57.43747946567961
14.069082049300334
-15.779586368228237
82.94821676252445
-47.698066743493726
-10.499420285547203
-0.9372575148754976
10.581881739277463
-30.219325393855655
-64.3132024057265
-59.832124106481274
16.882419727503105
-22.375632416793962
18.434696436437193
-16.334458915175944
-11.820822360337317
25.6773298375809
37.21291909895109
-7.1677945370567215
-9.302311849162052
74.13316166914564
-44.01229729327637
30.483014880997757
-19.335959946087883
-13.379640734395693
17.87000845915425
16.51245746768167
85.39044427600277
-41.75704208303701
-31.077329925458145
-15.92875055099718
7.917246344605076
-12.997255837140344
8.268535900444974
-39.40970851877136
-3.116760631047356
-57.82319833375308
29.99977698883383
10.754753939554845
-1.9356219508432417
26.12211132854928
49.20600710448795
74.61285402152976
-23.82348941329036
38.102152218592096
41.95673572026365
33.34018801149409
87.65723426482484
-23.049127292548064
28.76539671673801
26.51667659131074
73.67919617572545
45.89415205369511
-1.4077553196519972
32.28548330736285
-12.418130456892612
16.88130706467973
35.463519395384225
-32.74179378337769
-62.89662407977986
9.732373324734866
-45.30985386303128
29.737728180238733
18.988026562737176
20.697457442447586
-5.432952521158171
-38.24665362397009
-1.5420392041170743
15.306106114159931
50.35755802741227
-18.978385130961314
70.54316263217106
-57.365282360720876
-29.550382983717867
-44.50708634144119
-4.633589302713631
75.67110386099785
-47.54047405920621
15.056732229658266
-47.49186672186765
-20.127716223058897
-5.621860565546967
-66.41833616690622
-58.49743161044095
70.1023830058241
-4.5161200198586045
-43.84341549357407
-53.559141528797454
-11.398240795799538
-1.9785800999924845
-10.911904949068102
-72.37163964770905
-9.768765279976364
0.41021186889041417
45.12152629220867
-50.6852004999515
-17.26160795148418
-82.85536166478745
-9.242133437745139
-69.88345007913362
57.43997136828281
-44.01964265057094
76.78526608210765
-25.61144249290807
12.23432491989837
-64.38533217639278
-38.85489634527946
56.241657841740874
-30.86677632963095
22.40673775076371
-4.8966796686460725
-55.16268163306894
10.43911095413705
76.37912556921663
68.32390555703623
-69.85786182050671
14.90235421228327
-55.743450068708256
38.171180030810234
39.67106643174017
-2.1248309885202303
-4.103404948907922
-44.010278489073386
11.359571693689986
-11.22799582985445
29.339809017077485
-35.2266093562074
-17.318045377310867
-43.07346431190534
-27.22494380046679
-0.17850473060384786
-13.773912973988118
6.289025772037093
-18.5927814624267
17.926332041390523
-38.348819740084494
3.916697476487357
-80.13062356268865
-52.90429617378678
-14.040860842273773
69.00018469617271
-70.17504880816334
54.711824818343956
53.55047686689207
60.56290296039896
7.1851864659635964
-71.00045587144506
51.03064952939718
-67.04892752856692
-7.437378999128981
-17.08847387954968
-18.924798518619838
53.4566044729215
-7.138650723516946
-37.2514739395479
-53.73576814560302
-8.010725684902098
-24.786465764515654
-8.222707469417202
31.432203548223868
-3.070924124908288
58.03760573957541
-13.726251933647347
-56.97349707457262
53.67441398682064
19.318037523204808
-17.3319821473779
-0.4527466571844201
52.645270009098624
14.42965148432853
60.83631803292215
-0.16905253319855262
18.411549351357394
-24.059688600687778
-27.11931455924136
-24.011224403749765
3.913476703482033
-21.412385311455395
70.93096381964662
-12.453005027302765
35.14448377365309
-11.657881526143441
-66.5612326041544
60.918782103243785
-56.98416971876389
39.31031440964384
-50.11341353971447
3.478241618778796
-17.610072360711968
-61.7848731503525
15.07831669892083
-11.753384352016269
-47.49256716709512
50.34357523670488
10.327393908259353
57.02235548352132
24.97573557473072
-40.951132788285264
-54.33817933129159
-43.5685210704175
-59.86020158294405
39.983468433754155
24.997969011166248
-22.361056583488065
-28.783136188212907
49.86665568357142
-10.95756647488976
-69.53990075373281
7.057229354623516
-65.34221669832544
-23.542833193119762
15.734240938544701
-39.791639635804245
8.084698504505425
20.36170580234655
-45.99170738712028
-56.562793440249216
10.800776344779564
0.2767438695722291
-14.126306554044746
-2.5603698151957417
-3.5517094714015514
28.80739529117875
-29.656619044571983
-21.371455000485838
8.463165295551576
29.095389592991538
26.974879152784368
5.336747568899895
-69.5742263120445
-0.44566452052933414
43.190010889620254
-31.39375081367858
-18.75894470778077
11.244251659138627
-42.02777321282788
84.80225118036978
-5.003638242750398
-19.584179178877903
-34.58095135775295
3.372039808654307
-23.765290894404615
-46.22537932872631
77.55511587688659
-28.687753915038584
-33.31574251588374
-9.552501620174397
71.93176623935767
-4.302191301765049
-38.83739190778695
54.012083444182025
-40.96031737719331
-12.757365259991616
-37.196147118326664
41.639498666428835
-1.5453970415954643
27.673694426559237
-0.6937106325110562
6.895943095890132
65.7192406491325
-32.59310198110808
70.25073128546799
48.15083383171506
10.931443456926687
-29.529868520432046
-16.993552293769895
30.29500740388343
-10.398658381925955
-53.16781002296705
-23.555389338070256
85.15893751715674
-21.828985642471977
33.007343353237474
-56.07894172461158
29.93317142825812
38.53993361357169
39.50969593173565
-14.68635922939157
59.15897180087077
-5.76776862534237
-7.902489790001084
-36.353221800118604
-7.24965717053648
-31.6197212900299
-17.83558405884861
-10.316404969898315
0.6524041649236239
46.433428609536435
-63.872318466645424
16.449944827371652
36.26554689085492
71.76748382541791
12.162774988262512
-60.96106875259355
64.58689245901164
33.6821547598644
-13.461362253066454
20.604959660828143
3.063322246255183
2.5416060115711616
-46.05419107481539
-79.35179454802167
-69.89477192581028
-17.56466872413607
17.772910719502306
-15.49778388513026
-69.50122135854323
-0.9402465671989972
-44.03373723900993
-76.20667844174517
28.881408513167713
0.9345988161389869
-27.7993303806728
36.96238715997862
44.323506244350455
-59.39994198091063
27.68748772919517
-10.834277302468081
-32.37092087064636
-29.392983083308906
-41.528132607241325
-32.62298576075564
29.400913509367115
49.48164102712727
-69.92731292617798
-14.744255722156893
-1.2882228737645107
-2.63933340746496
-15.809461733852771
-48.0267877946092
-59.93363216490317
51.02992020496515
37.452038268836276
-0.2739057586644833
17.169415339736886
23.57160811823688
13.015469068197532
73.51066637899484
21.51924787422442
-15.566641979626894
37.16955707175839
78.67816752696407
-57.085442708809815
9.962272173062445
-60.436807728994445
15.97980403014067
51.581930816675765
-4.895118835096611
-43.699929749699784
-18.47372715216106
52.810062285610144
-5.989246306806365
-21.26211072054582
37.76354789096084
14.45256911742807
-66.93483701840276
-27.08151119175068
-6.8683080084098975
28.555076606565663
29.495330359301462
-5.094446307486166
45.73937837330641
33.72486536551523
-28.940591313253563
-0.050216281333376855
-27.73303752204457
-14.350115730020462
-1.9669313558735553
-30.63123664295547
-15.980057081820647
-6.932701507005106
-70.24045765959978
56.03494658751913
0.766987516533078
26.034225990325012
18.015588045617818
-14.965396234541032
-1.1245950660106416
17.786307223308825
11.644629809710793
-25.280029074387485
31.40195846323175
15.966182675902374
-68.8572775863985
-48.41520438304702
-11.582501445634918
33.00437506032691
-25.21566687006907
49.69800921979618
36.84169253379906
59.15817379358643
48.61954517972518
69.86395557671628
-70.76519313712255
26.461721646667613
14.69251623379698
-16.540539651873274
-48.68542310945487
67.70761610657976
-6.010843426328961
17.021095111341282
-51.51162286624694
-9.848445125338785
5.380143163553413
75.39009688609693
-61.139114634111266
-13.006851898209234
-21.882774440476382
-19.785928510258458
-58.850091993806494
16.152906396840578
-7.342983869475802
-51.05719721863307
-48.198031652114075
62.49464515112061
53.5427727550736
-23.038595278791504
74.47823665227449
-61.08242994874775
47.95770017884129
81.58336428792717
-44.77667128637121
74.21879106576009
42.05146477592368
4.227767074059727
-19.461559608233912
-18.31652956726846
-62.581485081888964
56.36444803190511
-13.085581529224712
-42.64413816520261
12.270013516325022
4.695980321351186
-4.014590208647391
-22.526729340665483
-36.85869186450696
-24.9744146410292
76.34564899728741
34.57287056078184
19.950221420898146
