15.580685506951621
7.733892583361404
12.584763770668399
16.76935431053125
16.46209606210607
7.173237294275416
7.721249518373601
10.081835327176307
16.893004909457186
7.529318121482125
17.40012137527715
7.28947697954558
13.647512561671686
15.915701429630793
7.537498766663799
7.9045518631111085
9.05689027808467
7.501434816122921
7.584064555008335
7.312263659437648
12.456471658295044
11.47775607961383
10.679957239829815
11.305972273791852
7.966728726910072
13.444987082806552
7.290834019521562
8.306122746787011
7.414190775912259
8.081717634446385
7.173480537891561
9.075099490003037
10.671873324334477
8.397224932056194
7.966179213822527
7.976857064201831
9.908540841668273
8.066295640013983
7.1569560900462585
7.637382793127256
10.059774659145347
14.365103575513544
7.17352559511206
10.8302613318066
15.287619656341505
7.867227818190627
9.024254284770638
12.977770405072924
7.2980164744780796
7.650452058585887
