15.583747195901871
7.706471211814681
12.58193513562603
16.77474151641099
16.466882146583206
7.117416559500927
7.693187726586689
10.073934109405386
16.898634025918145
7.4915342606070565
17.406742616645342
7.239544235320241
13.646785770061062
15.919418545220907
7.500129287171506
7.885775045478614
9.046185291609788
7.462238557768864
7.549053813162733
7.263485148859268
12.45338929449192
11.473157531728319
10.673705159367746
11.300957491144409
7.9511014083972045
13.443859747952676
7.240970014630254
8.291514032610312
7.3705752688047665
8.066105144289878
7.117672124348927
9.064456272309137
10.665598954960458
8.383207253023741
7.950524060342121
7.961742785225451
9.90016181762504
8.054100740152602
7.100310649179291
7.60507282667873
10.051812615863874
14.365795994135752
7.117719463892265
10.824423668674026
15.290107989959306
7.846560393032511
9.013438591389153
12.975719035947158
7.248516288766127
7.618804101083152
