28.296120796070923
-35.25300553816015
-56.36964849359886
-55.96724041868454
-40.637790978110715
-30.03305707228253
-43.69415374055464
17.915313718411042
-47.85677532445555
28.53128044699848
15.898763022462802
-29.422223667771163
-6.073974064945617
-15.152376220731597
43.363604943854824
26.862315493214695
27.01558534211715
-29.689813260340642
48.62798821700366
49.222442006330226
-30.766867844045848
74.58675565924224
51.01201510614209
-32.40662023268034
12.667785562372131
1.0640261097119321
-40.908050009016634
-29.324038435082187
58.491752103814946
-6.0184668263624275
86.90698004722407
-8.493168202664506
-13.720700882245325
78.98310984518929
-29.40890599293732
36.50459067925988
3.230646547073519
-69.36537463793513
-26.241655012915814
51.54898420499339
8.910043474976007
15.136548597107108
-35.051501427179225
-25.246323871095143
30.18051425933959
-83.46730213336267
75.87274150320201
-59.412309176380646
46.114325466356945
-14.676705630960058
-1.5694040759336758
4.353962687094196
64.8644946422724
2.4995243819319057
10.330038348038983
15.500708757480226
-20.43801360270868
-73.06478257402432
-1.2408423437222638
-1.1866450495057421
19.720125271653515
-31.539032730919857
36.93848849561965
-0.7512340528665788
-15.693658175372889
-14.532414787161287
0.006287132068990786
39.929231095212344
-7.143879027066205
-10.267078480315675
33.573917261989095
44.89706383032541
-50.215117505652
-45.00122048177524
-20.454494992230607
28.8269503404143
74.54186513598324
-36.464849478412205
-55.514595666758225
-39.09189816925515
-14.798540533423662
3.5321753293954288
31.8143079289124
-14.766743065586525
77.4427515667137
9.16974713364506
37.92086199344564
64.73719675859661
-54.297299796066575
30.34740254658061
-51.672630646278314
-27.170540973331896
82.74003636999132
38.57667350758507
-34.657832671969295
63.20546659116627
-63.22286380415906
-29.62953661655864
24.88733086677705
-16.404053472656415
-1.4841165949191009
87.07163564912557
-9.252613698089078
-64.32536628795296
23.983356520467012
-7.693212885807242
-63.76610130096467
68.07676267577983
-60.78578315787396
43.64955049502345
-1.1582834203377104
-19.407656044166274
8.621099626104694
-9.538947515100801
-71.87382277986548
31.500565971556426
24.485113487842014
-3.4922957345715986
0.2817826524339182
0.6707532834005292
-27.564038480081322
-49.14107764191205
-4.493304403289855
-30.399397399877998
-28.473311872675993
4.090067343176656
-52.10597918098146
-51.797455959846275
62.02493989622343
-54.159038639136476
10.510985799968651
10.064111869605725
-29.064070375054456
24.61320458952119
-17.024814730700797
-0.6344060163652898
-25.69467540132807
-58.2163002342452
57.46103200758631
-48.694966160805954
-48.24625764106404
-19.45936225530349
-36.50594622771875
-46.19761296367888
-8.124193294483675
6.4441278568568094
-40.637892248968505
-27.441240376051653
-69.6295561520522
32.80964322734155
-81.70841318918315
-2.5878419060870357
-4.7975007113212484
69.12978530509488
-3.6095464881984327
33.987695413747616
17.915372451754237
-29.90325954307346
-28.357909766719345
-48.09006320714083
-48.88730087850727
21.24458650154253
-34.85319043006537
-58.94782613919816
65.92653938257777
58.43669507726128
6.511468616770401
-62.3563495807558
-39.84837697853085
-28.161777610446194
76.28795759241018
-6.368885926239926
-0.3342720172195044
19.705908894265292
46.25565862178354
-10.749302440930904
5.282330898165341
78.65037812280602
-6.261247547629608
-12.829904210862168
-17.31321602661751
-58.72646138738214
28.073155662211306
43.801416781163624
88.63546843525361
1.7233333593245277
25.58495851671782
-28.626123150492376
-34.24825697242888
-41.664479697353606
-14.224419735762325
-83.82934211854896
35.74471110091031
44.36700020743072
-44.77424279344933
62.48796642135136
-45.81342151086408
-15.144173961006814
0.5658423152681848
70.42488361919493
60.205186880151786
-49.07221216520766
-54.48785986343936
15.547508784365931
-47.812970208595324
19.655539665744712
30.441206162318366
75.98719890323153
-41.80647730305744
-11.425952293608077
1.7301641663389802
28.15947396527622
25.064276428731716
81.31238794538794
33.62042590986488
18.5079025233983
41.27253613991331
-29.461741041792877
77.26246771985285
4.518364105968843
13.86915161120551
27.358316877383245
64.06615455243681
30.956882647507825
-3.7443461629488297
-38.22891742987518
-73.18485144453274
-36.381138486644105
6.021748610983778
-28.605472837161784
70.71576853670987
39.515478366193435
-20.67858261653548
-74.45997255247735
63.552293475577216
48.9883746634454
2.486087239250253
35.59107330290604
-76.1129355208104
-31.096814195069882
34.654087484164364
-39.244995309392024
7.044083495001914
52.7347639895882
4.514512477552515
-64.57650663358275
14.844396775169173
72.81729500989482
67.699982400956
22.416483204993796
61.74602369248677
18.97734775137988
9.967722855550804
-51.53688836007716
-0.616591586942107
59.2944534380232
74.23532326480083
-12.989804795229261
-76.57816180992485
-49.04515105206802
80.19247485530332
50.785134569221555
-27.84803741622555
-41.103073895736934
-23.3410461713477
0.860891381955426
57.648202888629186
-23.686077903314327
-58.60302747340478
-2.6376784496394947
-5.434984477425701
71.72284641391508
1.9888139821236308
20.588116043189245
-26.31849703190035
64.26438897603651
-9.846267839892192
-33.8300015306403
45.2125855543411
-80.6039939489223
4.227747838857596
-41.42465740222435
-10.77243823887298
61.90528035933443
27.989500942243083
-32.50156975321201
6.27981062278748
-1.0282718545737595
-3.035731785308542
-53.70533427441492
23.499621051813108
51.30337258225447
40.031768850690895
-63.101158984743684
-40.677607842585914
70.59506661021365
13.568417610781935
-25.36827358006849
44.07737798016697
5.658162458142911
52.51691983504645
75.67099059536207
-4.613355592263304
-67.43185279532263
33.20614840454533
26.541486731952773
-3.4925654274134104
81.25943439256531
-32.0412685631985
0.26984151292046477
-36.60134546200209
61.61484039265477
-34.06362584851612
43.2137012900256
82.03349622489705
-29.757289571930627
74.22840789489697
-35.460937475965366
24.80867326894851
22.196493581423283
-12.090003511106005
-72.12946517776778
-82.99554242569809
34.31643960916074
21.85106052543982
66.05967485962447
-37.567507587595976
-53.985594467011865
-70.36609403948803
76.41095460633125
61.83800880707622
-3.5954141539957902
80.92981403173792
80.71063375867325
1.3697442663386141
-8.057889928953472
2.2233508916440314
-28.442059353372855
5.192931440066275
62.21035908072088
52.22053919159376
-57.918389206741935
-79.17131095045114
-19.877169101790628
0.553476722417642
-51.74235177546617
-7.530320778857217
36.50087908482067
-51.9390675660358
3.305343744024384
-57.72808372879422
-4.934483351937629
35.28337175540588
-34.077266288519745
12.28299823853422
1.9875347514205686
42.534156157116
-13.054278353296823
-20.094919371693322
-11.840761218686225
-0.46628798762782253
-34.047881621044915
-13.696376852042235
-29.437645967287608
3.5509309160714793
-52.89674319719732
15.221007440773064
80.63917636474952
0.33611348474687475
0.7338199977211843
-14.710805076946244
36.34652780736985
9.858192988133126
-50.09099118116321
49.54052728771194
-56.51846220707245
10.240721516513531
-35.755464067819545
29.665994408450004
-69.59383684035603
9.870341808062278
-29.53201104695674
40.513504049557696
42.52446901712045
6.4284151773595255
-26.43127601615997
81.68131350939393
37.69604401101097
37.77950401880963
-20.091250005991853
-19.371064120541575
64.11485520710568
-21.509310215658473
49.18861711492846
50.33456723650971
74.84369031655956
-17.435899614224482
-67.08162986127363
20.50470416678361
-60.889821396873614
-62.93047306583582
33.05581837479497
-18.49664501020213
-3.506195216817602
-10.078702624830598
-34.76564716045993
40.210632917972504
-23.76931227769748
58.23997742384523
-43.18999341295237
37.01654198825739
-18.17167591802587
50.22336017263069
-16.44409924489895
13.288148810628229
3.509058630712829
27.04366841684292
-23.081606420591555
80.06935428402124
23.217888341598766
32.66991039946504
59.4569527914484
-0.37187283050484155
7.346225709511501
40.54078563963472
-57.68028125423298
4.132281767478688
68.72826445081515
-79.42194163414062
-9.923043091468557
69.33762704433417
-69.0874238792931
-43.955274643147554
-11.527753954151152
-72.23083185388785
-38.39849920411004
37.14106080903224
-52.382455174583825
-23.265310258007062
-7.547859836316604
14.291909842625685
22.03247725525091
-62.6886307240132
-60.356649941352316
-75.61539140588155
20.293765172126015
-31.115881861283853
-61.96052183354025
17.87368453819522
2.795702988928994
-19.263362482307812
-24.353080617295532
-9.27736167627107
-18.84297195233063
-51.672192173983724
-8.684065832509091
23.902036568162288
7.590277685534275
57.89119308934244
11.720742011521224
-6.785495105967016
-65.68748342423001
-83.28613761220045
-50.075412403390814
-41.23923056525549
-76.60743789404904
-18.055358477846823
49.18309527830533
36.40356978057315
11.256746058989378
-32.883646560074055
3.4733820539498907
-46.240249634340046
67.92254667617641
-51.68637692435069
-12.433805842556808
45.17187820878459
-46.73640404612387
-8.795121638429166
78.66760735220481
12.864892578330924
-0.3803950567435521
-4.220701317125801
-13.03600115834044
52.52083139127086
18.450104916993027
72.40811301722823
5.461391579332343
-26.636801652915537
-21.10481777808286
-52.116565067220044
-21.524198586908668
-3.0102515952871016
39.06078016247233
1.9368739692641554
-71.71078421292255
-23.606333132224478
-43.772489716626204
44.91623323085301
-11.491103314011156
-40.49432274736323
10.987379394521213
7.156119886262502
38.34643895041714
-52.515486816203946
-80.57282882864995
-2.9527838408145755
-23.489678714878124
-47.20337901097535
-62.413768689240534
47.114854454284256
-61.37604483226399
-4.658630978510516
29.10529031808487
-24.787287457074385
3.093538845130027
4.637175736372953
-5.82102361826972
-5.2254881266684805
-46.67260029864082
-45.18097587015814
-25.65437188635083
-1.9882692660108887
-46.258947727890344
20.309859546015446
-48.26854102570063
36.071690450676044
84.92723767884334
-5.564103532583474
8.629166660977361
-2.040607365967702
31.84383847761137
-16.46091282357483
-79.78072433815336
58.90504904968981
84.76391616701412
41.772924740437304
27.171201727018953
4.145681562207969
-15.2383997150568
72.25874296881912
-24.77447842650706
-82.28931121723505
-5.951292146382116
-14.489513364470682
-1.1088329722633574
-19.393713009231874
-13.861209124004617
1.125133754306603
72.55913942954183
-4.817446372666012
33.532669496743495
54.28066247234679
51.59508636274026
-71.35650082247453
-26.983848033865115
-6.887464265693225
-43.43032853004156
33.58413969581292
1.3691542514660995
-57.46864227984618
14.225090903090589
-15.845350658003923
82.91024217122256
-47.91698406234079
-10.572768275351379
-0.9256667005579544
10.597091932100895
-30.488916378224076
-64.23146702575737
-59.8400374898136
16.93906791798352
-22.63909283856053
18.280129219353924
-16.305417478675594
-11.791200804791302
25.56945892647606
37.357878739506475
-7.289919007985233
-9.39291282408145
74.10778625526055
-43.968562415849476
30.30177223906051
-19.342117205599422
-13.405860744683253
17.857966633855966
16.50733162370753
85.30424351535774
-41.674554711158656
-31.04052124082024
-16.108637251526787
8.000654966232915
-12.96829821945623
8.35793714955804
-39.64723221554266
-3.159536588677824
-57.92526073198197
30.021244772562795
10.681312119086556
-2.002689860106969
26.15021644041117
49.10142706853378
74.7116576855409
-23.87853520999191
38.37244972044408
42.17999432803484
33.36023218788998
87.57437827566955
-23.086361921506153
28.75394682351481
26.378898404966634
73.54150638217033
45.96668495788046
-1.3799528716943001
32.123379021919675
-12.426155656899667
17.089090586610965
35.723848655117166
-32.687541907937685
-62.880311167301564
9.854980559139435
-45.21948563102577
30.058953870037257
19.12968496622176
20.799265924387925
-5.581281663084241
-38.40735538402043
-1.5841813445943274
15.453055338932302
50.43560776774481
-18.94741784872504
70.4565091843047
-57.2981642936953
-29.51440990599069
-44.54411349171061
-4.652334235694752
75.73475486777369
-47.743880457052406
14.947547562654691
-47.58761336550171
-20.36625578292511
-5.770511847053257
-66.27928453010105
-58.41237903029294
70.24439201275871
-4.6100863521061655
-44.11788997218324
-53.52721054890011
-11.405682284705662
-1.9248321276015474
-10.944759066792713
-72.44522060105629
-9.915929537676746
0.39508539480249283
45.13218909323129
-50.6306665241205
-17.249308626023492
-82.72055600657396
-9.227305605112846
-69.7239079475639
57.69522762478505
-44.11768660026616
76.84669320193359
-25.58189583938791
12.389816918223815
-64.48246506968118
-39.013063341907866
56.314507383066655
-30.873709397153988
22.58323089895029
-4.974984402129863
-55.035529207182044
10.57364372635611
76.35169300400747
68.36529478307227
-69.91077897267002
14.77193882780469
-55.65353530671966
38.383226527289736
39.821610038974484
-2.172651311593853
-4.1798361025022785
-43.939187717281655
11.42226638477166
-11.213013967828587
29.56399933923491
-35.16730832070189
-17.301295986473264
-43.02568607809357
-27.195141884533072
-0.12483171427648188
-13.893428988691582
6.2637856513462395
-18.848738381119304
18.00191095372965
-38.60845483783574
3.991953895640549
-80.09144268295803
-52.85777840909672
-14.241547998417417
68.92881953651752
-70.04041743964449
54.75250428436132
53.48413692442452
60.60050283554821
7.292501611437999
-70.95527391096302
51.095104903403836
-66.89052714643637
-7.503964201090966
-17.065235709503057
-19.135227584533666
53.55076801346988
-7.177021106387187
-37.20184498940417
-53.725247229347666
-7.974179688264925
-24.96988723209823
-8.214335455955805
31.311906944438647
-3.1652423660707143
58.30048707891379
-13.934100974620165
-56.83434458233335
53.86216831727356
19.55536263630657
-17.30609122242653
-0.4344200197774626
52.88744198389966
14.325773630193297
60.79382509060642
-0.20741234866777347
18.63774170653791
-24.045453361428045
-27.111989836636184
-24.27038041565936
3.9771676546944974
-21.681541253601324
70.82425627747867
-12.425045639726108
35.48580087116349
-11.693045450836294
-66.60835576101397
60.758460710987805
-56.855331499607
39.57299204698978
-50.339185414627835
3.5343473812236397
-17.713766612355997
-61.643596698632756
15.140567566394111
-11.912958532775136
-47.42509819070078
50.18904941342322
10.286125791508539
56.93158594505297
25.047816149693475
-40.87156295031519
-54.34933370979046
-43.77136008934059
-59.844745475218815
40.318493413056785
25.19091983513698
-22.588780959097548
-28.89814608886715
50.12339601536772
-10.943382301657024
-69.61657126327677
7.136504378229489
-65.21627629592392
-23.743951455158793
15.88900162728902
-39.97506779750852
8.198688125750692
20.35494692486482
-45.96043550640624
-56.620391828773904
10.741832607464957
0.2863818766684858
-14.147083722970862
-2.530590446045366
-3.641792281064113
28.735950420307475
-29.61402409118527
-21.36635469821165
8.500906328343262
29.388247490467393
27.02037203637063
5.229099611581233
-69.43151436822764
-0.45918227241597265
43.1559906505768
-31.350866841128735
-18.90679860487525
11.345395507185955
-42.23104900142001
84.73634883418262
-5.024516406661164
-19.748465675821294
-34.87428862190536
3.440802595327682
-24.027767682283354
-46.126446407100325
77.62748005028234
-28.863282514313227
-33.427305972610014
-9.581284041818009
71.88940400360963
-4.431646484967175
-38.87606756239651
54.17777461578956
-41.0696040163973
-12.743807840872947
-37.31171489707119
41.67607551154964
-1.4908175583776284
27.559134048397027
-0.7843355532348966
6.995253296173246
65.53770079610706
-32.63759457482104
70.28456835287244
47.99548041097134
11.06845356923084
-29.75584351903113
-16.99295408403384
30.203254895227047
-10.439567513822539
-53.04247586852017
-23.635696365696532
85.02074944272059
-22.06973342957417
33.05783925093942
-56.00585012889006
30.07216647707726
38.884361311354894
39.600403372599345
-14.682651706954417
59.20999137947959
-5.781642380672935
-8.075031797120587
-36.45101594568886
-7.239162759738818
-31.88780458907327
-18.00722802726223
-10.340805300486636
0.6438244252233858
46.40751000105112
-63.85001245665069
16.46778521996599
36.304540962257306
71.64700369605615
12.290150574976948
-60.871187671255115
64.67506111761963
34.00149131857967
-13.53427929613413
20.700515715640165
3.104718600328866
2.588653065829874
-45.95595842998516
-79.2146661494514
-69.74399663639919
-17.576008159337462
17.99149425741824
-15.468418653376247
-69.47298498328591
-0.9825949856464291
-43.955920774381035
-76.03543554422134
29.1047629570904
0.8868966526036672
-27.759390689730452
37.1024138415811
44.58960039195398
-59.413402036851224
27.83165553399043
-10.847208905571208
-32.617503424275625
-29.353813306559815
-41.65267725916375
-32.84628023003424
29.228917886944217
49.317865518322805
-69.79142318892004
-14.850096179811459
-1.3253195402044469
-2.743363280760505
-16.00692657311741
-48.29205031349356
-59.9826288093832
51.23335516831756
37.31187830986289
-0.35652027379778417
17.378151525280828
23.840652814425738
13.012531138777874
73.55774739023428
21.743901632011045
-15.646607979144747
37.41831249577717
78.51728920300764
-57.26402891913883
9.843427421217143
-60.28641534991295
16.18166288242753
51.60313129056715
-4.852430006211833
-43.88898120781066
-18.564863521086536
52.7898872928059
-5.9728704109493975
-21.243190634771352
37.83223611127798
14.521172322568745
-66.92003505751336
-27.356632989853154
-7.027373019220178
28.801563514050002
29.7738996914548
-5.082092609046541
45.618057589888224
33.5886278812674
-28.89682528069966
-0.08789091829022766
-27.694384462929236
-14.320118146207719
-2.0536964472845654
-30.810107518652387
-16.001531357222703
-6.952909443950972
-70.12422009081125
55.91117870037411
0.8182418625807912
26.26459205222723
18.12964276674886
-14.976609325419005
-1.0728104483552698
17.805038759044237
11.793682438495608
-25.26070649089796
31.2518029956355
15.881798478700873
-68.82934227989703
-48.66452827543832
-11.561846926230615
32.83257964972057
-25.3677475194108
49.68206372682744
37.04943588461944
59.069638119357506
48.58370719692658
69.8306376335459
-70.87111457850636
26.35757306930246
14.877767941866637
-16.61795473598245
-48.8849058187184
67.82881530616146
-6.014652671633527
16.919900483464332
-51.44953904632489
-9.885719257921181
5.388236919028685
75.2743980099512
-61.22001668159698
-13.01842055761793
-21.93203610105259
-19.907670833287796
-58.760450693842884
16.35602278809459
-7.312191970516039
-51.2627620444337
-48.354706862292026
62.57409707257909
53.35883948015345
-23.232687502111546
74.31589348897106
-61.12871751259067
48.12108171261917
81.50374580790631
-44.6819452821428
74.06035753947802
41.987687115070884
4.132160977479472
-19.448172738985647
-18.31746515614661
-62.58049288516283
56.26563935583201
-13.115558699572063
-42.55819878569975
12.350016134960455
4.784826227543533
-4.010228679912132
-22.677321879422564
-36.79341817548779
-24.940304046773534
76.2653737356537
34.77106924807626
20.026683603816736
