24.832383459097002
-31.34596177362539
-70.13828783131255
-71.00961502790294
-49.40469722361088
-25.389990664978413
-41.13491331041704
15.788629711084411
-53.353537558310606
25.32547993592381
14.355493690272809
-23.439087609549873
-4.245637534377039
-11.541919529516178
59.211216651728506
23.463284677721816
23.944540831723472
-28.382938139884473
46.52999016037384
49.99475674979175
-29.864274703166558
72.9806442984399
51.25206900864012
-29.368806173250874
11.47910421073776
1.3038702719170772
-39.53891098437547
-23.969954054226136
54.13762420056844
-4.219962278372165
90.1475466603253
-6.471245511542605
-10.42967898909076
80.13708930107762
-25.725676001459163
33.3705947172495
3.0671026698490493
-68.62724941936855
-22.079876391744122
47.15553075038952
8.276471179266153
13.512155593808828
-33.82606435975423
-19.936672203128225
28.888101181663856
-93.28799566535058
84.28097855482756
-60.0318986587312
44.71217601084754
-17.688269118060504
-0.6858875493933851
4.588904082776352
62.03708650715069
2.874606445574713
19.604307196137412
24.539179996019897
-20.008739385436343
-75.254713728226
-1.1529564014612248
-1.8135234058209875
17.498117660540487
-40.54793189062244
32.9254261122866
-1.0520553806658484
-12.615096274697876
-18.002223017133645
0.7608453626192215
41.93343736551151
-5.525595367213825
-7.658545426561815
30.05354636423
45.845621397452305
-56.971550892542645
-41.32491603842137
-16.337917190586538
36.406941017126286
75.82517398465725
-31.676099360752076
-68.7039154891996
-33.843192908686774
-15.88339482843314
3.2963549406812547
28.6340419778344
-11.488834304897495
76.33811380638102
15.996512488557457
34.947220652564
72.97163273921834
-69.68823775826031
46.131586163315205
-56.41992909109588
-21.76407526576996
83.69076448333536
34.828966872260736
-31.205105305091934
58.655487522400534
-75.7987381285032
-32.3593884443636
23.43875599626527
-14.808816888875654
-0.6256751023634735
90.51208448278916
-7.323872231721168
-69.14477357232984
22.022175948839745
-5.587589700524774
-61.07891347316315
66.59395192585868
-58.5118701229706
41.907917487558365
-0.3304182861550231
-16.418128994312085
8.01063258694974
-7.860428459184249
-75.84422218969038
27.691714552492414
22.433325960419666
-4.364994001196592
0.6641049338672076
1.271453678550472
-21.898462363233293
-48.74134418526833
-4.967047907687714
-29.603668308445393
-26.902352410288486
3.5916414609279173
-46.606024995824136
-50.92091907105911
70.54732503890574
-58.03793671074148
9.318244064542881
9.252587621202224
-32.719598532799225
24.107520043808236
-15.355361414136965
-0.5215923299241609
-34.84044862146532
-57.19799220026726
52.76239560135224
-51.15136940720646
-62.51578116293967
-15.236503526681688
-31.432191482685226
-42.51925006917361
-5.947527475671436
6.1855666234929885
-35.024527413036964
-24.47447801269493
-73.06028261408099
28.960469322404833
-88.06706310075727
-1.9356004246872942
-3.3186947674202685
64.96572001386127
-2.2132906948723132
30.04082690110323
16.114520523890533
-27.49007537406156
-28.156682425771237
-51.74658906751461
-57.295761141512365
25.656686519957333
-28.585707328677827
-66.89117181623425
61.81088029869352
58.11463382874237
5.424878292103827
-74.91101266520747
-34.81690575954745
-22.5906053299329
79.84382617212731
-4.551730041879338
0.17604957153160683
17.54486503553747
41.4440291866284
-12.914976428753178
4.666558427797767
78.9198352851443
-4.406817242392435
-15.432210367946908
-13.668670455640822
-57.73503382784466
24.669410833636704
50.34664769496314
89.16270314666664
1.569611086803846
22.698421678041015
-24.508385399169427
-31.56292425856617
-44.53544459036845
-11.169665103142151
-92.10960912115632
34.65495300424908
40.34642188710282
-38.203859351941176
60.71177166292199
-49.92449030668808
-18.864398476203505
1.1082620193842985
75.18397112233316
56.06050450167294
-54.491224365502234
-54.567289467782714
14.621991578177017
-46.6909873137285
18.981422570405158
27.10202049784968
78.91308150606403
-35.78731217235841
-13.270729805119302
4.142260373206511
25.36302429684632
25.613622734590436
81.39189832660392
29.96482099643886
16.600075838995153
37.25586183530203
-23.278825065711473
78.29002395739599
14.764084854963812
17.079992971734725
24.004544162684027
72.63025599771808
35.55837461498044
-2.9425159399895477
-32.60001545871086
-78.32698942740515
-45.466613689551195
5.2218583636781375
-32.55673106970019
78.63467277322187
54.41283596366861
-16.397816296701436
-78.83269232674428
62.47144539894464
52.720829114502465
1.954498784768532
40.492043085679285
-87.06868001725188
-26.029444138015776
30.52177555164849
-38.28440281023694
6.675384666627309
51.80305444530535
4.602971891123644
-64.91406391455473
13.305648913368117
69.63788991134149
67.59348854022366
20.598953664465924
63.63851400761348
16.658702510402506
9.073919614765089
-46.24964442514819
0.25570795072172814
55.08812668341719
76.17184134072807
-10.712204078330288
-79.18644914074368
-43.122599748712176
79.99890515171901
46.38238450767179
-34.12891834946546
-39.74977841424058
-18.406048779207623
2.480146085245437
64.13505787758956
-18.623433927403568
-61.903339915539185
-1.7576981230798054
-4.32611007934554
67.87061496821764
10.333248408969112
18.82473943339447
-27.805820839499418
59.81062664555884
-7.53775111426134
-40.17680038510103
44.1748500060815
-88.49264284438621
3.770606044397468
-35.07334965516728
-8.061499762014932
61.58852317519276
24.703127173379244
-36.72789872090785
5.732443463401012
-0.22338444855601836
-2.039096144569072
-49.29117224337969
23.39970796395299
46.69346260546095
35.75032233574569
-60.10743720103906
-34.62802640239342
79.62960217942023
16.302564004391442
-20.719772975767043
43.18192171801485
5.435979196010436
51.0046703153273
84.47161071833455
-4.336132382190783
-66.39962870602355
29.7824542295443
25.146212156408694
-3.8040644018968948
79.99272449137968
-30.118681645097922
0.9719017821537221
-31.256867866767948
57.38311898453955
-31.477166403866377
39.432964941866175
81.87141864836192
-30.39697105027993
76.06792437739355
-36.28763212029814
21.772096395455236
26.500458035564094
-13.232255883238366
-74.24414474604484
-90.94969530286417
33.023709961924624
19.11924322559426
62.92200064758481
-43.956549599823326
-51.62976476257734
-70.30662349913814
80.96062206720006
66.74621442326199
-2.301626547170798
80.97612987155821
79.82175442073853
4.795013165787168
-5.864667380610356
5.387031435663815
-32.46754457340474
14.329038067469256
67.42393900485143
49.59349712808685
-72.48508127597728
-85.04225606134958
-23.39095248208514
0.6078133528546061
-52.17723561791619
-5.453014044973216
32.48373454029854
-57.17264677208091
2.655758057130697
-64.60311965954637
-3.430614813373836
31.635660286522295
-41.092899239587986
10.70290110278684
1.4764853836375949
37.83987490531939
-9.881601022882464
-15.454313777367176
-13.557057061281881
0.14908862253086852
-31.385426685315608
-10.41103747264323
-24.596622152271053
3.512940966895826
-48.10637351124286
22.763680657897496
80.93999838904514
0.5024800636046223
1.1994832878093007
-16.807044210207707
46.0063511361065
18.79559483066832
-59.511410499198504
53.39058959795332
-56.781446341724646
9.401504714189443
-31.993158629923386
26.03893426543503
-71.92427830658193
8.983926600524342
-25.39179391222828
39.12665173893771
38.58647342527544
6.123000754749711
-22.047360408057145
79.8915301009547
55.099371788209766
34.20541472839986
-17.93370281243392
-17.730917768899275
67.83247352137539
-16.77294591458093
45.0698640585974
45.58042102753109
80.37790668807358
-13.683723560645362
-78.67534727396463
18.054350137939068
-57.349761355227415
-62.58595378974345
29.18829501344804
-18.143790929608016
-3.78967910107815
-7.810325346139905
-37.56732082107515
49.26879356382034
-21.064043276209617
63.25630504345446
-42.09788911143479
33.36734954286334
-16.38914251236193
45.93754122273043
-19.76879883236029
12.224691409422917
3.72065867497507
23.720875310380336
-30.00336622817713
77.6353271483544
20.849038963870967
29.70771447563513
57.27908826788854
0.012648962731091729
6.623771326353818
38.24002597860695
-58.22971963119136
3.5942134476270553
64.55209551542441
-85.40575051390483
-7.503962366154525
72.43496658992021
-68.52673012266379
-37.86399413317131
-8.780307906202893
-83.2675659684432
-32.5305884542598
39.85084640591006
-51.2025120682025
-21.191531069423945
-5.50218319879454
16.645531949140747
19.762778553323443
-69.63993157860254
-64.50258948288376
-82.23963775478644
17.66584407056928
-34.89593353171676
-62.886218373786996
16.14648257475153
4.642457842405221
-15.10776333292091
-23.290079129551927
-10.3629905662808
-14.77086487493618
-51.96918151688529
-7.575602765834773
37.45550070353107
6.589195476575881
52.93913997179109
17.42421084434683
-7.951205558046695
-70.16083859418724
-94.60584477857476
-46.469754838734296
-49.021681253777615
-85.7797068574392
-17.74369881687305
51.44814296219613
37.52739319957635
10.233646036024354
-28.84309549940356
2.9779476330847103
-48.846277731093664
64.09112410624903
-58.57783087835924
-12.111321544055514
40.6512950822854
-41.19979010901218
-6.665778338589462
77.34622265385181
11.474468294671297
-0.08722450321974407
-5.0743093057213855
-11.54159365872826
51.43230168667591
17.235377125572555
69.65478956741146
4.641135014224716
-20.988309737455637
-16.489863485225612
-48.38057883832345
-17.479270329401373
-1.9632157106165096
46.250099662386475
3.120118515564002
-73.24168079409345
-18.29062578435115
-54.986141248982236
40.31628279171363
-8.719883180310532
-35.15005480961859
10.00279228083906
11.674234322044896
38.6093968887715
-46.80633743913859
-86.78891746274861
-3.1193855606047833
-30.700885877232693
-44.64872641588125
-60.26828272211856
42.329026872412015
-72.61284073930999
-3.323112245950867
25.531217781171804
-23.02678531798844
3.2843056524512804
4.665214082493463
-6.050852518540225
-4.353739014862853
-58.718104413262246
-52.107954611839496
-21.458354395661004
-1.0580408660187572
-39.63973911148905
19.850516767705088
-58.73784404996113
31.893492401002334
84.74111940284527
-4.173123589213361
8.03127580256863
-0.9476586273706289
30.04439367100538
-12.614947807113182
-84.52395378733218
69.12887979460555
88.52936913863371
58.91612304619849
23.984833487402724
4.255082070585843
-11.918575720712255
77.70810149173491
-19.60882499820137
-91.69140667889071
-6.746471328336526
-11.037124001495911
-1.1985112386969803
-16.279631728282084
-11.060382131765323
0.9658056156961266
70.10811608570961
-3.4715344019655276
29.664557850011676
50.246956001915805
57.784107140216065
-74.83518154653169
-22.620683277147194
-8.144024666435882
-45.71361691038585
29.591801075579284
1.8705160388485496
-56.04481312667099
12.787045505052888
-12.594058194071579
82.59256768941165
-42.08105525326142
-7.928734355895514
-0.04129830722990846
9.767084550012001
-24.394028709201322
-68.22842895032424
-59.43936333548506
15.482966037820773
-17.511664533144497
32.915539072255456
-16.306833602883643
-10.553693150653274
29.69755998348458
33.83769750109954
-5.422790507939823
-6.945148853802678
73.5704001857815
-44.00392621762664
46.982372622165656
-16.783946547551622
-10.725843745636908
17.18574612103636
15.735521142894953
86.93430704178834
-50.9895434255916
-30.650563560519586
-12.325309166483663
6.769539655490576
-12.76824909027151
7.084064918259003
-33.4192696408261
-2.0065506521901
-54.955401313699056
28.34502821172694
12.121188583449694
-1.3964381543056135
24.501021806429648
52.792545504173546
71.31886121102681
-20.2820765337232
34.1347824362704
37.909618402372445
31.610999070700984
88.84468424631908
-19.80820558553667
27.842973252346326
34.32046651520915
79.70448834739187
42.97068742287411
-1.649217142388963
43.79227581130081
-10.038688944901821
14.929992013964366
31.709982758441015
-36.38471280536232
-63.78843030239188
8.659448435351223
-51.04228446566644
26.321075422462286
17.13263727967808
18.781095660740576
-4.430247485103905
-33.084944285444635
-0.889316364386076
13.88633529513929
47.29526148346358
-18.730968888729848
72.73059741018685
-59.54003141038953
-29.111122657352354
-41.64758792920049
-3.0713740040535242
72.9302446698116
-42.10464763341602
19.763292375428634
-43.635221922283336
-15.694908772857346
-4.554067420662037
-75.32059069984093
-61.89376578047167
66.28875481044247
-3.368436071523419
-37.49388791923246
-53.65106095446043
-13.19446875157962
-1.3072010492029165
-13.172606334426789
-73.16073973989482
-7.444542718963078
0.6984031516617932
43.3911555089108
-51.59622954265043
-15.253822183446843
-94.59547824561533
-9.838836141656344
-81.64287442666489
52.832093873464885
-39.91011766692003
74.07037256064109
-29.79479650628292
11.041538485928072
-62.74749876135597
-33.72655174916497
53.24402207903162
-28.313914626790023
20.09371519314402
-3.5281240327044543
-65.76068905274269
9.374653124954989
75.86055774454553
65.99893643976083
-70.4259851323473
23.860128060481458
-59.35610392234232
34.38243298201854
36.13135504312052
-1.3404484936671253
-2.949356658174267
-46.2270532903715
10.38450831616187
-11.974991995277037
26.198657509663335
-47.61919885363443
-19.0458149994044
-43.290432793339
-26.307431728203923
0.04762631192132005
-10.614402292396477
5.884996444535702
-14.410849096489954
16.357285896250048
-32.167933865158375
4.09626995557106
-86.52609142937263
-53.572555192830286
-10.819961192755144
70.36538568326375
-78.79847405766321
52.285010692024485
54.6511905621247
58.2377542086264
6.902535098291409
-74.71688560617956
48.17461007916748
-79.2248041169029
-5.415433282568188
-18.076555187505605
-14.755460529902678
50.14997467842025
-8.506126513064999
-37.71336431845468
-53.06041184245857
-7.270518216908343
-19.992319053586883
-6.305977031740454
36.61606399831709
-2.4070847079976545
53.39353846068212
-10.587753359053139
-72.41306516465102
49.46548565116359
16.992272694450662
-18.0394159909024
0.3682897932653759
48.15712309142941
18.484870600790615
60.86957065613461
0.057453020969589375
16.222590445133207
-30.944891118797315
-24.997971265164836
-18.92402379392027
3.7359190415357517
-16.689252229513116
74.42322555252056
-12.345279438552055
31.267112283858296
-12.752419595102822
-66.46536422841564
70.39625872069249
-66.38798999659856
35.28306183268822
-44.55674904769531
3.5858272119049843
-14.0049151998914
-71.92991379584114
13.790769362650508
-8.987796354142532
-49.16695132530632
59.3595501999568
10.324210158079708
59.57932816565844
22.915624141198975
-50.14572221447618
-53.06532331387246
-37.98332370744143
-60.19400217923156
35.77721473424032
22.367678449807357
-17.622675725146323
-24.318378320927934
45.38500821634261
-11.71998226375915
-69.49795012975841
6.2233295921324725
-72.6978191964881
-18.775988262799103
14.249016980551744
-34.371050936405794
7.669257145284249
19.520404367490485
-45.44005348872491
-54.41868374049593
11.41551559207997
-0.2588185090108368
-11.48543027890615
-2.7000682676005283
-2.6822364562364527
30.144703693375888
-34.43845145238387
-28.411403018189745
7.704763500011566
25.80805112894697
25.079018187467724
14.03715743420618
-78.98256831189211
0.13236453577660257
42.82633818574507
-40.807701199229044
-14.808390918753773
10.33470972604431
-36.405544305599975
85.4315809676618
-3.3754058231735797
-15.461707779131274
-28.275706279759717
3.62909159965146
-18.699067395119613
-57.21492263868329
74.63429974681321
-23.650686687582038
-28.788296492399255
-11.46495620109306
71.98897090511502
-3.5373853026452906
-35.6588763914369
49.96035271094917
-36.543270456182526
-13.770564605125287
-32.61115573787204
39.3943728934415
-0.984330869363788
32.33126340561765
-0.9252534067006621
6.627071076997936
78.32332422243496
-29.14664513892845
68.09790006425811
57.35655564129678
10.08371873940726
-24.05275566433511
-20.048598651539038
32.91699919340496
-11.844907491451536
-67.47999275468248
-19.702059169608944
90.21411122989744
-17.120691373893166
30.78061501900143
-58.48475422825776
27.06703324105004
34.416783860895436
36.51842932355697
-12.437433042861414
56.55521289573312
-4.00670725775268
-6.240370710108181
-32.01926616637739
-5.427502562958921
-25.6928971301451
-13.932006654355206
-7.939952446168604
0.018191853435553185
45.77279510741889
-65.15112269980507
15.371873294381729
34.10722098630134
76.30681401173999
11.16832054172987
-64.92280899891763
61.4149188057479
29.952561971694834
-10.479788844506999
18.723094435035136
3.1284878743443443
2.82252231928328
-56.83891043237437
-90.1077871219959
-80.31451186678636
-22.511164402864807
15.679381619035397
-15.281356025805465
-72.23212556681209
-0.48759660682870276
-47.21459937299232
-89.61355621612563
25.785434648916805
0.6065913970329291
-31.184418262863602
33.63527218724872
40.01368183639693
-58.779815826607084
24.973636810138785
-12.703423684413337
-26.549183109755347
-35.18519018410736
-36.89946615019446
-26.970562924136203
43.79837196164547
59.92796949697734
-78.64353556725816
-11.474599756250939
-0.6688735153123417
-2.2379103037238224
-12.216148307115347
-41.895253292899035
-58.498755508188175
46.76550718084172
44.886860993188634
-0.5776638434668229
15.220871485457579
20.82851572033718
12.289843776346828
71.09290314518213
19.165453201514396
-12.311403966666887
33.32229223812044
86.90035869161164
-52.84993405529936
18.3204085336575
-76.00487758531307
13.930329471087575
49.57274115550726
-3.797655714662227
-38.282402225904434
-14.864002534091725
51.96436498418436
-6.411918136160438
-24.33557658708115
35.10762133526791
13.199132425576806
-68.61305563318379
-21.536750590101022
-5.45302136189467
25.43154117696072
26.207119352383884
-3.4941173279298
50.840347615326465
40.78317715219461
-29.829160968817888
0.1412185692260124
-31.491851313507553
-13.881692225392513
-1.6294744938272885
-25.45745339226815
-13.23349787060836
-4.986810222997079
-77.36535435833395
61.27819230443589
1.469243977453445
23.19990947883079
16.321119107022056
-18.03424709914951
-0.20664232789330583
16.64191306249441
10.570329135985872
-33.61735136251737
40.768721199809306
18.09624843616892
-71.41894589941711
-42.480078194753986
-12.027540893322836
46.46491352417226
-20.601307554528148
48.704609639371085
33.15543928193685
61.56272655820584
48.324786969131
69.58714152392102
-70.44457000994767
30.116395020520073
12.825550298908865
-13.203505217994717
-43.36471224362758
64.12261537776422
-4.233407680183504
20.618808380599646
-52.91697413508946
-7.458903830722676
4.755484745133117
79.37909295261082
-59.214631989114274
-10.54761806371637
-18.491261872412522
-15.85246010503782
-62.602044742076544
14.166317360505303
-5.86710663646862
-45.823901653984734
-43.42347986297887
59.43444877669717
67.30825941982403
-18.36412396929711
83.33584785792351
-59.90754751852331
44.02446505864137
83.0370479995386
-57.96931794613748
82.58136434971436
42.98797546944641
9.114708557920494
-17.515903134807857
-22.203409107433103
-62.93371675931752
59.48766639178149
-15.559623743490192
-53.4565600347434
11.212336163272838
4.775929742006738
-2.5424125497268193
-18.14983424729536
-49.42539651946745
-27.51357701577446
78.04364426381647
31.08208230506881
18.215129552916494
