15.008947253962738
7.964353208229196
12.284589967221105
16.090144084711586
15.810756577280621
7.635928040702809
7.956947051866282
10.009434279460542
16.20257860128951
7.844515933486181
16.663695613082734
7.704019859064686
13.250732208553533
15.313924237633607
7.8493080576604575
8.06432337462699
9.08296561868664
7.828182226461467
7.876585739929333
7.7173680238044176
12.167959931936238
11.275637254751171
10.550626727558331
11.119508379961466
8.100745838317167
13.066616807309025
7.704814796863592
8.418318259551867
7.777075710426318
8.220638356367452
7.636070529905957
9.099315218855878
10.543312242125538
8.4984144557247
8.100423940118134
8.106678897251172
9.852634027087461
8.194206056430321
7.626390705854493
7.907818926572351
9.98947335396062
13.903092386558232
7.636096923887211
10.686624820547703
14.742117764631256
8.04245939520078
9.053662568988369
12.641871305799384
7.709022193134108
7.915474746077231
