15.58096583942378
7.731335345307175
12.584481676129467
16.769856539232762
16.462540932991377
7.168074850735786
7.718633531596407
10.081063453585127
16.893530220788257
7.525810284154805
17.40074135320607
7.284854668724901
13.647430897774392
15.916044301617568
7.534028942465253
7.902787630135751
9.055852719018546
7.497797413015188
7.580811108768917
7.307747231830066
12.456165368320075
11.477298865466182
10.679340464832912
11.305475730919738
7.9652534121163265
13.444867223324358
7.286218014479242
8.304716859756216
7.410147974591847
8.080218521584598
7.168319224635753
9.074067720505685
10.671254453102836
8.395873858836975
7.964701345597933
7.975428812907501
9.90772403119962
8.065131367412583
7.151717992386543
7.634377101558353
10.05899706501705
14.365157246728891
7.1683644912243265
10.829683532063552
15.287845280381
7.865290151006303
9.023206349180338
12.977562430187263
7.293433844258783
7.64750709617218
