15.577544975015478
7.760811050511619
12.587694727819038
16.76381991517864
16.457180454996323
7.227294735702169
7.748779983345224
10.090091036189623
16.887221493818775
7.566139181485124
17.393316676374834
7.337907744670747
13.648282790452807
15.911886208194243
7.573923835897653
7.923209429323905
9.067984704295977
7.539605590150953
7.618235569466198
7.359591416829761
12.459663452634242
11.48263029355336
10.686562716856582
11.311266722314393
7.982376571570101
13.446169076391772
7.3391990960253635
8.321128609026157
7.456584668510918
8.097708968564035
7.227526204913665
9.086132456232196
10.678501105068307
8.411654064892168
7.981853658109524
7.992014638475447
9.917274674116001
8.078729369908267
7.211801636376982
7.6689728949977445
10.06809123404446
14.364414833675784
7.22756908110284
10.836452116418595
15.285069330538708
7.887692085088696
9.035458864434787
12.97990232053887
7.34603387842068
7.681409532055288
