15.5283905049153
7.888071899887946
12.58319805224362
16.697045467827632
16.394960584438344
7.477693576751329
7.878817657735948
10.124870286169102
16.818614138315752
7.738331183521107
17.31719218862744
7.562776600227067
13.627961848771491
15.857765701365839
7.744319104293788
8.012987994348702
9.121310828847982
7.717921665730823
7.7784034882430015
7.579455582243274
12.457077038959543
11.494164185474812
10.710692708197183
11.325638804465044
8.058499091096422
13.428863727010274
7.5637699018164986
8.396601581029074
7.654062350350633
8.180799701316936
7.477871621816186
9.139079547602908
10.702775026442403
8.484040462844813
8.058096868440543
8.065912648330013
9.955139344906566
8.153164305529096
7.4657763552067005
7.817430408309185
10.103263263078908
14.333409004602121
7.477904601985915
10.857906019296152
15.240259059264307
7.985668214681389
9.089464322305883
12.969553799619714
7.5690271853531685
7.826996612977092
