27.891142849137026
-35.20061113054594
-56.5510695027931
-56.13899582685056
-40.734209231112445
-29.881281205650097
-43.72439037321842
17.650409982668023
-48.02484352243629
28.26272698787625
15.791089137089372
-28.992349592042714
-5.964222982606287
-14.818877621153703
43.588782951414345
26.437173050156176
26.742506159531118
-29.771672790790234
48.60035820181139
49.29923214810049
-30.858463194939645
74.48486779792987
51.07162472610031
-32.41935781092022
12.503963573800391
1.1239216294296597
-40.99625756849807
-29.041071402951772
58.185960093960915
-5.975269358691136
86.944988938049
-8.174573799174098
-13.332201586244494
78.98476382142016
-29.36679087207881
36.38384750241025
3.1638342498752507
-69.23737308385455
-26.128744667416186
51.25067032498447
8.781872423617855
14.925470303170599
-35.14236368720408
-24.87161404661792
30.20954014087502
-83.60515520617282
75.9945193182391
-59.51033189908853
46.12783867309321
-14.62095909554452
-1.4894790263645206
4.458500935213252
64.72278201431135
2.43545628517073
10.571213190416202
15.72995882135936
-20.50985812214259
-73.0603136185909
-1.2930054047182864
-1.1143065280270719
19.47736799185155
-31.546967316458804
36.60973246039066
-0.6515671853077833
-15.619445235701534
-14.423180924589744
0.00567512213945065
40.04605610103181
-6.826587704664789
-10.103316336699933
33.34016378232576
44.98607909355238
-50.391446891054414
-44.9496494183801
-20.260793508789305
29.022244116190237
74.56046958442161
-36.320164726808
-55.693119155887054
-38.89117902090376
-14.826327243746746
3.612039241920158
31.639877921135252
-14.616130125004887
77.35786207565499
9.387444384389624
37.82690039716272
64.87587193834841
-54.454586262381376
30.60226058557714
-51.856210437803185
-26.830528697387223
82.72537771347132
38.358900654819166
-34.64286675735024
62.83375811755792
-63.44994897368958
-29.71307417478387
24.897823382387728
-16.455812902727658
-1.539072858894528
87.11354121162071
-9.261894060476521
-64.51372061505133
23.937349966004675
-7.614355440856016
-63.589670131672584
68.01154897553988
-60.698035969905106
43.65073628516575
-1.0921187504726362
-19.38507267611675
8.488301574926396
-9.571707538832257
-71.97801678908398
31.056843785505464
24.43069357718771
-3.423110218560282
0.35902104016663827
0.6738745926539877
-27.165572552686186
-49.249517205717886
-4.505415399135458
-30.49199557164262
-28.546823214105814
4.10979859291956
-51.808929254685644
-51.87896191114239
62.17041240312085
-54.34334556473205
10.360811347027436
9.936480499292713
-29.131164433251712
24.67700701670718
-17.07554693580957
-0.6906182285857199
-25.6258353374606
-58.24614513944789
57.07648133773867
-48.858694313684026
-48.36173912546641
-19.194941928915227
-36.32483656278251
-46.14017215296467
-7.93217390759871
6.335420078597579
-40.38724398720834
-27.451301716102435
-69.74095991977616
32.406814216043045
-81.73714307634064
-2.388732534717448
-4.809535734183129
68.80042661602138
-3.591033521020549
33.58350974485319
17.784976326070662
-29.948086671824043
-28.451695006005878
-48.259258030224885
-49.04804242362379
21.41642546777412
-34.46150189489849
-59.16085354702489
65.62405514936162
58.45908820655839
6.491192767173985
-62.579187455095656
-39.67554756868465
-27.805510349906626
76.35263835964267
-6.201350703447943
-0.40262845784133106
19.49051180447725
45.759612604981015
-10.668956606710935
5.302555937201561
78.62299010770911
-6.137686056601666
-12.76483094107411
-17.14876798988648
-58.75277694664125
27.68732431373988
43.964842441393984
88.59553510276993
1.810470591244723
25.330925134549474
-28.534915357944897
-34.282584795042176
-41.80906764632155
-14.121103281407471
-83.89944973777007
35.78407569260935
44.132782746677435
-44.37282449971187
62.43146282308297
-45.97456230350349
-15.036535112085929
0.4965587444129369
70.52034144211513
59.930250206785274
-49.2461634879065
-54.59430178797784
15.570624662564782
-47.89911849394043
19.706770924271623
30.187272175594217
76.04077960189412
-41.4955215982056
-11.39364100337653
1.9026617827048824
28.014140670577177
25.164108786275776
81.26970021049067
33.34195800363349
18.354921622765275
41.01680348095451
-28.97748030913833
77.26524938517699
4.782659092031153
14.032151268220616
26.966223226677684
64.2082753613251
31.120087669395787
-3.802955299442104
-37.97273131745748
-73.3158705207054
-36.43655106002729
5.9930448670936585
-28.664565017583072
70.84188193322743
39.74373338915157
-20.446993025755646
-74.54227570976371
63.526585816817686
49.114958549512494
2.5846674314390725
35.75159864376943
-76.34967863694902
-30.888114835385323
34.1612678438257
-39.34555608923001
6.9322623416825735
52.752172563749156
4.611418843772327
-64.60893715387986
14.647422776260555
72.59849810512671
67.69765926581229
22.376998296035353
61.81642095078561
18.69005235294182
9.897832460695554
-51.27268191621819
-0.6129721951908778
59.01319139515951
74.27182103927757
-12.99344087409932
-76.51748769638974
-48.72003962576937
80.14174901615138
50.48409263613607
-27.85990420029114
-41.1917058607647
-23.008878310368914
1.0200493640489725
57.78644668785719
-23.326344499215296
-58.778978136059244
-2.4827087556204503
-5.485971981206973
71.42786479841959
2.239945350380225
20.538031665651516
-26.39832168253959
63.90811056784159
-9.48593231933198
-33.89653588615059
45.2431388609308
-80.72365277482191
4.236294842057632
-41.060003960530395
-10.539940521828811
61.9163467245975
27.658114459760085
-32.585414261294716
6.2136965292784225
-0.9648607500198949
-2.8809184930108387
-53.51729755304534
23.5791837695987
50.94721237424989
39.66712599625632
-62.908721918901115
-40.361088902112684
70.72930966859238
13.723782806163456
-25.163189812464907
44.115391621960214
5.574762989979007
52.51009554571584
75.79593954931877
-4.663793459539562
-67.32316062304716
32.99321403981466
26.559628088514913
-3.515235446306491
81.15282570626039
-32.10829980581187
0.2153877825646333
-36.382606463594854
61.317116986895144
-34.10310760780794
43.02105996981163
81.97885675286085
-29.85706386187472
74.26256506182222
-35.58026591619283
24.453336240198922
22.365937073767356
-12.100227526980092
-72.13939015829078
-83.07023006209603
34.34680356929621
21.515862697376775
65.88249578535351
-37.663806558704216
-53.97199392719802
-70.2685186384633
76.49127149671864
61.95299508499494
-3.486356385858656
80.88686785832988
80.6258945844225
1.56058829547446
-7.90253222251927
2.40754801839833
-28.49869301410702
5.444082652501251
62.32788560765255
52.14858080114831
-58.10647255146998
-79.23398406976185
-19.86950112871041
0.6709673057414705
-51.86963091091458
-7.364988679778406
36.15764589648688
-52.12454030579438
3.3788567708206614
-57.93539745576682
-4.944497101837811
35.04520130112249
-34.137134937778804
12.103210736425808
2.108075033632417
41.99729429142309
-12.769515033592896
-19.674166341089617
-11.682318218665301
-0.3925858497929653
-34.0833824450511
-13.308192286835506
-29.25063086378465
3.5317753333831945
-52.676719473801974
15.435954671854532
80.60701102968605
0.44781275860651704
0.7679442062402586
-14.701141520141618
36.54636584810493
10.096944974058175
-50.25367002792244
49.66753042739333
-56.62127632070442
10.114337183804523
-35.71589358869306
29.238215809916255
-69.65822591886544
9.802778903663992
-29.442641179933133
40.535977304067046
42.29750425352904
6.327360609986243
-26.287250957390285
81.54194768357348
37.94434361998529
37.59184192263319
-20.129819249589005
-19.426938039686476
64.21013643045717
-21.157406061145394
48.947403116100986
49.9244970860544
74.93994347511534
-17.242749643459234
-67.32417708944489
20.21273310791635
-60.68531633868135
-62.945767174633524
32.654123142440255
-18.563449789939668
-3.383455227785589
-10.04875106062238
-34.877797144691044
40.39938108148331
-23.78736650112974
58.36333022255968
-43.285691383349004
36.80411576821527
-18.221007548986336
49.948664553924885
-16.401239901759524
13.27694278881792
3.43232465013908
26.653117419262017
-23.019971464654077
79.88856808497593
23.075197172131794
32.549009867822804
59.38933902886137
-0.2576634570225167
7.259072723053777
40.510788078220145
-57.78706613617465
4.174420308618082
68.39909266161706
-79.48465795048077
-9.848787640120719
69.4108665356195
-68.98008651171838
-43.630999937102345
-11.152535006241607
-72.47722233232616
-38.105452715942874
37.27265603460663
-52.447439718711955
-23.314110864182027
-7.492079612696671
14.439537096388534
21.88475319357663
-62.90537327764632
-60.543506613216614
-75.76541796756487
19.966867723274262
-31.19573234605356
-62.050511174779004
17.775336756293626
2.9536446623579025
-19.01389529506119
-24.429525492517968
-9.129294074975505
-18.60317531219539
-51.79571775343068
-8.73700754089748
24.154258984110655
7.520214716378817
57.42043471141602
11.920923901126883
-6.74937831538486
-65.86297182783932
-83.47108905900565
-49.999443482614105
-41.34997894482931
-76.81236778607636
-18.120865092812906
49.2887376056469
36.5085245731635
11.20027432598367
-32.81572077406152
3.5208110689683423
-46.39971458374657
67.65182708568906
-51.869780279244985
-12.487533899735993
44.80264193933655
-46.47879383707631
-8.76431862714243
78.56627442496605
12.672688221110903
-0.25379356900711514
-4.130025831542241
-13.084892601035662
52.532598406943265
18.45692047621803
72.23245612095113
5.4579687027067365
-26.210505450358212
-20.77823759196268
-52.01181706186308
-21.371277649693667
-3.0581855671130143
39.23723256540927
2.0817041511990197
-71.69402276852804
-23.144263657372548
-43.87307812616001
44.509593762538714
-11.35920908473392
-40.280924552855495
10.89679311612106
7.349134882239298
38.42898796470729
-52.18647345782494
-80.62146448528327
-2.985431904417567
-23.42735013329778
-47.221093176704215
-62.31024427206596
46.653132505814284
-61.59704096085375
-4.471840477482971
28.680508512498108
-24.849510966114863
3.0088127386812005
4.544439956804567
-5.849936685119218
-5.281926688983461
-46.790940753756104
-45.32683937148838
-25.53124567225771
-1.891130762240934
-45.84546008572859
20.3730638623409
-48.41123406269755
35.621216232409154
84.86482682266532
-5.318804762513452
8.505914600764683
-1.997122318687829
31.843409743905937
-16.14447918084076
-79.76978028000867
59.06668646739604
84.81564493727618
42.009591981639005
26.850059949879892
4.0608450805799805
-15.09430212172299
72.35889847538422
-24.426249758805213
-82.43324034233385
-5.944007761477536
-14.206661631016999
-0.8785156527026743
-19.35766754634436
-13.804676688826092
1.0768020589652139
72.4080666597998
-4.6206570117044095
33.15295680586121
54.048150418157036
51.74197239585723
-71.44749630341883
-26.84836245662798
-6.788647905965902
-43.580231299453956
33.13105688945987
1.3001335102296707
-57.482115267734464
14.037619685007172
-15.738901982762258
82.84658585909645
-47.611911749899896
-10.429271841718233
-0.8963730419826419
10.604807305304902
-30.058212751977976
-64.40335708925909
-59.88752629769582
16.89685414457557
-22.19154589377966
18.55297343842797
-16.363353910862088
-11.844396885511628
25.73311121009401
37.17730471228978
-7.040337172610961
-9.211715260638371
74.06345140448678
-44.093629366377534
30.563058834734903
-19.355636510096048
-13.362574081071912
17.906656530627473
16.546567947536133
85.30514011194617
-41.7743561766925
-31.139616505299102
-15.790595247088334
7.935234878942794
-13.021153496389815
8.282802179399269
-39.29887253412078
-3.0388023208690953
-57.82105210489338
30.02654051510119
10.813398676358915
-1.831817966105902
26.148458001688923
49.22730020534618
74.46044321196126
-23.819901981658944
37.98145022789038
41.86020149597897
33.36479773246597
87.56075069884034
-23.05676365805246
28.80145138589195
26.580976212582996
73.64711114583554
45.876963962592896
-1.407877347979877
32.34537045394981
-12.412578650934648
16.820757923180054
35.35587838010014
-32.77901164624407
-62.96083562329699
9.723522203167406
-45.37216937976631
29.591600044238277
18.9664072103498
20.695636510247667
-5.27579767458208
-38.19595661426966
-1.4575267487562087
15.279871638831366
50.325009353566514
-19.014696328391935
70.51112600106077
-57.45612528326413
-29.60974161503478
-44.551226125447144
-4.583651218841709
75.53863512797082
-47.466578666286956
15.132007099429174
-47.49861035017529
-19.956310113583825
-5.46522275056806
-66.51209565842395
-58.59169329596619
69.94219033318095
-4.400844317528978
-43.70855442656163
-53.63929293326777
-11.376778915184715
-1.9881824557905787
-10.840470898386172
-72.35640504478823
-9.631499555915568
0.4804186225635618
45.131116892346654
-50.77292681605699
-17.288386460475678
-82.92539180208284
-9.246380887040289
-69.97315488968717
57.258072643424214
-44.02301852765691
76.64845889025256
-25.61152571594903
12.204223136723712
-64.37571955596576
-38.80721593420562
56.191876386404175
-30.912446311593868
22.366518984864527
-4.796422971790932
-55.22336567301303
10.422137543773957
76.30090694532643
68.24219504698542
-69.86472807545314
15.00294030277864
-55.83729723472683
38.091875277122085
39.627267492135616
-2.038085132215599
-4.001177564031167
-44.09063585509724
11.366415695514604
-11.234111270978218
29.26631587956257
-35.17435896111952
-17.32452974027086
-43.154610001596005
-27.27987392016405
-0.18659331472386498
-13.67857539310242
6.3239445362128635
-18.399720698945913
17.934273072298993
-38.21748006845563
3.9229273526357957
-80.1609503368362
-52.989992058179475
-13.87635189232715
68.96868071170533
-70.2693761341331
54.683833693472906
53.560228324334304
60.51569991765223
7.1742796643420945
-71.06326634491121
51.00288820497019
-67.13303454712982
-7.35893380641653
-17.106676400852578
-18.772906089737816
53.404992634647556
-7.080176025261991
-37.32408054303202
-53.80614917183201
-8.029106253259059
-24.680903185879586
-8.213808488330145
31.48225227916072
-2.9491143088668537
57.84643227577752
-13.554146637203317
-57.009591559167745
53.56154110214845
19.237948701094624
-17.3548553216212
-0.415516393889078
52.496298692163435
14.502317289201642
60.821609132597814
-0.0817876678249263
18.339012734946095
-23.999204687244145
-27.16585572278362
-23.837308522317585
3.909125318291373
-21.21943032887752
70.90226883116486
-12.474695905970819
34.97407274478502
-11.517451955848415
-66.58057294293853
60.91327461622191
-57.05795560161608
39.19234397778524
-50.02249103937006
3.5005877886616332
-17.544710992483857
-61.86701492852821
15.089239395317534
-11.61432465029226
-47.57960920017317
50.36048481273167
10.370742173685699
57.02714669681822
24.986783004434272
-40.96499123717055
-54.39689375297694
-43.491955540315125
-59.92811099445448
39.806715764810775
24.947397833536115
-22.208122013379352
-28.747000631714158
49.718123454357084
-10.962653581229802
-69.53144712876357
7.075331306739642
-65.43781626638187
-23.417514473497732
15.704173127770346
-39.725496680990915
8.070975186945986
20.397680095490927
-46.07078393339225
-56.591854694259304
10.851820469295745
0.2886324898491637
-14.116770888788778
-2.563676871974934
-3.4355084355707106
28.853949076832578
-29.667169960710424
-21.264532661563152
8.475389137772154
28.972360811419364
26.99531845163149
5.476728772998243
-69.66846365796602
-0.38062296881793145
43.21488185610883
-31.350643845801955
-18.66053774262403
11.23585657990121
-41.94900031348895
84.70856553295008
-4.953588884512797
-19.475013547113605
-34.412059375536906
3.381796507525735
-23.58752345587368
-46.247707206250446
77.40617140858487
-28.601903304376563
-33.29356555566004
-9.501288871848388
71.87907197166862
-4.156147625956777
-38.87573239010219
53.91325593279734
-40.952682221002114
-12.762424126831505
-37.17845354036697
41.646961043177214
-1.5551601685548064
27.728270752544702
-0.565334119299763
6.884852268921307
65.70072553202655
-32.618251294736396
70.16477645990895
48.17222116557596
10.90857166338732
-29.40405397180278
-16.968783734905543
30.34280123346801
-10.288878531006304
-53.19565701252596
-23.531155512152594
85.09560434203667
-21.662580713387655
33.022090342392204
-56.1713606045054
29.91069146933239
38.3592439008294
39.49814362004966
-14.698838658358696
59.110074160833875
-5.727555578800079
-7.735320097017805
-36.34733523938349
-7.238283499836598
-31.46423153314798
-17.712785588425746
-10.287912483113786
0.6747404945669899
46.450625492104365
-63.938074235705876
16.47713884696141
36.28069577185437
71.73862838641364
12.143984496614891
-61.05554670138498
64.4931021442674
33.532376370835806
-13.404814869338239
20.605863329706636
3.0968338586459794
2.567599206034103
-46.077457009796674
-79.43233394563123
-69.98764880261857
-17.454437346859123
17.705403332302822
-15.526540728145875
-69.55874366972378
-0.852931461029101
-44.109677485031725
-76.29598786281709
28.80889359935169
1.0341140721905049
-27.820656062387144
36.930001423903605
44.18827311961289
-59.45273714180336
27.663882605129714
-10.805878568104717
-32.23605087960408
-29.388224384327984
-41.50989307714494
-32.508558744556794
29.477591447408628
49.49993562655388
-70.02180242784044
-14.664982125307702
-1.2068649000601823
-2.507632529604493
-15.65550534570879
-47.903161828059325
-59.964201874647856
50.91661116586337
37.494242698777754
-0.15046942471521163
17.10827042965134
23.469099417286856
13.046702698704664
73.40067788021679
21.448514917382795
-15.513036599401076
37.06683015163853
78.63516591974627
-57.0280104102563
10.077518337540923
-60.485092332046406
15.923363406775195
51.57191682433455
-4.904771889225714
-43.63446064076147
-18.422432139503513
52.81118929091281
-5.990558744809036
-21.260164946361442
37.76497891386737
14.460515647135452
-66.99081795496294
-26.90501651513094
-6.7081488089259125
28.46688805160278
29.38285086111202
-5.074606967897154
45.76659143571706
33.77356942970317
-28.99252273614404
0.03697704195738538
-27.749027101436184
-14.378357262954154
-1.846817874912844
-30.54837571444952
-15.97691700471806
-6.892402783325863
-70.33237850488382
56.04258013616186
0.7797761514104877
25.95886888318853
18.007057172300875
-14.923600314246428
-1.1232662913036648
17.814028840324397
11.617656187579456
-25.200707200300883
31.459283616061725
16.025191361572254
-68.91614946139663
-48.304817698437034
-11.594980975047406
33.06700498303229
-25.13810258080133
49.705564653222524
36.76807701011458
59.15773855463863
48.634487420778356
69.8151489060339
-70.7321103552522
26.51566810283002
14.646706023651035
-16.493103882416364
-48.61506365572478
67.57580445065702
-5.980756209234045
17.086818097551486
-51.60119927630776
-9.806655518455585
5.399593026954605
75.35038386879901
-61.14686921747498
-13.000641182928035
-21.877689851607713
-19.713945662477542
-58.94489765226451
16.095485370812256
-7.3510897917650055
-50.98231836212234
-48.160565995465205
62.41578636853933
53.55127597655704
-22.917411690900863
74.44433724252508
-61.11301459001999
47.883008131750955
81.5100356345946
-44.77369875007426
74.18566096865896
42.08258259553841
4.338040859328842
-19.49476058391174
-18.278454547645126
-62.63791810708694
56.37126389051426
-12.964622719224792
-42.65103513910402
12.271267843978706
4.688874516457062
-3.982230352019357
-22.440788777725203
-36.81577443830113
-24.9963093153428
76.29222741555719
34.50965072439408
19.958839128618976
