27.927357521830004
-35.19362694415588
-56.5409063810628
-56.13229436657261
-40.73181743109476
-29.890456518247063
-43.70528293193827
17.66760875921139
-48.00329716565218
28.28005099113861
15.790629800074612
-29.043610635789406
-5.9863546209251695
-14.867147392878039
43.58290732926909
26.476416334869413
26.760241741476506
-29.75209997833376
48.60114615093798
49.295311674574634
-30.837986079422535
74.5165215556716
51.069276546491125
-32.40539871075232
12.509724547940621
1.1029688420868666
-40.97211833414037
-29.07000241181707
58.22602629566737
-5.987125469915966
86.97564946630675
-8.226628942928812
-13.390325554825793
79.01053646729841
-29.36110674765068
36.38634948546826
3.1642330281683115
-69.24377145185045
-26.13467596264509
51.283402125239746
8.784819787166853
14.936194880733453
-35.11990135903803
-24.917524128346443
30.198860909962804
-83.59225318381436
76.01290218272493
-59.485542640401086
46.12429878716409
-14.63632113627554
-1.5111884844377101
4.44233818738779
64.74861221677725
2.4326503147134986
10.532984961400643
15.699843126648972
-20.49666296400956
-73.05383902557404
-1.2914315035120154
-1.1270408547191124
19.491354149352404
-31.56210962584356
36.63729947804285
-0.6684813833904713
-15.627480727885796
-14.45335973387391
-0.0050078654799108335
40.03685416710036
-6.8796278267877256
-10.12985183886822
33.35426377817245
44.97937878683581
-50.370781348418376
-44.93999767316204
-20.28288843500127
29.006813307511507
74.58044475490865
-36.325140394299986
-55.68264732486062
-38.90300063662122
-14.82356564345966
3.5988348969787722
31.646553346142582
-14.636523766657362
77.39073572944648
9.353798681662838
37.82738377125912
64.88574608997635
-54.450933320411565
30.581194583688813
-51.82988441454257
-26.869631265078098
82.75653966743991
38.37299584265418
-34.63136643974726
62.887907891961106
-63.42992473772064
-29.702280637410098
24.88753061499534
-16.44564673161119
-1.5392979369083548
87.14405416840262
-9.262694842699602
-64.48435327866429
23.930806797901994
-7.630180575230867
-63.59920972456972
68.03240730484785
-60.694674274966566
43.64650264307008
-1.112086623683311
-19.382795364976246
8.491240151023959
-9.568673243702037
-71.95860521356309
31.09917526765622
24.42481048195367
-3.4358205245326445
0.3360977208240854
0.661987190961085
-27.213356307663318
-49.222676899463934
-4.50658282314464
-30.471726259558736
-28.528348868720315
4.0924859980213455
-51.83214945720051
-51.854385738330386
62.17847286957178
-54.31442049865273
10.36448241998329
9.939233831737411
-29.125069451069564
24.664238438893037
-17.06513182066398
-0.6890585285753446
-25.65974685509316
-58.227907551876804
57.12647883959332
-48.830733273846235
-48.364225075951694
-19.228667191151047
-36.33490809184727
-46.13111834719123
-7.965082436003868
6.336360456992836
-40.405651236827936
-27.439938148741433
-69.71941501775093
32.443388699085546
-81.73471550675663
-2.4276867094546617
-4.813833312655078
68.8552767161436
-3.6012970846613683
33.62059276845903
17.786357489850232
-29.931585405024137
-28.433194470629857
-48.23342370140435
-49.03325936364954
21.398551194929908
-34.503422568443916
-59.135338391739914
65.67150538226599
58.464005702044545
6.478125188597218
-62.55989301677784
-39.68318504471653
-27.846372392129638
76.37155655992635
-6.232121531507602
-0.4010534178923564
19.50109268274376
45.816338572093
-10.687325323109604
5.295046297477782
78.65110295852472
-6.161775846168467
-12.781083308427483
-17.169051439240448
-58.735072291897204
27.72071347451326
43.959362353315896
88.63565135599458
1.7848822271034948
25.34611855457878
-28.53633554141014
-34.26546839579236
-41.78660495209115
-14.13476579667693
-83.89439779205799
35.77439129264866
44.152041964013534
-44.41208392147254
62.44601403363535
-45.95147986072511
-15.067028833744374
0.49698987553558993
70.53334297373902
59.96789789275428
-49.223304023020894
-54.567806937367045
15.560363753592668
-47.87411933191815
19.694512775369446
30.203068144373617
76.05993772519435
-41.52229244523706
-11.401978361017598
1.8726732365632586
28.016960997154783
25.15029225677503
81.30219600951301
33.361689977430075
18.358543443825027
41.036915621528664
-29.037129592382257
77.2891803183218
4.730061187364001
14.01182309749376
27.000502595502624
64.21784920740512
31.10706006480072
-3.8000988967160936
-37.992848796832824
-73.29480127964543
-36.44239667888417
5.981553852329327
-28.660466408809825
70.85606936793312
39.7341803154238
-20.474659830952334
-74.52700873814936
63.53941665433203
49.111419327741345
2.5568044917183244
35.74093754739661
-76.32385732259151
-30.90491279144048
34.21172348326917
-39.32104656006057
6.934222489998618
52.752876333566036
4.596261675765945
-64.59281259634918
14.6565109326272
72.64255701886592
67.71254810487648
22.369992722763385
61.82214854324863
18.71013737583455
9.895731839236191
-51.291222193885005
-0.623733380448499
59.05076470651889
74.2902878093445
-12.992097544365151
-76.52105457928577
-48.74736970327913
80.17388727019431
50.51655838983595
-27.86900363410406
-41.16748785256814
-23.049764640883694
0.9924256127372928
57.79017551532215
-23.371199498974775
-58.74904637726417
-2.5149294304517014
-5.4832184388202165
71.480949006206
2.1876070073527103
20.53194986578319
-26.38609919724385
63.961228703786844
-9.543201643208405
-33.89545337133429
45.238191381090076
-80.70980277950804
4.22055134800361
-41.09482327602767
-10.576624199710054
61.92493617146536
27.68376069678594
-32.57728559366369
6.207648329912587
-0.9845229085048146
-2.912767124496881
-53.52541438424082
23.56579501890674
50.987596645039076
39.70103495481749
-62.92011097785143
-40.389064875518514
70.7439761714659
13.704228000184784
-25.183212334746912
44.109474538055764
5.571984324111881
52.51215543483232
75.81432618107334
-4.66052732736766
-67.32576485987023
33.00469746826073
26.54901233360873
-3.515490629606589
81.19249180003447
-32.088763786928226
0.21324814669968362
-36.39801074779118
61.35926353869576
-34.08550287326166
43.03464000809464
82.01341533763164
-29.83913397287219
74.28117191671785
-35.5583263216522
24.48229805871209
22.34867768424303
-12.100619672467786
-72.13048092983439
-83.06373815514877
34.33705746292509
21.542251322916385
65.91377595705626
-37.65731985975133
-53.957802229544775
-70.27165152533195
76.50977213019024
61.95899549721136
-3.5106945509546676
80.91897937227881
80.66237222979777
1.5255558827234381
-7.929843822144093
2.3751522256415
-28.495177651440585
5.396520731595842
62.334296628362864
52.15569737625097
-58.09623857653488
-79.22498573616798
-19.87672439651736
0.6417482101111887
-51.84147082456534
-7.394335516230981
36.18700875022316
-52.09893904541074
3.3541218825404258
-57.908818922885374
-4.948991100796647
35.06041330314389
-34.138495529554795
12.110221461986043
2.0773163590325225
42.05784897455129
-12.812162354989681
-19.731557478558116
-11.725298426998052
-0.4143246309732689
-34.06621133952407
-13.366289573780605
-29.26526103587767
3.5207727029902145
-52.689149248937674
15.408436368530175
80.6377002221486
0.4196377440916734
0.7512057410112902
-14.706026712911353
36.535856015594135
10.05880089055185
-50.24023857869779
49.66439285286569
-56.595392783046734
10.116945081959472
-35.70707086054003
29.277922446970365
-69.64141865651382
9.80052538537197
-29.44329854995439
40.528970466249945
42.314761785357064
6.32678940785658
-26.297544499889085
81.58612761817153
37.93110158707748
37.60205640363105
-20.11902706656666
-19.41464934089234
64.21765418846931
-21.202869936005797
48.970890731058205
49.97169364901842
74.95683832983735
-17.267301918621143
-67.29965536878778
20.233177509250268
-60.69742152266321
-62.93081593552059
32.69059455573819
-18.551778436191753
-3.4062923744398006
-10.054860687267436
-34.86167803717218
40.39192440285527
-23.77697457300779
58.36669388570303
-43.26049813326715
36.81689153354125
-18.210082009661278
49.97722019754332
-16.41475332853348
13.269391358788596
3.430672205293817
26.68716564884579
-23.046506876075014
79.9361707065091
23.07741711732598
32.55026658126292
59.40213556095887
-0.28563542274442
7.255410609948953
40.507073238971884
-57.7610777265134
4.165193074317443
68.4534485584297
-79.47589568764282
-9.861839933131407
69.42316298784482
-68.98358805956249
-43.65908817324053
-11.210592993043065
-72.45049438092948
-38.13088102198803
37.26233316616961
-52.42447946485456
-23.30041721029336
-7.504464080202354
14.421080699327405
21.887524023136592
-62.87662498720057
-60.5135562635559
-75.74440207423433
19.992397852025448
-31.187522550266834
-62.02729239345095
17.773666515827585
2.9278032135474206
-19.04549260487596
-24.413130998282753
-9.164765985665667
-18.63365112529425
-51.76779138401411
-8.731431449214469
24.127526480349218
7.513798203989637
57.48344837712102
11.893382720920371
-6.757284573583874
-65.83454493853678
-83.45356210507954
-49.99256072847999
-41.34328091659127
-76.78798562290007
-18.109596478196465
49.284788664671396
36.49767319123234
11.196670816438072
-32.811779420529675
3.4998259983744617
-46.37332051561836
67.69719078723449
-51.848021307905974
-12.48001355153093
44.840219055341805
-46.496705254170564
-8.771695591796018
78.60239157494178
12.68141336959809
-0.27541028107036425
-4.14675545498298
-13.077100216829294
52.53347083666824
18.44717410450285
72.27051283040194
5.44311476799615
-26.26329885046792
-20.82013036266207
-52.008711233309555
-21.38639608653901
-3.0581858592925215
39.22887000293517
2.0579361161834555
-71.6879936142275
-23.205074067861716
-43.87385600333852
44.55228438613122
-11.379693077629923
-40.29405684148955
10.896068421691723
7.3192714495479265
38.419077589178016
-52.21429679115809
-80.61547483103499
-2.9848215835626632
-23.454771668506382
-47.20301306729275
-62.3095532452046
46.705358764882874
-61.57597385452699
-4.5071298184249855
28.719720989651478
-24.833737454438207
3.009621588811413
4.544560901900027
-5.848543111418493
-5.278222102055423
-46.789692287415754
-45.31218975274711
-25.539027836940946
-1.9151017235847831
-45.88617434643554
20.360235081258097
-48.403121828683645
35.665742092313366
84.90342987099902
-5.362228519830197
8.50853108460501
-2.01277463368244
31.834653375963853
-16.18890458890695
-79.77021252720408
59.07343955574606
84.84322863768051
42.001381402056836
26.874227363381337
4.059968864979467
-15.113284815366072
72.37353862374567
-24.468453614740397
-82.41855400390368
-5.947468503404522
-14.247685551197222
-0.92331681912124
-19.357299018183298
-13.81158143165544
1.0768396487290346
72.44326189985432
-4.657332978609375
33.18640598188014
54.07472964226227
51.741372141321165
-71.42906044498271
-26.85706055895534
-6.808539851540004
-43.55517421707003
33.1752227527046
1.2995075239761604
-57.465501817577334
14.045710856257514
-15.751650537910933
82.8831044775153
-47.63646108420632
-10.452393765477481
-0.9108588420617281
10.596697464211331
-30.10884902502795
-64.37462641392523
-59.86786819632583
16.890684238986438
-22.25090904842726
18.51599064841629
-16.354211307707402
-11.836815200411664
25.717645805707804
37.186533732574645
-7.082876450384745
-9.241763790452183
74.08846142794735
-44.06666142654886
30.540902173742637
-19.348467941664765
-13.367870111048688
17.89466104428365
16.535230592373026
85.33746465954675
-41.7722485957538
-31.119099334106238
-15.835590820376865
7.9278674234735576
-13.013650389377531
8.276644001658099
-39.331950737079566
-3.0653317128628146
-57.818874548676696
30.01707897505365
10.795465570427481
-1.8669920838842273
26.138945193679334
49.22381319587913
74.51106074269117
-23.81967389404359
38.01826788558381
41.889151833222144
33.35612459999851
87.5968865313626
-23.05302571818349
28.789735204230453
26.56340552690787
73.66294447247472
45.88131914644649
-1.4084661156301053
32.330128313689414
-12.414231145237892
16.838652269793656
35.38837522010411
-32.768501464293735
-62.93889030653675
9.724780702771184
-45.35420467882951
29.637344060912724
18.971058063053874
20.694109807623718
-5.328367521570044
-38.20955498519408
-1.4863557262954146
15.286153638684695
50.334512491922595
-19.003016705356117
70.52508259052792
-57.426636083772195
-29.590216723428696
-44.534583190803076
-4.60076171062785
75.58312838852623
-47.48716324817255
15.10939631870177
-47.49345685364599
-20.01177881173227
-5.51760472581725
-66.48450972893679
-58.56171790670596
69.99453790204672
-4.439605149065031
-43.74916930166826
-53.612255460645386
-11.38443333381285
-1.9859518208750586
-10.865053795261119
-72.35999069634627
-9.6770032109753
0.4561731185501827
45.12786242938597
-50.7440940534614
-17.279224467751092
-82.90576997531372
-9.245428925948417
-69.9478471491675
57.31591441590896
-44.01901322484583
76.6945332025488
-25.61327657017162
12.212178264922386
-64.37641409967179
-38.81979403859173
56.2074259608265
-30.896176779724897
22.377062008308755
-4.830167932060547
-55.20749251619405
10.425970232282438
76.32893134719478
68.26954429101406
-69.86099861524596
14.971767059126535
-55.80773185246906
38.11509851098654
39.63919960761393
-2.0676064791846898
-4.035651534946183
-44.06523578679282
11.36270995446732
-11.23258178471771
29.287602409348054
-35.19590966943609
-17.323208934366164
-43.12787961506734
-27.26161615025768
-0.18493244173996004
-13.709632549068644
6.3127239964681365
-18.46262698984188
17.929919036073827
-38.257375570503996
3.9194168600325696
-80.15206619807964
-52.96154606452238
-13.93038076594003
68.98194667571224
-70.2412714834681
54.69266614601523
53.55929379942316
60.53121738881069
7.176102655806844
-71.04287376326275
51.01106142585684
-67.10979695349285
-7.385171216407642
-17.10131453459107
-18.822052638758123
53.42069331375387
-7.099824784090714
-37.3004915696986
-53.781801105144005
-8.02352587651717
-24.71388082367244
-8.217013299963924
31.46928975901855
-2.9901607867575137
57.90737715832137
-13.610749023822436
-57.0029800709943
53.59656933129213
19.262286404678008
-17.347888760465835
-0.42884152815530285
52.54295972353111
14.480462528770943
60.82822195926968
-0.111617545352928
18.360855988214823
-24.02190133046814
-27.149710124001146
-23.89305035338505
3.9092768110540845
-21.281888406026184
70.9157892061749
-12.46794895621828
35.02766785220774
-11.566684123700583
-66.57252129616798
60.92106419118437
-57.03739758946645
39.22826305192774
-50.04852909861286
3.491858382858254
-17.565353037274562
-61.84387622360258
15.084145467476844
-11.660178729820032
-47.551603004096066
50.36034916623123
10.357164644387652
57.02875250441667
24.98144606884472
-40.9639968019503
-54.375937447032385
-43.513575940768355
-59.90481597109447
39.86225275004648
24.96124890812554
-22.257126084740932
-28.75675969211757
49.764460273404154
-10.961457989315093
-69.53244455204067
7.067900173828377
-65.40900636448882
-23.45719193647085
15.711685972129999
-39.74398077916598
8.073650750242649
20.385789063833755
-46.04411951406499
-56.579927397207626
10.836109613433393
0.28433004415111895
-14.119528328502568
-2.5632158819450552
-3.4746599276726613
28.840539627742785
-29.665760996988823
-21.30330083484921
8.470385111697212
29.010269631128196
26.987390566550133
5.430273956223502
-69.64076860606642
-0.4031091127576758
43.20773282442693
-31.368353668590345
-18.69195033523488
11.236678992244748
-41.971429214174734
84.74316776870825
-4.9706965283980935
-19.509878765714745
-34.46472899970659
3.3771751401204284
-23.644581623867353
-46.244469452013725
77.45623263677146
-28.627904121502297
-33.29837754317016
-9.518763071125747
71.89870227973611
-4.205125731811236
-38.861092329901524
53.9438175790186
-40.952296629624556
-12.761303151875438
-37.181513396109565
41.643738612440075
-1.552903247101142
27.71347726822387
-0.6086905344017737
6.886751591375159
65.71378663579557
-32.608109486146546
70.19379404076292
48.170554075098124
10.91406347897788
-29.443108493939818
-16.978108928370503
30.329662943322006
-10.326867342498346
-53.19146510760088
-23.537621885265594
85.12209139506709
-21.71613918365172
33.016007710982336
-56.141571620256066
29.915552990965693
38.41615330977592
39.50016070080855
-14.694435878593552
59.12584041234652
-5.741330616775187
-7.7909818917630815
-36.346689817130795
-7.242404572342551
-31.51282840659546
-17.752413089258397
-10.297306015838643
0.6672843490271276
46.44584427498822
-63.91579322827499
16.467545783283853
36.274770677429956
71.7527093622879
12.148024650040313
-61.02565846685935
64.52350794158153
33.57905787806686
-13.423071951817718
20.603520006938695
3.084481359491548
2.557734072571776
-46.07385777625305
-79.40907565458171
-69.96079718302455
-17.493752802409546
17.725591773783833
-15.517402610196527
-69.53962724652372
-0.8827290467973512
-44.086195136871446
-76.2711180603182
28.829867046567188
1.0001990422185685
-27.81521133642427
36.93820907252112
44.22999102400746
-59.433817140303645
27.669063246650197
-10.815804870556633
-32.27774630893023
-29.392162871005226
-41.512851076140535
-32.543492076799836
29.456451415046516
49.499631690186504
-69.99370199557333
-14.690589138181409
-1.2346712925395167
-2.551982019589161
-15.705776962557707
-47.93989382979673
-59.95202669659486
50.95154567773841
37.484737728450284
-0.19221434134472304
17.126297536838763
23.50054257609436
13.036251400066988
73.43772619654834
21.46926343917744
-15.530061392533966
37.097700867474146
78.65561404805393
-57.043339999346315
10.040549496567962
-60.474547077691426
15.940162442215723
51.57508768601048
-4.902266452094139
-43.652480431455864
-18.438335868729723
52.81171815967366
-5.99056791336082
-21.262115650401
37.76303401126802
14.456306209574507
-66.97176623353047
-26.961178606247458
-6.761584674168091
28.49307726080795
29.41715620508792
-5.081741984486797
45.761693506013216
33.761613050461534
-28.976078933846267
0.007163868816832064
-27.745459107433348
-14.369345066057662
-1.8873800206769715
-30.573171912456544
-15.977394790091978
-6.906075668799943
-70.30434481889783
56.04446619892835
0.7743712708864763
25.980881083651468
18.00763623821868
-14.93851502571718
-1.1247313208040026
17.804241417113275
11.624583634065758
-25.230261233998633
31.4446355503801
16.007625779765235
-68.89653755197163
-48.33721971916275
-11.59133839796121
33.05101600769055
-25.161801831463976
49.7037727234237
36.78941991267814
59.16103374112163
48.63078546814825
69.83316927968212
-70.74105826304677
26.50074114127112
14.660023885144952
-16.507977725948578
-48.63447559749495
67.61869155626727
-5.991164690869084
17.067431003830905
-51.57201348947897
-9.820482074076907
5.392801143737955
75.36797211455507
-61.14182875262381
-13.002442705626152
-21.878149491884713
-19.736492808667663
-58.91491907302875
16.112520187620035
-7.348848519793307
-51.00315533696546
-48.16941460968253
62.44122003185751
53.555049179612354
-22.95578821784767
74.46179033624071
-61.10092817071646
47.905307133949634
81.53796988786183
-44.77926035912314
74.20269073353089
42.074280826642934
4.302050592795339
-19.483408343112615
-18.29251364104789
-62.61820725124258
56.3724784944163
-13.00705018087858
-42.652769672646144
12.269131031311034
4.689638937062426
-3.9936041223736822
-22.467585063524282
-36.834274146082095
-24.99034296165938
76.31329761844702
34.52757921030263
19.954234861841456
