15.573894592851772
7.791863334995694
12.591288920149022
16.75731697916145
16.451414873823406
7.2888305383767
7.780519686835311
10.100146122076488
16.880421822502907
7.608314431276752
17.38530003274138
7.393123452575169
13.649305181525726
15.907431858635796
7.615654293941019
7.944982758699751
9.081381162462243
7.583296889577132
7.657434188278425
7.413568184899829
12.463568105741661
11.488668428345438
10.694696441843664
11.317797688716485
8.000769268326337
13.447681569439439
7.394341019995882
8.339102219016329
7.505019533793946
8.117309458895061
7.289048782133373
9.099457619313238
10.686660798204723
8.428968493423667
8.000276232568737
8.009856645065938
9.927886437900064
8.09441747259698
7.274222668166343
7.705272535572861
10.078217185927173
14.363700688808063
7.289089208506007
10.844103016083125
15.28212224446468
7.91149476872985
9.04898310330542
12.982545455605884
7.400785283474172
7.7169985805801735
