27.84841665159601
-35.211170416399604
-56.556656729783086
-56.140104134772756
-40.73241646294225
-29.872310103869665
-43.749001837782636
17.63050451806211
-48.047226781647105
28.24363757198128
15.792844911005034
-28.931858024452694
-5.9370257575221075
-14.76017059103394
43.588308101023586
26.390347085406006
26.72281881286986
-29.795583416279015
48.5996025253055
49.301618090966
-30.883198945397382
74.44623580965319
51.07256038535462
-32.43772094232983
12.498125416167596
1.150171336053802
-41.02593838233337
-29.008039293734925
58.139784528686164
-5.9607714457351335
86.9036976097344
-8.110344829756755
-13.261015370694821
78.95113662321708
-29.3754324155651
36.38240469262698
3.1638997346772015
-69.23113309041398
-26.12333454073405
51.21350176065201
8.77927388783452
14.913552137201918
-35.16976990281134
-24.81718686745107
30.221945184214917
-83.6172098394091
75.9660528718631
-59.54032036643201
46.13159704630692
-14.601197412028256
-1.462443073454807
4.476686216645916
64.69248332375201
2.4394631137943037
10.615076384551728
15.762853792999238
-20.525566199418392
-73.06816011987087
-1.2946047472224649
-1.0995072050347972
19.46179206162823
-31.52448598814381
36.57855973824158
-0.6319252336660668
-15.61050404608909
-14.385000860475373
0.019184994177734893
40.05385492696303
-6.760992549758555
-10.071066392569875
33.32518907973267
44.99162317384807
-50.41219458015719
-44.96367451979966
-20.23514545420157
29.03573553211254
74.5339285121955
-36.31671906139038
-55.699256267675615
-38.879731336385674
-14.828996998026739
3.6269851905912844
31.63368327605872
-14.591953239448998
77.3172263358648
9.425740235017884
37.82764208258453
64.85771284660282
-54.45200527998582
30.62178034988696
-51.88480917767601
-26.784753281121652
82.68510091245301
38.3439998739743
-34.65859358333344
62.77046260822058
-63.46774922606382
-29.72409783875068
24.910165145925347
-16.468465752455174
-1.538462098710454
87.07231301117949
-9.261167346416983
-64.5466937731737
23.946030566710007
-7.595110779512041
-63.58054542951522
67.98608406152525
-60.70424575837817
43.65566720421231
-1.067213591643494
-19.388876857950365
8.48561828141554
-9.575597510291956
-72.00028692539321
31.006804292791173
24.438682694178055
-3.4081069202463254
0.3876727484661444
0.6889081524658422
-27.109134590139647
-49.282065501863
-4.503902152738689
-30.516407104441654
-28.56957623355784
4.131641073206723
-51.784239777307974
-51.90929585029816
62.15430420634004
-54.37568370636037
10.357050643157407
9.934193315311944
-29.13615617987162
24.69119999064428
-17.088543948886596
-0.6921605760651914
-25.580763986564307
-58.269350922210144
57.01844260228344
-48.89053908973525
-48.352291765053096
-19.154843341953438
-36.315310898577565
-46.15352569122128
-7.891782589949642
6.335077218959029
-40.36798631346122
-27.466353457109847
-69.76594757543975
32.36417744197766
-81.73821655938899
-2.340332412644699
-4.80421176214773
68.7357839871614
-3.5782996061233945
33.5403554712436
17.784669887083865
-29.969046496450986
-28.473592691409053
-48.28778716398946
-49.06103483758265
21.43414971149862
-34.41315916932876
-59.187067627756136
65.56854193185615
58.45185552018461
6.507803400428074
-62.596103869403926
-39.669140813847385
-27.757689969225353
76.32593871643712
-6.16344803557584
-0.40412049786979765
19.47917963406863
45.69309607874328
-10.646118517164908
5.3113254969967585
78.58711746469032
-6.108076430563841
-12.744265700401968
-17.125000382348148
-58.775353577636174
27.648152756806923
43.965909621058415
88.54398346454875
1.8424823383549978
25.31427815745461
-28.53510723436419
-34.30457147880118
-41.83389337638658
-14.105146008902722
-83.90282947026087
35.79495481220496
44.11174182412742
-44.32856047107553
62.413890065873915
-45.99948492493043
-14.997843964817704
0.4965133063182918
70.50013862706186
59.88682668965015
-49.27017773725842
-54.626391110479396
15.582682599415975
-47.929932007290304
19.720683249368534
30.170142883060194
76.01416383956393
-41.46624138887082
-11.382986795597432
1.9376842359322382
28.012407926631724
25.178608733752554
81.22845662074812
33.32018456267937
18.35198976243875
40.99476515229881
-28.906615991395284
77.23400961421694
4.845835050195774
14.053739695033613
26.925825634140807
64.19033718521311
31.131351255517814
-3.8062064929732315
-37.951248016249316
-73.33951168270859
-36.42496822749373
6.007740044428914
-28.667057658284108
70.81869648133576
39.74816988423521
-20.41451839491279
-74.55952070257435
63.51049827399038
49.11496414576564
2.6195108101574647
35.75973549212054
-76.37593906344489
-30.87003865356354
34.10138848585524
-39.3753291662496
6.930763752550234
52.750447985072924
4.628459929226608
-64.62907554075431
14.63757208832105
72.54608032159351
67.67832045492753
22.386142828678445
61.80661869126695
18.666570930004838
9.901155665724787
-51.25359900742444
-0.5994065139225029
58.96992151462061
74.24668316226536
-12.995592005432584
-76.51306287685259
-48.69038870873978
80.10120024957189
50.447257684579085
-27.84573682606451
-41.22147610081916
-22.960414954525987
1.0523142341293124
57.7764003664017
-23.27301592399158
-58.813176487261025
-2.4426913863522657
-5.489220384351128
71.36500830271129
2.3032073709441363
20.546173181485784
-26.411756467566917
63.84598104950609
-9.41533879624977
-33.894269818291605
45.24823947311714
-80.73765008264452
4.256208422176229
-41.020929690503536
-10.495133289834556
61.904733641100734
27.628678605744824
-32.59247890245665
6.221755209782998
-0.9403257364037643
-2.8413926067525495
-53.51055818585332
23.59374832797758
50.90086277677102
39.62834890931467
-62.89749445625003
-40.33027376735639
70.70507023390368
13.744572275076024
-25.140615679963005
44.121520678534466
5.578858509500336
52.50726352889248
75.76730302547094
-4.667542701928568
-67.32164485952534
32.981356642378046
26.572209200146062
-3.514793645593926
81.10374497330812
-32.132622125115844
0.21844571984615868
-36.36668404563076
61.26826563723952
-34.12560997466109
43.00670239370646
81.9352018653286
-29.877759395385894
74.23732031357531
-35.60565508469253
24.4193533581322
22.382877903230025
-12.099234659712721
-72.15017369236023
-83.07547268345836
34.357991987123484
21.484715241169
65.84583865449943
-37.66786290719676
-53.9910216466792
-70.26589978353825
76.46452142825044
61.941047224141045
-3.4562087534181813
80.84614137621611
80.58049211891813
1.601939542062894
-7.869093466694181
2.4454641645093744
-28.50046291240365
5.500668069613553
62.31528755755275
52.140735618898304
-58.11189813526823
-79.24313489025309
-19.859032901724333
0.7074360711087166
-51.903284789809604
-7.328968611469335
36.124248119253906
-52.15200850382727
3.409843482365133
-57.96337579266873
-4.938943931890094
35.028934487058365
-34.13169502174902
12.095303027968356
2.1464937520485563
41.925687927532124
-12.717548487571833
-19.60477385911203
-11.62848542329256
-0.3654432324887438
-34.105414043802426
-13.237036213732566
-29.235022754342623
3.545850756708873
-52.66489654957779
15.465712980608501
80.56786867770927
0.4829773635560599
0.7889667966545062
-14.694318210353543
36.55294635823833
10.1407769305019
-50.264651512553506
49.666992710329055
-56.65263202131598
10.112235699404891
-35.728611464570335
29.1912479259925
-69.67823009485878
9.806265209336587
-29.443813929106156
40.54389653604201
42.27884986963207
6.328811879283549
-26.276601832170513
81.4876702666003
37.95330323848839
37.58150721828352
-20.14356691799759
-19.442205922331482
64.19706437386156
-21.103032442887397
48.921259440638124
49.86987437744102
74.91463098801555
-17.213739696183836
-67.34789365639669
20.189040066557197
-60.67345851025006
-62.964843979128936
32.61164057716721
-18.577307757950805
-3.3563102645567966
-10.04164893735134
-34.895066126261305
40.40217622987106
-23.801003214860188
58.35444751579951
-43.31651334714093
36.79077038377511
-18.23469197554968
49.916498035465736
-16.383483381495395
13.286259128444826
3.4349841353945436
26.612969226346266
-22.984735644568744
79.83071387944648
23.074073090594524
32.54906233511238
59.37423504070151
-0.22278525312674446
7.264225667004283
40.51572738722737
-57.81841913220773
4.184998380805979
68.3350824188428
-79.49347713203849
-9.833166079287054
69.39246757958196
-68.97726338791514
-43.60024986483608
-11.081153986779512
-72.50417827095228
-38.07755683008199
37.28139303781765
-52.476091632661294
-23.33136248610529
-7.477063936463367
14.459050556723525
21.882951041609402
-62.936184767791346
-60.57729535413549
-75.78831727443516
19.93650834243026
-31.203133175012994
-62.078586218461
17.778548651257168
2.983418022790687
-18.976403233928053
-24.449426772490824
-9.085457569866762
-18.567018335986234
-51.82918925880894
-8.743790670763488
24.181687994625932
7.528688889483831
57.3465756635681
11.951286007559645
-6.739753187028398
-65.89516508248589
-83.48792328301667
-50.010290044944064
-41.35366088654069
-76.83792101498048
-18.13422425646735
49.29011362529482
36.518904592831774
11.205327181591201
-32.82257404357931
3.547171951368611
-46.42950162801172
67.59856398782614
-51.89179520986204
-12.496452920645282
44.759602549225065
-46.46040807360038
-8.755558039654133
78.5217668500093
12.662954747441034
-0.2286105635787834
-4.110149891830176
-13.094582529261217
52.530808095994075
18.46865428854386
72.18703531038375
5.476788905177031
-26.147745159173525
-20.728237255614047
-52.01825736334512
-21.354282868946484
-3.057954499455988
39.24168729474718
2.109113065940619
-71.70164967040581
-23.07112426218974
-43.866634643770524
44.460296482707946
-11.334578376765066
-40.26799182596384
10.898628667575977
7.383086269772676
38.43889094463523
-52.15625027195031
-80.62687227786098
-2.9859907440449405
-23.390918788045497
-47.24461566255523
-62.313203856988515
46.592226842715434
-61.61655580568057
-4.428159965446326
28.63408739401494
-24.869097250564664
3.0084730741584735
4.545014421908419
-5.8514475887440796
-5.286279939223874
-46.78658577487232
-45.34030102471604
-25.52355433336217
-1.8613184689451714
-45.79950123601738
20.387394067893496
-48.41551612584052
35.56896927325863
84.81598134194226
-5.265064041775801
8.50370934651346
-1.977619659126745
31.854057139662018
-16.09072769540974
-79.76814254117284
59.05152417872637
84.77798708667467
42.011987672812666
26.82239785663566
4.062596766077618
-15.071912681900628
72.33635762879032
-24.37634337816847
-82.44756806981604
-5.939736800217716
-14.156891946096962
-0.8227610014044586
-19.359197582459217
-13.796941933372892
1.0771090166294357
72.36587943048366
-4.575262744849198
33.11429031638892
54.01813587146705
51.737242731064555
-71.46886238905259
-26.839690323674134
-6.764555258475156
-43.60854749341546
33.078972989108394
1.3014231601214448
-57.50360490205155
14.02897486163414
-15.724224642572196
82.80056630784227
-47.58558569328824
-10.401284222260358
-0.8782339275561668
10.61449159581609
-29.998630585568648
-64.43610067552694
-59.91210945874805
16.904960848847125
-22.120065695895818
18.594072329303742
-16.374043475703274
-11.853712007885235
25.747733371768632
37.16812418426662
-6.987861318420471
-9.175011775675443
74.03209952046524
-44.125777453585634
30.583920115987638
-19.36518511532968
-13.356753867292596
17.920315673337456
16.559626683199497
85.26283582746689
-41.77200997719931
-31.164061310927238
-15.73608887013944
7.944841412755736
-13.030004112335078
8.29092346685762
-39.261782833583716
-3.0058989801099187
-57.82613632788881
30.037950332363025
10.8328365262103
-1.7880844754093914
26.16007421504878
49.22726673256233
74.40005906812965
-23.82165370319329
37.9389925667478
41.82755130191612
33.375235137595354
87.51377497763903
-23.062609076923025
28.814711449253124
26.59721588789185
73.62276826974147
45.872866638736326
-1.406999758718456
32.35776556266322
-12.411084616464422
16.799722496875305
35.31856868277728
-32.78916035855366
-62.98746315538775
9.722649340916433
-45.390089137040036
29.537003764756832
18.962270850673264
20.698772857497616
-5.210648638440119
-38.18233457767572
-1.4216550717532925
15.273575856952363
50.31481209692251
-19.028491674231446
70.49124458991804
-57.49042891836916
-29.63299762908038
-44.57314414148015
-4.5625502220877365
75.48521483790984
-47.44501340602829
15.155991026571058
-47.50747500909196
-19.88934908308842
-5.400324143503127
-66.54063649163109
-58.62580876376627
69.88039499571059
-4.352835136175386
-43.662601402138826
-53.67193910844285
-11.366961462925943
-1.9905672916221278
-10.809928658037833
-72.35286571381957
-9.57560376097473
0.5107142441470529
45.13486572145908
-50.80693673048454
-17.300030891916578
-82.94440522394844
-9.24724597761022
-69.99781759657701
57.190520956753915
-44.030502189778005
76.5930044869474
-25.60704187870479
12.195380106076499
-64.37683076710982
-38.794857131933824
56.1742880113278
-30.933244567601108
22.355403980766837
-4.7546925728071585
-55.23677590535176
10.41818234493735
76.26577957406386
68.20959909565215
-69.87008737839503
15.037259270127606
-55.87059701265101
38.0660461422992
39.61490262662312
-2.001391892282527
-3.958472873934838
-44.11937150951748
11.371589872281149
-11.235557605691582
29.242417589293154
-35.1430759061832
-17.325116228174565
-43.186275182735365
-27.301912102412345
-0.18821173732537488
-13.641115823187562
6.336623446392352
-18.323276442798615
17.940478001362095
-38.171987294168325
3.9278623454072914
-80.16971264378802
-53.02384925110952
-13.810345353652536
68.95018595168341
-70.29898280759626
54.673767031477865
53.558800244759766
60.49748258165087
7.172911077402077
-71.0867699702779
50.99406715923786
-67.15489477154838
-7.32677495621904
-17.11239603545117
-18.7136383810125
53.38755452122524
-7.056334787486691
-37.35167130609875
-53.83616590682819
-8.035777239535363
-24.642401023360705
-8.21008672195049
31.493179465620756
-2.898147553718715
57.77509423870052
-13.484888029333376
-57.01043711619293
53.521569164715316
19.20897291031561
-17.36260214913979
-0.398777864223419
52.44235402969002
14.525540944772757
60.81205145226053
-0.044595130584980325
18.313112683409585
-23.968615616474494
-27.186142657534248
-23.770562220848177
3.9095246521088995
-21.143958712802004
70.88209915298378
-12.482604254880187
34.91034238429842
-11.455660167873475
-66.59140314581157
60.89706259504723
-57.07745317673506
39.15107262535901
-49.99441401396163
3.511875358497633
-17.520546002914855
-61.889408663192995
15.096120574767909
-11.55822378551413
-47.61193357277977
50.35408125698672
10.38573487085921
57.02172063962172
24.994192775424054
-40.961354375143884
-54.423327395057626
-43.469002820872895
-59.95653156800933
39.741147899980206
24.93237620411803
-22.149503377422846
-28.73722538805437
49.664544177090306
-10.963708075195768
-69.53143159464084
7.085052871553415
-65.46858358579266
-23.370597255462826
15.696385259225394
-39.70610449640393
8.068620356503999
20.41132592404587
-46.10305836001458
-56.60818005935813
10.868923744029374
0.29376433146832426
-14.114090274820569
-2.5640495978438054
-3.386936337680865
28.867289345434443
-29.6660466223844
-21.214164966763164
8.481740277329763
28.927635572436145
27.00539467212252
5.53188925718986
-69.69710447478606
-0.35255375411828993
43.221978613972084
-31.324952572417345
-18.623230936209012
11.235926366000498
-41.924992006480444
84.66408415719945
-4.932522842692094
-19.433540776207934
-34.35050514857038
3.3880604788268727
-23.519108054061803
-46.24602275239592
77.34593818454226
-28.572403988299214
-33.29009850146045
-9.479731639460482
71.85381884632321
-4.095387339283519
-38.895239993471094
53.878567807122636
-40.95582948868184
-12.76324184587969
-37.1773371694225
41.6512679565497
-1.5575508622877834
27.741766215678908
-0.5113626712191888
6.883426161724444
65.67708690143368
-32.63229253998885
70.12996091603057
48.16765534228952
10.902902227723288
-29.358652090613333
-16.956139409008202
30.35503786948408
-10.241647328861205
-53.193992155689074
-23.524862427462423
85.0585488147577
-21.59823541071144
33.03007606978957
-56.20576884888568
29.90660299810851
38.29178787507877
39.49710405586322
-14.704760429501377
59.09182587578053
-5.710671839608679
-7.666543620198638
-36.35054618645316
-7.233368042558951
-31.40733969907204
-17.665193599683775
-10.276819873481301
0.683406678292684
46.45516618633826
-63.96490540735442
16.48863278649057
36.28827464788344
71.71718224227325
12.140253954347997
-61.08936211387648
64.45763903812252
33.4771742863237
-13.383141134024726
20.60991954715574
3.112553410000274
2.5802430379750376
-46.07627142409854
-79.45586787249471
-70.01478968786583
-17.404132693847558
17.681538372968674
-15.537318047092057
-69.58123856300925
-0.8158201797151747
-44.13553063163152
-76.31983366658652
28.78535077043665
1.0764185817043597
-27.825017097001123
36.922012223089354
44.14015285766027
-59.47656858347088
27.659387751846708
-10.793357822898486
-32.18773742149641
-29.380329020022586
-41.50912557847253
-32.468563760416274
29.497373646043485
49.493332652521275
-70.0513308784132
-14.634379623760196
-1.172247109632309
-2.452524398668686
-15.594416249206049
-47.862121175200414
-59.98052291615182
50.87681589672317
37.50003737593266
-0.09848487497005465
17.087145501952435
23.431774775122705
13.058790181515135
73.35620020767567
21.424596386773075
-15.493096956990456
37.03163467274152
78.60418749587089
-57.0125875043114
10.119869722983324
-60.490547530707694
15.903387724474982
51.568234258039524
-4.90768348974251
-43.6158421103206
-18.404170548615383
52.80958235426118
-5.9903914616883895
-21.25610344570032
37.76835101483488
14.46641263033456
-67.01373841407131
-26.83818197072509
-6.642048420762066
28.436847773765123
29.342730047981505
-5.065833788278908
45.767481161797406
33.782618817133056
-29.01127339955741
0.07415460462016199
-27.75098521006214
-14.389098878277935
-1.7963834458014958
-30.520551835397868
-15.977140663944965
-6.875747022173044
-70.36277847993289
56.03526917824186
0.7868562926109774
25.933818775719985
18.00769408927789
-14.904343780866625
-1.1211210481313998
17.8257716904384
11.61008811542115
-25.161237828356363
31.471300501095214
16.04357223522129
-68.93929910884862
-48.26903340173186
-11.599021606115997
33.0800759597403
-25.1110348343051
49.7068484058309
36.744479810763835
59.15041814881306
48.63742698635551
69.79212162009526
-70.72262850746642
26.529732232344145
14.631008760070003
-16.475902605182725
-48.59492553742029
67.52546221145306
-5.968039722060482
17.106889548276513
-51.63531747810818
-9.790077888975134
5.40760995141062
75.32499560608682
-61.15496438065068
-12.99901743235408
-21.878452433139714
-19.68768127006898
-58.9788031950969
16.07531555122209
-7.353866344586706
-50.960488787231775
-48.15301096548988
62.38627316353217
53.53880441497134
-22.872036593469787
74.41674215578479
-61.129116526068344
47.85829813550217
81.47341228412739
-44.760953430274746
74.15878760693789
42.089992326787836
4.380113243214851
-19.509055241177364
-18.259711769446028
-62.66222462743316
56.36594126586806
-12.91124418218567
-42.64358266999461
12.274768170637913
4.688685635795579
-3.9681607934145973
-22.409618028511105
-36.78804390615356
-25.001775577688107
76.26399918504185
34.49010503786323
19.965380630943898
