15.42529336935797
7.918306315219701
12.527319433594563
16.575185573927516
16.27795066409408
7.53824750934229
7.909735793768404
10.108580009448463
16.69480245910791
7.779628722751778
17.185375837578984
7.617044440075552
13.55529013409608
15.749380446208427
7.7851742447500145
8.033993375229983
9.121790456554258
7.7607270982687355
7.816740410730213
7.632491147737595
12.403225636695716
11.455566286946102
10.68470550836146
11.289795522519633
8.076142027117598
13.359392232220458
7.617964354687685
8.411077743192909
7.701585828422801
8.199626095896942
7.538412400105098
9.13924565951626
10.676918885351345
8.496753992270623
8.075769521423044
8.08300785689137
9.941658567832555
8.171983950902234
7.52721075439137
7.852883949024483
10.087330640203145
14.249398227577153
7.538442943638269
10.829482046633775
15.141787874785155
8.008692031928433
9.090505857873282
12.907465060379202
7.62283322029402
7.8617433846181415
