15.562424160837509
7.848949888016462
12.595585642438696
16.73964024574546
16.43534240333764
7.400996195916421
7.838848301977776
10.118534798687282
16.862099482099403
7.685498499450062
17.36432992567387
7.493869655239716
13.648020955059685
15.89421223476569
7.692034690732348
7.985303643957377
9.106656087380589
7.6632202300272025
7.7292399347040766
7.512075810763538
12.468538544822149
11.498580832118371
10.709140828200546
11.328741440454003
8.034981862007108
13.447460890943383
7.494953906257057
8.373303545099187
7.593513779937697
8.154630816077344
7.401190543277543
9.124588498675497
10.701158493608517
8.461905641312487
8.034542810737609
8.043074224949184
9.94741789783945
8.127397809604748
7.387987800761219
7.771840267005545
10.096751340702316
14.358648084800961
7.401226543202401
10.857556228312177
15.272181973748474
7.955482390057331
9.074516198090006
12.984778331852322
7.500692561146692
7.782282379706868
