24.838721129598767
-31.35574060250987
-70.0439736541428
-70.90675336554185
-49.334377053040306
-25.404191811027943
-41.14071739964759
15.787120544120796
-53.30541632835083
25.33642877127464
14.360912179211297
-23.467693608723593
-4.25486241467425
-11.558585888420808
59.094723683343716
23.465640986916185
23.954112366831595
-28.37303425279677
46.542096698238
49.98371348641055
-29.851927997136514
73.034927523091
51.247343127127095
-29.370624988426187
11.48100241133777
1.290911839468663
-39.5328208950794
-23.991213814254095
54.183363883457105
-4.225415896329807
90.19187941511825
-6.488464896205727
-10.448251518572945
80.17927688870182
-25.731677709379525
33.38383900427843
3.071209850399299
-68.68875930554594
-22.08969716939822
47.190895422705154
8.277985723258638
13.512035048083604
-33.816187323694564
-19.95925443401802
28.884433799376183
-93.31862489884256
84.26066879147606
-60.04050537251965
44.715976885912596
-17.667396422068308
-0.6969080378951702
4.576653123414758
62.0809023149703
2.8717888927210566
19.536961782164298
24.466480991895224
-19.9965103512655
-75.3030780703749
-1.148181865436058
-1.8153957228155946
17.50186805990174
-40.47926303129674
32.944047389294525
-1.0581282587594245
-12.620429633080633
-17.978663192459493
0.7541034602147789
41.90513823448185
-5.543514483820417
-7.668747464487254
30.068482593770625
45.829066585247034
-56.91692550429517
-41.34221435460672
-16.349979854249653
36.33627586485065
75.85591647758727
-31.6944218695171
-68.61238554500935
-33.86818604478345
-15.868527212389338
3.2893689139024076
28.64671075980543
-11.497979333411749
76.39464079576493
15.940997178895856
34.95956492346207
72.92813144453751
-69.58161822596043
46.016153124837984
-56.38038205703033
-21.78650613857495
83.74299090505983
34.84758439002894
-31.210909352335563
58.71186351524099
-75.7232582633246
-32.327259116128886
23.437399854395494
-14.803686570566569
-0.6252622879686953
90.55532388858686
-7.324634504979443
-69.13106382758194
22.02634753328951
-5.594411219237813
-61.13688231421112
66.63281596984899
-58.5537590354708
41.912646355038135
-0.34096969030767355
-16.420402913271346
8.00889498794318
-7.859014210235159
-75.86817194826125
27.701464596707623
22.438170502856522
-4.364032470217381
0.6510147153653065
1.2636054241392856
-21.923919141536672
-48.736705221872846
-4.9609552244984485
-29.59070689245071
-26.89408453787182
3.5766370645821866
-46.65642420418316
-50.92475902946083
70.4968158599691
-58.008069623881575
9.30968243706242
9.255460901676116
-32.68284457467158
24.097093406614476
-15.35037939154357
-0.5170470203587314
-34.772446268468435
-57.218622082373294
52.80960215048913
-51.12464454427462
-62.41258951027726
-15.25139638653036
-31.453250986388184
-42.53839631713053
-5.959712991815195
6.183800156380045
-35.054902087092756
-24.475101579968907
-73.0792263021921
28.97342693384131
-88.12181686419989
-1.9523126205366594
-3.3208263037975314
65.03036387715983
-2.218435264573543
30.055304895128813
16.120554639921863
-27.487103377767085
-28.140636433459477
-51.71093145111777
-57.22948319779067
25.60761247724068
-28.618202845258523
-66.83989516848632
61.86854412792425
58.125097414051965
5.4081205330801225
-74.83391112678993
-34.84052780940713
-22.61459674955229
79.86091564421281
-4.563687342974248
0.1785761450378942
17.550039257509653
41.47538798712242
-12.902687953546874
4.666414451051466
78.96818064023765
-4.416659389350443
-15.415345616299945
-13.678666025207008
-57.756924771496024
24.676359691932674
50.287643501632914
89.22954766784764
1.5535844355927964
22.707169231101233
-24.517798779067178
-31.562788662516894
-44.50123438787703
-11.176534779405316
-92.15813476538665
34.65021640769217
40.37094123965497
-38.25054227224838
60.74173309078009
-49.88415061298388
-18.83873425045188
1.1092955769899078
75.17802114793764
56.107341201801916
-54.44452284051319
-54.56833414736365
14.619290974409068
-46.6902723612927
18.973928652421833
27.11462749952986
78.9343279750851
-35.82344274373975
-13.25737858959522
4.11656115817442
25.37304908032273
25.593693224562543
81.44763353608258
29.980105362273108
16.606206157448852
37.2779358759625
-23.30997224282885
78.32918973267215
14.706302165145289
17.041377340714007
24.010034667139237
72.58314681554924
35.5075985687202
-2.93939866826247
-32.628043626666084
-78.3457386674839
-45.39536729991665
5.207386329900032
-32.518675729022846
78.60588147425361
54.30046668152917
-16.41169051389943
-78.86560813131248
62.49754913376458
52.68663717392607
1.9362422895306253
40.44025760397531
-87.0482423240536
-26.047885998148473
30.53492942414104
-38.274358216266194
6.677023063561236
51.810109638520004
4.592147094280534
-64.94286769065651
13.30687492801259
69.70153084041473
67.62001145773183
20.602438017084282
63.636897250377416
16.656739836814268
9.078185471463343
-46.29622745424912
0.24926471703710718
55.13389781224521
76.19667579336468
-10.712719222556387
-79.24991765124703
-43.170371159133396
80.05430459873173
46.41682426897975
-34.07867731665984
-39.743715001493
-18.42555836773664
2.459564001794135
64.09184198116589
-18.64432986180789
-61.8866609747883
-1.7720299394638488
-4.323754340025388
67.93778364804552
10.28688239893134
18.828759189549558
-27.78168887830644
59.8681563291957
-7.555956934294301
-40.122685619788115
44.174818713247106
-88.5247792596374
3.756374300960175
-35.11261126522487
-8.074531391113283
61.6050776862387
24.712145280839366
-36.68635469810744
5.722127222949723
-0.23389110124864487
-2.0530121595860606
-49.333856832345866
23.38570148693306
46.73033158967834
35.77255276570659
-60.16612768701686
-34.66306961911435
79.59250458226046
16.267376718745737
-20.734413231635102
43.17980287850921
5.4300451026462895
51.01631626248752
84.44796529014417
-4.330633883361301
-66.45518495237805
29.796819071997305
25.143911924078324
-3.7983720074473553
80.05859062627533
-30.112750325375004
0.9705600388963518
-31.280659095612563
57.433394134763915
-31.476256298185334
39.45470657145984
81.9305267965211
-30.37600755578417
76.09351019330799
-36.26498863462449
21.77559603841668
26.451934829510193
-13.219501728077532
-74.28844585054568
-90.99613544551273
33.02041196178433
19.11858396804469
62.97101995929219
-43.900934507780256
-51.65198713998511
-70.36556111914635
80.97038462424408
66.72157348567677
-2.3125066100038936
81.03128929590895
79.88361765907965
4.765035907092752
-5.8752054418000625
5.357062246452173
-32.4291956482698
14.272132729949206
67.39769520023773
49.61430218155675
-72.38749611437032
-85.08634295351254
-23.362026953284044
0.5916044191738905
-52.170004058555385
-5.4642527481911
32.50187636881623
-57.13002557926674
2.6377720462897685
-64.5573231442811
-3.4328450153767562
31.652010472937206
-41.0348079545615
10.692900596030512
1.4576194557106419
37.86509541029827
-9.896376878971694
-15.475661981267564
-13.541988738440807
0.13722023486359092
-31.385054549197065
-10.429598704661885
-24.612620162124827
3.5028487780530497
-48.1509875572702
22.698648485496335
80.99256384191966
0.4869801385674748
1.1889773227998433
-16.789120309677827
45.923444195082595
18.730283442007746
-59.43942044819149
53.356106091139736
-56.78556252462351
9.40461100186404
-32.00202749885973
26.046391021860444
-71.9540423160476
8.988148815405282
-25.401498863050378
39.126399154329164
38.60891431089422
6.118631420023519
-22.059152650649793
79.96214793673562
54.974075159978156
34.2224641829408
-17.93037668014044
-17.72496677379786
67.82114287820508
-16.7922953095523
45.09996226603687
45.61711639265937
80.37640613576451
-13.695042060527044
-78.61634897137611
18.055350423108763
-57.40596231092553
-62.615466207959855
29.20160545702855
-18.132087761998378
-3.795167866545796
-7.813626630417048
-37.533136761831386
49.190972196280995
-21.063221880130527
63.22474634304166
-42.09160072722796
33.38455575557043
-16.384345068471347
45.970282074843965
-19.744446343351484
12.2258428933619
3.7183088990995827
23.725927425325807
-29.952283997648934
77.70768888053001
20.856971779576185
29.718939127943642
57.30697088572043
-0.0020076882223065695
6.6137083196421145
38.24767089638743
-58.23421369048261
3.5921759284859576
64.61603035803492
-85.45017641103132
-7.509861199954059
72.43938427525921
-68.5849002469683
-37.90401655200579
-8.798599148507648
-83.2299599721606
-32.561275098748226
39.81573920048791
-51.210169313305784
-21.18692632623784
-5.507756395696589
16.612854821136054
19.77031153514534
-69.60426920668657
-64.48328684359535
-82.25622357410123
17.661668056169546
-34.85745961565009
-62.89983773109551
16.152152280782985
4.61891778945828
-15.121960215414134
-23.279635935934962
-10.357156188327863
-14.78452791588927
-51.96294962095385
-7.571441163453599
37.354445946460714
6.575675491587731
52.98954044904019
17.37169554127439
-7.9443381850381485
-70.15460998743981
-94.62080633080575
-46.495332082647494
-48.95726897330664
-85.77743706955287
-17.732027146394813
51.425311950803206
37.504374048616995
10.237577051435352
-28.85286617032895
2.96175937305928
-48.816267314194754
64.15025913262224
-58.52364817437191
-12.102467613787994
40.68001867581279
-41.23860932039265
-6.669446511528918
77.40712453882819
11.470325267354198
-0.09850790325261016
-5.074534793366993
-11.537326687963485
51.44038959289762
17.234421596621758
69.71392522455267
4.625283758046976
-21.014223394445594
-16.507982857589155
-48.41204355651409
-17.48965851998682
-1.9626925143093388
46.18396219219861
3.1013457479916156
-73.29007642131714
-18.31566361971086
-54.900858205659866
40.345106169638996
-8.728374155522658
-35.1775016202284
10.007298706641294
11.632065848827082
38.59420005887611
-46.86017037770307
-86.83798794735102
-3.1138746958311287
-30.64761418843922
-44.65924543066687
-60.314837007598776
42.361536295851465
-72.54292053358343
-3.337193473967602
25.537878634217478
-23.0200821090543
3.2855613985640275
4.664260035781481
-6.04404234252965
-4.350152745105788
-58.62816349160035
-52.04935872561579
-21.4685621189859
-1.0697092176566372
-39.68963091078995
19.84063418205423
-58.65823760474221
31.909917637495
84.80622922293924
-4.189184466639645
8.033211628158199
-0.9557759953432452
30.04536913901599
-12.631159069969598
-84.5836851506591
69.06156009364943
88.56512065324978
58.79233969493643
23.993256750257757
4.253140057049137
-11.927432270303484
77.70112348353607
-19.62992096584952
-91.71879604523932
-6.739674491816402
-11.05181688593757
-1.218745517867049
-16.282848360998955
-11.06475829547
0.9703007324328468
70.16500801924704
-3.485967941481732
29.678924340179194
50.28296820720806
57.7348874009883
-74.86157336327179
-22.63222384599534
-8.140520458002143
-45.68394564373409
29.60447908800758
1.8702686139960463
-56.067231160741926
12.788417470359363
-12.601105177850584
82.65465613309516
-42.125459712871546
-7.937938838692801
-0.04946425995119341
9.766855443142319
-24.423742850972403
-68.22151446594452
-59.45891203514566
15.48625461592053
-17.535470953684595
32.81617395200317
-16.29478390758922
-10.548727164569698
29.649881035556774
33.854187563001204
-5.437882166235312
-6.956375779722293
73.6148285670657
-43.99004050050264
46.862874422962506
-16.783288568821533
-10.72947484170274
17.17892265225875
15.73042304145622
86.986966887217
-50.915828608396794
-30.635191081439956
-12.341520891429184
6.7540357481218365
-12.758707344454919
7.068782577826838
-33.45508560825215
-2.0184721736778073
-54.99504014692007
28.344907872929454
12.096666097468855
-1.4123457935813803
24.50128874787407
52.75878141371081
71.38821345966201
-20.287579192003633
34.15497645652903
37.9339350830428
31.611622176435418
88.90445983308717
-19.81145040953517
27.83585522972467
34.247885559119254
79.69515755464329
42.98800060457131
-1.6442887970425346
43.69732746698696
-10.040525686472094
14.924504196382898
31.727113182914934
-36.34604126630208
-63.805332823457135
8.648867609521645
-50.99065079105375
26.32716408804005
17.138914069482723
18.78751074018527
-4.448839482120363
-33.11001838411792
-0.9032103827165656
13.890185976749862
47.318342355822296
-18.718462522315278
72.74399405616404
-59.52902631403975
-29.095991976696766
-41.65729486782636
-3.0791299517668307
72.99685351811237
-42.14654194668267
19.71381740815356
-43.65936079255634
-15.71597826050808
-4.572496757192553
-75.2785935450161
-61.87517937960808
66.35380513382535
-3.3836334146601104
-37.540088141886564
-53.64972227119341
-13.181223580851338
-1.3041707800050233
-13.160195970159464
-73.22187410026173
-7.4598814700272555
0.6845909306356788
43.397006015881146
-51.58301838799584
-15.250516804023889
-94.60181551078206
-9.829439886745703
-81.58946093861859
52.881283317510764
-39.93111356965512
74.13903358703104
-29.757446421053388
11.036464744052026
-62.79785798745028
-33.75184433094087
53.274521269962634
-28.312038671938907
20.101000477007673
-3.541554271236251
-65.6846221994671
9.366177385940745
75.90972382981474
66.04600814144004
-70.47635182078841
23.78792181747366
-59.33011934162341
34.4023003101575
36.15024415564247
-1.3541402011850323
-2.963441347127045
-46.197633316939495
10.388416298556137
-11.963819082136425
26.21011682553565
-47.527531321537346
-19.026596568151973
-43.27418816250126
-26.295395742709005
0.051837607706929134
-10.626352047543605
5.87951997140722
-14.432680268196663
16.361976677711255
-32.20505150415954
4.091621826680623
-86.56991719669246
-53.56501730454456
-10.837719136561432
70.38203429685177
-78.7712255904043
52.30788608659984
54.64214980613559
58.26927661783182
6.901262466163601
-74.73857358154899
48.19656218364406
-79.15985107638937
-5.42572046822383
-18.06023713147617
-14.774179224779559
50.17931530403439
-8.501915040617945
-37.69287906493744
-53.06632233127683
-7.264984319531038
-20.0108548791724
-6.3077649452216775
36.56044474875998
-2.4240057929528973
53.444227415276345
-10.60602775010976
-72.30773718116907
49.5041358051524
16.98686638070714
-18.02397684813218
0.3604082438543088
48.19727675838922
18.43980737799805
60.88084757103272
0.041849670716445075
16.217121068113002
-30.893569675918528
-24.99307250034883
-18.948372127709078
3.7400242706285383
-16.713018242204598
74.42708954825235
-12.335626197560401
31.281081752492668
-12.737447034106665
-66.50755069688356
70.33585578917484
-66.3222011006137
35.30476677735919
-44.6059205947346
3.5773670521255383
-14.015186603740744
-71.86718937520837
13.794515445307482
-9.003218198158564
-49.14401061201524
59.28826618390275
10.312458169705096
59.563648114400905
22.92100997965828
-50.07231232790579
-53.07824734391981
-38.019776552232855
-60.206397974156474
35.7991046625346
22.376323204252245
-17.643781848697913
-24.331874141191648
45.421294051187886
-11.708986619879013
-69.55381218762265
6.209916275232388
-72.66493759397139
-18.795483456433217
14.25253462757351
-34.40057661951984
7.668456114892834
19.51432563065991
-45.432233100081994
-54.44640130015752
11.39744402087058
-0.25565102604178946
-11.488204304749672
-2.6947062696761606
-2.6981841684910535
30.117660220983154
-34.395094946146806
-28.357964569974513
7.707449319400723
25.815620510798738
25.08189640630208
13.981079241630624
-78.94666839187724
0.1201565818390975
42.81883303849648
-40.73634520056192
-14.822347931525684
10.339065487967773
-36.44016661139855
85.48990918928595
-3.3830661523099366
-15.477077047039387
-28.312025511924148
3.62396522817383
-18.723533033182804
-57.13075450831413
74.70624148486658
-23.670456665554823
-28.80348662187282
-11.455134353388218
72.02311842595734
-3.5557477029538376
-35.66543015684823
49.99786193263901
-36.56338257069757
-13.757529848001994
-32.62929350508256
39.40246877951361
-0.9809326391577429
32.279044251081274
-0.9453795543305148
6.6289455427407376
78.25008870139976
-29.151931421959844
68.14757311145246
57.281936606934465
10.083036559182588
-24.07790148193179
-20.024708139661
32.87991633221276
-11.835236400880405
-67.378337030645
-19.71042649143574
90.239935438706
-17.142559906633124
30.78596294302102
-58.469027395694674
27.078407404409035
34.43613130295685
36.53234708625621
-12.436725580747407
56.58682431325272
-4.012944756446018
-6.25860048645572
-32.034318245345446
-5.429626887552757
-25.723736132108073
-13.947706017398602
-7.944572178434555
0.019132358956369444
45.77043010611817
-65.16765846834649
15.37074566386687
34.11236064031388
76.30440982781221
11.17145308050128
-64.905600452633
61.46221765236817
29.96539876492949
-10.487961107617565
18.729221536519418
3.1180458365101913
2.8142818520128685
-56.755971310033985
-90.10339003070678
-80.27159194615518
-22.47346502874028
15.673829786202461
-15.27047081985532
-72.25701720947244
-0.5024052465219881
-47.178819766200284
-89.57100021572256
25.796488498292433
0.5879327909934773
-31.149635773259845
33.651281339875084
40.042006598431584
-58.800306548379396
24.983987562860136
-12.690898947068504
-26.578641680357535
-35.136450233118396
-36.9224310127267
-26.997909946815483
43.68921714053613
59.846431924771395
-78.61459678852626
-11.485294363999074
-0.6825812401700233
-2.2562593269715308
-12.233597012351993
-41.94671765967975
-58.529579325868994
46.8010864458555
44.81746792622434
-0.5977503416991112
15.216485980541009
20.82876494450953
12.286054579469052
71.1520770034459
19.16827242808489
-12.319780669206892
33.34144893866895
86.88672090722488
-52.9032479581375
18.256942109317833
-75.90315607494878
13.920122899899596
49.58763830418877
-3.795361678196983
-38.317104086887184
-14.873150099670667
51.9706077617148
-6.404903731709098
-24.307282708021305
35.11780783240886
13.203278256656645
-68.63760274531336
-21.564397624344906
-5.471090721984552
25.44138752287266
26.216317368323516
-3.497621877716213
50.792069768141744
40.715279212910815
-29.80686017194448
0.12549241249485021
-31.455170222759364
-13.872334858963072
-1.647222950989601
-25.478746274977155
-13.235822752294126
-4.992891509885709
-77.35128147973133
61.24052484664719
1.4652994491867446
23.207857637780336
16.32718783582628
-18.012803419817203
-0.20723460151280904
16.64073924694455
10.565830917680756
-33.55543725672322
40.6861772001005
18.064150941644343
-71.44267634745458
-42.52994949667709
-12.016826105040721
46.35929315537902
-20.617202184730743
48.70837360885673
33.17389594745265
61.551686441937505
48.32142852540932
69.61946588852726
-70.51018355134116
30.07132279161982
12.815014135078869
-13.211526275952835
-43.40768826155993
64.18041979515246
-4.238274496456384
20.57575995004248
-52.901112527417574
-7.465069384677207
4.756127991140531
79.38951150870619
-59.255212869059555
-10.549669364514415
-18.49605304656798
-15.864363950833749
-62.58136122492754
14.157754460804597
-5.8656707396744
-45.871482795799245
-43.45902475244732
59.47652724190874
67.2098457201582
-18.382839954941034
83.30738023841471
-59.93957899437046
44.053191891581434
83.08210711865453
-57.87138889416745
82.5558981808262
42.96885026710905
9.07404884976539
-17.51149740907509
-22.174384897178868
-62.95498107699154
59.46655950912424
-15.53938074754771
-53.37317723962404
11.21688657996097
4.776042695137178
-2.5479680973890737
-18.16472796736295
-49.33223069073687
-27.48488031047188
78.07453770187047
31.09828358792248
18.22006853642283
