27.856248211163162
-35.20905914169418
-56.55618310983859
-56.14048187882139
-40.733143059914205
-29.8738082066085
-43.74434470799158
17.634130308039033
-48.04340410900025
28.24703198378144
15.792438088960324
-28.94294427744545
-5.942092471723129
-14.771070270877189
43.589041703800774
26.39897312578354
26.72633265280301
-29.791153801078323
48.59973220405496
49.30137781778143
-30.878639470550326
74.45340725275315
51.07255024466207
-32.43421646858803
12.499129413416355
1.1452414706824072
-41.02042616005144
-29.014004186734255
58.14813461643212
-5.963463064104943
86.91168657239382
-8.122344427000598
-13.274273035609738
78.95755877784256
-29.37370078175428
36.382553715631076
3.1638535778817527
-69.23217721569634
-26.124200880593662
51.22017909326857
8.779690551234594
14.915687440069007
-35.164696397522384
-24.82718138448095
30.21970519995
-83.61526611511988
75.97183792285725
-59.53479051699176
46.13095254393022
-14.604949381669527
-1.4675076687971824
4.473440713336672
64.69800698264274
2.4386821613106093
10.607189126513447
15.757084505527217
-20.522688671455782
-73.06671609560009
-1.294326682259097
-1.1021919873846144
19.464581368452173
-31.52898812005104
36.58415936956354
-0.6354864238224565
-15.612096934771927
-14.392189121280836
0.016643774307269155
40.052696707532476
-6.773260060719025
-10.077048601238559
33.32780214243212
44.99081705702045
-50.40872047795057
-44.96090632672505
-20.239810200061754
29.03368171408789
74.53903333823894
-36.31716181618647
-55.698666893804486
-38.88163329278321
-14.828563056473058
3.62430983332564
31.634689421713006
-14.596389902464068
77.32481294352868
9.418878613338336
37.82740737176192
64.86159182235284
-54.45306505535624
30.61868793067441
-51.87980191505603
-26.79311244774614
82.69276534333247
38.3465906678928
-34.65555025808649
62.78198360605623
-63.464992948460704
-29.722237643130782
24.907904497178748
-16.466099086982993
-1.5385938089097948
87.08029997551077
-9.261278772444044
-64.54081762033375
23.944376947422313
-7.598678228227968
-63.58205266137096
67.99081142542929
-60.702939415848405
43.65477942621652
-1.0718811205872356
-19.38809174182657
8.486057570129063
-9.574856871174006
-71.99627614386218
31.015980100526036
24.437148367329343
-3.4108494140622128
0.3822961031988399
0.6860790629041276
-27.119481727368154
-49.276057093342224
-4.504188411435948
-30.51191341548477
-28.565345882343934
4.127527396920101
-51.788550580034666
-51.90365421035667
62.15781656798055
-54.36993632105507
10.357702449045092
9.934546575467607
-29.13543922428933
24.688689274855605
-17.086110517479582
-0.6918955560830398
-25.58941983146866
-58.264982818449425
57.0289743543774
-48.884828615532115
-48.35457485492476
-19.162214719633198
-36.31687191846528
-46.15087777604452
-7.899308060063916
6.335088741491617
-40.37132154516681
-27.463472511750794
-69.76142485842877
32.3719470801509
-81.7381680441946
-2.3494001176138113
-4.805200938354403
68.747594990424
-3.580676401862732
33.548212058505044
17.784631720877996
-29.96509963896878
-28.469593783297512
-48.282750240762134
-49.0590462715991
21.431204846103753
-34.42192872051091
-59.182613736591065
65.57865002421946
58.4533016063877
6.504666171040029
-62.59351142351215
-39.67011188211259
-27.766421518718076
76.33119322008221
-6.1705198526737775
-0.403868635213783
19.481173632878452
45.70523125263344
-10.650390815098618
5.309736094464739
78.59390615168499
-6.113593861583482
-12.748142935056066
-17.12934031841459
-58.77110044228521
27.655315651509895
43.966182118443186
88.5537749411398
1.836470405231978
25.31723282664578
-28.53492663994298
-34.300413858441395
-41.829510127514695
-14.108053896367522
-83.9024223185629
35.79302237970148
44.11545562481953
-44.336508072745445
62.417137505476006
-45.99513734864567
-15.005137277858125
0.4964931549872631
70.50424749390075
59.89468155863955
-49.26605004348934
-54.620470726826916
15.580492699990472
-47.924204136021224
19.718196437079712
30.17316462937265
76.01937145241942
-41.471424432100946
-11.385006186160624
1.9313254448816792
28.012606456260485
25.17611949200625
81.23624555838697
33.324054125692925
18.35243068557392
40.99866270664697
-28.919641854503055
77.23997652585669
4.834229218092062
14.050005253866786
26.933227803318232
64.19418752376637
31.129650144907032
-3.805614688544793
-37.95500703224179
-73.33529783823349
-36.427488077727986
6.004959821172534
-28.66680928478108
70.82348782474946
39.747957115348584
-20.420454421736935
-74.5564378394499
63.51352033293904
49.11532391240752
2.6129661626483625
35.7586342760284
-76.3714927027344
-30.873213126023515
34.11238348551137
-39.36982850483908
6.930983774967757
52.75084358721983
4.6254198055033555
-64.62531392513537
14.639317878974538
72.555699755765
67.68200625019239
22.384411109626683
61.808671525674384
18.670865155575044
9.900490598077454
-51.25687662028678
-0.601955055900703
58.977743070439374
74.25156369776391
-12.995150586188984
-76.5138950192308
-48.69561692858704
80.1088383942326
50.45387285180348
-27.84862201622832
-41.21594787756952
-22.96931324480009
1.0464543073759813
57.77872296670529
-23.282820735637728
-58.80703192505763
-2.4501849109108633
-5.4886201504872645
71.3765183564943
2.2915510658746996
20.544617893289796
-26.409393264379716
63.85729299127556
-9.428522784160364
-33.89499246491637
45.247376809415215
-80.73528592750426
4.252455166320999
-41.02793040859544
-10.503465495118022
61.9069834522233
27.634010246717878
-32.591411415895266
6.220211227623068
-0.9449246052167979
-2.8487915087562783
-53.51157308104433
23.591199470628382
50.90923172113554
39.63534728707424
-62.899380174293405
-40.33574685420262
70.7100968495244
13.740973507733955
-25.144668107511848
44.12048013017798
5.578051273990667
52.50781984894326
75.77313361097777
-4.666861064049883
-67.32180553208076
32.98339715322771
26.56991645226819
-3.5148830078565965
81.11291439094498
-32.12808000872228
0.21785126138755118
-36.36942455510151
61.277122460261324
-34.121363045312634
43.00919631284168
81.94343027940681
-29.87402564241708
74.24221537952451
-35.60106840612582
24.425571039496774
22.380080981744825
-12.099464191574242
-72.1481879631776
-83.07471235615526
34.35598350724504
21.49043115924968
65.8525183778923
-37.66743565517308
-53.98736871705658
-70.26629993251804
76.46983192826309
61.943649168908934
-3.4618447759412305
80.85383014474908
80.58899557691785
1.5943966543163413
-7.875315526246254
2.4385744001743745
-28.50034945117379
5.490317136978092
62.31802258751341
52.14212775256826
-58.1114740875736
-79.24158538977281
-19.86111611069481
0.7005926487450154
-51.897111958315854
-7.335678651527587
36.130263953138325
-52.14723086411563
3.4040197465245257
-57.95855729215094
-4.939974956071936
35.03178123035701
-34.133021743897615
12.09673089463142
2.1392801247732933
41.93880543488103
-12.727203544937396
-19.617626390240517
-11.638569010486407
-0.3705335471993152
-34.10124975953425
-13.25028846462979
-29.23775202383517
3.543189799543825
-52.66684130396815
15.46052001699205
80.5752756025783
0.47637940157372327
0.7850171634351994
-14.695659379480546
36.55225050721836
10.13288922252535
-50.2630650466887
49.66745763319159
-56.64684650376973
10.112553844227278
-35.72610647460855
29.199864978570915
-69.67456822010777
9.805571627261997
-29.443447665136617
40.542487350961494
42.28212641753919
6.328493088554353
-26.278434800512954
81.49777953156584
37.952252788574754
37.58326446138747
-20.14097247838491
-19.43935399035047
64.19981386252601
-21.113055005247418
48.92591263970155
49.87977656076842
74.91971816539734
-17.219056913626403
-67.34400309291891
20.193355702556502
-60.67544270620489
-62.96125040818165
32.61937911011941
-18.574771788006842
-3.3612839351679327
-10.042937298316062
-34.89206899423027
40.40218664702675
-23.79840117238352
58.35649394057063
-43.31080163749683
36.79307778614853
-18.232126462480053
49.92225538394658
-16.386884799483155
13.284533157875941
3.434449336752465
26.620327834637536
-22.991503868705053
79.84143715236382
23.07416985427409
32.54893745853528
59.376998284832865
-0.2293263922583293
7.263221838044004
40.51478717131235
-57.81264440963074
4.183095095347213
68.34677358643839
-79.4919924096121
-9.836041793708517
69.39616303057647
-68.97768272303384
-43.60569551570726
-11.094470168022042
-72.4996391207735
-38.08250193473652
37.28009631495337
-52.470738819583346
-23.3281228662715
-7.479842444010643
14.455682794073553
21.883174441025204
-62.93082377873873
-60.57126108981912
-75.7842934738503
19.942098291294442
-31.201983752193073
-62.073410440841606
17.77787309915199
2.978045571588254
-18.983289109896944
-24.445749185043965
-9.093624329628796
-18.573658476234755
-51.823041977707774
-8.742529743561278
24.17704613282227
7.527068723216772
57.36003887787959
11.945931577365798
-6.7415388019399245
-65.88940337637506
-83.48516255055567
-50.00809671828155
-41.3533545256821
-76.83352089780888
-18.13178125011268
49.290146923626025
36.51722105797492
11.2043492325801
-32.82114916715351
3.542213987218645
-46.42418477337845
67.60827853632463
-51.88809120062802
-12.494819481380574
44.76737087176531
-46.46356141664934
-8.757162787169307
78.53006578797661
12.66470323787155
-0.23318142052876567
-4.1137930642352245
-13.092768678964191
52.53120448039894
18.46650126125361
72.19538252669605
5.47323878362387
-26.159284256490366
-20.737445216100298
-52.016866026170156
-21.357328744451877
-3.0580081939385195
39.24134277332499
2.1041639416764326
-71.7002215302687
-23.084640354563348
-43.86828680662502
44.46922828749976
-11.339125280396573
-40.270160973257674
10.898225429697249
7.377003727684169
38.43724091937145
-52.161582465761576
-80.62602165513033
-2.9858977324300042
-23.397917571125603
-47.24014811707744
-62.312499714926524
46.60330979930984
-61.613446554376175
-4.436328398707374
28.64260773432663
-24.865441950753237
3.008495635794901
4.544861608798172
-5.851180589212163
-5.285479317415124
-46.78788172547562
-45.33817454502481
-25.52484591307629
-1.8669011848342905
-45.80775757517913
20.384852077275312
-48.415189299906146
35.57851368377874
84.82519661424166
-5.27511572444098
8.504053717533438
-1.9812707595581287
31.85209586917594
-16.100684700545543
-79.76853704452252
59.05491636842595
84.78531012395746
42.01218861562728
26.82740291908341
4.062227903104571
-15.076012034319533
72.3409286756013
-24.385497328287386
-82.44519623896085
-5.940533512741752
-14.16612136181071
-0.8332171525710237
-19.358830372959503
-13.798323320036204
1.0770317148795385
72.37364756430091
-4.5837518972344355
33.1213094836763
54.023512566902326
51.73857669974848
-71.46499674674978
-26.841153910848718
-6.769009355890844
-43.60349039891945
33.08851136622505
1.3011517274438376
-57.499534158027004
14.030497463166
-15.7268824290272
82.80923217326443
-47.590201552577646
-10.406466034120584
-0.8816359233130697
10.61272084397514
-30.009536351792036
-64.43022309597725
-59.90751389771561
16.903422974231276
-22.133281542326586
18.58680461190538
-16.372101469276615
-11.85197663138247
25.745377180542135
37.16967129601207
-6.9976622960778485
-9.181835514966664
74.03798737441898
-44.11988775288275
30.58057919347152
-19.363351454067782
-13.357783080848705
17.917870055614117
16.55727603466113
85.27092828436602
-41.772855934562614
-31.15958375071898
-15.746190933454244
7.943011724197461
-13.028387839301502
8.289370942262835
-39.26842546790833
-3.012054487673467
-57.825014134204906
30.035855718844445
10.829435300764402
-1.796279177782253
26.157930179794235
49.22763168455981
74.41115510987075
-23.821216746990316
37.94668629030181
41.833404308933495
33.3733212478389
87.5227384436028
-23.061426587421153
28.812345830727153
26.594641671589642
73.6277027601451
45.87353539105365
-1.407170460190187
32.35599053708495
-12.41131900316222
16.80357969627208
35.32531858549481
-32.78750631230997
-62.982547125434515
9.722767660909355
-45.38710220502082
29.547058375058924
18.962931421305996
20.698103371225102
-5.222844083584917
-38.184640697236134
-1.4283765123960421
15.274651091670606
50.31659589527487
-19.0259736776825
70.49516994225374
-57.4842131382305
-29.628738243199493
-44.56896189015252
-4.566484834711588
75.49506007331917
-47.448750952375086
15.151846650194017
-47.50563908525953
-19.901742582088247
-5.412471161780616
-66.53576374697398
-58.61969060988606
69.89169446230656
-4.361816797719641
-43.670865580078484
-53.66592396092819
-11.36882537957473
-1.990143379786744
-10.815636900014582
-72.35346457012581
-9.586025170242536
0.5050289708023286
45.134195737861745
-50.80073539622976
-17.297834101704268
-82.94127122492806
-9.247110724955704
-69.99375088875927
57.202813677547084
-44.02892035249475
76.60323647956207
-25.608073475221175
12.196966665609366
-64.37648154326584
-38.7969273487449
56.177441827589604
-30.929318385975407
22.357343472066177
-4.762492709971056
-55.23478245200297
10.418870137487147
76.27237677371414
68.21558516432185
-69.86903836059368
15.031215402899079
-55.86465634131322
38.070649074797274
39.6170302176659
-2.0082642437849216
-3.966461288739751
-44.11423654620708
11.370589698926437
-11.235325820913673
29.246702461612372
-35.14928756620287
-17.32509685149529
-43.18049059150926
-27.297850695297683
-0.1879356068647553
-13.648043611596265
6.334357726126484
-18.337466260038937
17.93926872472585
-38.180198031813774
3.9269033487913276
-80.16825425768482
-53.01765036388071
-13.822624679490346
68.95380893211035
-70.29387511288652
54.67558078268655
53.559280716504105
60.50080628833945
7.173109525915521
-71.08252801811415
50.99561533079972
-67.15137209957231
-7.332761237759655
-17.111407053477464
-18.724602433561145
53.39065437323123
-7.060746133283018
-37.34666114916069
-53.83058618407452
-8.034546952033281
-24.649423265363865
-8.210758815018835
31.49156236367233
-2.907693957567105
57.7880895362091
-13.497781356756036
-57.01087571788372
53.52876554473471
19.214311343344292
-17.36123115982697
-0.40192040094878223
52.45212657644208
14.521523282770758
60.81394950836119
-0.05157114350193126
18.317877246541855
-23.974527260153053
-27.182338544096382
-23.782872889259238
3.909414321251006
-21.157933927631134
70.88614623768959
-12.481164353464905
34.92205351250698
-11.467241504582802
-66.58932481398718
60.90063112694003
-57.074299987708166
39.15853784523776
-49.999350091891856
3.5097347543769075
-17.524956806706186
-61.885736836248135
15.094803159837213
-11.568665579340689
-47.6060997609317
50.35581932903969
10.383086716802737
57.023016584613174
24.99275902816221
-40.96243412122384
-54.41836793096809
-43.47300731148248
-59.95127204253238
39.75315298660209
24.935030144304136
-22.16030967086489
-28.73887962343335
49.67425327291221
-10.963547641146363
-69.53134914663721
7.083199992882129
-65.46323920752818
-23.379202555977884
15.697736899706399
-39.70946776643482
8.06899814345833
20.408874256039965
-46.097105290386786
-56.60502364634996
10.865924226349748
0.2928256709125492
-14.114533328730602
-2.56399111156756
-3.396030048234337
28.8650696504734
-29.666496235412083
-21.223747756394516
8.480552037561267
28.935832337389172
27.003505020412206
5.521807724885065
-69.69221395513694
-0.35781776411866417
43.22080244430336
-31.330055290870476
-18.630085425484026
11.23584180630175
-41.92919775398975
84.67253116829792
-4.936448546992594
-19.441166430262044
-34.36173818817877
3.3868561831476427
-23.531734081044775
-46.24680396614554
77.35705084924439
-28.577715528895794
-33.29056155503814
-9.483750955472772
71.85861281202546
-4.106765821626979
-38.89150071478569
53.88479684264337
-40.95504552073403
-12.763138424814457
-37.17734834925257
41.65044721823085
-1.557127865412454
27.739644788216637
-0.5214853508769437
6.883632843447344
65.68211785583387
-32.629563367057855
70.13637407045383
48.16905537556798
10.903886885363008
-29.366917653101552
-16.958593520183868
30.353086514548608
-10.250468484357711
-53.19486142644809
-23.525909650173944
85.06582104308387
-21.610120048975162
33.028560317694485
-56.199554998996945
29.90722743247683
38.30416217062259
39.49719189611977
-14.703617089052813
59.09513342783342
-5.713810606467504
-7.6794015457568605
-36.34976891766458
-7.234267370963309
-31.41772963009079
-17.673981115408267
-10.278848750061428
0.6818364350001929
46.45443622759481
-63.95996773649854
16.486528038418285
36.28685068383109
71.72151563548718
12.14086579287931
-61.08331446081898
64.46408693247284
33.48729535409265
-13.387120097511158
20.609085281122177
3.1095866604282776
2.5778524628782833
-46.07695547974783
-79.45189216330829
-70.01021522166357
-17.413643201188748
17.685923613578595
-15.535351370269325
-69.57714076428887
-0.8227773019075357
-44.130974501728765
-76.31593652005424
28.789572004798785
1.0684793698744812
-27.824403563533707
36.923342741971965
44.148867212470776
-59.47210069819994
27.660089897379223
-10.79571722744521
-32.19652039668186
-29.38205417895699
-41.509055563430344
-32.47579530000547
29.4942171607252
49.49514234167441
-70.04624375214753
-14.640016149334343
-1.1787346856134917
-2.46285113609639
-15.605754321644866
-47.869459034988544
-59.97739120220995
50.88397602537103
37.49944912415825
-0.10823621819675111
17.09101385247112
23.438638407488682
13.05660993977034
73.3643961480445
21.428942174927684
-15.49673627771304
37.037980217638534
78.61043824831799
-57.015205307053336
10.112259344784647
-60.49014548521489
15.907068371805877
51.56890744163124
-4.907148116766933
-43.61904618213725
-18.407474829561977
52.80996396639446
-5.9904341095123925
-21.25700132021575
37.76765490698534
14.465270460668236
-67.00952265146543
-26.850475953737714
-6.654411822222087
28.442286584271088
29.35005475517704
-5.0674633045171475
45.76774174339354
33.78140498527577
-29.007911049035812
0.06718087606532208
-27.750826573542213
-14.387128051442133
-1.8058360913407085
-30.525536469137464
-15.977035700388711
-6.878835653927368
-70.35745265162592
56.03704363539683
0.7855108650754943
25.938340542243267
18.00748347034525
-14.908005578779921
-1.1215393858880702
17.823620105603453
11.61143621884763
-25.168834412482937
31.46956478124693
16.04041834448155
-68.93507617847095
-48.27539674510674
-11.598306656581201
33.07819713362207
-25.115922938215476
49.70668982078698
36.748674315865
59.15205131593419
48.63701677529306
69.7964808947468
-70.72428391617048
26.527471219702875
14.633891727691065
-16.479024395775028
-48.59839838016349
67.53464285289922
-5.97039886687746
17.103467331280072
-51.62912205755058
-9.793132240094238
5.406150754097084
75.33003253825692
-61.153320918939194
-12.999272151234635
-21.87820995210555
-19.69246545458202
-58.97274113270481
16.079025479899187
-7.353342581970608
-50.964272166037425
-48.154170982096296
62.39162681122241
53.54177912059899
-22.880358609037785
74.42238769320275
-61.126034029333944
47.862687262231276
81.48042118106812
-44.76381111971904
74.16428185473845
42.08884779641238
4.372475425768769
-19.506370010662124
-18.263322474360294
-62.657706907893726
56.36724921445057
-12.921262290255058
-42.64540905613019
12.274060449838018
4.688673178146274
-3.9707846612675866
-22.41529331454936
-36.7936119455269
-25.000917977889486
76.26944643706457
34.49355802926897
19.964106440288575
