27.868458378672827
-35.20592259787682
-56.55494482140462
-56.14054379783966
-40.73391306843934
-29.8762732475942
-43.73721091262029
17.639802914791886
-48.037186537141736
28.252417746390748
15.791878485651324
-28.960226761465563
-5.94991744918201
-14.78793565546897
43.589591945135226
26.412383253882638
26.731895662872034
-29.78428597163156
48.59994065758204
49.30082182545874
-30.871549642610404
74.46450362705195
51.07238561431652
-32.42887413380183
12.50075277879266
1.1376637025351641
-41.01189205145251
-29.02338230097729
58.16125754694227
-5.96762856206486
86.92375358693556
-8.140844549901985
-13.294750099952381
78.96733269282774
-29.371131385440833
36.38288892140483
3.1638112777409617
-69.23389351131681
-26.12566243529568
51.23071357999197
8.780392408045842
14.919059725855789
-35.15682695796487
-24.842744331737663
30.216179619835145
-83.6119982613096
75.98033703564525
-59.5261945567593
46.12990528664497
-14.61068129221978
-1.4753043283251088
4.468300062890435
64.70664535305758
2.4375057061378413
10.59474529450479
15.747846911586677
-20.51819787757715
-73.06446907934154
-1.2938799764301194
-1.10640322990848
19.468988105036857
-31.535661751144147
36.592993227725
-0.6410748675789648
-15.614620959076078
-14.40322722512171
0.012740308252617183
40.05064192039046
-6.792161721114454
-10.086310166623107
33.33199440006689
44.98936693072386
-50.40300257527489
-44.9567644275505
-20.247114132330353
29.03009504851275
74.54677103161254
-36.31801920254451
-55.69726149082978
-38.88477238733103
-14.827834185792625
3.620079929651027
31.636373555971005
-14.603301277319531
77.3365122992818
9.408030982724796
37.8271291074152
64.8671352968179
-54.454185192951066
30.6134181155239
-51.871778308637886
-26.80617057211738
82.70445375343036
38.350756433166396
-34.65094675535429
62.80002082568379
-63.46023579797721
-29.71918847834874
24.904376009155996
-16.462450352281465
-1.538782133694312
87.09235511867425
-9.261472033562697
-64.53150117726258
23.94185290241286
-7.60420368670772
-63.58454910332011
67.99812587860043
-60.701051065317195
43.653378588287296
-1.0790647516616616
-19.386945396162687
8.486788652746228
-9.573726824394143
-71.98995699394538
31.030283219759838
24.43481707080916
-3.4151320320262073
0.3740277552703475
0.6817347228201811
-27.135608612981144
-49.26672263362189
-4.504626108712685
-30.50492043107677
-28.55880062747464
4.121214882354749
-51.79546154455684
-51.89492710151324
62.16278002881086
-54.36080819986201
10.358752325829414
9.935155159248808
-29.134138826321518
24.684690106446425
-17.082360931117123
-0.6914669939758937
-25.602561814823318
-58.25827180773991
57.045492995078945
-48.87580601493414
-48.357634161746695
-19.173685938699037
-36.31946939240042
-46.14692593507284
-7.91092915475771
6.33515184723376
-40.376693605679044
-27.45908802226478
-69.75431938248991
32.384102207885064
-81.73796088880222
-2.3633571740065946
-4.806731497684609
68.76604397635774
-3.584343600386063
33.56051003306763
17.784655351601288
-29.959037313564593
-28.46334163591351
-48.274718462967826
-49.05558702390475
21.42633460038749
-34.43568034393535
-59.17534887837313
65.59447112785784
58.455444927605214
6.499860465851185
-62.58900795443411
-39.67180577316826
-27.780062298535114
76.33905397523026
-6.181431501553462
-0.40345736125176757
19.48435594723827
45.72420546702773
-10.656974125543854
5.307240955081639
78.60429266006201
-6.12211367672532
-12.754090315359718
-17.136120258859464
-58.76456906957987
27.666498604470007
43.966178343363
88.56872231193736
1.8272299295888104
25.321925524941747
-28.534773725100223
-34.294042882558735
-41.8225201963463
-14.11260203729897
-83.90159892728693
35.789951050927925
44.12137518961629
-44.34904485790842
62.4221752231457
-45.98815485514199
-15.016328929668617
0.49648641136552385
70.51028141101295
59.907023675546725
-49.2593623817696
-54.61127026915875
15.577058108508183
-47.9153409421282
19.714259762823076
30.17798150845607
76.02718790256742
-41.479667625094784
-11.38809325801384
1.921352238913741
28.013021769702576
25.17208329271918
81.24817648164029
33.33019641138645
18.35320328384101
41.00486781941956
-28.93991337134547
77.24905710000968
4.816146167039065
14.043978139974698
26.944770682661456
64.19967552214163
31.12666491367861
-3.8046887217827816
-37.96102567676142
-73.32861886383068
-36.43105590732532
6.000704794823065
-28.66623013267231
70.83046163370679
39.74707391393616
-20.42972216239407
-74.55156012841685
63.51816379100879
49.11555421178491
2.6029081888274987
35.75655990329176
-76.36422864595932
-30.87828496978726
34.1295095081509
-39.361286709962975
6.931374615446487
52.75138624214506
4.620603434214118
-64.61950950834833
14.642092229068922
72.57068555982855
67.68762245671641
22.381759029358207
61.81163692338299
18.67756836909986
9.899502415278917
-51.262181713914465
-0.6058725817628954
58.990038014817145
74.25892170905277
-12.994504253446678
-76.51517394268497
-48.703950930738
80.12055588039144
50.4643113190902
-27.8528577470005
-41.2073884580392
-22.983170197002977
1.0372656488743672
57.7819035277094
-23.298077525149353
-58.79733566878135
-2.4617226243225048
-5.487688945564514
71.39447327260231
2.2734212922739943
20.542247637441832
-26.40561521907881
63.8749997796657
-9.448853046096175
-33.895838209665925
45.245963995854595
-80.73141950320682
4.246698138253549
-41.03898716648838
-10.516346553016817
61.910379136202096
27.642379911529687
-32.58953766755728
6.217864681287196
-0.9520019459614701
-2.860185914116798
-53.513350557292206
23.58711374306776
50.922396224865935
39.64635815826213
-62.902472890795124
-40.34443445002988
70.71739895733944
13.735167971867014
-25.151061041179943
44.11878026174156
5.576843220474117
52.50865164484247
75.78169059493149
-4.665793171374403
-67.32215971302688
32.98669760616718
26.56632722217624
-3.5150144441915643
81.12704865519532
-32.12107013989798
0.21695421686941074
-36.37385467565125
61.29102047337307
-34.11484810063672
43.013208808321764
81.9560484406019
-29.868146204709717
74.24960066244708
-35.593851964835366
24.43527468324457
22.375437507343165
-12.09977728245967
-72.14509906105965
-83.07334849485466
34.352811169475586
21.499336233735065
65.86296790397785
-37.66647999667021
-53.98181826985067
-70.26699455185265
76.47773729296784
61.94732840457516
-3.470531284832802
80.86560991088962
80.60208420280955
1.5825976083353055
-7.884931182519168
2.427773067011998
-28.499978493240548
5.4741495853593705
62.32189659881425
52.14433860449407
-58.11029530699043
-79.23905526623173
-19.864213473419966
0.6900691602669582
-51.88748667219855
-7.346041532187186
36.13973922191042
-52.13954512078731
3.395072855996631
-57.950760913594785
-4.941570887282921
35.03634086871995
-34.13478941227505
12.098976581391895
2.128191788083811
41.95926641987515
-12.742137073933662
-19.637541019968367
-11.65410123764849
-0.3783645696308042
-34.09486698930363
-13.270756988309287
-29.242123444317727
3.5391146808865557
-52.67007027943743
15.45218074145427
80.58660827076352
0.46623258487807107
0.7789470090435913
-14.6976667744743
36.55069770489246
10.120450420927142
-50.260202692482636
49.66784679970985
-56.63785614977258
10.11310863029179
-35.722354220035555
29.21329283007306
-69.66885251710305
9.804537754036517
-29.443010461076554
40.54024947197007
42.28736385133385
6.328042879761554
-26.281397703692278
81.51339052099323
37.95007023177021
37.58612724188521
-20.136992677755686
-19.434953500058228
64.2037765135627
-21.128627718852755
48.93329358155313
49.895316777994736
74.92723883901277
-17.227345583045718
-67.33752284699763
20.20010782613096
-60.67870403690597
-62.95573170795073
32.63148832578972
-18.57081159886026
-3.369041892695904
-10.044957837645555
-34.88723967805644
40.401723967156755
-23.794434360673918
58.35930137737998
-43.30194764145553
36.79679997972974
-18.22817627691805
49.93135804068038
-16.39205441771506
13.281856861599849
3.4336572718965357
26.631800829838767
-23.00177772971948
79.85804395787034
23.074417443423684
32.54884520759654
59.38131004295752
-0.2393887433467512
7.2617105119742575
40.51335078465175
-57.803661698475516
4.180094871875568
68.36503937712004
-79.48955978144141
-9.84051370360703
69.40162807134385
-68.97842341602157
-43.614354183140144
-11.115017655167065
-72.49219807310834
-38.0903601120779
37.27779514664263
-52.46247970845841
-23.32313918982446
-7.4841505164212805
14.45024025592366
21.883617344062856
-62.922203091247994
-60.561705266305445
-75.77786273526195
19.950790477092198
-31.200000639796542
-62.065363891101015
17.776896109231345
2.96958932309812
-18.99401047614444
-24.44003902191396
-9.106242559142032
-18.583997715581262
-51.813463646896736
-8.74057932576585
24.16945119650738
7.5246040852251355
57.381100085733664
11.937387378667196
-6.744302623406497
-65.88029135115906
-83.48056731337496
-50.00485812424928
-41.35254024213607
-76.82640429243173
-18.127964673518136
49.28993685932315
36.51439477029811
11.202869425408025
-32.81907670391098
3.5346001294796707
-46.41576100512731
67.62346834405014
-51.88201276036241
-12.492269943648509
44.77959301858712
-46.46866957019859
-8.759665525867376
78.54287304233904
12.667460551934312
-0.24035044492653412
-4.119473633060053
-13.089973683168012
52.53175862483599
18.46314428735377
72.2083752791697
5.467796332022743
-26.177239457234478
-20.751759826408076
-52.01488306493676
-21.36213829811001
-3.058082319853284
39.240373314063305
2.0963774804103252
-71.69802090269339
-23.105610242752263
-43.8704343896037
44.48324986120252
-11.346184346394537
-40.273721081729626
10.897655164110432
7.367388032306138
38.43451589048462
-52.170079479830385
-80.62457024669081
-2.98574409687825
-23.408540769732454
-47.23331893843348
-62.31154472332244
46.62066479762149
-61.608173579988836
-4.4489151793237625
28.655881574363534
-24.85979873514006
3.008565380503839
4.544665050061539
-5.850754651048533
-5.284233674387124
-46.78944989256844
-45.334546879331725
-25.52696413153066
-1.8754970829305364
-45.8207773844309
20.380809949840355
-48.41426258912388
35.59342459595547
84.83932007507397
-5.290602376532121
8.50464302196535
-1.9868938832299676
31.84904426943811
-16.116111651797752
-79.76906863098233
59.05964378500576
84.79633952458266
42.0119137276825
26.835264604380683
4.061694880165362
-15.082406258067294
72.34765230387387
-24.39976070890812
-82.44127072111088
-5.9417622589062375
-14.180412142410944
-0.8493010586868763
-19.358334674657044
-13.800509132461997
1.0769294626486783
72.38572490880688
-4.596832610772481
33.132315007136924
54.032009015438206
51.740228850814816
-71.45892234361649
-26.843547167359034
-6.775920230382596
-43.59548051576874
33.1033910367922
1.3007591265965317
-57.49330227528199
14.03292574198396
-15.731054472241155
82.82252840439489
-47.59758348393604
-10.414497188151074
-0.8868699842917493
10.609954589813924
-30.02654985531467
-64.42094366325085
-59.900425812008365
16.90107001810307
-22.15377992895766
18.575222756187998
-16.369055653886775
-11.849295265956926
25.741406633740866
37.17220507666394
-7.01277548009638
-9.192386087127062
74.04703611168293
-44.11069732660279
30.57492385130476
-19.360566168221155
-13.35942101478902
17.91400245956936
16.55357024828143
85.28323188453348
-41.77379593778806
-31.152595698348904
-15.761837968693442
7.940222662074518
-13.025860739805907
8.287009466423882
-39.27891893747334
-3.0215376473559843
-57.82343260044391
30.032590389316894
10.82398402261964
-1.80889145753315
26.154598313529988
49.22787187047845
74.42842787236245
-23.82063800461684
37.95876256465232
41.842649486436784
33.37033547651984
87.53638569468364
-23.059681131852216
28.80859620775155
26.59025850185205
73.63496262985677
45.87465127919495
-1.4074278159911557
32.35276635927062
-12.41171952544876
16.809591594897853
35.3359230503182
-32.78473709279454
-62.97491076693725
9.722989935283849
-45.382171849937684
29.56269234769053
18.964047542404032
20.69714285866779
-5.241624319616307
-38.1884049142592
-1.4387217409157813
15.276396814761753
50.31945345653435
-19.02203553563298
70.50103152966892
-57.47445254911585
-29.622090268595727
-44.56258556459668
-4.57255843979037
75.51035881367301
-47.45476864647362
15.14515300882394
-47.502963065602394
-19.92095372371415
-5.431178248654163
-66.52784006560277
-58.61002538726713
69.90933605631787
-4.3756531620092005
-43.683889617720276
-53.65656907279608
-11.371671886565167
-1.989471217474943
-10.82443875346867
-72.35444251626164
-9.60211144403928
0.4962862638579111
45.13313351839045
-50.79103239834111
-17.2944637824436
-82.93607011078815
-9.246877416455277
-69.98699898381172
57.22206268691889
-44.026639734513346
76.61912524012934
-25.60948947434892
12.199470476745418
-64.37606572928598
-38.8003276540515
56.18242185515399
-30.92329630258284
22.360454122712028
-4.77451530383577
-55.23125143730918
10.419975800722696
76.28251527295794
68.22490642238625
-69.86746137792849
15.02156181417243
-55.85524232819388
38.07794441930341
39.620472252472496
-2.0188444849631537
-3.9787684718125433
-44.1061061355739
11.369075219296533
-11.23493264023881
29.253468681221122
-35.15854093611196
-17.324984506149264
-43.171449058365205
-27.291534569803105
-0.1874873215980557
-13.658787439294457
6.3307716578578095
-18.359425051166227
17.937446109468382
-38.193111104352305
3.9254566387407266
-80.16584857335968
-53.00797438515102
-13.841602936153535
68.95924321129198
-70.28562154207813
54.67843593030355
53.55982877023607
60.50600125686526
7.173464961973892
-71.07585275678139
50.998090310604624
-67.1454405748749
-7.342010438458075
-17.109808869234726
-18.741602778183662
53.395574388555616
-7.067587270383797
-37.33880234963975
-53.82195231359524
-8.032635088131812
-24.660400778944947
-8.211815785879992
31.488687626117382
-2.9223897535805747
57.80842632476603
-13.517700483972803
-57.01102119193701
53.540104693918636
19.222609568573304
-17.359046780012605
-0.4067525106822103
52.46746948572596
14.515039046138284
60.81677395283879
-0.06230154562712187
18.325289778498203
-23.983469144909776
-27.176481515054505
-23.801994021931037
3.9092745749340736
-21.179590987034885
70.89213468414488
-12.478908979085361
34.940287017281264
-11.485075569794517
-66.58616608749762
60.90564817601381
-57.06900035164074
39.17026791961456
-50.00723193738409
3.506462094672486
-17.53184896695646
-61.87961810477666
15.092797775664849
-11.584799274084446
-47.596916797557476
50.35801245052778
10.378866139483236
57.024760667432986
24.99058964170966
-40.96374122473091
-54.41073424506606
-43.479429894054164
-59.943113056191706
39.771884165231484
24.93925642460401
-22.17709896906949
-28.74158033179316
49.68949404422028
-10.963266170715414
-69.53129599591634
7.0803762215579695
-65.45463717654636
-23.39261139120849
15.699911004182297
-39.714880529057176
8.069634405316307
20.40500471969881
-46.087852422080914
-56.60024649979538
10.86112341539409
0.29136026996310704
-14.115266931754022
-2.563891012030311
-3.41003285562158
28.861401768299075
-29.666973728428474
-21.23837596054642
8.478719748108375
28.94861313935276
27.000595041583864
5.506053099366923
-69.68426270775869
-0.36591601008447583
43.21885310528512
-31.33765472446133
-18.640755569915896
11.235772877024175
-41.93592716581038
84.68542817708331
-4.942510520479615
-19.453031858762614
-34.379292457597664
3.3850286735711848
-23.551338316268797
-46.24759212649567
77.3743082002097
-28.58608034412201
-33.29143608343033
-9.489956219881236
71.86593442988993
-4.12428383414111
-38.88581434286461
53.89462640065176
-40.954006370337304
-12.762933267692645
-37.17753693933887
41.64919393098768
-1.5564553536262764
27.73601440668118
-0.5370554347449286
6.884002920816968
65.68932202268638
-32.625445222192454
70.1463425097811
48.170722507270426
10.905469901336616
-29.379852332106424
-16.962294851666726
30.349776820471646
-10.264078504107744
-53.195704718347415
-23.527636352221336
85.07671689493449
-21.62856446434803
33.02624184431002
-56.18977823665757
29.90831230872591
38.323447990474136
39.49742026999087
-14.701885782491331
59.100323188025015
-5.7186642615454275
-7.699217001977885
-36.3487239621711
-7.2356711072230695
-31.433959387876513
-17.687621522480356
-10.282015523847491
0.679371678148172
46.45320297156482
-63.952283627942386
16.483242578786474
36.284659792208686
71.72790259526644
12.14188288495609
-61.07374550067206
64.47418696494998
33.503073592172285
-13.393317054248726
20.607864374984658
3.105038903912117
2.5741913280627955
-46.07759727038305
-79.44538918853748
-70.00271980196263
-17.42821391704851
17.692750379385274
-15.532275037650564
-69.57072669881836
-0.8334820646831105
-44.12370106835424
-76.30943271514181
28.79623758652947
1.0562719422449334
-27.82327552412083
36.925537141034056
44.162551221606066
-59.46522077487737
27.661292926100316
-10.7993365438345
-32.21027615621705
-29.384490004228624
-41.50913282698968
-32.48715648630635
29.488862392868725
49.497414895683306
-70.03801658076799
-14.648778064821741
-1.1887190282536721
-2.478743767296308
-15.623301466774095
-47.881062247966014
-59.972631314727494
50.89526220044564
37.49809784725639
-0.12323391048414578
17.097047757852437
23.449319168790325
13.053177049513508
73.3771330540593
21.435751366184817
-15.502423216867342
37.04796953033954
78.61965831196176
-57.01947203361418
10.100247940115082
-60.488976600517624
15.91278966930524
51.56995704596363
-4.906315299573066
-43.62422623118987
-18.412663922498638
52.81047790309947
-5.990488968916594
-21.25825995270972
37.766638301632355
14.463542980443734
-67.00296016576387
-26.86960058046901
-6.67345994613666
28.450826688468325
29.361501151110204
-5.069984745215223
45.76776002881422
33.77910478471193
-29.002597283041936
0.05645448202484715
-27.750394853888565
-14.384055196946008
-1.8203820273239018
-30.53340931924707
-15.976928767452463
-6.883618627078064
-70.34892453798899
56.03941234874037
0.7834556382250923
25.945452651425313
18.007237785969636
-14.913594624428143
-1.1221697488719116
17.82026262331108
11.61357245901526
-25.180353125096488
31.466429979981967
16.035303617742798
-68.92847147092178
-48.28549062638128
-11.597167065427726
33.07479209438071
-25.12360786358198
49.70637085015127
36.75533204238113
59.15433027637448
48.63625818227456
69.80314936426359
-70.72693830905945
26.523655617664573
14.638381524736303
-16.48391849347813
-48.60400618271768
67.54899877706563
-5.974051457549166
17.0978958444973
-51.619405050162015
-9.79787956847052
5.4038655663922555
75.33753339975883
-61.15089934367264
-12.999707405000805
-21.87792279244374
-19.699949806223643
-58.9631475216059
16.084797873859344
-7.352539442635987
-50.97036370527031
-48.15617857631493
62.400024057529606
53.545785938650425
-22.893326425639984
74.43065094941792
-61.12134285069402
47.86965754409286
81.49107505617948
-44.767793399226626
74.17232665183334
42.08686679468835
4.36049388558358
-19.502240110500537
-18.26879261641102
-62.65071606732009
56.36898376420078
-12.936676075663186
-42.64783799182722
12.27301479803721
4.688694945189837
-3.9748349384755954
-22.424174014735584
-36.80185448305987
-24.999447029449726
76.27768748325582
34.49905826198824
19.962185483569016
