28.04757711595485
-35.18749864175532
-56.48665783633813
-56.086191195914445
-40.70691064144865
-29.929718381750163
-43.663188831685225
17.732371714856967
-47.9308606798893
28.348043956668093
15.803347448849308
-29.202047818122878
-6.044780310712966
-15.005408850405772
43.533058368187795
26.603958384370273
26.829347560469472
-29.70036879179213
48.60527168388077
49.27333717058846
-30.782731461494535
74.59403971437226
51.053343449729454
-32.37583224323389
12.541035936788717
1.0521241658344707
-40.910679288436576
-29.165531202328964
58.34794659761283
-6.016616527581931
87.02871440271625
-8.370306398024766
-13.554742829573541
79.06028241312643
-29.355813865323327
36.4068242258746
3.1739320320962037
-69.27511214480228
-26.16198073022872
51.388871374724545
8.806368021790618
14.982324135298896
-35.061087646883614
-25.05766272228071
30.171368585775966
-83.54350844215081
76.02701685537292
-59.421623583628936
46.113396569131055
-14.672664308581886
-1.5655082958441824
4.393995012267823
64.82017831756244
2.434385134368611
10.422194266980341
15.605110250692604
-20.458739887274632
-73.04123928681528
-1.2809853816651184
-1.1629427988147114
19.548414216311173
-31.585840747453815
36.7340219982371
-0.7167886851584626
-15.653295596721904
-14.52643185280398
-0.027178955900168944
39.997590075155756
-7.025173796688037
-10.20371163180495
33.41226800834539
44.949797761641406
-50.29837064923976
-44.928948340342004
-20.35232573089361
28.943200719728154
74.61600369002878
-36.35570037692096
-55.62831447130825
-38.95501029390985
-14.81230973622769
3.5602149665891005
31.682205417593877
-14.696683094585268
77.46808570021568
9.254768854451385
37.840198658394
64.8799050659407
-54.41305384085611
30.499197892073568
-51.746370301253485
-26.992249230570863
82.81942694196144
38.42946557340866
-34.61084564699027
63.04697627520068
-63.34985996396057
-29.66504895643034
24.86382351502236
-16.417662237936895
-1.532796965485403
87.19616365629642
-9.263056435094995
-64.3957751602182
23.92288139862862
-7.672069544636173
-63.64416277246887
68.08289387450912
-60.70156497902769
43.6360986494351
-1.1612500101486631
-19.381254820733957
8.512591702936632
-9.558095721769334
-71.90381033765104
31.23672105600437
24.41937254087921
-3.47085521565495
0.279298740537925
0.6367687240394275
-27.360604461955774
-49.15277901404149
-4.50670638902605
-30.416659235520683
-28.480214827447128
4.053081214220114
-51.92090502383747
-51.79352236734657
62.16780538332824
-54.226487440258424
10.387667348900322
9.960581356958372
-29.09920997932609
24.627283787067114
-17.036801897648928
-0.6781727036965464
-25.73241402040432
-58.18780731297559
57.27819809744648
-48.74820700182531
-48.34513257714593
-19.330000645401313
-36.38053162707674
-46.122161101754735
-8.055131337218953
6.350960655700391
-40.477600194115155
-27.415809314980663
-69.65940578008143
32.56555859094277
-81.7236417739278
-2.5311926146910793
-4.821077082501219
69.01065979985984
-3.624604738648756
33.74424460748358
17.805556725207992
-29.89203837906811
-28.381047761992903
-48.15341439121009
-48.97413643507125
21.33438554339773
-34.63955053538404
-59.04798631563709
65.80838888863886
58.46879827573045
6.451342601601226
-62.481850211475795
-39.72317947094036
-27.974701113159696
76.39720946832452
-6.314949827891127
-0.38895021575108046
19.548519286802417
45.99279094960099
-10.733883526743156
5.276631237465878
78.71012702228882
-6.225824011181061
-12.820874765462236
-17.2309046181592
-58.69656585040492
27.833296888202767
43.91924397362919
88.71976986020246
1.7210545557583572
25.40780953130792
-28.551913705256567
-34.22641280409167
-41.71707351964358
-14.175497069573836
-83.87149949693975
35.74714568335207
44.221505914055626
-44.54578181401852
62.48246131482671
-45.877688476162994
-15.140371188618062
0.5066143818229278
70.54178909147004
60.08110095177548
-49.14750012997073
-54.49908170161501
15.535269858563652
-47.811558276127926
19.66083380900531
30.266553826476297
76.08799112443165
-41.61897804851596
-11.421664772012761
1.7879546138817233
28.041054255936558
25.105355367547062
81.3722007240433
33.43633020854591
18.384947490889274
41.11047910391241
-29.218995733953832
77.33513263653364
4.59049087000669
13.945123319072763
27.115222898553014
64.21077091735569
31.052830360075603
-3.7864474247752895
-38.068638181947534
-73.2322870020332
-36.44017479342713
5.959386167500909
-28.639670087853602
70.86110146706687
39.67694312440699
-20.55998585798099
-74.48361092800407
63.5677402303302
49.081468337417135
2.4866660435351378
35.6914978120424
-76.23343499093292
-30.96696052602836
34.37174164724769
-39.25667946273641
6.951948241886896
52.74994521591873
4.551044084641973
-64.55629891774885
14.69808370520849
72.76155446907617
67.74136404733366
22.360270773746734
61.82056666406166
18.783051269609544
9.900531691942618
-51.36622471196257
-0.6464998980079173
59.16457061997491
74.3198838637548
-12.988836404755133
-76.53597311642541
-48.84782416222693
80.24447741669525
50.621745151287456
-27.88086304658914
-41.105828788138204
-23.174308025638823
0.9142836516984119
57.772358224067204
-23.507109273759696
-58.66137612229807
-2.5994900696938146
-5.470822591803284
71.62832225763563
2.0504899500500784
20.525631800559964
-26.34739307786272
64.11634723005608
-9.702324315771435
-33.87849432521312
45.221773537290886
-80.66251227632748
4.185717285466936
-41.21445884430345
-10.679186573691993
61.93895130491808
27.775213197386975
-32.544512166908135
6.201515433130524
-1.032748194150514
-2.9965014689350085
-53.569359603755174
23.525115735462265
51.11563150161544
39.815201855604045
-62.971012529295166
-40.488724886031875
70.74838669154184
13.640214093845657
-25.25051688537839
44.089920322776464
5.575324106735124
52.515740713971866
75.8278356863598
-4.646692751994848
-67.34705450325475
33.05487835426919
26.523437004945038
-3.5124309534593436
81.2864226317736
-32.03968862907681
0.21550084318015195
-36.45927376820691
61.48459154921147
-34.04467834735293
43.08723677174143
82.08931987942157
-29.786604433784433
74.31143824873348
-35.49481251591945
24.581833797217612
22.285967617729824
-12.09844007764076
-72.11103039184924
-83.03748286000847
34.31113009810201
21.63340218712591
66.00129979869322
-37.625008395311866
-53.93235911361902
-70.29204882226657
76.53183261209062
61.949961177166045
-3.57364449990871
80.98828016336458
80.74673314269202
1.4287631036540631
-8.004208111038736
2.2841282843117625
-28.475887277570237
5.26780404459214
62.32560391298378
52.17919174689621
-58.04073426601513
-79.19632798789459
-19.88915098400254
0.5671609726258566
-51.76580750491648
-7.474004516193517
36.288930325987934
-52.016308875804285
3.293140511596661
-57.82064620639599
-4.95688724569591
35.121350204170994
-34.12721068592263
12.143053823427195
1.9987635538362412
42.2455009913981
-12.933108527014227
-19.899270366371113
-11.830373471051772
-0.4681275704400889
-34.02686168099961
-13.530613538581932
-29.319962964349884
3.4994395371769826
-52.74605260574849
15.320493537280527
80.70251253189363
0.34793672139633713
0.712210464549301
-14.715076798361409
36.48061323415962
9.948534244732997
-50.183214080204436
49.6351533919736
-56.528510986930556
10.13789518415929
-35.695481613033095
29.407917120165905
-69.5982571666172
9.80471964727839
-29.457170111836092
40.50970016991732
42.379103522960065
6.336907807549181
-26.337666639934994
81.69381146970795
37.86450302450356
37.6468515307956
-20.09177578555544
-19.381709083243436
64.21524007498559
-21.338661935602545
49.050226698583515
50.119814515708555
74.9728379482653
-17.34127598907483
-67.20914193994112
20.308044245138916
-60.75153525909461
-62.899334006186905
32.8125039522246
-18.517683516102522
-3.4691145236447483
-10.071022001227831
-34.809479456928464
40.34403835104928
-23.753559778229857
58.3509037575449
-43.19579536563511
36.86990907991046
-18.18093346128026
50.07114504258024
-16.445263715504822
13.254964372841513
3.4362804525629826
26.8011489349998
-23.104113116331817
80.05670923494722
23.09987080886964
32.56815388072249
59.43664147468979
-0.3570608334108414
7.256486146554053
40.502375883263966
-57.69333912770188
4.140158665115138
68.60780208383534
-79.44765425045658
-9.897576499231732
69.43419612178386
-69.00627734050389
-43.76041171921368
-11.373128963847407
-72.35609510297911
-38.22209256614404
37.218387180054094
-52.369490903653634
-23.26578541972522
-7.536553676678906
14.360289289882886
21.911681504662212
-62.78337200307857
-60.42388011955469
-75.67867143064251
20.080038327619064
-31.15542170847627
-61.96775627703096
17.782739375612735
2.8529236274078613
-19.14070915765106
-24.368447402416365
-9.254531918087139
-18.72538381135972
-51.69324280739854
-8.71276231763619
24.0355170081599
7.506654000617232
57.67193144134683
11.807860334278203
-6.777425427336979
-65.75020555712732
-83.3881354526064
-49.99074496866602
-41.30788702599652
-76.70621040976616
-18.076492077834928
49.25775142160899
36.457276139248904
11.196618621697525
-32.81375534930022
3.4496845185894784
-46.29422195397458
67.82577291930602
-51.772412487552614
-12.456509024762283
44.963218454347384
-46.56922725791307
-8.790527515161003
78.68860839607333
12.720476859473166
-0.3369811087817425
-4.192783121387734
-13.054426856351327
52.53176870011919
18.42540411767284
72.37149003156784
5.411062489951078
-26.4237751871203
-20.945633605304778
-52.01859417381104
-21.436841492695237
-3.052043449865508
39.18116979042145
1.9891102090749655
-71.67828291956798
-23.385279198964483
-43.85409194999254
44.68992836279563
-11.437546705664005
-40.3505238893677
10.90622259722386
7.231019475176467
38.384292946821915
-52.31649207797244
-80.59462780891306
-2.9787230214453047
-23.51414691495647
-47.16498334427625
-62.32394867560779
46.86903537819171
-61.4950555637839
-4.601486660728909
28.848207509402755
-24.792809201091956
3.021844431399103
4.555866318017323
-5.841107475783744
-5.263028565330089
-46.76301359867909
-45.25601542801726
-25.57132732424398
-1.9760457070989048
-46.0245199498644
20.32348327957142
-48.3593784983867
35.8098867520597
84.9883500551021
-5.4799236315904665
8.528937074702966
-2.050267479035739
31.81547446442238
-16.317575654557388
-79.77104894520907
59.057296826531825
84.88802571055479
41.945693365679915
26.961444860100528
4.068153659316721
-15.16983938557982
72.38436455564477
-24.597851283230384
-82.3655130473037
-5.954730218090361
-14.3652792002393
-1.0427480849940451
-19.36139816536597
-13.8327968059899
1.0835746589870041
72.53502589487195
-4.755674184061675
33.29999994017493
54.15961648107802
51.71353000571236
-71.37834173426815
-26.89293010044605
-6.861494412874663
-43.48018942438036
33.31813838501489
1.306719591999851
-57.43114660281565
14.084249548973858
-15.791027467455677
82.96422581012456
-47.72862854721778
-10.516935744906277
-0.9443700568099729
10.578542858487225
-30.266364809366806
-64.29031224788747
-59.82218328948136
16.883246660800765
-22.426271798417417
18.40283926587891
-16.32635197854502
-11.813905167898596
25.659001127789054
37.22841310063501
-7.199210646632935
-9.32477151558723
74.14405025602798
-43.99330086739009
30.4561214456308
-19.332126602098
-13.384138047396092
17.862011324870238
16.505451020601157
85.4000109342611
-41.74725187748358
-31.062277289396377
-15.965553328855663
7.917845178401464
-12.990182980843997
8.27018142836532
-39.44574901956095
-3.1341740843993904
-57.830562071548165
29.995662947583796
10.738552501935828
-1.9595521007420444
26.118593328782154
49.194091210335216
74.64759953205743
-23.82727260649358
38.140964316704355
41.98841580306669
33.33633383300986
87.66911311162858
-23.049622867671744
28.757313228289348
26.494929080333264
73.67511374117569
45.90158007505207
-1.4055418829769053
32.26304918498445
-12.419291954420231
16.90421020868078
35.49924313982035
-32.73008729510944
-62.8833742870436
9.740563974247834
-45.290896934946524
29.783460259640464
19.000753371561416
20.704099906425697
-5.471681356095502
-38.26645556292653
-1.5607925603031845
15.319935179331637
50.368255485465255
-18.968714277113094
70.54265266739722
-57.34311257679802
-29.535940672486248
-44.50093870176716
-4.644089305792136
75.69980125017761
-47.567727946788665
15.035019032607977
-47.496858606546226
-20.174395662524063
-5.660497475043329
-66.39050930331004
-58.473301002749835
70.14136913918222
-4.543665379947825
-43.88649524982876
-53.541486313694364
-11.402281774644507
-1.9730226487591267
-10.927206674259452
-72.37972663412634
-9.803460285387061
0.3956674024233706
45.11978311755536
-50.664353942467194
-17.25519507554303
-82.83295443208475
-9.239791661964574
-69.8550000316307
57.489901964162925
-44.02532835775801
76.81462724903116
-25.608592673443027
12.248737225161307
-64.39389398500091
-38.87398825847625
56.255300082096824
-30.858049649721963
22.424910945914334
-4.920394350451744
-55.141613955785516
10.44964817679174
76.39147866328625
68.3415646081738
-69.8603842828571
14.874911092709283
-55.718922978235604
38.1989052659257
39.68844750392958
-2.1443080050547394
-4.127430266626064
-43.9893682106519
11.362360639769179
-11.225239773595163
29.36696722417682
-35.231965649871455
-17.314964302689134
-43.05417763939338
-27.21181099497386
-0.17320266762611425
-13.798978203251522
6.280752459451605
-18.64454102178125
17.929564690654914
-38.390049174531356
3.9199264760512023
-80.1224314719764
-52.88449749068764
-14.083868091160582
69.00063996426857
-70.14761796848927
54.71921609280088
53.54339945240133
60.573751785975645
7.1936665239590525
-70.98560255899535
51.03955591145578
-67.0215071628121
-7.456125216510273
-17.082731938990534
-18.966081021882772
53.47196227221349
-7.151961598106553
-37.23354906671736
-53.72151986937686
-8.004374902621649
-24.817556755103013
-8.22354245947244
31.414025727410916
-3.0998461290660515
58.0897444201544
-13.771120677482955
-56.956463834816
53.707216457427364
19.34618528713189
-17.32517622159631
-0.45877270236360346
52.68813672958191
14.408761260118851
60.8355625040472
-0.1882414196682305
18.437683980912624
-24.06958565074835
-27.109414614284347
-24.05975490355459
3.918605367889782
-21.465000767959737
70.92841071676204
-12.446420788236892
35.19624497821627
-11.68595116742209
-66.56097059066741
60.90815591628129
-56.960519515261026
39.34822499191557
-50.1453986441002
3.4770795962742795
-17.62853342498414
-61.75888415574123
15.080212117511422
-11.789131218959113
-47.47077402643928
50.329177665094846
10.31629915298572
57.01452088058937
24.9780082086631
-40.942207498334945
-54.3276999023315
-43.596091310263354
-59.846232916995504
40.036405384909415
25.019026506160415
-22.403679037886008
-28.796989693964974
49.910240529671086
-10.95506625702727
-69.54691515874964
7.057750199912263
-65.31499367526806
-23.57868407465412
15.74919813869596
-39.81586154015045
8.094108214282173
20.35413737959098
-45.974109368394636
-56.56121300119614
10.78699086818115
0.27541650392849704
-14.129020420447603
-2.5573930945995045
-3.5792654475738743
28.79318367308312
-29.650831276386683
-21.390767799669447
8.463413842302145
29.135375955850307
26.97361292281623
5.304046415185894
-69.54617340046377
-0.4590264497085883
43.18232630677022
-31.39837137639566
-18.78635921065508
11.252224291373324
-42.055726080404625
84.81481734458018
-5.014274060061027
-19.61463768457854
-34.63113188097078
3.374207954824044
-23.814736328872428
-46.21355113119696
77.58747108747221
-28.71477757786215
-33.326853699477226
-9.563729696221344
71.9382636727652
-4.337753875002022
-38.832340356209635
54.0408823079687
-40.96874219014019
-12.75487031126292
-37.20677634713077
41.63991183680406
-1.5397449740822822
27.655116333243768
-0.7239174889764826
6.90423807547559
65.70968927619955
-32.59084370229188
70.26869285460646
48.13557007542036
10.943832837986832
-29.567565136953917
-16.997573534106493
30.279150573901887
-10.421604048473526
-53.15324925192098
-23.56469238514424
85.1606995997686
-21.87491085767944
33.00738187152234
-56.05597967682507
29.94585139768604
38.59402114642771
39.51724824464111
-14.68328937845935
59.17102579638026
-5.776061884496784
-7.944432368717969
-36.36043805059474
-7.250857710379009
-31.665680648432
-17.869023236403706
-10.322999725271274
0.6478304037856049
46.42774399825515
-63.85837325975186
16.44581107163586
36.26471060553723
71.76399414833477
12.174112494230812
-60.93662395916438
64.60989493419044
33.728824416828076
-13.476250448694415
20.610706830599554
3.059089008150508
2.5392716086984137
-46.042223577156506
-79.3271375416494
-69.86638042211067
-17.58568637017241
17.79769043135053
-15.489710357058783
-69.48854301848716
-0.9596072368838833
-44.013134949756285
-76.17770935439331
28.908325615457244
0.91234181153051
-27.791673230406673
36.97697062441512
44.364994402686506
-59.390874452663496
27.700701872223817
-10.840036054824836
-32.41171795248134
-29.390387935991072
-41.53957797205776
-32.65850914037087
29.375077643730876
49.4664300291746
-69.89974528942021
-14.765456735163
-1.3060862450989106
-2.6707717198099346
-15.850298233888182
-48.06735647676044
-59.9312535010992
51.063723028827155
37.43397260791872
-0.30273154756973497
17.19256590137782
23.606047242409545
13.009251709980262
73.53404325429798
21.54554236074884
-15.581406812453253
37.20376342002163
78.67452905408453
-57.1082764763845
9.933072017127103
-60.416690228703736
16.00124502291675
51.584606847114344
-4.890220391322529
-43.72453268539722
-18.48876392731836
52.80781671452385
-5.987441480769419
-21.260428333040764
37.76723939561555
14.455444493829702
-66.9233481881825
-27.131627550098585
-6.9081637509852385
28.586155226740047
29.532660396045287
-5.097226539832647
45.72522836916451
33.70590172352195
-28.926916527003584
-0.06936290759105646
-27.726489366574995
-14.342140840428229
-1.9951751790088252
-30.657974517867515
-15.98158547538857
-6.941363222971489
-70.2148718679786
56.024288383343446
0.7676998652701457
26.061950906142044
18.024270142271774
-14.97352545445412
-1.1214468218151694
17.78209807696139
11.658151681101998
-25.293196291130116
31.38065455853203
15.949036180695614
-68.84435191777608
-48.452289600553264
-11.57814971246384
32.980936952203564
-25.23956491566375
49.69483263001882
36.86807946760746
59.151492307381744
48.613599757989505
69.8703359134768
-70.77879995690377
26.443959831716768
14.71104381144933
-16.55398314983988
-48.711799531725134
67.73993071039419
-6.016566910826924
17.001573437293388
-51.489881673741046
-9.858375852236165
5.377130670896463
75.38900775861839
-61.14325086417099
-13.008357734682377
-21.886454918431497
-19.806778636143093
-58.82552269062399
16.17473068270006
-7.339113039322484
-51.08489681743408
-48.2154172628268
62.51424958543444
53.528165689992704
-23.073223366324257
74.47279113667031
-61.07988689748166
47.98174388020823
81.59116102347875
-44.77009848967703
74.21346785835911
42.0405425154498
4.200952366552002
-19.45381837734878
-18.323193752029567
-62.570787727059304
56.355667974646934
-13.10981280870881
-42.636167661166
12.274908794589635
4.702832584624687
-4.020321996703416
-22.55204279410073
-36.86184376469017
-24.967083325765003
76.34964935555692
34.59672206473496
19.953336464942808
