15.584251987799174
7.701573643769096
12.581428928279681
16.775645755781603
16.467683133028686
7.10738193551757
7.688174315288873
10.072565571230069
16.899579817585888
7.484762260134683
17.40785882280561
7.230574668203459
13.646640950953085
15.920035917900531
7.493432242617188
7.882441158866951
9.044328177302386
7.455211073932383
7.5427834319507
7.254724366804397
12.452839461350951
11.472359797320678
10.672625641990738
11.300087260779723
7.9483372230504505
13.443646059958038
7.232012881517755
8.28896965918073
7.362748403381196
8.063381558881765
7.107639729107702
9.062610027626441
10.664515531323438
8.380768315664525
7.947754840030883
7.959071401705839
9.898709541152424
8.051963204462677
7.090126847156438
7.599290978754534
10.050433417668
14.365895192197737
7.107687481491989
10.823416780317512
15.290514298230896
7.842884521407393
9.011561995678552
12.97534647069617
7.239624965561428
7.613142001512416
