27.882810283863293
-35.20248255759551
-56.55272652827591
-56.13981144759878
-40.73426816122105
-29.879376126211383
-43.72903144677839
17.64650250243146
-48.02949240471207
28.258893848621156
15.791339731539964
-28.980547098811115
-5.959003405334272
-14.807570230575735
43.589349145460574
26.428085809525484
26.73856650058177
-29.77628121918856
48.600199342493994
49.29989758353912
-30.863254407036834
74.47742563380993
51.07197075411048
-32.42278961781338
12.502753430634073
1.128918790443862
-41.00196384565099
-29.034532989844294
58.17684027134706
-5.972478009746965
86.93736377610679
-8.162279732791433
-13.318532870417343
78.97846905069161
-29.368318515070243
36.38344389635492
3.1638094324545563
-69.23605022568651
-26.127556360362775
51.243283643211186
8.781300877026169
14.923092435075944
-35.14764960293961
-24.861015469967995
30.211990193288386
-83.60778495746186
75.98954799044944
-59.51613908170994
46.12861445586344
-14.617239716351236
-1.4843192043572486
4.462136096431806
64.71684250539593
2.4361875261735406
10.579912515858823
15.736632814979899
-20.512919114209367
-73.06183600376733
-1.29333398362472
-1.1113923597074518
19.47425967350476
-31.542977988576794
36.603534954323806
-0.6476979454491101
-15.617652754292308
-14.415936914487617
0.008241506693664746
40.04785311491577
-6.814044943141539
-10.097099798032858
33.337105217389876
44.987373564901645
-50.39582781081276
-44.95217312621721
-20.255751912188757
29.02530186669152
74.5555384303648
-36.31929188773477
-55.694867676391134
-38.88873773674436
-14.826902504037506
3.6150189018796226
31.638533230463793
-14.611419505402111
77.35007766504071
9.39506591025419
37.82693997190373
64.87289393698626
-54.454688673929255
30.606557529216047
-51.862024125562144
-26.82156595572873
82.71780926332107
38.35584807169812
-34.64576141485628
62.82133466829313
-63.45394197922794
-29.7153847876111
24.900227737951468
-16.458228769366286
-1.5389758732880665
87.10593815790912
-9.261729863937006
-64.52031924767059
23.938974035452617
-7.610643965849533
-63.587715024675234
68.00664354224753
-60.699067209333066
43.65171131583202
-1.087367923483157
-19.385721234811584
8.48772130838779
-9.572437342079397
-71.98243074282595
31.047089764097365
24.432175095759717
-3.420177031394317
0.3644800304360558
0.6767294232252965
-27.154564956604858
-49.25581282452753
-4.505129086237147
-30.496730195671105
-28.551192828190295
4.113945313091989
-51.80388626370282
-51.88478535869479
62.16784386253008
-54.34983160398574
10.360037898433106
9.935962899920654
-29.132338330835793
24.679864872261533
-17.07802596738574
-0.69093861356437
-25.617460333249042
-58.25054520761588
57.065056635053196
-48.86502815551569
-48.36046618935283
-19.18714216592865
-36.32278216668459
-46.142561953556786
-7.9244220652424815
6.335297604496176
-40.383281419379976
-27.454105977352555
-69.7458885561338
32.39845243670911
-81.73750903972144
-2.3794942261185383
-4.808512276620505
68.78778364162608
-3.588595360837573
33.5750390684901
17.78481509277158
-29.952059822396734
-28.45597495555566
-48.26501382914907
-49.05097809866609
21.420191051466873
-34.451974981144694
-59.166324203775545
65.61316214053653
58.45779979970902
6.494337615700573
-62.583009891316486
-39.67408196373921
-27.796146088243148
76.34779978557003
-6.194086946938171
-0.40294361173978643
19.48821265923246
45.74658594538565
-10.664593238664537
5.3042831745434995
78.61621129143913
-6.132004686200858
-12.760932395774091
-17.144114269393384
-58.75705405917354
27.67966694032249
43.965528918443226
88.58582750117117
1.8165657072744352
25.327576111630734
-28.53479804463771
-34.28673414916116
-41.814075265644775
-14.117972876635406
-83.90033302054272
35.78625710111069
44.128531416372596
-44.36401500317475
62.4280621414635
-45.97964434084403
-15.029203294450895
0.49651836877428934
70.51681660702297
59.92167618853864
-49.25112407703725
-54.6005122781684
15.572993799395249
-47.90503706055982
19.70954589155768
30.18380748421302
76.03592509672268
-41.489615604699345
-11.391631017906263
1.9095477553217535
28.01367607671881
25.16710689855877
81.26188951185642
33.33758481481277
18.354246295723513
41.0123583625618
-28.96369437562275
77.25940241536128
4.794934765437546
14.036586885628509
26.958341875366614
64.20535256696618
31.122654923196052
-3.8035945798643382
-37.96835144142592
-73.32060235213855
-36.43470092861517
5.995821559999314
-28.665262742337433
70.83791446133304
39.74520976099865
-20.440640745047148
-74.54571805953404
63.52352272809745
49.11532811563171
2.5913014175905857
35.75358373547718
-76.35517959673095
-30.88444183310638
34.1496121919412
-39.351309950760566
6.931910574385739
52.75191585571963
4.6148265695062065
-64.61278630756033
14.645436897342364
72.58828776097371
67.69403165495663
22.37872003115595
61.81477090722481
18.68546123698468
9.898419369551789
-51.268726445930284
-0.6103919156933841
59.004642082702276
74.26719730312047
-12.9938107176622
-76.51664706377636
-48.714037379677066
80.13405007734931
50.4767698954619
-27.857438209132155
-41.197429963678715
-22.999439990352457
1.0263918929484817
57.78497973006483
-23.315972487343004
-58.78576896811937
-2.4750672811320698
-5.486601172298151
71.41559643486042
2.252202617191145
20.539550157477464
-26.401039392742092
63.89591902680769
-9.472415091250227
-33.896408413384826
45.24420496887245
-80.72659294001811
4.2400722098731904
-41.052211332389795
-10.531324388517902
61.914205160840794
27.652306545279345
-32.587022508869666
6.215198224663425
-0.9601812907236251
-2.87336830129027
-53.51574886639478
23.58214518982831
50.93804518879395
39.65945167667803
-62.90634944553955
-40.35489270896624
70.72517969409816
13.72805187168052
-25.158696140599346
44.11666912563663
5.575501457417488
52.5095794807884
75.79094975698041
-4.664530579658532
-67.32274005760523
32.990761899591206
26.562091281249025
-3.515157922537341
81.14342919195914
-32.112949890630205
0.21594709537714607
-36.379311976654016
61.3074921141436
-34.10736291188164
43.01811654851059
81.97057302151606
-29.861155589560227
74.25791529760701
-35.585279778070806
24.446696243396048
22.36955446786436
-12.100081028734365
-72.14148130429666
-83.07146387873121
34.34902525299043
21.509794166132693
65.87530699714563
-37.66492052741007
-53.975526444476905
-70.26792268078984
76.48647101829124
61.95108646625425
-3.480590702873627
80.87915258425102
80.6172239980072
1.5686813998558904
-7.896106653518743
2.4149965576122554
-28.49925241101083
5.455123711674517
62.32586445564141
52.14700205064503
-58.10811905065705
-79.23590218623674
-19.867627929835905
0.6779168052230062
-51.876181842409075
-7.358074917362671
36.151023238516444
-52.130156911419824
3.38475288131923
-57.941168954862626
-4.943428750067369
35.04188779783678
-34.13641212021404
12.10164543519133
2.115392518374918
41.98332595377053
-12.759513166603625
-19.660768340920853
-11.672054401267104
-0.38741144187906684
-34.08754220628437
-13.294529565357095
-29.24744686934811
3.534435897492159
-52.67417749838821
15.442019858055673
80.5996135104298
0.45451429595547665
0.7719441298980882
-14.699902566062846
36.5481695993455
10.105632000869193
-50.256248670442126
49.6677997802129
-56.627344407533435
10.113854648964292
-35.718187803435015
29.229064783379982
-69.66212833551586
9.803399074804389
-29.44270885306568
40.5375619054916
42.29371811062413
6.32758695139826
-26.28504762672935
81.53152463810281
37.94669152231373
37.589682803296796
-20.132419832227313
-19.42985687773549
64.20794861102988
-21.146857627816956
48.94216179547908
49.91373460090358
74.93546467827008
-17.237090455378052
-67.32927243883452
20.208082471386007
-60.682802779656726
-62.94938143845094
32.645788519758014
-18.56615296557422
-3.3781628163466166
-10.047352110842823
-34.88133292139584
40.40045995214555
-23.789915834043427
58.362025741827495
-43.29163003798917
36.80136795651768
-18.223614068482178
49.94224954974848
-16.397928590714187
13.27873736446702
3.43279213496632
26.645286899694298
-23.013423914587364
79.87740554893892
23.074861113716395
32.54889759432862
59.386387151709044
-0.25101354953788757
7.260015438970527
40.51171207672752
-57.79314453256854
4.176518789660719
68.38656903407539
-79.48651568003521
-9.84575389347006
69.40760866230306
-68.97943132897319
-43.62480007844522
-11.138851755761507
-72.48289361175459
-38.09983341524035
37.274670412418004
-52.45291506638548
-23.31739079987571
-7.489178758645153
14.443554667667854
21.884287331937628
-62.91167385210272
-60.55025448786944
-75.77006229019459
19.96097231240674
-31.197385123827686
-62.05594924472746
17.77586932289539
2.9595336064550395
-19.00659592332208
-24.433370861644804
-9.120889164685224
-18.596135339401854
-51.80222495030463
-8.73831172706494
24.159995282484985
7.5217982542094575
57.40595891216506
11.927055330020067
-6.747522769565521
-65.86938910109278
-83.47471180367216
-50.00133932927591
-41.35107424624115
-76.81764436063499
-18.123472683000045
49.28929706588076
36.510771125087416
11.201202766222963
-32.81687737879331
3.5258228222853205
-46.405664270715604
67.64139171421883
-51.874410823123554
-12.489272608721834
44.794125773284094
-46.47497797032911
-8.762609336163038
78.55773741705354
12.670751096691035
-0.24883899211835114
-4.12615102265319
-13.086741708611072
52.53231729469064
18.459202668711498
72.22362052059353
5.461536090154311
-26.198299144544805
-20.768528743226526
-52.012847983086054
-21.367889437557864
-3.0581536148014976
39.23858334776284
2.0871225202574237
-71.69547651839372
-23.13011043691185
-43.872306798482384
44.499874729486606
-11.354438478853453
-40.27818834448317
10.897078485560655
7.355893656753452
38.43108589962853
-52.1803587431108
-80.62266688636652
-2.9855508823138734
-23.420581583779665
-47.22551143475704
-62.31064881388353
46.6411751115958
-61.6013275514883
-4.463488162102024
28.671467656901754
-24.853258338322775
3.008702965475578
4.544500348656342
-5.850241039040014
-5.282773403528111
-46.79060421871177
-45.3298123420376
-25.529620029419476
-1.8854388121315537
-45.83631801732376
20.375942468910935
-48.412539701160014
35.61099526293472
84.8555661820983
-5.308530275763744
8.505419507648782
-1.9933985528029154
31.845472162061867
-16.13410281064928
-79.76956064658654
59.06435670248061
84.80872918344889
42.010710421509515
26.844596235460244
4.061134938572991
-15.089930007499618
72.3549520645895
-24.416520632769718
-82.43630070063385
-5.943188418229553
-14.197064449251243
-0.8678833008094671
-19.357873818461925
-13.803129831806316
1.0768386218041002
72.3998754029885
-4.611977159964951
33.14534556230805
54.042169223801096
51.74152762386083
-71.45171245969124
-26.84653725951806
-6.783990775702705
-43.58588400275386
33.120892014352194
1.3003466137068926
-57.48616280258683
14.03586665981004
-15.736004826798748
82.8378448104543
-47.60655484417329
-10.423866876663396
-0.8929161457501777
10.606697654574205
-30.0465731921186
-64.40986571440325
-59.89222109967657
16.89837747163871
-22.177720416851358
18.56124828446754
-16.365453344179315
-11.846183224392334
25.73629282151508
37.175371999952176
-7.0302902094612705
-9.2046561377622
74.05748092716121
-44.09989398240998
30.567614063552355
-19.357409530370916
-13.361399374105062
17.909376902758694
16.549155726828033
85.2972333860694
-41.77432589187205
-31.144380499685226
-15.78007857882973
7.937037800001249
-13.022883463841325
8.284320454098932
-39.291472988503024
-3.0325138096766864
-57.82184045084791
30.028758173303714
10.817353278709163
-1.823471912292291
26.15070388401699
49.227660126939725
74.4486960694359
-23.82012036055299
37.97307961865545
41.853698676587385
33.36682844921981
87.55194715923983
-23.057785345431952
28.804100343099634
26.5845522768967
73.64284718282411
45.876077929328744
-1.4077169732776724
32.348292824089214
-12.412245821549874
16.816655891763943
35.34851065840141
-32.78119896810966
-62.965985884751404
9.72330811989184
-45.37596634962689
29.58100269421608
18.96549588118502
20.696146249393593
-5.263351622988154
-38.193097249060884
-1.4506814052825234
15.278558944702624
50.322931441084705
-19.01739388136282
70.5075361080736
-57.46288250189059
-29.614274334204282
-44.55532254773383
-4.5796057725316786
75.52827162068246
-47.462144239257306
15.136938666628481
-47.50011371147991
-19.943372545480358
-5.45282300566042
-66.51802935885551
-58.598479598850226
69.93011274013958
-4.391667875427856
-43.6994228267263
-53.64561948547157
-11.374929829696725
-1.9886626211829963
-10.834631703525758
-72.35566154544796
-9.620778911079526
0.486190892644629
45.13186271749632
-50.77958524682645
-17.290590196488395
-82.92946626521636
-9.246572186627475
-69.97843257385816
57.2448114773413
-44.02425378110627
76.6377127090231
-25.610865224502362
12.202461151331846
-64.37578091090558
-38.80459830092223
56.188373651218626
-30.91637856719632
22.36424699339777
-4.78843996375177
-55.226457985277634
10.42132649463042
76.29421764061979
68.23584972405811
-69.86570116026279
15.009877666283188
-55.84395321892751
38.08670176489426
39.62471103432159
-2.031079923842398
-3.9930143866543233
-44.09636930993943
11.367367792796784
-11.234425828758347
29.26155473482838
-35.16875497983441
-17.324732321317654
-43.16079770116776
-27.28414350157209
-0.18693171072185066
-13.671332645174388
6.326475750505125
-18.384993504029552
17.935404715313027
-38.20847075343603
3.9238315710487797
-80.16281383541856
-52.99659433883279
-13.86366371150703
68.96531185755339
-70.2754774536431
54.681836832138146
53.56017251113386
60.512130639292394
7.173955912320068
-71.06791518198796
51.00109569230173
-67.13779673003343
-7.352756726512666
-17.107850026667563
-18.761449303184662
53.40149196837933
-7.075571273734923
-37.32950282702633
-53.81191481768609
-8.030398900127608
-24.673355385657786
-8.213072586028062
31.484776756008785
-2.939383840945297
57.832441848150296
-13.540842573085428
-57.01036929864606
53.55361343380932
19.232325350634
-17.356413373642482
-0.41232991801260255
52.48566297492957
14.507088053293344
60.819893951142944
-0.07469709991609363
18.333978557754776
-23.993556996208213
-27.169718225059384
-23.824367445524643
3.909162379777328
-21.204855102989455
70.89869334198193
-12.476246002296449
34.96167711594529
-11.505679094541179
-66.5825841149641
60.91072377145542
-57.06218903994303
39.18419336429889
-50.016791929543004
3.502713920798044
-17.539977659439757
-61.87182646732675
15.09051951516473
-11.603546241466347
-47.5859997053246
50.35981305621118
10.373767019241768
57.026396317452225
24.98814575484606
-40.96470651688872
-54.401923016594885
-43.48726384043047
-59.933594855859006
39.79391840748528
24.94436272427494
-22.196751304615063
-28.744948011211534
49.707562451771224
-10.962891299043577
-69.53135285615167
7.077153890752044
-65.44411764864294
-23.408367720156946
15.702572573213217
-39.72151146122956
8.070457503982794
20.4003888098307
-46.07703146115761
-56.59486180793444
10.855293267506482
0.28963468218530863
-14.1161971650115
-2.5637600994065934
-3.4262311328470787
28.8567796673251
-29.66719938184903
-21.25508135550453
8.476600072256062
28.963637390031167
26.997235163736974
5.487500954252852
-69.67441827256916
-0.37527173422185456
43.21639100659644
-31.346041916840903
-18.653277217295567
11.235792404156413
-41.944110950686806
84.70018864283136
-4.949547645252068
-19.46694820064397
-34.39999919778352
3.38295826924616
-23.574266597506636
-46.2478648388
77.39449808659671
-28.5960479031896
-33.29270598068038
-9.497156277916858
71.87431556327059
-4.14454467815375
-38.87936053370199
53.90635935267525
-40.95307537917887
-12.762629404025674
-37.178029961113545
41.64776550939379
-1.5556435724333966
27.731261559022357
-0.5550427906569837
6.884514565220783
65.69682963455006
-32.6208230262702
70.15801891127313
48.17190643118241
10.907406810361223
-29.39513764808703
-16.966457786964625
30.345484555623074
-10.27984585089925
-53.195914335950825
-23.529815289660633
85.08886723740176
-21.650122754834072
33.02359008043098
-56.17815998049352
29.909761690798533
38.346102134595384
39.49783204239023
-14.699932088255565
59.10647645953739
-5.724309063393136
-7.7221643368376505
-36.3477604109952
-7.237323748678733
-31.453092972403923
-17.703568603039557
-10.285744656075153
0.676448799862797
46.451613459862244
-63.94328069619682
16.479378931928736
36.282134159676275
71.7348575775886
12.143179126612779
-61.062291030538944
64.48613295866
33.52161522574457
-13.400593814711897
20.60655639444724
3.099810605964123
2.5699884304760445
-46.07770591202139
-79.43727438598704
-69.99335389794555
-17.44493579773895
17.700759399422438
-15.528648633703284
-69.56315304235746
-0.845852838732668
-44.11490142154788
-76.3011290055392
28.804203270128937
1.0421756490906091
-27.82169448605744
36.92830273947672
44.17878171237149
-59.45727482562517
27.662876759019213
-10.803502720063648
-32.2265494467141
-29.386969646743466
-41.50951914398356
-32.500651922956905
29.481923659054374
49.49926064314877
-70.02789490666504
-14.659041106795925
-1.2002600094200346
-2.4971157363281122
-15.643735079174476
-47.8949612283987
-59.967233406578146
50.90871385704011
37.49585652088703
-0.14055827948639887
17.104145327098024
23.461842707004195
13.049093623939186
73.3920480347337
21.44380866020468
-15.509130804956627
37.05985740247172
78.62970985657702
-57.024780526328335
10.085923359467557
-60.486773539788366
15.919487246405382
51.571194772338345
-4.905338780049519
-43.630607898885934
-18.418824606217527
52.81096330443194
-5.9905377885713875
-21.259528749009775
37.76555267010224
14.461598518155341
-66.99526803956294
-26.892023834389974
-6.695510838560338
28.460958640299353
29.374995978445696
-5.072919135887929
45.767197848195025
33.77578801521639
-28.996250840181162
0.04406424944788512
-27.749612160042332
-14.38044751503034
-1.8371948877261133
-30.54282619799153
-15.97689292214163
-6.889191951181672
-70.33855884870167
56.04159864000849
0.7811058929234918
25.953909589503
18.00708034509826
-14.919981821768758
-1.12287566514415
17.816316073382737
11.61613776702417
-25.193389383792834
31.462102352913547
16.028994640400356
-68.92068096741491
-48.29763069680112
-11.595793470563677
33.0700788259563
-25.132745042752802
49.705891449793995
36.7633390900111
59.15660857301336
48.635190353151444
69.81079930850458
-70.73017367292884
26.518733702015126
14.643650209876768
-16.489715790136614
-48.61090427324846
67.56593998317774
-5.978306178893249
17.090993005870786
-51.607905611987064
-9.803438821337949
5.401165373172432
75.34582451997696
-61.14827691484596
-13.000279362088179
-21.87772942528872
-19.70879066196622
-58.951661391915046
16.09156448134037
-7.351616252274965
-50.97782968847996
-48.15885360045953
62.40997343310141
53.54954762104555
-22.908565140315645
74.4395566154295
-61.11601299949179
47.878044856723136
81.50319454747978
-44.771751891220696
74.18100167562383
42.08424442470542
4.346312122306429
-19.497477682878852
-18.274980472735365
-62.642587643405264
56.37056544220252
-12.954465543342664
-42.65005600747088
12.271878451931514
4.688786369780246
-3.979533940529933
-22.434667926189476
-36.81087022707351
-24.99752042193056
76.28700106191718
34.505703426275375
19.960032999704083
