28.04079225905582
-35.18703400222247
-56.48990901378568
-56.08916421078686
-40.708633816776896
-29.92725348006016
-43.664355201834404
17.728194341808546
-47.93433140886516
28.343695196008056
15.801805072853725
-29.194130263168915
-6.042464494105033
-14.999033778057637
43.53669999167991
26.596850092135583
26.824930619306258
-29.702411244046218
48.604963239217284
49.2747915573986
-30.78495975521291
74.59159445947762
51.05448171772346
-32.37660112242661
12.538539112452796
1.0537964938201299
-40.912936935664725
-29.160488079585775
58.34220162155046
-6.015627082601156
87.02849713327635
-8.363977996913704
-13.547243000833916
79.05963045481943
-29.355481033035858
36.40505727892804
3.172875674296222
-69.2728893562595
-26.160212360507245
51.383504104923844
8.804440520744322
14.979060362939364
-35.06335568913835
-25.050748516252128
30.17225770867067
-83.54598592318877
76.02846953066137
-59.42395675153256
46.1138558986153
-14.671413813132446
-1.563575429207276
4.39610476567583
64.81731772694664
2.4335749517870084
10.426969875726684
15.60951040921826
-20.4604265620802
-73.04131512733687
-1.2818985366830589
-1.1614720337413047
19.54457415918999
-31.585583300946766
36.72846358681775
-0.7147553423043576
-15.652032482014832
-14.523871667686294
-0.026793096247473613
39.99981963099282
-7.018813559940469
-10.200497232424837
33.40849541384284
44.95152588492894
-50.30193576880796
-44.92853551438369
-20.348845368246188
28.946748538317152
74.61579500029998
-36.353447401242505
-55.63153730003331
-38.95168014926399
-14.812968565281423
3.5618414077137146
31.679519967044854
-14.693884960765345
77.46586502904808
9.259094025999147
37.838894058865634
64.88187771430958
-54.41569656495526
30.503679087600432
-51.75021418569099
-26.9860520518137
82.81835792607157
38.42591189071567
-34.61110183517304
63.03979156657002
-63.3541337963461
-29.66687235503521
24.86439367330587
-16.4189099524269
-1.5336378691347363
87.19601268701646
-9.263250889981606
-64.39968485960566
23.922474053764844
-7.670436018031992
-63.64112030376155
68.0813562058284
-60.70030271515402
43.63638836503935
-1.159571895206966
-19.38110992625286
8.510653151640426
-9.558779122295505
-71.90600165739974
31.229172636597156
24.418821109911576
-3.4694448627260783
0.28127585120816434
0.637267385228796
-27.35327015214949
-49.15540704498581
-4.506947862199439
-30.418898459969554
-28.482088930264553
4.054123534281345
-51.91567118578896
-51.79563104280479
62.1699361683757
-54.23039956889123
10.385590823042094
9.958652995211295
-29.10062149001351
24.628753477895756
-17.038043095073547
-0.6791394183373427
-25.73033634048788
-58.18885932937915
57.2709898618225
-48.75178522712524
-48.346931646290216
-19.325107455329572
-36.37756752988487
-46.121632046900125
-8.05127512286279
6.349409951879991
-40.47330089711148
-27.416460595127646
-69.66179020018842
32.55872449359791
-81.72409422663453
-2.526943626442204
-4.821156856248791
69.00405528719278
-3.6240077804363295
33.73736208394823
17.80364194517078
-29.893393038119
-28.38325834544628
-48.1570277356127
-48.977268197358555
21.337651283144893
-34.63245132444636
-59.05223944576233
65.80242769864654
58.46912743780479
6.451731322883774
-62.48603802880911
-39.72039779211144
-27.968203546857794
76.39775779425318
-6.3115022939184655
-0.39006520822907476
19.545146905679857
45.98386795787064
-10.732141335437973
5.277150584250336
78.70894816949507
-6.2232421685258
-12.819445160982639
-17.227912274078193
-58.697542552028736
27.82685716471218
43.92206206460338
88.71804548242204
1.7233120696197233
25.40374095473601
-28.55061105598388
-34.22761465653596
-41.72021419477119
-14.173613902289603
-83.87267442281959
35.74818051668507
44.217533220505345
-44.53853845658462
62.48126278547997
-45.881101745741766
-15.137825820907736
0.5055513390403235
70.5430023528099
60.075881076189205
-49.15109988201769
-54.50163452418857
15.535982659134973
-47.81377696405174
19.66206796011258
30.262450226382555
76.08835742084074
-41.613502630348854
-11.421005792056803
1.7915035855923236
28.03890721907696
25.107420491372167
81.37065049790857
33.43174554843344
18.382647059231246
41.10617790572499
-29.210013871231723
77.3345541552149
4.59595992820114
13.948300378508364
27.10868547617592
64.21280402998164
31.055856625255018
-3.7874906921127405
-38.06421860252727
-73.23495074822543
-36.44097617736197
5.959565373450943
-28.64088934219312
70.86274964840106
39.680742799188266
-20.55576838009509
-74.48531501118356
63.56706990694093
49.083681135141205
2.489198523924813
35.69442335468182
-76.23793746850215
-30.963397558940102
34.363222681779774
-39.25915507379837
6.950267163325407
52.750332093436384
4.55300403322218
-64.55728943548985
14.695044287337325
72.75693864648807
67.74098888820902
22.35996792185881
61.821618060366376
18.77848524067126
9.899551021839315
-51.36163746185209
-0.6460602303454692
59.15926325274367
74.32000272502606
-12.989037534056905
-76.53486119589999
-48.84206200319088
80.24281166567138
50.616350506986464
-27.880888995787146
-41.10809493791021
-23.168185156260137
0.9175619333065725
57.774520292102494
-23.500454562796932
-58.66514300054869
-2.596117019409121
-5.471751822791461
71.62227935577772
2.0557722927835727
20.525131898722464
-26.349198769153602
64.10941724944036
-9.695232718383238
-33.87972256858566
45.22253957749015
-80.66474050338157
4.186540458551363
-41.20793142315563
-10.674638412256385
61.93898648590255
27.7697459255389
-32.54625345718256
6.200928739005988
-1.0311186447257512
-2.9931512509245835
-53.56624056723847
23.526845121976095
51.10918125457863
39.808915072199085
-62.96767089147408
-40.48313712682242
70.7501415572466
13.643252901907161
-25.246926545705023
44.090831148855614
5.574313305363162
52.515710516014366
75.82933608936605
-4.647656693053776
-67.34525262998619
33.05148662131319
26.524142091551298
-3.512858801365411
81.28365889725774
-32.04148800654741
0.214766977136847
-36.45557489945245
61.47888560528648
-34.04597697763433
43.08405564252726
82.08752084296066
-29.78890009233085
74.31151601187756
-35.497537562526645
24.57599033460555
22.289183797194426
-12.098712031897293
-72.11140925229444
-83.03877409118743
34.312024123056375
21.627967508149794
65.9977271816673
-37.626882447516394
-53.93262741955719
-70.29039244844498
76.53263939780078
61.95169776633472
-3.571229922719482
80.9867372757181
80.74440561601529
1.4327238178814383
-8.00107253758084
2.28791992072253
-28.477048362690937
5.272961231828148
62.32736657081111
52.17800490181011
-58.044081691138146
-79.19751491767406
-19.888934877915702
0.5699580976406367
-51.768767104344455
-7.470650104757567
36.28311453179023
-52.02016140105475
3.295220640681052
-57.82484634385458
-4.95693124815007
35.11747531651196
-34.128248538020856
12.140492888349414
2.001704985555236
42.23593428494004
-12.927617606351347
-19.891333210792027
-11.826681838918688
-0.46626188594093776
-34.02808413157544
-13.523119033632995
-29.31679960746088
3.499650031479163
-52.74231699100527
15.3246255733972
80.70118137757535
0.3506061336002091
0.7133439561743415
-14.714897336109232
36.48408355443141
9.95327397863771
-50.1863244847635
49.637360299546344
-56.530973549148015
10.135986407829492
-35.695270272863006
29.40069628837142
-69.59974761932415
9.803776930083174
-29.455917372600908
40.51040051185393
42.3753058583934
6.335557119520502
-26.335292755259516
81.69040391751003
37.86866003618775
37.64385918392719
-20.092845353534173
-19.383098300631687
64.21662323081614
-21.332108867625422
49.04599984195079
50.112377508796214
74.97394302662579
-17.33772347036202
-67.21378017477713
20.303363377074433
-60.74799787445935
-62.90002725939024
32.80568561840025
-18.519238915855254
-3.4665504045819944
-10.070455478684366
-34.81192226335459
40.347268557165506
-23.75430317987994
58.35285209817616
-43.19819685704278
36.866477679723175
-18.182171994695224
50.06626217060952
-16.44427952063245
13.25505153854752
3.435253362548721
26.79464501547308
-23.10240033427708
80.05255914988334
23.097770079004007
32.56641984399903
59.43533186511104
-0.35438020672907555
7.255530744684833
40.50216960250785
-57.69586146664359
4.141068903874697
68.60121714010299
-79.44883404333704
-9.896120702389297
69.43508400958694
-69.00446291211995
-43.754678537803755
-11.365810555968253
-72.36081761000601
-38.2169529237068
37.220872463144815
-52.3712819825914
-23.26711339449561
-7.535374845204785
14.363182178332934
21.909488883983798
-62.78775006000256
-60.42781478710984
-75.6816247600587
20.074793905590283
-31.157103483722963
-61.96989598108406
17.78137798801781
2.856138626654115
-19.13610368414672
-24.370306008921958
-9.251214558069066
-18.720956307536298
-51.696134432862436
-8.71384528847635
24.040131835017064
7.506085153458102
57.663056849904564
11.811776253220799
-6.776704241168588
-65.75386431246238
-83.39150166231792
-49.98983850549733
-41.30998466828679
-76.71014638258063
-18.078013619499245
49.25965493050455
36.459366265601375
11.195889602367401
-32.81296483151169
3.4512492846182283
-46.297699366131134
67.82034493363528
-51.776117717330656
-12.457706201692986
44.95671181276941
-46.56479434921222
-8.789897210310016
78.68603357313978
12.71759266230545
-0.334382789728636
-4.190910507324489
-13.05553935261625
52.53206299731232
18.42586695373609
72.36771696948372
5.411723324000235
-26.415878800274314
-20.93956616216397
-52.01711284306884
-21.434187816821137
-3.052802028111529
39.18425817315682
1.992062101928866
-71.6781577377549
-23.376619528887318
-43.85575094519176
44.682728646625634
-11.435006387176685
-40.34695228424392
10.904907996341777
7.234883237916378
38.38601048180297
-52.31062973086059
-80.59550033905782
-2.979327310108175
-23.51239288694201
-47.165902975372504
-62.322350950190064
46.86073086490552
-61.49928020952686
-4.597581648430037
28.84105252100896
-24.79441750467919
3.020562690080652
4.5545407409126994
-5.841697219595474
-5.264080718046088
-46.76500879780048
-45.2589230740088
-25.569347767433456
-1.9737900107426043
-46.01703823259413
20.324925010892628
-48.3619969408244
35.8021090395292
84.98631101669741
-5.474907199849127
8.527080170659701
-2.0490903654857817
31.815857517589933
-16.311576299821155
-79.77079965138762
59.059701424859355
84.8881135215205
41.949548555366306
26.956170409966347
4.066984795001801
-15.167184475403005
72.38559992550202
-24.591445588939806
-82.36814496513132
-5.9546027543676985
-14.359874734775559
-1.0378050114808133
-19.360988056436312
-13.831827428922807
1.0827817562817756
72.5317169107692
-4.751579178510028
33.293572959880635
54.15540017822272
51.715957081948915
-71.38029561171284
-26.89073355517094
-6.859404325510553
-43.48348402689061
33.31037216415419
1.3057199319210042
-57.431894477495185
14.081367751076883
-15.789132898981933
82.96222747157415
-47.72326351357012
-10.514132722832926
-0.9434234547815237
10.578920080900659
-30.258447444436385
-64.2939322431969
-59.823548832727965
16.8828460480091
-22.417874086630476
18.408003263360484
-16.32768570095992
-11.815075157831387
25.66209108666773
37.22555562535058
-7.194186386234293
-9.32117963347703
74.14270245871634
-43.996232458501545
30.46071312103973
-19.332689965287784
-13.383417093221325
17.863188186962347
16.506452862864194
85.39915519347952
-41.74901369828345
-31.06463123812435
-15.959511515380555
7.917407326735741
-12.991370135988547
8.269567427449758
-39.439533685058436
-3.131506294539065
-57.829024654133754
29.99614920686625
10.7411750318755
-1.9558317947995505
26.11895768911367
49.19629158365046
74.64228686136508
-23.826520407023196
38.134228764947295
41.98290939362522
33.33679532970004
87.66791883993994
-23.049422819308674
28.75851466321508
26.498627628769157
73.67639673967727
45.90021734109345
-1.4060263488665612
32.26694790818158
-12.41913161070319
16.90002397926574
35.49298864962756
-32.732026674582656
-62.88531769315065
9.738855876570597
-45.29402034799422
29.775521274340022
18.998278236358544
20.70267083079024
-5.46548273280699
-38.262912837126365
-1.557928179718175
15.317279048010604
50.366410680549194
-18.97028027034449
70.54319645537967
-57.34657840395591
-29.538205059892363
-44.50166067343374
-4.642529323303279
75.69551330906472
-47.56290669140648
15.038581327504403
-47.4957119543272
-20.16667718906804
-5.654311387924139
-66.39508778097294
-58.47712658817496
70.13524481260532
-4.539315021688353
-43.87909704656292
-53.54415311686422
-11.401698800799082
-1.9741031603360426
-10.924894357027881
-72.37818623541405
-9.79785944516891
0.39781300574749423
45.120008450726516
-50.667587003293114
-17.256212825810152
-82.83670519755465
-9.240233222729117
-69.8597489389569
57.481678961983675
-44.02407905014134
76.81025757556631
-25.609151527514186
12.245982496096943
-64.39219354143879
-38.87055747617997
56.2530715890602
-30.859300149440813
22.421511088587962
-4.916666534477287
-55.14517820914357
10.447546836343278
76.3899369860759
68.33893395114552
-69.859738615609
14.879362859305985
-55.72283275450932
38.19400642838741
39.68530038819199
-2.14131644083956
-4.12366340161509
-43.99269578640565
11.361645070530074
-11.225740315722618
29.362085355427823
-35.231445370875626
-17.315512906869813
-43.057170684552695
-27.213862826654207
-0.1742469639733173
-13.794888110490632
6.282020461719284
-18.636016722961017
17.928736184754186
-38.382993941551995
3.919108960576807
-80.12371991421254
-52.88753937807237
-14.076842176341458
69.00097429728154
-70.15211354814936
54.71802201802461
53.54475046019593
60.572091552517094
7.191951185986994
-70.9878895560746
51.03802974491569
-67.02610564523731
-7.453170916543968
-17.083695498620543
-18.95926147817309
53.469386278466345
-7.149910821287676
-37.236363842096935
-53.72360030489129
-8.00549506234492
-24.812315130281405
-8.223500835648224
31.417154590308087
-3.0952900994881105
58.08117375627634
-13.763795420941463
-56.95948152294001
53.70173045916965
19.341126194602978
-17.326305637026877
-0.4580114599864231
52.6809699512643
14.412184409118623
60.83592088901335
-0.18532438988164301
18.4329590970777
-24.06823958180722
-27.110902202254337
-24.051677524463642
3.9175437376595426
-21.456294889239572
70.92933504721793
-12.447533106517
35.18735678381907
-11.681828189621271
-66.56075645004734
60.91043040041285
-56.964464342543884
39.34165266189083
-50.139793645253604
3.476985260165563
-17.625462146237922
-61.763212568955105
15.079630932843472
-11.78332747573279
-47.474206980931
50.33194202370336
10.318046765770632
57.016095368916154
24.977343604594225
-40.94383284478428
-54.32914000595948
-43.591235901583275
-59.84828224144205
40.02737693651204
25.015146171643153
-22.396589349839573
-28.794519512171576
49.90290141468279
-10.95552642362344
-69.54551918117512
7.057333736287106
-65.31943068564564
-23.572682527778227
15.746348495393292
-39.81158064067615
8.092230458659898
20.355231716728
-45.976780377266316
-56.56116153814604
10.789203821619935
0.27552490866905543
-14.128580023758715
-2.557996585402364
-3.574927137372512
28.795531892258595
-29.651865969456807
-21.38804316109494
8.463171947009627
29.128374019064466
26.97357779510689
5.309125982840811
-69.55079467643961
-0.45706300730560656
43.18359830912928
-31.397895706778826
-18.78180675040683
11.250597516424136
-42.050817155893945
84.8134410679593
-5.012685828565239
-19.609575338813173
-34.62265148239312
3.373571489844423
-23.80651324397806
-46.21566850273655
77.58262674478809
-28.710149505570953
-33.32478545165503
-9.56201862661986
71.93761339434207
-4.332090341235897
-38.83290821298791
54.03606720572543
-40.967055668083354
-12.755325153947226
-37.20475263776956
41.639704692383674
-1.5408430823658392
27.658272678096623
-0.7191802419872602
6.90257462473204
65.71190563465947
-32.590994782826144
70.26605802706996
48.13845642944864
10.941432145777313
-29.561181612693957
-16.99702338553064
30.28182522073817
-10.418173901804309
-53.1558577749725
-23.56303565909633
85.16118527682622
-21.86729012123945
33.007148365512165
-56.05958888106911
29.943409295442905
38.584787715649014
39.5157725060497
-14.683789460843258
59.16912951067974
-5.77484385504269
-7.937672413729061
-36.35898490203265
-7.250772155801442
-31.657922552807705
-17.863500975254965
-10.321984387271144
0.6484894571970159
46.42870026641043
-63.86044148356067
16.446296399429443
36.264660373072246
71.76511395997895
12.171894672435158
-60.94051107691461
64.60628083172742
33.72075555601728
-13.473828761292864
20.609433400228866
3.0595041243851995
2.539382954914416
-46.04435879237257
-79.3312278153695
-69.8710843382157
-17.58265293849749
17.79319111823898
-15.491041791451039
-69.49044441235543
-0.956651528349596
-44.01644672798236
-76.18257308074482
28.903481402676263
0.9157500650891137
-27.792971282841407
36.974264680758665
44.35790379739939
-59.39209052295509
27.69815699463716
-10.839181220445653
-32.4047939771835
-29.390944913241725
-41.53738876799985
-32.65244413019073
29.3794857138122
49.469344649773944
-69.90426651610935
-14.761982588252806
-1.3033716315897976
-2.665807814419111
-15.843599528529694
-48.060349812520734
-59.931348133667726
51.058018719161396
37.43717663303758
-0.2982267278812003
17.188337342009902
23.599945173772156
13.010126939342896
73.53058394386099
21.540783491745202
-15.57897183883199
37.19777758077771
78.67585999331644
-57.10417910333948
9.937716131406859
-60.420197991811655
15.997306489133791
51.584167168973124
-4.891157386444917
-43.72016392567678
-18.486239664899387
52.808269405895174
-5.987814378253134
-21.260778325692186
37.76641090765315
14.454693731061582
-66.92502345253143
-27.123248910859473
-6.901760500277675
28.580618445899546
29.526096553228854
-5.096919011976482
45.727812078353395
33.709211234153
-28.929103744607403
-0.06645440156529503
-27.7276208808278
-14.343462260387213
-1.990745301005731
-30.653369721932066
-15.98131192793484
-6.940065769129802
-70.2190208783019
56.02640574887596
0.767342330029436
26.056960528274843
18.022491930609377
-14.97233317500445
-1.122165800535953
17.782591798975943
11.655549562566918
-25.291401998046624
31.38434672656004
15.95184569235299
-68.84628875422399
-48.44585233499004
-11.578906490695545
32.985014309442505
-25.235493539245695
49.69539251348286
36.86338845622032
59.1528972737581
48.6146423911145
69.8696564323441
-70.77632574168715
26.44695430815483
14.707592622201716
-16.551749147740793
-48.70711906634028
67.73484616727882
-6.01576437623973
17.00479417827212
-51.493275488330134
-9.85682309687094
5.377489996314338
75.3897744032102
-61.14226461493894
-13.008132094129707
-21.88574500386042
-19.80328355406185
-58.82943106001365
16.170727081278415
-7.339849426970716
-51.07999426336022
-48.21221835231061
62.511154832959505
53.531080001951835
-23.067428751880982
74.4743726724243
-61.0800149015466
47.97760491462611
81.59051786059203
-44.771434803264135
74.21501535002946
42.042408182685136
4.205163280621193
-19.455030350867517
-18.32225408720059
-62.572296183168156
56.35741100317932
-13.106248696695971
-42.63767658664499
12.273815564783277
4.701423970126754
-4.0195511185227275
-22.547777537281036
-36.86166350310413
-24.968313515892874
76.34953656569269
34.592431365785586
19.952523751554395
