27.843568904759735
-35.21251589028165
-56.55682258004471
-56.13973611061249
-40.731873680592166
-29.871414773468814
-43.75191604092921
17.628265150712394
-48.04952677760521
28.24156013596037
15.793115528062614
-28.924993346732435
-5.933869706510109
-14.753389435626858
43.58770029435007
26.384997741943465
26.72066516393035
-29.798334328782147
48.59952337022341
49.30171972816939
-30.88602523852981
74.44177300829526
51.072527893501615
-32.439920330164355
12.497518573402814
1.1532515556916678
-41.02936483296348
-29.004365705325867
58.134641966143874
-5.959097016234907
86.8986494054754
-8.102862053577326
-13.252757767086635
78.94709767303752
-29.376536718551577
36.38233845207043
3.1639358056822573
-69.2305089175719
-26.122825704363834
51.20939990553023
8.77902914741749
14.912241297833006
-35.17291989589281
-24.81099374444571
30.223322947589793
-83.61835402173695
75.96233621092651
-59.54374931071446
46.13198465326582
-14.598844427355104
-1.4592818417092275
4.478674811034679
64.6890698784465
2.439957113627017
10.61991963306815
15.76636179712169
-20.527345591583156
-73.06905521076746
-1.294773422602745
-1.0978514305856066
19.4600800935131
-31.52161070447613
36.57511991492322
-0.6297298206231972
-15.60952785093086
-14.380508337282151
0.02077335102464417
40.054507609402066
-6.75333968365959
-10.06734588650869
33.323601603929944
44.99207210553499
-50.414267769829415
-44.965431323124285
-20.232264999690756
29.03690768647796
74.53071000121628
-36.31648649624638
-55.6994971142961
-38.87859708788095
-14.829251597892835
3.628626513363585
31.633089715530957
-14.58920470749149
77.3124948525898
9.429948307123823
37.82780947136396
64.85518086044726
-54.45121372662427
30.62357808903667
-51.88785291348205
-26.77958399547704
82.6802867350489
38.34242829110025
-34.66051252181199
62.763349418529316
-63.46933852036715
-29.725210491833508
24.91156324197378
-16.469940749289904
-1.5383761952227104
87.06726378514699
-9.26110311041613
-64.55029156026316
23.94706770134688
-7.592892669136262
-63.57964895875072
67.98314214240872
-60.70509137726125
43.65621203111158
-1.064299746498122
-19.38938212440648
8.485358120541576
-9.576062037579021
-72.00275301990007
31.00112375751101
24.43964770701959
-3.4064106331127846
0.39103109961754967
0.6906768056903871
-27.102726718741792
-49.28579235181055
-4.503722384261451
-30.51919122007648
-28.572206862965572
4.134214311824479
-51.78161836276536
-51.91280472654096
62.15199709645839
-54.37919819441606
10.356656096640023
9.933989201221863
-29.136552611451023
24.692732273736297
-17.090061085340167
-0.6923206527045096
-25.575316297550614
-58.27207935458006
57.01194823937098
-48.89404275050763
-48.350750910116716
-19.15027383041148
-36.31438519911363
-46.155208679805106
-7.887094690740852
6.335081597478734
-40.36596432682129
-27.468163348950952
-69.76873340955498
32.35937860742405
-81.73821418475916
-2.334671838951806
-4.803596293864558
68.72848033942014
-3.576818209747799
33.53550468102253
17.784714455452743
-29.971512061943116
-28.47606275575255
-48.29085882324373
-49.06217387636757
21.435900871730126
-34.40774930508264
-59.18974274121636
65.56229967325316
58.45093104271086
6.5097683074125
-62.59759125916765
-39.668584390927734
-27.752290646322535
76.32259907905879
-6.159040435741446
-0.4042716817545795
19.47796388163603
45.685598319853455
-10.64345380754338
5.312305135211446
78.58286218028616
-6.104639309329386
-12.741840354984973
-17.12231661337522
-58.778010957176605
27.64372279189716
43.96563029892263
88.53783687441239
1.8462389059988311
25.312470993329242
-28.535250964948858
-34.307172508347506
-41.83656605984861
-14.103349115249245
-83.9030348776147
35.79613567425358
44.10947585205608
-44.32367628454075
62.41187244260968
-46.002123357757746
-14.993283816675842
0.4965320490217664
70.49749811524941
59.881988315373746
-49.272667962037545
-54.63006275859387
15.584032872193063
-47.93349378839346
19.722207267116715
30.16829922360057
76.01086065371678
-41.46307296133258
-11.381720544274728
1.9416047623068664
28.012311778362474
25.180109690722347
81.2235779265385
33.317817060079506
18.351738294205944
40.99238522922474
-28.898541554367966
77.23025687433804
4.853019873773789
14.05599875117261
26.921244225473956
64.18782015540782
31.132318517472044
-3.806571915718152
-37.94896012112015
-73.3420926301187
-36.4233159587133
6.009482246857445
-28.66716167562727
70.8156014565235
39.74815880835715
-20.410846245883093
-74.5614112565488
63.50860909342393
49.114655966104664
2.623600701106099
35.76032504370281
-76.3786078498909
-30.868103777470367
34.09457850140271
-39.37874192205261
6.930639613732978
52.7501834847028
4.6303224553106475
-64.63141892216512
14.636504692373876
72.54012098547477
67.67600422107733
22.387226718667904
61.80528663176125
18.663914884574595
9.901579600195575
-51.25161847150838
-0.5978143111092749
58.96510503932191
74.24359582189282
-12.99587558457607
-76.51254345361671
-48.68719745810404
80.09642059461129
50.44319456258083
-27.84388336540455
-41.22491236332695
-22.954901350924104
1.0559278679365605
57.774848527301515
-23.266937632833205
-58.816949950200346
-2.4380144962954944
-5.489593000982254
71.35788426347665
2.310431747339564
20.54714958776826
-26.413194606970464
63.83899601791134
-9.407118537151632
-33.893750193240464
45.2487556135504
-80.73906863596342
4.25855682744583
-41.016630792262845
-10.489946489022017
61.90331132309868
27.625392789789615
-32.593085485938076
6.222726966183387
-0.9374545933995506
-2.8367754081778997
-53.50997850110365
23.595297324117
50.895711990771076
39.62404234368174
-62.89636521237673
-40.326923809979604
70.70181962371541
13.746749985072256
-25.13812529053672
44.12214445594756
5.579371314338772
52.506909456985454
75.76355480232286
-4.667963130300876
-67.32157133254144
32.98012377624062
26.57362441906986
-3.514736016428074
81.09802470910952
-32.13545114964823
0.21882134624375738
-36.36502656402222
61.26280537455153
-34.1282650863715
43.0051901754301
81.93005152574108
-29.880054925537536
74.2342251645172
-35.608476717888784
24.415507038074978
22.38453649351105
-12.099080533667617
-72.15140472516075
-83.07589919701725
34.35922443311969
21.48117542006908
65.84171175894298
-37.66805288339249
-53.99331880396046
-70.26566986359819
76.46113614163423
61.93933860219988
-3.4526935046901883
80.84132602759416
80.57518233701944
1.6065978783228871
-7.865219390110482
2.449713112145531
-28.50048287604048
5.507065947577104
62.313493258083724
52.139883697537215
-58.112028868696555
-79.24406576715312
-19.857704326405255
0.7117108274909469
-51.907104715629174
-7.324788929678121
36.120548765222935
-52.15490500145406
3.4134837496551
-57.96628590597205
-4.938302584803182
35.02720315528825
-34.13079645122122
12.094424556927777
2.151001085703527
41.917570726291245
-12.711540120349142
-19.59678478195417
-11.622196371041142
-0.3622645543065346
-34.10801884402645
-13.2287819363099
-29.233361928239646
3.547517269411543
-52.66374165574527
15.468864426250732
80.56322588505964
0.4870985600058759
0.7914347284351777
-14.693466028170732
36.55325628443728
10.14562195924502
-50.26553408054571
49.66661811358529
-56.65622020022494
10.11205355807948
-35.730200174594465
29.18591219909497
-69.68049510793765
9.80670648472956
-29.444073892639068
40.544757970272514
42.276854453745784
6.329021287319108
-26.275493134900046
81.48137101347865
37.95381214897654
37.580450706394345
-20.145188952461353
-19.443982436518212
64.19527807922591
-21.096813369650476
48.91841110193073
49.86377081822371
74.91137466547556
-17.21044708338634
-67.3501968023285
20.186374649892514
-60.672272026759565
-62.9670892665387
32.6068616561885
-18.57887527487155
-3.3532323738595124
-10.04085411463275
-34.89688062337772
40.40204613413118
-23.802636190331057
58.35308144230393
-43.32006102841438
36.78937376746927
-18.236292199156523
49.91296630237218
-16.381343317109113
13.287331136116208
3.4353258827534177
26.6084142814522
-22.980475079966723
79.82404461257363
23.074037606221992
32.549165525049034
59.37252471628497
-0.21870035966922785
7.264861252571805
40.51631655383102
-57.82199833626814
4.186168384852579
68.32785392873112
-79.49436704789986
-9.83138255615171
69.39010253339166
-68.97702559501894
-43.596920375813376
-11.072854782793755
-72.50689601238052
-38.07453218607121
37.28212368790332
-52.479426219493405
-23.333384306820477
-7.475337504429419
14.461086045480656
21.882836627323357
-62.93943636773052
-60.58099262528083
-75.79076860820084
19.933042391303786
-31.203795147545833
-62.081795423874055
17.77898601359884
2.98672290950266
-18.97213611080761
-24.451708493835824
-9.08037362232244
-18.562903612039378
-51.83299517402299
-8.744574913421971
24.184468222160433
7.529708208823692
57.33825962717765
11.95454959281679
-6.738642231024272
-65.89869868080372
-83.48955962124552
-50.01169278272432
-41.353764128882325
-76.84058028339494
-18.135733897472065
49.290025196334796
36.51989472548232
11.205943824687068
-32.82349311803867
3.5502717931607464
-46.4327578134274
67.59256059465727
-51.89401022990201
-12.497462827655127
44.75482215053066
-46.45850363808362
-8.754564554827539
78.51659354857739
12.661880475818165
-0.22579199420847829
-4.107894561856298
-13.095713363905375
52.53054575528705
18.469986798257366
72.18186111196289
5.479011137447969
-26.14059168933457
-20.72252556445372
-52.01916498886165
-21.352412139030506
-3.0579187533377308
39.24178902824926
2.1121585539747514
-71.7025403006771
-23.062729602143904
-43.865502428503774
44.4547922066896
-11.331755487555867
-40.26669327525993
10.898892965463816
7.386816895883669
38.43987287062524
-52.152994914928804
-80.62736790966548
-2.9860458811380113
-23.386512970864672
-47.2474148097585
-62.31367535057921
46.585385807169814
-61.61837222382087
-4.42306447278132
28.628810709045354
-24.871373405708084
3.008467850481452
4.545119627528308
-5.851610040289287
-5.286776074237437
-46.78566801079132
-45.34153715434211
-25.522780656443913
-1.857834250681563
-45.794426330576115
20.388947277078813
-48.415611775242745
35.56306903774694
84.81021110191557
-5.258793237488277
8.503509385204481
-1.9753413820653662
31.855272440090374
-16.084538160399532
-79.76787788439906
59.04927896820129
84.77335159069779
42.01171084808931
26.819314484344275
4.062835854888689
-15.069375198277442
72.33342294898142
-24.37067345928746
-82.4489796141068
-5.9392397330210684
-14.151152434767553
-0.8162308269326957
-19.359443918378346
-13.796094571501698
1.0771615718255987
72.36106046326316
-4.569967116647746
33.10996122544395
54.014836351132544
51.73630641050599
-71.47124327616305
-26.838811871907566
-6.76178936354269
-43.61164510005846
33.073070909521334
1.301598978527835
-57.506153171002495
14.02804609650238
-15.722586065615218
82.79514400978147
-47.582774215896315
-10.398063722048022
-0.8761096903869827
10.615586281819347
-29.991880788776527
-64.43970927782968
-59.91497305876791
16.905923999430314
-22.11185607309895
18.598504996182257
-16.375240371209472
-11.85479206581168
25.749115483246456
37.16719738290968
-6.981750274446227
-9.170764373281571
74.02841946784704
-44.12942033687583
30.585872057781586
-19.3663383950892
-13.356124842876639
17.921815465074104
16.561071214098476
85.25774298543965
-41.7713892486736
-31.166830276267234
-15.729807977184421
7.9459911598504505
-13.031002258069478
8.291900455948024
-39.25770437495947
-3.0020586690173445
-57.826872849142326
30.039246696590055
10.83490397104886
-1.7829686017278732
26.161403889806763
49.226955804287826
74.39318152648056
-23.82194961903879
37.93425082398417
41.823958799288306
33.37641904077225
87.50813887874742
-23.06336541924776
28.81615980363604
26.598713947070934
73.6196006907089
45.87247103519718
-1.4068916463355805
32.35874619553368
-12.41094812774503
16.797334560221913
35.31441105496191
-32.7901348569781
-62.99051293517981
9.722586229994093
-45.391867740261645
29.530769267614176
18.961883697416198
20.699208247943545
-5.203037969448403
-38.180948864783545
-1.417459073315868
15.272927750967739
50.31372704596444
-19.030046520550883
70.488746962216
-57.49425825498703
-29.635631541564123
-44.575768725761066
-4.560098596356511
75.47910533516392
-47.442746977480084
15.15849659312552
-47.50865784458501
-19.881647312510196
-5.39274407636502
-66.54356981028343
-58.629563302113006
69.87340533795478
-4.347231418822901
-43.657519622239555
-53.67566769700297
-11.365791910739858
-1.9908268078264229
-10.80637018733158
-72.3525062358411
-9.569110124505713
0.5142654583577411
45.13527547129058
-50.8107658311117
-17.301404190106567
-82.94626650780032
-9.247323457371209
-70.00023070640907
57.1829326997551
-44.03152755256023
76.58665209055195
-25.606353527228663
12.194405852830258
-64.37707905518857
-38.79361843512432
56.17235129569585
-30.935699355569724
22.354225356328215
-4.7498276971872855
-55.23790192932659
10.417765434588063
76.26165603071203
68.20588938340717
-69.87075143329304
15.040940298541983
-55.87423511813423
38.06322718870834
39.61361734921513
-1.9971024162329343
-3.9534890962470826
-44.12251754752733
11.372220265481033
-11.235692389967582
29.23978698482543
-35.139120941006006
-17.325106548502745
-43.189849186362395
-27.304429421828985
-0.18837811792658954
-13.636811901675742
6.338012457959962
-18.314449001909296
17.94124231423841
-38.1669316367533
3.928468511207896
-80.1705827486022
-53.02768277632868
-13.802700265112179
68.94788694027682
-70.30207102564425
54.67265071095275
53.55845056640868
60.49542769374551
7.172799946495928
-71.08938018938223
50.99312403457526
-67.15696388566383
-7.323047149257391
-17.11299316661224
-18.706826180929397
53.38565749963445
-7.0535945564323725
-37.3547596286298
-53.839635658224076
-8.036540138809272
-24.638060441949975
-8.2096727685513
31.494089418979627
-2.8921886684401272
57.76706911442747
-13.476858587915032
-57.01002859163432
53.517144778184786
19.20566222341219
-17.36343815110699
-0.39681492419174447
52.436331853265955
14.527971199269174
60.81084105666221
-0.04023839147201613
18.310159518118795
-23.964886014929988
-27.188515523555637
-23.76292166328757
3.9096010963571217
-21.13527251127239
70.87950995656351
-12.483492395502097
34.90308682900428
-11.448435915311975
-66.59271001936436
60.89471196762253
-57.07930716830482
39.14647488941918
-49.99140447437683
3.5132173819907564
-17.517818791408274
-61.89158127275042
15.096948250275616
-11.55172155860636
-47.61552166297811
50.352871784995244
10.387350744408337
57.02084666996535
24.995096826868306
-40.960589586775654
-54.426421615099166
-43.46656827750734
-59.95979712469827
39.73372043855446
24.9307558051475
-22.142797708024588
-28.73623145880879
49.65856054798175
-10.963798816117901
-69.5315015492036
7.0862171880465326
-65.47182321003449
-23.365267247949078
15.695565417270913
-39.70406439608292
8.068398498891284
20.412831317455712
-46.10674972590237
-56.61016970927669
10.87074878740529
0.2943451340049279
-14.113826530214467
-2.5640833053995777
-3.381261070948156
28.86861006493777
-29.66571057373821
-21.20815418585842
8.482480926174077
28.922562087114358
27.006573323510963
5.538118640330822
-69.70004903759961
-0.3492666054793432
43.22267660153241
-31.321702914361992
-18.618982668903243
11.235994531922785
-41.92243111869845
84.65878226523819
-4.930077310339044
-19.428813265821546
-34.34356041296602
3.3888189444454895
-23.511270069717312
-46.245429285285866
77.3390393524009
-28.56913625248525
-33.289849747714456
-9.477227682937254
71.8508105915999
-4.088285383590318
-38.89759023270279
53.87474180295891
-40.956360329742004
-12.763294033443898
-37.17737279030262
41.651782342480914
-1.557809364256812
27.742996302933975
-0.5050405136733929
6.883310284384109
65.67380672123616
-32.634015924040895
70.12598187077316
48.16665543564494
10.90230484867024
-29.353546422739072
-16.954587840050394
30.356176992073955
-10.236151179349065
-53.193323579634054
-23.524237398616805
85.05393083028332
-21.590855463195254
33.03102543494754
-56.209592081924534
29.90624464484796
38.2841265236398
39.49707274563721
-14.705480854725252
59.08978618452403
-5.708718275661525
-7.658523516523104
-36.35106882304876
-7.23281152179014
-31.400914448149678
-17.65973749417394
-10.275564484098112
0.6843747525853132
46.455593143326865
-63.9679650797769
16.489934488819102
36.28916320742937
71.71440343703978
12.139891132943575
-61.09306965661292
64.45365881680758
33.47090900964619
-13.38067578112414
20.610456049081876
3.114410304941998
2.5817401174872288
-46.075739385577556
-79.45825249382581
-70.01752928600362
-17.398180758132526
17.67882144419491
-15.538532279452383
-69.58376867669881
-0.8114761777605963
-44.13830681455697
-76.32213818444467
28.782759191458382
1.0813782066565523
-27.82535234182086
36.92121905293175
44.13478355408759
-59.47935544099298
27.65898052061364
-10.791881673988001
-32.182315020406605
-29.379195747539967
-41.5092152770537
-32.464108017949044
29.49921500449834
49.49207049883435
-70.05440491267063
-14.630883109105412
-1.168196859278865
-2.4460772251186143
-15.587363227585513
-47.85761880918724
-59.98249199452266
50.87241495153452
37.50028951845664
-0.092394288197724
17.08475179492963
23.427521035433642
13.060131143217461
73.35111440087809
21.421914838595754
-15.490846802555794
37.0277312377917
78.60018104535405
-57.01101309924229
10.124541901184344
-60.490658581871465
15.901105395948434
51.56781701598149
-4.908015275440562
-43.61390445612978
-18.402133983137787
52.80932473792754
-5.990361685446672
-21.2555108967354
37.76879914043283
14.467133016612436
-67.01635038319219
-26.83055921088345
-6.6343353965429515
28.433496479813726
29.338202769312446
-5.0648199679648656
45.76721967338443
33.78326506322131
-29.013335622173955
0.07851005423643187
-27.751035597424178
-14.390318276339457
-1.7904815787582038
-30.517490941071713
-15.97721964652257
-6.873826396833593
-70.3660183207006
56.034067746149475
0.7877001269981605
25.93103554907144
18.007845291895862
-14.902046017714667
-1.1208564635329168
17.827102616817214
11.6092625125073
-25.156452786056505
31.472264238673176
16.0454738953582
-68.94190776754294
-48.26513689941157
-11.59945725516269
33.081115749817684
-25.108024315201277
49.706927638576104
36.74191344445788
59.149337704433236
48.63764984913135
69.78938891819655
-70.72162223834144
26.53105712238269
14.629223324813353
-16.473976400162925
-48.59282369565331
67.51978894060619
-5.96657252535725
17.108947299281724
-51.63913704089242
-9.788182982718837
5.408510738782724
75.3217854177513
-61.15601677648478
-12.998869110986007
-21.878625061438782
-19.6847254092349
-58.98251901171369
16.073016398034113
-7.354193826079253
-50.958194610247226
-48.152342369886895
62.382971251380724
53.53679965282032
-22.866882145649313
74.41310721934505
-61.131053146620815
47.85561354197503
81.46900089545366
-44.759063716681844
74.15525083782666
42.090649963817725
4.384821349454313
-19.51073130624195
-18.257435598173686
-62.66503404129463
56.36505261412643
-12.904991438783483
-42.64234506017357
12.27522077349488
4.688703788993649
-3.9665258789693354
-22.40611221691185
-36.784485396281646
-25.00227148659242
76.26056071366784
34.48799728024673
19.966185846018263
