15.574449826961157
7.787450161934545
12.590784771270197
16.75828917000022
16.4522792857805
7.280109306659106
7.776009364836793
10.098694597337449
16.88143738702926
7.602329314102094
17.386493481656025
7.385295403160675
13.649176690518463
15.908104608358446
7.609732036601943
7.941880926495881
9.079446671010444
7.577097517908915
7.651869741079513
7.405915227659567
12.46301860847733
11.487800726795562
10.693522212224966
11.316858581311411
7.998145201304626
13.447481490215875
7.386523398036421
8.336511800850069
7.49814978150154
8.11448675196969
7.2803294194925305
9.097533395233821
10.685482820804392
8.426472194314119
7.997647943104718
8.007310403888368
9.926354572156633
8.092019267881
7.265376332157071
7.700117784138434
10.076755433648454
14.363825850136326
7.280370192083514
10.842998468899378
15.282574678047801
7.908106139668905
9.047030209854789
12.9821802257614
7.393022851286129
7.711944252994926
